13.1336 63 58.0134
13.124 65 59.8124
13.0308 66 60.7031
11.939 67 61.4939
11.7688 70 64.1769
11.7431 71 65.0743
11.5183 72 65.9518
11.438 74 67.7438
11.2582 75 68.6258
11.1201 84 76.712
11.1137 85 77.6114
11.0816 87 79.4081
10.9595 89 81.196
10.9531 90 82.0953
10.921 92 83.8921
10.8632 95 86.5863
10.8568 97 88.3857
10.8247 98 89.2825
10.799 105 95.5799
10.8343 106 96.4834
10.7765 107 97.3776
10.7701 109 99.177
10.738 111 100.974
10.7315 113 102.773
10.6994 114 103.67
10.6866 117 106.369
10.6802 133 120.768
13.6281 110 100.363
12.2601 139 126.326
12.8799 92 84.088
12.3886 154 139.839
12.6969 87 79.5697
12.5363 113 102.954
13.9653 97 88.6965
12.9152 109 99.3915
13.763 86 78.7763
11.8459 119 108.285
12.4078 81 74.1408
13.7213 105 95.8721
14.8035 95 86.9803
12.2087 83 75.9209
12.5877 98 89.4588
14.3667 91 83.3367
12.4496 117 106.545
12.4367 99 90.3437
13.5029 96 87.7503
13.4708 98 89.5471
12.6198 94 85.862
13.2074 79 72.4207
13.14 117 106.614
11.7784 117 106.478
11.8394 97 88.4839
13.9814 92 84.1981
13.1079 95 86.8108
13.6346 115 104.863
12.9184 108 98.4918
12.973 117 106.597
