13.4579 63 53.0916
12.4592 67 56.0918
11.589 66 55.1178
11.3931 72 59.8786
11.4188 71 59.0838
11.4123 75 62.2825
11.2389 78 64.6478
11.4123 77 63.8825
11.4188 71 59.0838
11.422 83 68.6844
11.2999 83 68.66
11.5729 86 71.1146
13.4579 63 53.0916
11.422 83 68.6844
11.4188 71 59.0838
11.2164 85 70.2433
12.2954 65 54.4591
11.4123 77 63.8825
11.5729 86 71.1146
11.5729 86 71.1146
11.2132 79 65.4426
11.3931 72 59.8786
11.4123 75 62.2825
11.3931 72 59.8786
11.5729 86 71.1146
11.4123 75 62.2825
11.2421 77 63.8484
11.4188 71 59.0838
11.2389 78 64.6478
11.4123 75 62.2825
11.2389 78 64.6478
12.4592 67 56.0918
11.422 83 68.6844
11.5729 86 71.1146
11.2164 85 70.2433
11.2164 85 70.2433
11.422 83 68.6844
11.2132 79 65.4426
11.4123 75 62.2825
11.4123 75 62.2825
11.4123 75 62.2825
11.3931 72 59.8786
12.4592 67 56.0918
11.422 83 68.6844
13.4579 63 53.0916
11.2164 85 70.2433
11.2389 78 64.6478
12.2954 65 54.4591
11.422 83 68.6844
11.5729 96 79.1146
13.4579 63 53.0916
11.2389 78 64.6478
11.2389 78 64.6478
13.4579 63 53.0916
11.422 83 68.6844
11.2389 78 64.6478
11.589 66 55.1178
11.2389 78 64.6478
11.589 66 55.1178
11.2389 78 64.6478
12.4592 67 56.0918
11.4188 71 59.0838
12.2954 65 54.4591
11.5729 86 71.1146
11.5729 86 71.1146
11.9807 86 71.1962
11.4188 71 59.0838
11.4188 71 59.0838
11.4188 71 59.0838
11.9807 86 71.1962
11.2389 78 64.6478
11.4123 75 62.2825
11.589 66 55.1178
11.4123 77 63.8825
11.2132 79 65.4426
11.2389 78 64.6478
11.2164 85 70.2433
11.4123 77 63.8825
11.3064 73 60.6613
11.4123 77 63.8825
11.4123 75 62.2825
13.4579 63 53.0916
11.4123 75 62.2825
11.4123 75 62.2825
13.4579 63 53.0916
11.3931 69 57.4786
11.3931 69 57.4786
11.3931 69 57.4786
11.438 86 71.0876
11.422 83 68.6844
11.3931 72 59.8786
11.422 83 68.6844
11.422 83 68.6844
11.4123 75 62.2825
11.3064 73 60.6613
11.4123 75 62.2825
11.4188 71 59.0838
11.4188 71 59.0838
12.2954 65 54.4591
13.4579 63 53.0916
11.4123 75 62.2825
11.4123 75 62.2825
11.2421 77 63.8484
11.422 83 68.6844
11.4123 77 63.8825
11.3096 91 75.0619
11.2389 78 64.6478
11.4188 71 59.0838
11.2164 85 70.2433
11.3064 73 60.6613
11.3931 69 57.4786
13.4579 63 53.0916
11.2389 78 64.6478
11.2132 79 65.4426
11.2164 85 70.2433
12.4592 67 56.0918
11.4188 71 59.0838
13.4579 63 53.0916
11.3064 73 60.6613
11.2421 77 63.8484
11.4123 75 62.2825
11.4284 91 75.0857
13.4579 63 53.0916
11.589 66 55.1178
11.4188 71 59.0838
11.2389 78 64.6478
11.4123 77 63.8825
13.4579 63 53.0916
11.422 83 68.6844
12.2954 65 54.4591
12.2954 65 54.4591
13.4579 63 53.0916
11.4188 71 59.0838
11.3931 72 59.8786
11.589 66 55.1178
11.4123 75 62.2825
11.4123 75 62.2825
10.9917 87 71.7983
13.4579 63 53.0916
11.4123 77 63.8825
11.2389 78 64.6478
11.3931 69 57.4786
11.4123 77 63.8825
11.589 66 55.1178
11.4188 71 59.0838
11.4188 71 59.0838
11.2421 77 63.8484
11.3064 73 60.6613
11.4188 71 59.0838
11.3931 69 57.4786
