13.4611 64 58.9461
12.9698 66 60.697
11.5729 68 62.3573
11.4027 70 64.1403
11.5697 70 64.157
11.3706 72 65.9371
11.3642 75 68.6364
11.3706 78 71.3371
11.5344 78 71.3534
11.3192 80 73.1319
11.4284 81 74.0428
11.2293 87 79.4229
11.0687 88 80.3069
11.2261 92 83.9226
10.9788 95 86.5979
10.8793 119 108.188
12.1285 106 96.6128
13.2556 107 97.6256
13.5222 94 85.9522
11.7238 94 85.7724
12.7354 113 102.974
11.7848 118 107.378
12.0514 106 96.6051
13.7502 97 88.675
12.2505 80 73.2251
13.5543 106 96.7554
13.8979 99 90.4898
11.3931 82 74.9393
13.14 101 92.214
12.4689 114 103.847
12.5427 84 76.8543
13.5222 86 78.7522
13.0051 83 76.0005
14.4631 115 104.946
11.8523 117 106.485
11.8394 99 90.2839
13.8176 95 86.8818
11.4701 91 83.047
12.578 100 91.2578
13.7694 81 74.2769
12.7097 83 75.971
13.6249 86 78.7625
12.2119 108 98.4212
13.0597 87 79.606
14.2351 108 98.6235
13.4676 88 80.5468
