680.168
684.477
685.845
688.199
692.364
693.392
693.796
693.822
693.822
713.902
735.466
736.873
737.078
737.078
737.078
737.078
737.078
737.078
737.078
737.078
737.078
737.078
737.078
737.078
737.078
759.93
759.93
759.93
759.93
759.93
766.455
766.455
766.455
766.455
766.455
766.455
766.455
766.455
766.455
766.455
766.455
766.455
766.455
766.455
766.545
766.545
766.545
769.17
772.154
772.154
772.154
772.154
772.154
772.154
772.154
772.154
772.154
772.154
772.154
772.154
772.154
772.154
772.154
772.154
772.154
772.154
772.154
772.154
772.154
772.154
772.154
772.154
772.154
772.154
772.154
772.154
772.154
772.154
772.154
772.154
772.154
772.154
772.154
772.154
772.154
772.154
772.154
772.154
772.154
772.154
772.154
772.154
772.154
772.154
772.154
772.154
772.154
772.154
772.154
772.154
772.154
772.154
772.154
772.154
772.154
772.154
772.154
772.154
772.154
772.154
772.154
772.154
772.154
772.154
772.154
772.154
772.154
772.154
772.154
772.154
772.154
772.154
772.154
772.154
772.154
772.154
772.154
772.154
772.154
772.154
772.154
772.154
772.154
772.154
772.154
772.154
772.154
772.154
772.154
772.154
772.154
772.154
772.154
773.746
773.746
773.746
776.476
776.476
776.476
776.476
776.476
776.476
776.476
776.476
776.476
776.476
776.476
776.476
776.476
776.476
776.476
776.476
778.724
778.772
778.772
778.772
778.772
778.772
778.772
778.772
778.772
778.772
778.772
778.772
778.772
778.772
778.772
778.772
778.772
778.772
778.772
778.772
778.772
778.772
778.772
778.772
778.772
778.772
778.772
778.772
778.772
778.772
778.772
778.772
778.772
778.772
778.772
778.772
778.772
778.772
778.772
778.772
778.772
778.772
778.772
778.772
778.772
778.772
778.772
778.772
778.772
778.772
778.772
778.772
778.772
778.772
778.772
778.772
778.772
778.772
778.772
778.772
778.772
778.772
778.772
778.772
778.772
778.772
778.772
778.772
778.772
778.772
778.772
778.772
778.772
778.772
778.772
778.772
778.772
778.772
778.772
778.772
778.772
778.772
778.772
778.772
778.772
778.772
778.772
778.772
778.772
778.772
778.772
778.772
778.772
778.772
778.772
778.974
778.974
778.974
778.974
778.974
778.974
778.974
778.974
778.974
778.974
778.974
778.974
778.974
778.974
778.974
778.974
778.974
778.974
778.974
778.974
778.974
778.974
778.974
778.974
778.974
778.974
778.974
778.974
778.974
778.974
778.974
778.974
778.974
778.974
778.974
778.974
778.974
778.974
778.974
778.974
778.974
778.974
778.974
778.974
778.974
778.974
778.974
778.974
778.974
778.974
778.974
778.974
778.974
778.974
778.974
778.974
778.974
778.974
778.974
778.974
778.974
778.974
778.974
778.974
778.974
778.974
778.974
778.974
778.974
780.435
780.435
780.435
780.435
780.435
780.435
780.435
780.435
780.435
780.435
780.435
780.435
780.435
780.435
780.435
780.435
780.435
780.435
780.435
780.435
780.435
781.155
782.227
783.294
783.628
783.628
783.628
783.628
783.628
783.628
783.628
783.628
783.628
783.628
783.628
783.628
783.628
783.628
783.628
783.628
783.628
783.628
783.628
783.628
783.628
783.628
783.628
783.628
783.628
783.628
783.628
783.628
783.628
783.628
783.628
783.628
783.628
783.628
783.628
783.628
783.628
783.628
783.628
783.628
783.628
783.628
783.628
783.628
783.628
783.628
783.628
783.628
783.628
783.628
783.628
783.628
783.628
783.628
783.628
783.628
783.628
788.791
788.791
788.791
788.791
788.791
788.791
788.791
788.791
788.791
788.791
788.791
788.791
788.791
788.791
788.791
788.791
788.791
788.791
788.791
788.791
788.791
788.791
788.791
788.791
788.791
788.791
788.791
788.791
788.791
788.791
788.791
788.791
788.791
788.791
788.791
788.791
788.791
788.791
788.791
788.791
788.791
788.791
788.791
788.791
788.791
788.791
788.791
788.791
788.791
788.791
788.791
791.065
791.065
791.065
791.065
791.065
791.065
791.065
791.065
791.065
791.065
791.065
791.065
791.065
791.065
791.065
791.065
791.065
791.065
791.065
791.065
791.065
791.065
791.065
791.065
791.065
791.065
791.065
791.065
791.065
791.065
791.065
791.065
791.065
791.065
791.065
791.065
791.065
791.065
791.065
791.065
791.065
791.065
791.065
791.065
791.9
791.9
791.9
791.9
791.9
791.9
791.9
791.9
791.9
791.9
791.9
791.9
791.9
791.9
791.9
791.9
791.9
791.9
791.9
791.9
791.9
791.9
791.9
791.9
791.9
791.9
791.9
791.9
791.9
791.9
791.9
791.9
791.9
791.9
791.9
791.9
791.9
791.9
791.9
791.9
791.9
791.9
791.9
791.9
791.9
791.9
791.9
791.9
791.9
791.9
791.9
791.9
791.9
791.9
791.9
791.9
791.9
791.9
791.9
791.9
791.9
791.9
791.9
791.9
791.9
791.9
791.9
791.9
791.9
791.9
791.9
791.9
791.9
791.9
791.9
791.9
791.9
791.9
791.9
792.671
792.671
792.671
792.671
792.671
792.671
792.671
792.671
792.671
792.671
792.671
792.671
792.671
792.671
792.671
792.671
792.671
792.671
792.671
792.671
792.671
792.671
792.671
792.671
792.671
792.671
792.671
792.671
792.671
792.671
792.671
792.671
792.671
792.671
792.671
792.671
792.671
792.671
792.671
792.671
792.671
792.671
792.671
792.671
792.671
792.671
792.671
792.671
792.671
792.671
792.671
792.671
792.671
792.671
792.671
792.671
792.671
792.671
792.671
792.671
792.671
792.671
792.671
792.671
792.671
792.671
792.671
792.671
792.671
792.671
792.671
792.671
792.671
792.671
792.671
792.671
792.671
792.671
792.671
792.671
792.671
792.671
792.671
792.671
792.671
792.671
792.671
792.671
792.671
792.671
792.671
792.671
792.671
792.671
792.671
792.671
792.671
792.671
792.671
792.671
792.671
792.671
792.671
792.671
792.671
792.671
792.671
792.671
792.671
792.671
792.671
792.671
792.671
792.671
792.671
792.671
792.671
792.671
792.671
792.671
792.671
792.671
792.671
792.671
792.671
792.671
792.671
792.671
792.671
792.671
792.671
792.671
792.671
792.671
792.671
792.671
792.671
792.671
792.671
792.671
792.671
792.671
792.671
792.671
792.671
792.671
792.671
792.671
792.671
792.671
792.671
792.671
792.671
792.671
792.671
792.671
792.671
792.671
792.671
792.671
792.671
792.671
792.671
792.671
792.671
792.671
792.671
792.671
792.671
792.671
792.671
792.671
792.671
792.671
792.671
792.671
792.671
792.671
792.671
792.671
792.671
792.671
792.671
792.671
792.671
792.671
792.671
792.671
792.671
792.671
792.671
792.671
792.671
792.671
792.671
792.966
792.966
792.966
792.966
792.966
792.966
792.966
792.966
792.966
792.966
792.966
792.966
792.966
792.966
792.966
792.966
792.966
792.966
792.966
792.966
792.966
792.966
792.966
792.966
792.966
792.966
792.966
792.966
792.966
792.966
792.966
792.966
792.966
792.966
792.966
792.966
792.966
792.966
792.966
792.966
792.966
792.966
792.966
792.966
792.966
792.966
792.966
792.966
792.966
792.966
792.966
792.966
792.966
792.966
792.966
792.966
792.966
792.966
792.966
792.966
792.966
792.966
792.966
792.966
792.966
792.966
792.966
792.966
792.966
792.966
792.966
792.966
792.966
792.966
792.966
792.966
792.966
792.966
792.966
792.966
792.966
792.966
792.966
792.966
792.966
792.966
792.966
792.966
792.966
792.966
792.966
792.966
792.966
792.966
792.966
792.966
792.966
792.966
792.966
792.966
792.966
792.966
792.966
792.966
792.966
792.966
792.966
792.966
792.966
792.966
792.966
792.966
792.966
792.966
792.966
792.966
792.966
792.966
792.966
792.966
792.966
792.966
792.966
792.966
792.966
792.966
792.966
792.966
792.966
792.966
792.966
792.966
792.966
792.966
792.966
792.966
792.966
792.966
792.966
792.966
792.966
792.966
792.966
792.966
794.925
794.925
794.925
794.925
794.925
794.925
794.925
794.925
794.925
794.925
794.925
794.925
794.925
794.925
794.925
794.925
794.925
794.925
794.925
805.076
805.076
805.076
805.076
805.076
805.076
805.076
805.076
805.076
805.076
805.076
805.076
805.076
805.076
805.076
805.076
805.076
805.076
805.076
805.076
805.076
805.076
805.076
805.076
805.076
805.076
805.076
805.076
805.076
805.076
805.076
805.076
805.076
805.076
805.076
805.076
805.076
805.076
805.076
805.076
805.076
805.076
805.076
805.076
805.076
805.076
805.076
805.076
805.076
805.076
805.076
805.076
805.076
805.076
805.076
805.076
805.076
805.076
805.076
805.076
805.076
805.076
805.076
805.076
805.076
805.076
805.076
805.076
805.076
805.076
805.076
805.076
805.076
805.076
805.076
805.076
805.076
805.076
805.076
805.076
805.076
805.076
805.076
805.076
805.076
805.076
805.076
805.076
805.076
805.076
805.076
805.076
805.076
805.076
805.076
805.076
805.076
805.076
805.076
805.076
805.076
805.076
805.076
805.076
805.076
805.076
805.076
805.076
805.076
805.076
805.076
805.076
805.076
805.076
805.076
805.076
805.076
805.076
805.076
805.076
805.076
805.076
805.076
805.076
805.076
805.076
805.076
805.076
805.076
805.076
805.076
805.076
805.076
805.076
805.076
805.076
805.076
805.076
805.076
805.076
805.076
805.076
805.076
805.076
805.076
805.076
805.076
805.076
805.076
805.076
805.076
805.076
805.076
805.076
805.076
805.076
805.076
805.076
805.076
805.076
805.076
805.076
805.076
805.076
805.076
805.076
805.076
805.076
805.076
805.076
805.076
805.076
805.076
805.076
805.076
805.076
805.076
805.076
805.076
805.076
805.076
805.076
805.076
805.076
805.076
805.076
805.076
805.076
805.076
805.076
805.076
805.076
805.076
805.076
805.076
805.076
805.076
805.076
805.076
805.076
805.076
805.076
805.076
805.076
805.076
805.076
805.076
805.076
805.076
805.076
805.076
805.076
805.076
805.076
805.076
805.076
805.076
805.076
805.076
805.076
805.076
805.076
805.076
805.076
805.076
805.076
805.076
805.076
805.076
805.076
805.076
805.076
805.076
805.076
805.076
805.076
805.076
805.076
805.076
805.076
805.076
805.076
805.076
805.076
805.076
805.076
805.076
805.076
805.076
805.076
805.076
805.076
805.076
805.076
805.076
805.076
805.076
805.076
805.076
805.076
805.076
805.076
805.076
805.076
805.076
805.076
805.076
805.076
805.076
805.076
805.076
805.076
805.076
805.076
806.319
806.319
806.319
806.319
806.319
806.319
806.319
806.319
806.319
806.319
806.319
806.319
806.319
806.319
806.319
806.319
806.319
806.319
806.319
806.319
806.319
806.319
806.319
806.319
806.319
806.319
806.319
806.319
806.319
806.319
806.319
806.319
806.319
806.319
806.319
806.319
806.319
806.319
806.319
806.319
806.319
806.319
806.319
806.319
806.319
806.319
806.319
806.319
806.319
806.319
806.319
806.319
806.319
806.319
806.319
806.319
806.319
806.319
806.319
806.319
806.319
806.319
806.319
806.319
806.319
806.319
806.319
806.319
806.319
806.319
806.319
806.319
806.319
806.319
806.319
806.319
806.319
806.319
806.319
806.319
806.319
806.319
806.319
806.319
806.319
806.319
806.319
806.319
806.319
806.319
806.319
806.319
806.319
806.319
806.319
806.319
806.319
806.319
806.319
806.319
806.319
806.319
806.319
806.319
806.319
806.319
806.319
806.319
806.319
806.319
806.319
806.319
806.319
806.319
806.319
806.319
806.319
806.319
806.319
806.319
806.319
806.319
806.319
806.319
806.319
806.319
806.319
806.319
806.319
806.319
806.319
806.319
806.319
806.319
806.319
806.319
806.319
806.319
806.319
806.319
806.319
806.319
806.319
806.319
806.319
806.319
806.319
806.319
806.319
806.319
806.319
806.319
806.319
806.319
806.319
806.319
806.319
806.319
806.319
806.319
806.319
806.319
806.319
806.319
806.319
806.319
806.319
806.319
806.319
806.319
806.319
806.319
806.319
806.319
806.319
806.319
806.319
806.319
806.319
806.319
806.319
806.319
806.319
806.319
806.319
806.319
806.319
806.319
806.319
806.319
806.319
806.319
806.319
806.319
806.319
806.319
806.319
806.319
806.319
806.319
806.319
806.319
806.319
806.319
806.319
806.319
806.319
806.319
806.319
806.319
806.319
806.319
806.319
806.319
806.319
806.319
806.319
806.319
806.319
806.319
806.319
806.319
806.319
806.319
806.319
806.319
806.319
806.319
806.319
806.319
806.319
806.319
806.319
806.319
806.319
806.319
806.319
806.319
806.319
806.319
806.319
806.319
806.319
806.319
806.319
806.319
806.319
806.319
806.319
806.319
806.319
806.319
806.319
806.319
806.319
806.319
806.319
806.319
806.319
806.319
806.319
806.319
806.319
806.319
806.319
806.319
806.319
806.319
806.319
806.319
806.319
806.319
806.319
806.319
806.319
806.319
806.319
806.319
806.319
806.319
806.319
806.319
806.319
806.319
806.319
806.319
806.319
806.319
806.319
806.319
806.319
806.319
806.319
806.319
806.319
806.319
806.319
806.319
806.319
806.319
806.319
806.319
806.319
806.319
806.319
806.319
806.319
806.319
806.319
806.319
806.319
806.319
806.319
806.319
806.319
806.319
806.319
806.319
806.319
806.319
806.319
806.319
806.319
807.661
808.261
808.952
808.952
809.08
809.167
809.167
809.167
809.167
809.167
809.167
809.167
809.167
809.167
809.167
809.167
809.167
809.167
809.167
809.167
809.167
809.167
809.167
809.167
809.167
809.967
809.967
809.967
809.967
809.967
809.967
809.967
809.967
809.967
809.967
809.967
809.967
809.967
809.967
809.967
809.967
809.967
809.967
809.967
809.967
809.967
809.967
809.967
809.967
809.967
809.967
809.967
809.967
809.967
809.967
809.967
809.967
809.967
809.967
809.967
809.967
809.967
809.967
809.967
809.967
809.967
809.967
809.967
809.967
809.967
809.967
809.967
809.967
809.967
809.967
809.967
809.967
809.967
809.967
809.967
809.967
809.967
809.967
809.967
809.967
809.967
809.967
809.967
809.967
809.967
809.967
809.967
809.967
809.967
809.967
809.967
809.967
809.967
809.967
809.967
809.967
809.967
809.967
809.967
809.967
809.967
809.967
809.967
809.967
809.967
809.967
809.967
809.967
809.967
809.967
809.967
809.967
809.967
809.967
809.967
809.967
809.967
809.967
809.967
809.967
809.967
809.967
809.967
809.967
809.967
809.967
809.967
809.967
809.967
809.967
809.967
809.967
809.967
809.967
809.967
809.967
809.967
809.967
809.967
809.967
809.967
809.967
809.967
809.967
809.967
809.967
809.967
809.967
809.967
809.967
809.967
809.967
809.967
809.967
809.967
809.967
809.967
809.967
809.967
809.967
809.967
809.967
809.967
809.967
809.967
809.967
809.967
809.967
809.967
809.967
809.967
809.967
809.967
809.967
809.967
809.967
809.967
809.967
809.967
809.967
809.967
809.967
809.967
809.967
809.967
809.967
809.967
809.967
809.967
809.967
809.967
809.967
809.967
809.967
809.967
809.967
809.967
809.967
809.967
809.967
809.967
809.967
809.967
809.967
809.967
809.967
809.967
809.967
809.967
809.967
809.967
809.967
809.967
809.967
809.967
809.967
809.967
809.967
809.967
809.967
809.967
809.967
809.967
809.967
809.967
809.967
809.967
809.967
809.967
809.967
809.967
809.967
809.967
809.967
809.967
809.967
809.967
809.967
809.967
809.967
809.967
809.967
809.967
809.967
809.967
809.967
809.967
809.967
809.967
809.967
809.967
809.967
809.967
809.967
809.967
809.967
809.967
809.967
809.967
809.967
809.967
809.967
809.967
809.967
809.967
809.967
809.967
809.967
809.967
809.967
809.967
809.967
809.967
809.967
809.967
809.967
809.967
809.967
809.967
809.967
809.967
809.967
809.967
809.967
809.967
809.967
809.967
809.967
809.967
809.967
809.967
809.967
809.967
809.967
809.967
809.967
809.967
809.967
809.967
809.967
809.967
809.967
809.967
809.967
809.967
809.967
809.967
809.967
809.967
809.967
809.967
809.967
809.967
809.967
809.967
809.967
809.967
809.967
809.967
809.967
809.967
809.967
809.967
809.967
809.967
809.967
809.967
809.967
809.967
809.967
809.967
809.967
809.967
809.967
809.967
809.967
809.967
809.967
809.967
809.967
809.967
809.967
809.967
809.967
809.967
809.967
809.967
809.967
809.967
809.967
809.967
809.967
809.967
809.967
809.967
809.967
809.967
809.967
809.967
809.967
809.967
809.967
809.967
809.967
809.967
809.967
809.967
809.967
809.967
809.967
809.967
809.967
809.967
809.967
809.967
809.967
809.967
809.967
809.967
809.967
809.967
809.967
809.967
809.967
809.967
809.967
809.967
809.967
809.967
809.967
809.967
809.967
809.967
809.967
809.967
809.967
809.967
809.967
809.967
809.967
809.967
809.967
809.967
809.967
809.967
809.967
809.967
809.967
809.967
809.967
809.967
809.967
809.967
809.967
809.967
809.967
809.967
809.967
809.967
809.967
809.967
809.967
809.967
809.967
809.967
809.967
809.967
809.967
809.967
809.967
809.967
809.967
809.967
809.967
809.967
809.967
809.967
809.967
809.967
809.967
809.967
809.967
809.967
809.967
809.967
809.967
809.967
809.967
809.967
809.967
809.967
809.967
809.967
809.967
809.967
809.967
809.967
809.967
809.967
