12.2954 65 54.4591
11.589 66 55.1178
11.589 66 55.1178
11.4091 74 61.4818
11.7784 71 59.1557
11.5344 78 64.7069
11.4091 74 61.4818
11.7784 71 59.1557
11.5344 78 64.7069
11.0687 88 72.6137
11.8812 75 62.3762
11.2197 93 76.6439
11.1715 89 73.4343
11.8812 75 62.3762
11.589 66 55.1178
11.8812 75 62.3762
11.5472 75 62.3094
11.589 66 55.1178
11.4894 73 60.6979
11.5472 75 62.3094
11.589 66 55.1178
11.3995 79 65.4799
12.2954 65 54.4591
11.5344 78 64.7069
11.589 66 55.1178
11.5344 78 64.7069
11.3995 87 71.8799
11.6789 78 64.7358
11.589 66 55.1178
11.5344 78 64.7069
11.7784 71 59.1557
12.4592 67 56.0918
11.5472 75 62.3094
11.589 66 55.1178
11.589 66 55.1178
11.5344 82 67.9069
11.589 66 55.1178
11.0687 88 72.6137
11.5344 78 64.7069
12.3468 73 60.8694
11.3192 80 66.2638
11.6371 79 65.5274
11.4091 74 61.4818
11.589 66 55.1178
11.4091 74 61.4818
11.5344 78 64.7069
11.8812 75 62.3762
11.5344 78 64.7069
12.3468 73 60.8694
11.589 66 55.1178
11.7784 71 59.1557
11.3192 80 66.2638
11.8812 75 62.3762
11.5472 75 62.3094
11.7784 71 59.1557
12.3468 73 60.8694
11.589 66 55.1178
11.7784 71 59.1557
11.589 66 55.1178
11.4091 74 61.4818
11.8812 75 62.3762
12.3468 73 60.8694
11.8812 75 62.3762
11.589 66 55.1178
11.8812 75 62.3762
11.8812 75 62.3762
11.4091 74 61.4818
11.6403 84 69.5281
11.4091 74 61.4818
11.8812 75 62.3762
12.3468 73 60.8694
11.3995 79 65.4799
11.5344 78 64.7069
11.8812 75 62.3762
12.3468 73 60.8694
11.7784 71 59.1557
11.4091 74 61.4818
11.5344 78 64.7069
11.5472 75 62.3094
11.3995 87 71.8799
12.3468 73 60.8694
11.5344 78 64.7069
11.5344 78 64.7069
12.2954 65 54.4591
11.5344 78 64.7069
11.4091 74 61.4818
11.5472 75 62.3094
11.589 66 55.1178
12.4592 67 56.0918
11.3449 91 75.069
12.3468 73 60.8694
11.5344 78 64.7069
11.5344 78 64.7069
11.3995 87 71.8799
11.2839 91 75.0568
11.4091 74 61.4818
11.0687 88 72.6137
11.7784 71 59.1557
11.5344 78 64.7069
11.4894 73 60.6979
11.589 66 55.1178
11.3931 84 69.4786
11.4091 74 61.4818
12.2954 65 54.4591
11.8812 75 62.3762
11.589 66 55.1178
11.7784 71 59.1557
11.589 66 55.1178
12.3468 73 60.8694
11.5344 78 64.7069
11.589 66 55.1178
11.589 66 55.1178
11.4091 74 61.4818
11.3995 87 71.8799
11.589 66 55.1178
11.5472 75 62.3094
11.7784 71 59.1557
11.5344 78 64.7069
11.5472 75 62.3094
11.7784 71 59.1557
12.6358 76 63.3272
12.2954 65 54.4591
12.4592 67 56.0918
11.589 66 55.1178
12.4592 67 56.0918
11.589 66 55.1178
11.5472 75 62.3094
11.5344 78 64.7069
11.7784 71 59.1557
11.1811 95 78.2362
11.5344 78 64.7069
11.8812 75 62.3762
11.5344 78 64.7069
11.5344 78 64.7069
11.5344 78 64.7069
11.7913 82 67.9583
11.0687 88 72.6137
11.589 66 55.1178
11.5344 78 64.7069
11.8812 75 62.3762
11.7913 82 67.9583
11.3192 80 66.2638
12.3468 73 60.8694
11.4091 74 61.4818
11.7913 82 67.9583
11.8812 75 62.3762
12.6358 76 63.3272
11.4091 74 61.4818
12.3468 73 60.8694
11.7784 71 59.1557
