13.4515 70 64.3452
12.9698 66 60.697
11.5729 68 62.3573
11.5697 70 64.157
11.5761 76 69.5576
11.5697 70 64.157
11.8812 75 68.6881
11.5344 78 71.3534
11.8812 75 68.6881
11.5344 78 71.3534
11.2261 92 83.9226
11.7078 89 81.2708
11.5344 78 71.3534
11.8812 75 68.6881
11.8812 75 68.6881
12.9698 66 60.697
11.5697 70 64.157
11.5697 70 64.157
11.5344 78 71.3534
11.8812 75 68.6881
11.8812 75 68.6881
13.4611 64 58.9461
11.5729 68 62.3573
11.3192 80 73.1319
13.4611 64 58.9461
12.9698 66 60.697
11.5761 76 69.5576
11.5697 70 64.157
11.8812 75 68.6881
12.9698 66 60.697
11.5761 76 69.5576
11.5697 70 64.157
11.5729 68 62.3573
11.5697 70 64.157
11.8812 75 68.6881
11.5344 78 71.3534
11.9775 70 64.1978
11.8812 75 68.6881
11.5697 70 64.157
11.8812 75 68.6881
11.3706 78 71.3371
11.5344 78 71.3534
11.5344 78 71.3534
11.5697 70 64.157
11.5344 78 71.3534
11.5697 70 64.157
11.5697 70 64.157
11.4284 81 74.0428
11.5697 70 64.157
11.3192 80 73.1319
11.5344 78 71.3534
11.5697 70 64.157
11.8812 75 68.6881
11.0687 88 80.3069
11.3192 80 73.1319
11.8812 75 68.6881
11.3192 80 73.1319
12.9698 66 60.697
13.4611 64 58.9461
11.5697 70 64.157
11.5697 70 64.157
11.5697 70 64.157
11.5344 78 71.3534
11.5729 68 62.3573
11.5697 70 64.157
11.9775 70 64.1978
11.6468 85 77.6647
13.4611 64 58.9461
13.4611 64 58.9461
11.6403 84 76.764
11.8812 75 68.6881
11.3706 78 71.3371
11.6917 82 74.9692
11.5729 68 62.3573
11.8812 75 68.6881
11.5344 78 71.3534
11.3706 78 71.3371
11.5344 78 71.3534
11.3706 78 71.3371
11.5344 78 71.3534
11.8812 75 68.6881
13.4515 70 64.3452
11.5344 82 74.9534
11.5697 70 64.157
11.8812 75 68.6881
11.5697 79 72.257
11.8812 75 68.6881
11.5761 76 69.5576
11.8812 75 68.6881
11.5761 76 69.5576
11.8812 75 68.6881
11.8812 75 68.6881
11.8812 75 68.6881
11.7913 82 74.9791
11.3192 80 73.1319
12.9698 66 60.697
11.6371 79 72.2637
11.8812 75 68.6881
12.0385 79 72.3038
11.5344 78 71.3534
11.8812 75 68.6881
11.5697 79 72.257
11.5761 76 69.5576
11.3706 72 65.9371
11.5344 78 71.3534
11.4284 81 74.0428
13.4611 64 58.9461
11.8812 75 68.6881
11.8812 75 68.6881
11.9775 70 64.1978
11.5697 70 64.157
11.5761 76 69.5576
11.5697 70 64.157
11.5729 68 62.3573
11.5697 70 64.157
11.5729 68 62.3573
11.7913 82 74.9791
13.4611 64 58.9461
11.5344 78 71.3534
12.9698 66 60.697
11.5761 76 69.5576
11.5697 70 64.157
11.5344 78 71.3534
11.8812 75 68.6881
11.8812 75 68.6881
11.5761 76 69.5576
13.4611 64 58.9461
11.3192 80 73.1319
13.4611 64 58.9461
11.8812 75 68.6881
11.5697 70 64.157
11.5344 78 71.3534
12.9698 66 60.697
11.5344 78 71.3534
12.9698 66 60.697
11.8812 75 68.6881
11.7913 82 74.9791
12.9698 66 60.697
12.9698 66 60.697
11.9775 70 64.1978
11.5761 76 69.5576
11.9775 70 64.1978
11.8812 75 68.6881
11.3192 80 73.1319
11.5697 70 64.157
11.3192 80 73.1319
12.0385 79 72.3038
13.4611 64 58.9461
11.4284 81 74.0428
11.5697 70 64.157
