13.4033 64 58.9403
12.4335 65 59.7434
12.0193 66 60.6019
11.9261 69 63.2926
11.7431 71 65.0743
11.4862 73 66.8486
11.3931 77 70.4393
11.3577 79 72.2358
11.255 83 75.8255
11.1265 85 77.6127
10.876 93 84.7876
12.5941 89 81.3594
14.036 109 99.5036
12.3982 122 111.04
12.3243 94 85.8324
13.808 88 80.5808
13.3391 93 85.0339
12.7386 126 114.674
12.6455 123 111.965
11.7881 106 96.5788
12.9216 158 143.492
12.6615 104 94.8661
12.7836 101 92.1784
13.2749 96 87.7275
13.1721 115 104.817
13.2299 107 97.623
13.5414 114 103.954
12.6326 101 92.1633
12.0803 111 101.108
11.9133 102 92.9913
12.9634 123 111.996
12.4592 102 93.0459
13.5767 87 79.6577
12.9602 106 96.696
13.185 97 88.6185
12.1188 108 98.4119
13.2364 110 100.324
12.6583 105 95.7658
12.3821 73 66.9382
12.0578 117 106.506
13.5446 123 112.054
