13.3359 63 58.0336
12.3083 65 59.7308
13.3423 66 60.7342
11.5215 68 62.3521
11.4926 69 63.2493
11.3706 75 68.6371
11.3706 76 69.5371
11.332 79 72.2332
11.3096 80 73.131
11.2807 81 74.0281
11.271 82 74.9271
11.1843 83 75.8184
11.2807 83 75.8281
11.1779 85 77.6178
11.2903 89 81.229
11.1233 90 82.1123
11.1522 91 83.0152
11.0687 93 84.8069
11.2935 94 85.7293
11.0077 96 87.5008
11.2004 96 87.52
10.9595 104 94.696
11.2582 104 94.7258
10.86 109 99.186
10.8311 119 108.183
10.8215 123 111.782
11.9294 94 85.7929
13.3391 95 86.8339
12.7514 125 113.775
13.1657 115 104.817
13.0886 89 81.4089
13.3198 89 81.432
13.1785 112 102.118
12.1477 133 120.915
11.7688 120 109.177
12.8028 94 85.8803
13.2428 149 135.424
11.6082 112 101.961
12.5395 96 87.6539
12.4014 101 92.1401
12.9923 138 125.499
13.4194 79 72.4419
13.9139 113 103.091
13.5189 91 83.2519
12.4367 97 88.5437
13.0629 90 82.3063
13.5254 86 78.7525
11.8876 98 89.3888
12.6134 115 104.761
12.3886 96 87.6388
13.3616 86 78.7362
14.0649 112 102.206
13.3841 81 74.2384
13.0886 102 93.1089
13.4772 88 80.5477
11.483 113 102.848
