698.383
705.33
708.795
711.39
711.955
712.87
718.053
732.568
732.568
732.568
732.568
732.568
732.568
732.568
732.568
732.967
740.452
742.726
743.063
744.075
744.226
744.226
744.226
744.27
748.413
748.413
748.413
748.413
751.881
751.881
751.881
751.881
751.881
751.881
751.881
751.881
751.881
751.881
751.881
751.881
751.881
751.881
751.881
751.881
751.881
751.881
751.881
751.881
751.881
751.881
751.881
751.881
751.881
751.881
751.881
751.881
751.881
751.881
751.881
751.881
751.881
751.881
751.881
751.881
751.881
751.881
751.881
751.881
751.881
751.881
751.881
751.881
751.881
751.881
751.881
751.881
751.881
751.881
751.881
751.881
751.881
751.881
751.881
751.881
751.881
751.881
751.881
751.881
751.881
751.881
751.881
751.881
751.881
751.881
751.881
751.881
751.881
751.881
751.881
751.881
751.881
751.881
751.881
751.881
751.881
751.881
751.881
751.881
751.881
751.881
751.881
751.881
751.881
751.881
751.881
751.881
751.881
751.881
751.881
751.881
751.881
751.881
751.881
751.881
751.881
751.881
751.881
751.881
751.881
751.881
751.881
751.881
751.881
751.881
751.881
751.881
751.881
751.881
751.881
751.881
751.881
751.881
751.881
751.881
751.881
751.881
751.881
751.881
751.881
751.881
754.128
754.128
754.128
754.128
754.128
754.128
754.128
754.128
754.128
754.128
754.128
754.128
754.128
754.128
754.128
754.128
754.128
754.128
754.128
754.128
754.128
754.128
754.128
754.128
754.128
754.128
754.128
754.128
775.066
788.929
790.329
790.329
790.329
790.329
790.329
790.329
790.329
790.329
790.329
790.329
790.329
790.329
790.329
790.329
790.329
790.329
790.329
790.329
790.329
790.329
790.329
790.329
790.329
790.329
790.329
790.329
790.329
790.329
790.329
790.329
790.329
790.329
790.329
790.329
790.329
790.329
790.329
790.329
790.329
790.329
790.329
790.329
790.329
790.329
790.73
790.73
790.73
790.73
790.73
790.73
790.73
790.73
790.73
790.73
790.73
790.73
790.73
790.73
790.73
790.73
790.73
790.73
790.73
790.73
790.73
790.73
790.73
790.73
790.73
790.73
790.73
790.73
790.73
790.73
790.73
790.73
790.73
790.73
790.73
790.73
790.73
790.73
790.73
790.73
790.73
790.73
790.73
790.73
790.73
790.73
790.73
790.73
790.73
790.73
790.73
790.73
790.73
790.73
790.73
790.73
790.73
790.73
790.73
790.73
790.73
791.472
791.472
791.472
791.472
791.472
791.472
791.472
791.472
791.472
791.472
791.472
791.472
791.472
791.472
791.472
791.472
791.472
791.472
791.472
791.472
791.472
791.472
791.472
791.472
791.472
791.472
791.472
791.472
791.472
791.472
791.472
791.472
791.472
791.472
791.472
791.472
791.472
791.472
791.472
791.472
791.472
791.472
791.472
791.472
791.472
791.472
791.472
791.472
791.472
791.472
791.472
791.472
791.472
791.472
791.472
791.472
791.472
791.472
791.472
791.472
791.472
791.472
791.472
791.472
791.472
791.472
791.472
791.472
791.472
791.472
791.472
791.472
791.472
791.472
791.472
791.472
791.472
791.472
791.472
791.472
791.472
791.472
791.472
791.472
791.472
791.472
791.472
791.472
791.472
791.472
791.472
791.472
791.472
791.472
791.472
791.472
791.472
791.472
791.472
791.472
791.472
791.472
791.472
791.472
791.472
791.472
791.472
791.472
791.472
791.472
791.472
791.472
791.472
791.472
791.472
791.472
791.472
791.472
791.472
791.472
791.472
791.472
791.472
791.472
791.472
791.472
791.472
791.472
791.472
791.472
791.472
791.472
791.472
791.472
791.472
791.472
791.472
791.472
791.472
791.472
791.472
791.472
791.472
791.472
791.472
791.472
791.472
791.472
791.472
791.472
791.472
791.472
791.472
791.472
791.472
791.472
791.472
791.472
791.472
791.472
791.472
791.472
791.472
791.472
791.472
791.472
791.472
791.472
791.472
791.472
791.472
791.472
791.472
791.472
791.472
791.472
791.472
791.472
791.472
791.472
791.472
791.472
791.472
791.472
791.472
791.472
791.472
791.472
791.472
791.472
791.472
791.472
791.472
791.472
791.472
791.472
791.472
791.472
791.472
791.472
791.472
791.472
791.472
791.472
800.004
800.004
800.004
800.004
800.004
800.004
800.004
800.004
800.004
800.004
800.004
800.004
800.004
800.004
800.004
800.004
800.004
800.004
800.004
800.004
800.004
800.004
800.004
800.004
800.004
800.004
800.004
800.004
800.004
800.004
800.004
800.004
800.004
800.004
800.004
800.004
800.004
800.004
800.004
800.004
800.004
800.004
800.004
800.004
800.004
800.004
800.004
800.004
800.004
800.004
800.004
800.004
800.004
800.004
800.004
800.004
800.004
800.004
800.004
800.004
800.004
800.004
800.004
800.004
800.004
800.004
800.004
800.004
800.004
800.004
800.004
800.004
800.004
800.004
800.004
800.004
800.004
800.004
800.004
800.004
800.004
800.004
800.004
800.004
800.004
800.004
800.004
800.004
800.004
800.004
800.004
800.004
800.004
800.004
800.004
800.004
800.004
800.004
800.004
800.004
800.004
800.004
800.004
800.004
800.004
800.004
800.004
800.004
800.004
800.004
800.004
800.004
800.004
800.004
800.004
800.004
800.004
800.004
800.004
800.004
800.004
800.004
800.004
800.004
800.004
800.004
800.004
800.004
800.004
800.004
800.004
800.004
800.004
800.004
800.004
800.004
800.004
800.004
800.004
800.004
800.004
800.004
800.004
800.004
800.004
800.004
800.004
800.004
800.004
800.004
800.004
800.004
800.004
800.004
800.004
800.004
800.004
800.004
800.004
800.004
800.004
800.004
800.004
800.004
800.004
800.004
800.004
800.004
800.004
800.004
800.004
800.004
800.004
800.004
800.004
800.004
800.004
800.004
800.004
800.004
800.004
800.004
800.004
800.004
800.004
800.004
800.004
800.004
800.004
800.004
800.004
800.004
800.004
800.004
800.004
800.004
800.004
800.004
800.004
800.004
800.004
800.004
800.004
800.004
800.004
800.004
800.004
800.004
800.004
800.004
800.004
800.004
800.004
800.004
800.004
800.004
800.004
800.004
800.004
800.004
800.004
800.004
800.004
800.004
800.004
800.004
800.004
800.004
800.004
800.004
800.004
800.004
800.004
800.004
800.004
800.004
800.004
800.004
800.004
800.004
800.004
800.004
800.004
800.004
800.004
800.004
800.004
800.004
800.004
800.004
800.004
800.004
800.004
800.004
800.004
800.004
800.004
800.004
800.004
800.004
800.004
800.004
800.004
800.004
800.004
800.004
800.004
800.004
800.004
800.004
800.004
800.004
800.004
800.004
800.004
800.004
800.004
800.004
800.004
800.004
800.004
800.004
800.004
800.004
800.004
800.004
800.004
800.004
800.004
800.004
800.004
800.004
800.004
800.004
800.004
800.004
800.004
800.004
800.004
800.004
800.004
800.004
800.004
800.004
800.004
800.004
800.004
800.004
800.004
800.004
800.004
800.004
800.004
800.004
800.004
800.004
800.004
800.004
800.004
800.004
800.004
800.004
800.004
800.004
800.004
800.004
800.004
800.004
800.004
800.004
800.004
800.004
800.004
800.004
800.004
800.004
800.004
800.004
800.004
800.004
800.004
800.004
800.004
800.158
800.283
800.283
800.283
800.315
800.315
800.315
800.315
800.315
800.315
800.315
800.315
800.315
800.315
800.315
800.315
800.315
800.315
800.315
800.315
800.315
800.315
800.315
800.315
800.315
800.315
800.315
800.315
800.315
800.315
800.315
800.315
800.315
800.315
800.315
800.315
800.315
800.315
800.315
800.315
800.315
800.315
800.315
800.315
800.315
800.315
800.315
800.315
800.315
800.315
800.315
800.315
800.315
800.315
800.315
800.315
800.315
800.315
800.315
800.315
800.315
800.315
800.315
800.315
800.315
800.315
800.315
800.315
800.315
800.315
800.315
800.315
800.315
800.315
800.315
800.315
800.315
800.315
800.315
800.315
800.315
800.315
800.315
800.315
800.315
800.315
800.315
800.315
800.315
800.315
800.315
800.315
800.315
800.315
800.315
800.315
800.315
800.315
800.315
800.315
800.315
800.315
800.315
800.315
800.315
800.315
800.315
800.315
800.315
800.315
800.315
800.315
800.315
800.315
800.315
800.315
800.315
800.315
800.315
800.315
800.315
800.315
800.315
800.315
800.315
800.315
800.315
800.315
800.315
800.315
800.315
800.315
800.315
800.315
800.315
800.315
800.315
800.315
800.315
800.315
800.315
800.315
800.315
800.315
800.315
800.315
800.315
800.315
800.315
800.315
800.315
800.315
800.315
800.315
800.315
800.315
800.315
800.315
800.315
800.315
800.315
800.315
800.315
800.315
800.315
800.315
800.315
800.315
800.315
800.315
800.315
800.315
800.315
800.315
800.315
800.315
800.315
800.315
800.315
800.315
800.315
800.315
800.315
800.315
800.315
800.315
800.315
800.315
800.315
800.315
800.315
800.315
800.315
800.315
800.315
800.315
800.315
800.315
800.315
800.315
800.315
800.315
800.315
800.315
800.315
800.315
800.315
800.315
800.315
800.315
800.315
800.315
800.315
800.315
800.315
800.315
800.315
800.315
800.315
800.315
800.315
800.315
800.315
800.315
800.315
800.315
800.315
800.315
800.315
800.315
800.315
800.315
800.315
800.315
800.315
800.315
800.315
800.315
800.315
800.315
800.315
800.315
800.315
800.315
800.315
800.315
800.315
800.315
800.315
800.315
800.315
800.315
800.315
800.315
800.315
800.315
800.315
800.315
800.315
800.315
800.315
800.315
800.315
800.315
800.315
800.315
800.315
800.315
800.315
800.315
800.315
800.315
800.315
800.315
800.315
800.315
800.315
800.315
800.315
800.315
800.315
800.315
802.775
803.713
803.713
803.713
803.713
803.713
803.713
806.253
806.253
806.253
806.253
806.253
806.253
806.253
806.253
806.253
806.253
806.253
806.436
806.436
806.436
806.436
806.436
806.436
806.436
806.436
806.436
806.436
806.436
806.436
806.436
806.436
806.436
806.436
806.436
806.436
806.436
806.436
806.436
806.436
806.436
806.436
806.507
806.507
806.507
806.565
806.565
806.565
806.565
806.565
806.565
806.565
806.565
806.565
806.565
807.419
807.419
807.419
807.419
807.419
807.419
807.419
807.419
807.419
807.419
807.419
807.419
807.419
807.419
807.419
807.419
807.419
807.419
807.419
807.419
807.419
807.419
807.419
807.419
807.419
807.419
807.419
807.419
807.419
807.419
807.419
807.419
807.419
807.419
807.419
807.419
807.419
807.419
807.419
807.419
807.419
807.419
807.419
807.419
807.419
807.419
807.419
807.419
807.419
807.419
807.419
807.419
807.419
807.419
807.419
807.419
807.419
807.419
807.419
807.419
807.419
807.419
807.419
807.419
807.419
807.419
807.419
807.419
807.419
807.419
807.419
807.419
807.419
807.419
807.419
807.419
807.419
807.419
807.419
807.419
807.419
807.419
807.419
807.419
807.419
807.419
807.419
807.419
807.419
807.419
807.419
807.419
807.419
807.419
807.419
807.419
807.419
807.419
807.419
807.419
807.419
807.419
807.419
807.419
807.419
807.419
807.573
807.573
807.573
807.573
807.573
807.573
807.573
807.573
807.573
807.573
807.573
807.573
807.573
807.573
807.573
807.573
807.573
807.573
807.573
807.573
807.573
807.573
807.573
807.573
807.573
807.573
807.573
807.573
807.573
807.573
807.573
807.573
807.573
807.573
807.573
807.573
807.573
807.573
807.573
807.573
807.573
807.573
807.573
807.573
807.573
807.573
807.573
807.573
807.573
807.573
807.573
807.573
807.573
807.573
807.573
807.573
807.573
807.573
807.573
807.573
807.573
807.573
807.573
807.573
807.573
807.573
807.573
807.573
807.573
807.573
807.573
807.573
807.573
807.573
807.573
807.573
807.573
807.573
807.573
807.573
807.573
807.573
807.573
807.573
807.573
807.573
807.573
807.573
807.573
807.573
807.573
807.573
807.573
807.573
807.573
807.573
807.573
807.573
807.573
807.573
807.573
807.573
807.573
807.573
807.573
807.573
807.573
807.573
807.573
807.573
807.573
807.573
807.573
807.573
807.573
807.573
807.573
807.573
807.573
807.573
807.573
807.573
807.573
807.573
807.573
807.573
807.573
807.573
807.573
807.573
807.573
807.573
807.573
807.573
807.573
807.573
807.573
807.573
807.573
807.573
807.573
807.573
807.573
807.573
807.573
807.573
807.573
807.573
807.573
807.573
807.573
807.573
807.573
807.573
807.573
807.573
807.573
807.573
807.573
807.573
807.573
807.573
807.573
807.573
807.573
807.573
807.573
807.573
807.573
807.573
807.573
807.573
807.573
807.573
807.573
807.573
807.573
807.573
807.573
807.573
807.573
807.573
807.573
807.573
807.872
807.872
807.872
807.872
807.872
807.872
807.872
807.872
807.872
807.872
807.872
807.872
807.872
807.872
807.872
807.872
807.872
807.872
807.872
807.872
807.872
807.872
807.872
807.872
807.872
807.872
807.872
807.872
807.872
807.872
807.872
807.872
807.872
807.872
807.872
807.872
807.872
807.872
807.872
807.872
807.872
807.872
807.872
807.872
807.872
807.872
807.872
807.872
807.872
807.872
807.872
807.872
807.872
807.872
807.872
807.872
807.872
807.872
807.872
807.872
807.872
807.872
807.872
807.872
807.872
807.872
807.872
807.872
807.872
807.872
807.872
807.872
807.872
807.872
807.872
807.872
807.872
807.872
807.872
807.872
807.872
807.872
807.872
807.872
807.872
807.872
807.872
807.872
807.872
807.872
807.872
809.137
809.137
809.137
809.137
809.137
809.137
809.137
809.137
809.137
809.137
809.137
809.137
809.137
809.137
809.137
809.137
809.137
809.137
809.137
809.137
809.137
809.137
809.137
809.137
809.137
809.137
809.137
809.137
809.137
809.137
809.137
809.137
809.137
809.137
809.137
809.137
809.137
809.137
809.137
809.137
809.137
809.137
809.137
809.137
809.137
809.137
809.137
809.137
809.137
809.137
809.137
809.137
809.137
809.137
809.137
809.137
809.137
809.137
809.137
809.137
809.137
809.137
809.137
809.137
809.137
809.137
809.137
809.137
809.137
809.137
809.137
809.137
809.137
809.137
809.137
809.137
809.137
809.137
809.137
809.137
809.137
809.137
809.137
809.137
809.137
809.137
809.137
809.137
809.137
809.137
809.137
809.137
809.137
809.137
809.137
809.137
809.137
809.137
809.137
809.137
809.137
809.137
809.137
809.137
809.137
809.137
809.137
809.137
809.137
809.137
809.137
809.137
809.137
809.137
809.137
809.137
809.137
809.137
809.137
809.137
809.137
809.137
809.137
809.137
809.137
809.137
809.137
809.137
809.137
809.705
809.705
809.705
809.705
809.705
809.705
809.705
809.705
809.705
809.705
809.705
809.705
809.705
809.705
809.705
813.389
813.742
813.742
813.742
813.742
813.742
813.742
813.742
813.742
813.742
813.742
813.742
813.742
813.742
813.742
813.742
813.742
813.742
813.742
813.742
813.742
813.742
813.742
813.742
813.742
813.742
813.742
813.742
813.742
813.742
813.742
813.742
813.742
813.742
813.742
813.742
813.742
813.742
813.742
813.742
813.742
813.742
813.742
813.742
813.742
813.742
813.742
813.742
813.742
813.742
813.742
813.742
813.742
813.742
813.742
813.742
813.742
813.742
813.742
813.742
813.742
813.742
813.742
813.742
813.742
813.742
813.742
813.742
813.742
813.742
813.742
813.742
813.742
813.742
813.742
813.742
813.742
813.742
813.742
813.742
813.742
813.742
813.742
813.742
813.742
813.742
813.742
813.742
813.742
813.742
813.742
813.742
813.742
813.742
813.742
813.742
813.742
813.742
813.742
813.742
813.742
813.742
813.742
813.742
813.742
813.742
813.742
813.742
813.742
813.742
813.742
813.742
813.742
813.742
813.742
813.742
813.742
813.742
813.742
813.742
813.742
813.742
813.742
813.886
813.886
813.886
813.886
813.886
813.886
813.886
813.886
813.886
813.886
813.886
813.886
813.886
813.886
813.886
813.886
813.886
813.886
813.886
813.886
813.886
813.886
813.886
813.886
813.886
813.886
813.886
813.886
813.886
813.886
813.886
813.886
813.886
813.886
813.886
813.886
813.886
813.886
813.886
813.886
813.886
813.886
813.886
813.886
813.886
813.886
813.886
813.886
813.886
813.886
813.886
813.886
813.886
813.886
813.886
813.886
813.886
813.886
813.886
813.886
813.886
813.886
813.886
813.886
813.886
813.886
813.886
813.886
813.886
813.886
813.886
813.886
813.886
813.886
813.886
813.886
813.886
813.886
813.886
813.886
813.886
813.886
813.886
813.886
813.886
813.886
813.886
813.886
813.886
813.886
813.886
813.886
813.886
813.886
813.886
813.886
813.886
813.886
813.886
813.886
813.886
813.886
813.886
813.886
813.886
813.886
813.886
813.886
813.886
813.886
813.886
813.886
813.886
813.886
813.886
813.886
813.886
813.886
813.886
813.886
813.886
813.886
813.886
813.886
813.886
813.886
813.886
813.886
813.886
813.886
813.886
813.886
813.886
813.886
813.886
813.886
813.886
813.886
813.886
813.886
813.886
813.886
813.886
813.886
813.886
813.886
813.886
813.886
813.886
813.886
813.886
813.886
813.886
813.886
813.886
813.886
813.886
813.886
813.886
813.886
813.886
813.886
813.886
813.886
813.886
813.886
813.886
813.886
813.886
813.886
813.886
813.886
813.886
813.886
813.886
813.886
813.886
813.886
813.886
813.886
813.886
813.886
813.886
