11.438 73 42.219
1, 2, 3, 6, 8, 10
10, 14, 13
5, 4
9, 15, 7
6, 4
7, 10, 11, 12
11.1651 105 58.0825
9, 15, 7, 10
13, 11
1, 2, 3, 6, 8
13, 14, 10, 8, 6, 4, 5
4, 12, 11, 10, 7
1, 2
11.0366 109 60.0183
3, 6
5, 4
9, 15, 7, 10
1, 2, 3, 6, 8, 10
5, 4, 6, 8, 10, 13, 14
3, 2, 5, 4, 12, 11
11.2004 96 53.6002
12, 11, 13, 14
13, 10, 7, 15, 9
1, 2, 3, 6, 8
11, 10, 8, 6, 4, 5
5, 2
8, 10
12.3725 66 39.1863
11, 10, 8, 6, 15
1, 2
4, 5
11, 13, 14
9, 15, 7
12, 4, 6, 3, 2
11.1875 98 54.5938
9, 15, 7, 10
13, 11
1, 2, 3, 6, 8
13, 14, 10, 8, 6, 4, 5
4, 12, 11, 10
1, 2
12.9987 64 38.4994
14, 13, 11
8, 6, 3, 2, 4
1, 2
12, 11, 10, 7, 15
9, 15, 6
4, 5
11.6821 70 40.841
10, 14, 13, 11, 12
10, 8, 6, 4, 5
15, 7
7, 15, 9
8, 15
6, 3, 2, 1
11.0591 106 58.5295
3, 6
4, 2
9, 15, 7, 10, 14, 13
1, 2, 3, 6, 8, 10
5, 4, 6, 8, 10
3, 2, 5, 4, 12, 11
10.9884 110 60.4942
1, 2, 3, 6, 8, 10, 14
10, 13
1, 2, 4, 12
10, 7, 15, 9
11, 10, 8, 6, 4, 5
8, 10
10.9435 120 65.4717
1, 2, 3, 6, 8, 10, 14
10, 13
1, 2, 4, 12, 11
10, 7, 15, 9
11, 10, 8, 6, 4, 5
8, 10
10.7829 125 67.8915
1, 2, 3, 6, 8, 10, 14
10, 13
1, 2, 4, 12, 11, 10
10, 7, 15, 9
11, 10, 8, 6, 4, 5
8, 10
11.2807 74 42.6403
12, 11, 10, 7
1, 2, 3, 6, 8, 10
8, 6, 4, 5
14, 13, 11
2, 3
7, 15, 9
11.2293 79 45.1146
12, 11, 10, 7
1, 2, 3, 6, 8, 10, 13
8, 6, 4, 5
14, 13
2, 3
7, 15, 9
11.2197 84 47.6098
12, 11, 10, 7
1, 2, 3, 6, 8, 10, 13
8, 6, 4, 5
14, 13, 11
2, 3
7, 15, 9
12.0706 67 39.5353
10, 8, 6, 3, 2
8, 15
7, 15, 9
14, 13, 11, 12
10, 11
1, 2, 5, 4
