687.042
704.453
713.635
713.635
713.673
723.307
723.68
723.943
723.943
723.943
723.943
723.943
731.515
731.515
731.515
735.638
736.759
737.434
737.613
737.613
737.613
738.423
738.423
743.635
743.635
743.635
743.635
747.993
747.993
752.424
754.653
754.653
754.653
754.653
754.653
754.653
754.653
754.653
754.653
754.653
754.653
754.653
754.653
754.653
754.653
754.653
754.653
754.653
754.653
754.653
754.653
754.653
754.653
754.653
754.653
754.653
754.653
754.653
754.653
754.653
754.653
754.653
754.653
754.653
754.653
754.653
754.653
754.653
754.653
754.653
754.653
754.653
754.653
754.653
759.046
759.046
759.046
759.046
759.046
759.046
759.046
759.046
759.046
759.046
759.046
759.046
759.046
759.046
759.046
759.046
759.046
759.046
759.046
759.046
759.046
759.046
759.046
759.046
759.046
759.046
759.046
759.046
759.046
759.046
759.046
759.046
759.046
759.046
759.046
759.046
759.046
759.046
759.046
759.046
759.046
759.046
759.046
759.046
759.046
759.046
759.046
759.046
759.046
759.046
759.046
759.046
759.046
759.046
759.046
759.046
759.046
759.046
759.046
759.046
759.046
759.046
759.046
759.046
759.046
759.046
759.046
759.046
759.046
759.046
759.046
759.046
759.046
759.046
759.046
759.046
759.046
759.046
759.046
759.046
759.046
759.046
759.046
759.046
759.046
759.046
759.046
759.046
759.046
759.046
759.046
759.046
759.046
759.046
759.046
759.046
760.01
760.01
760.01
760.01
760.01
761.461
761.461
761.461
766.863
768.876
770.058
786.782
786.92
787.608
787.816
787.816
787.816
787.816
787.816
787.816
787.816
787.816
788.022
788.022
788.022
788.073
788.073
788.073
788.073
788.073
788.073
788.073
788.073
788.073
788.375
788.375
788.375
788.722
788.722
788.886
788.886
789.088
789.088
789.088
789.088
789.088
789.522
789.522
789.522
789.547
790.279
790.279
790.279
790.279
790.482
790.482
790.482
790.482
790.482
790.482
790.482
790.482
790.482
790.482
790.482
790.488
791.028
791.028
791.028
791.028
791.028
791.028
791.028
791.028
791.028
791.028
791.028
791.028
791.028
791.028
791.028
791.028
791.028
791.028
791.028
791.028
791.028
791.028
791.028
791.028
791.028
791.028
791.028
791.028
791.028
791.028
791.028
791.028
791.028
791.028
791.028
791.028
791.028
791.028
791.028
791.028
791.028
791.028
791.028
791.028
791.028
791.028
791.028
791.028
791.028
791.028
791.028
791.028
791.028
791.028
791.028
791.028
791.028
791.028
791.028
791.028
791.028
791.028
791.13
791.13
791.13
791.13
791.13
791.13
791.13
791.13
791.162
791.162
791.162
791.162
791.162
791.162
791.162
791.162
791.162
791.162
791.162
791.162
791.162
791.162
791.162
791.162
791.162
791.162
791.162
791.162
791.162
791.162
791.162
791.162
791.162
791.162
791.162
791.162
791.162
791.162
791.162
791.162
791.162
794.427
794.427
794.427
794.427
794.427
794.427
794.427
794.427
794.427
794.427
794.427
794.427
794.427
794.427
794.427
794.427
794.427
794.427
794.427
794.427
794.427
794.427
794.427
794.427
794.427
794.427
794.427
794.427
794.427
794.427
794.427
794.427
794.427
794.427
794.427
794.427
794.427
794.427
794.427
794.427
794.427
794.427
794.427
794.427
794.427
794.427
794.427
794.427
794.427
794.427
794.427
794.427
794.427
794.45
794.45
794.45
794.45
794.45
794.45
794.45
794.45
794.668
794.668
794.668
794.668
794.668
794.668
794.668
794.668
794.668
794.668
794.668
794.668
794.668
794.668
794.668
794.668
794.668
794.668
794.668
794.668
794.716
794.716
794.716
797.417
798.843
798.843
798.843
798.843
798.843
798.868
798.868
798.868
798.868
798.868
798.868
798.868
798.868
798.868
798.868
798.868
798.868
798.868
798.868
798.868
798.868
798.868
798.868
798.868
798.868
798.868
798.868
798.868
798.868
798.868
798.868
798.868
798.868
798.868
798.868
798.868
798.868
798.868
798.868
798.868
798.868
798.868
798.868
798.868
798.868
798.868
798.868
798.868
798.868
798.868
798.868
798.868
798.868
798.868
798.868
798.868
798.868
798.868
798.868
799.074
799.074
799.074
799.074
799.074
799.074
799.074
799.074
799.074
799.074
799.074
799.074
799.074
799.074
799.074
799.074
799.074
799.074
799.074
799.074
799.074
799.074
799.074
799.074
799.074
799.074
799.074
799.074
799.074
799.074
799.074
799.074
799.074
799.074
799.074
799.074
799.074
799.074
799.074
799.074
799.074
799.074
799.074
799.074
799.074
799.074
799.074
799.074
799.074
799.074
799.074
799.883
800.153
800.153
800.153
800.153
800.153
800.153
800.153
800.153
800.153
800.153
800.153
800.153
800.153
800.153
800.153
800.153
800.153
800.153
800.153
800.153
800.153
800.153
800.153
800.153
800.153
800.153
800.153
800.153
800.153
800.153
800.153
800.153
800.153
800.153
800.153
800.153
800.153
800.153
800.153
800.153
800.153
800.153
800.153
800.153
800.153
800.153
800.153
800.153
800.153
800.153
800.153
800.153
800.153
800.153
800.153
800.153
800.153
800.153
800.153
800.153
800.153
800.153
800.153
800.153
800.153
800.153
800.153
800.153
800.153
800.153
800.153
800.153
800.153
800.153
800.153
800.153
800.153
800.153
800.153
800.153
800.153
800.153
800.153
800.153
800.153
800.153
800.153
800.153
800.153
800.153
800.153
800.153
800.153
800.153
800.153
800.153
800.153
800.153
800.153
800.153
800.153
800.153
800.153
800.153
800.153
800.153
800.153
800.153
800.153
800.153
800.153
800.153
800.153
800.153
800.153
800.153
800.153
800.153
800.153
800.153
800.153
800.153
800.153
800.153
800.153
800.153
800.153
800.153
800.153
800.153
800.153
800.153
800.153
800.153
800.153
800.153
800.153
800.153
800.153
800.153
800.153
800.153
800.153
800.153
800.153
800.153
800.153
800.153
800.153
800.153
800.153
800.153
800.153
800.153
800.153
813.64
813.64
813.64
813.64
813.64
813.64
813.64
813.64
813.64
813.64
813.64
813.64
813.64
813.64
813.64
813.64
813.64
813.64
813.64
813.64
813.64
813.64
813.64
813.64
813.64
813.64
813.64
813.64
813.64
813.64
813.64
813.64
813.64
813.64
813.64
813.64
813.64
813.64
813.64
813.64
813.64
813.64
813.64
813.64
813.64
813.64
813.64
816.609
816.609
816.609
816.609
816.609
816.609
816.609
816.609
816.609
816.609
816.609
816.609
816.609
816.609
816.609
816.609
816.609
816.609
816.609
816.609
816.609
816.609
816.609
816.609
816.609
816.609
816.609
816.609
816.609
816.609
816.609
816.609
816.609
816.609
816.609
816.609
816.609
816.609
816.609
816.609
816.609
816.609
816.609
816.609
816.609
816.609
816.609
816.609
816.609
816.609
816.609
816.609
816.609
816.609
816.609
816.609
816.609
816.609
816.609
816.609
816.609
816.609
816.609
816.609
816.609
816.609
816.609
816.609
816.609
816.609
816.609
816.609
816.609
816.609
816.609
816.609
816.609
816.609
816.609
816.609
816.609
816.609
816.609
816.609
816.609
816.609
816.609
816.609
816.609
816.609
816.609
816.609
816.609
816.609
816.609
816.609
816.609
816.609
816.609
816.609
816.609
816.609
816.609
816.609
816.609
816.609
816.609
816.609
816.609
816.609
816.609
816.609
816.609
816.609
816.609
816.609
816.609
816.609
816.609
816.609
816.609
816.609
816.609
816.609
816.609
816.609
816.609
816.609
816.609
816.609
816.609
816.609
816.609
816.609
816.609
816.609
816.609
816.609
816.609
816.609
816.609
816.609
816.609
816.609
816.609
816.609
816.609
816.609
816.609
816.609
816.609
816.609
816.609
816.609
816.609
816.609
816.609
816.609
816.609
816.609
816.609
816.609
816.609
816.609
816.609
816.609
816.609
816.609
816.609
816.609
816.609
816.609
816.609
816.609
816.609
816.609
816.609
816.609
816.609
816.609
816.609
816.609
816.609
816.609
816.609
816.609
816.609
816.609
816.609
816.609
816.609
816.609
816.609
816.609
816.609
816.609
816.609
816.609
816.609
816.609
816.609
816.609
816.609
816.609
816.609
816.609
816.609
816.609
816.609
816.609
816.609
816.609
816.609
816.609
816.609
816.609
816.609
816.609
816.609
816.609
816.609
816.609
816.609
816.609
816.609
816.609
816.609
816.609
816.609
816.609
816.609
816.609
816.609
816.609
816.609
816.609
816.609
816.609
816.609
816.609
816.609
816.609
816.609
816.609
816.609
816.609
816.609
816.609
816.609
816.609
816.609
816.609
816.609
816.609
816.609
816.609
816.609
816.609
816.609
816.609
816.609
816.609
816.609
816.609
816.609
816.609
816.609
816.609
816.609
816.609
816.609
816.609
816.609
816.609
816.609
816.609
816.609
816.609
816.609
816.609
816.609
816.609
816.609
816.609
816.609
816.609
816.609
816.609
816.609
816.609
816.609
816.609
816.609
816.609
816.609
816.609
816.609
816.609
816.609
816.609
816.609
816.609
816.609
816.609
816.609
816.609
816.609
816.609
816.609
816.609
816.609
816.609
816.609
816.609
816.609
816.609
816.609
816.609
816.609
816.609
816.609
816.609
816.609
816.609
816.609
816.609
816.609
816.609
816.609
816.609
816.609
816.609
816.609
816.609
816.609
816.609
816.609
816.609
816.609
816.609
816.609
816.609
816.609
816.609
816.609
816.609
816.609
816.609
816.609
816.609
816.609
816.609
816.609
816.609
816.609
816.609
816.609
816.609
816.609
816.609
816.609
816.609
816.609
816.609
816.609
816.609
816.609
816.609
816.609
816.609
816.609
816.609
816.609
816.609
816.609
816.609
816.609
816.609
816.609
816.609
816.879
817.48
817.56
817.56
817.56
817.56
817.676
817.676
817.676
817.676
817.91
817.91
817.91
817.91
817.91
817.91
817.91
817.91
817.91
817.91
817.91
817.91
817.91
817.91
817.91
817.91
817.91
817.91
817.91
817.91
817.91
817.91
817.91
817.91
817.91
817.91
817.91
817.91
817.91
817.91
817.91
817.981
817.981
817.981
817.981
817.981
817.981
817.981
817.981
817.981
817.981
817.981
817.981
817.981
817.981
817.981
817.981
817.981
817.981
817.981
818.022
818.022
818.022
818.022
818.022
818.022
818.022
818.022
818.022
818.022
818.022
818.022
818.022
818.022
818.022
818.022
818.022
818.022
818.022
818.022
818.022
818.022
818.022
818.022
818.022
818.022
818.022
818.022
818.022
818.022
818.022
818.022
818.022
818.022
818.022
818.022
818.26
818.26
818.26
818.26
818.26
818.26
818.26
818.26
818.26
818.26
818.26
818.26
818.26
818.26
818.26
818.26
818.26
818.26
818.26
818.26
818.26
818.26
818.26
818.26
818.26
818.26
818.26
818.26
818.26
818.26
818.26
818.26
818.26
821.558
821.558
821.558
821.558
821.558
821.558
821.558
821.558
821.558
821.558
821.558
821.558
821.558
821.558
821.558
821.558
821.558
821.558
821.558
821.558
821.558
821.558
821.558
821.558
821.558
821.558
821.558
821.558
821.558
821.558
821.558
821.558
821.558
821.558
821.558
821.558
821.558
821.558
821.558
821.558
821.558
821.558
821.558
821.558
821.558
821.558
821.558
821.558
821.558
821.558
821.558
821.558
821.558
821.558
821.558
821.558
821.558
821.558
821.558
821.558
821.558
821.558
821.558
821.558
821.558
821.558
821.558
821.558
821.558
821.558
821.558
821.558
821.558
821.558
821.558
821.558
821.558
821.558
821.558
821.558
821.558
821.558
821.558
821.558
821.558
821.558
821.558
821.558
821.558
821.558
821.558
821.558
821.558
821.558
821.558
821.558
821.558
821.558
821.558
821.558
821.558
821.558
821.558
821.558
821.558
821.558
821.558
821.558
821.558
821.558
821.558
821.558
821.558
821.558
821.558
821.558
821.558
821.558
821.558
821.558
821.558
821.558
821.558
821.558
821.558
821.558
821.558
821.558
821.558
821.558
821.558
821.558
821.558
821.558
821.558
821.558
821.558
821.558
821.558
821.558
821.558
821.558
821.558
821.558
821.558
821.558
821.558
821.558
821.558
821.558
821.642
821.642
821.642
821.642
821.642
821.642
821.642
821.642
821.642
821.642
821.642
821.642
821.642
821.642
821.642
821.642
821.642
821.642
821.642
821.642
821.642
821.642
821.642
821.642
821.642
821.642
821.642
821.642
821.642
821.642
821.642
821.642
821.642
821.642
821.642
821.642
821.642
821.642
821.642
821.642
821.642
821.642
821.642
821.642
821.642
821.642
821.642
821.642
821.642
821.642
821.642
821.642
821.642
821.642
821.642
821.642
821.642
821.642
821.642
821.642
821.642
821.642
821.642
821.642
821.642
821.642
821.642
821.642
821.642
821.642
821.642
821.642
821.642
821.642
821.642
821.642
821.642
821.642
821.642
821.642
821.642
821.642
821.642
821.642
821.642
821.642
821.642
821.642
821.642
821.642
821.642
821.642
821.642
821.642
821.642
822.072
822.072
822.072
822.072
822.072
822.072
822.072
822.072
822.072
822.072
822.072
822.072
822.072
822.072
822.072
822.072
822.072
822.072
822.072
822.072
822.072
822.072
822.072
822.072
822.072
822.072
822.072
822.072
822.072
822.072
822.072
822.072
822.072
822.072
822.072
822.072
822.072
822.072
822.072
822.072
822.072
822.072
822.072
822.072
822.072
822.072
822.072
822.072
822.072
822.072
822.072
822.072
822.072
822.072
822.072
822.072
822.072
822.072
822.072
822.072
822.072
822.072
822.072
822.072
822.072
822.072
822.072
822.072
822.072
822.072
822.072
822.072
822.072
822.072
822.072
822.072
822.072
822.072
822.072
822.072
822.072
822.072
822.072
822.072
822.072
822.072
822.072
822.072
822.072
822.072
822.072
822.072
822.072
822.072
822.072
822.072
822.072
822.072
822.072
822.072
822.072
822.072
822.072
822.072
822.072
822.072
822.072
822.072
822.072
822.072
822.072
822.072
822.072
822.072
822.072
822.072
822.072
822.072
822.072
822.072
822.072
822.139
822.139
822.139
822.139
822.139
822.139
822.139
822.139
822.139
822.139
822.139
822.139
822.139
822.139
822.139
822.139
822.139
822.139
822.139
822.139
822.139
822.139
822.139
822.139
822.139
822.139
822.139
822.139
822.139
822.139
822.139
822.139
822.139
822.139
822.139
822.139
822.139
822.139
822.139
822.139
822.139
822.139
822.139
822.139
822.139
822.139
822.139
822.139
822.139
822.139
822.139
822.139
822.139
822.139
822.139
822.139
822.139
822.139
822.139
822.139
822.139
822.139
822.139
822.139
822.139
822.139
822.139
822.139
822.139
822.139
822.139
822.139
822.139
822.139
822.139
822.139
822.139
822.139
822.139
822.139
822.139
822.139
822.139
822.139
822.139
822.139
822.139
822.139
822.139
822.139
822.139
822.139
822.139
822.139
822.139
822.139
822.139
822.139
822.139
822.139
822.139
822.139
822.139
822.139
822.139
822.139
822.139
822.139
822.139
822.139
822.139
822.139
822.139
822.139
822.139
822.139
822.139
822.139
822.139
822.139
822.139
822.139
822.139
822.139
822.139
822.139
822.139
822.139
822.139
822.139
822.139
822.139
822.139
822.139
822.139
822.139
822.139
822.139
822.139
822.139
822.139
822.139
822.139
822.139
822.139
822.139
822.139
822.139
822.139
822.139
822.139
822.139
822.139
822.139
822.139
822.139
822.139
822.139
822.139
822.139
822.139
822.139
822.139
822.139
822.139
822.139
822.139
822.139
822.139
822.139
822.139
822.139
822.139
822.139
822.139
822.139
822.139
822.139
822.139
822.139
822.139
822.139
822.139
822.139
822.139
822.139
822.139
822.139
822.139
822.139
822.139
822.139
822.139
822.139
822.139
822.139
822.139
822.139
822.139
822.139
822.139
822.139
822.139
822.139
822.139
822.139
822.139
822.139
822.139
822.139
822.139
822.139
822.139
822.139
822.139
822.139
822.139
822.139
822.139
822.139
822.139
822.139
822.139
822.139
822.139
822.139
822.139
822.139
822.139
822.139
822.139
822.139
822.139
822.139
822.139
822.139
822.139
822.139
822.139
822.139
822.139
822.139
822.139
822.139
822.139
822.139
822.139
822.139
822.139
822.139
822.139
822.139
822.139
822.139
822.139
822.139
822.139
822.139
822.139
822.139
822.139
822.139
822.139
822.139
822.139
822.139
822.139
822.139
822.139
822.139
822.139
822.139
822.139
822.139
822.139
822.139
822.139
822.139
822.139
822.139
822.139
822.139
822.139
822.139
822.139
822.139
822.139
822.139
822.139
822.139
822.139
822.139
822.139
822.139
822.139
822.139
822.139
822.139
822.139
822.139
822.139
822.139
822.139
822.139
822.139
822.139
822.139
822.139
822.139
822.139
822.139
822.139
822.139
822.139
822.139
822.139
822.139
822.139
822.139
822.139
822.139
822.139
822.139
822.139
822.139
822.139
822.139
822.139
822.139
822.139
822.139
822.139
822.139
822.139
822.139
822.139
822.139
822.139
822.139
822.139
822.139
822.139
822.139
822.139
822.139
822.139
822.139
822.139
822.139
822.139
822.139
822.139
822.139
822.139
822.139
822.139
822.139
822.139
822.139
822.139
822.139
822.139
822.139
822.139
822.139
822.139
822.139
822.139
822.139
822.139
822.139
822.139
822.139
822.139
822.139
822.139
822.139
822.139
822.139
822.139
822.139
822.139
822.139
822.139
822.139
822.139
822.139
822.139
