11.6789 65 22.3431
11.6211 67 22.6969
11.605 72 23.684
11.4958 73 23.7967
11.438 74 23.9504
11.3995 75 24.1196
11.3931 79 24.9145
11.2871 80 25.0297
11.1715 84 25.7372
10.9724 92 27.1779
10.9274 97 28.1419
13.3423 91 28.8739
13.0854 93 29.0683
12.6166 106 31.2933
12.5331 90 28.0265
13.2781 102 31.0225
11.6596 107 30.7277
12.4046 102 30.3237
13.6281 107 32.3025
12.5363 142 38.429
11.8876 104 30.3101
12.1317 122 34.1053
13.3969 114 33.5175
12.8317 119 34.0654
12.2858 108 31.4286
12.7129 115 33.1703
12.3436 97 29.2749
13.4322 104 31.5458
12.7033 92 28.5626
11.8298 115 32.4638
14.2383 125 36.3906
13.1721 101 30.7377
12.2248 96 28.9798
13.2331 103 31.1865
12.3276 113 32.462
13.3134 96 29.8507
13.4355 85 27.7484
14.7489 85 28.7991
12.2312 106 30.985
12.7001 81 26.3601
13.2492 106 31.7994
