13.7245 64 33.8347
2, 4, 5
9, 15
7, 10, 11, 12
15, 8
7, 15, 6, 3, 2, 1
11, 13, 14
11.9004 65 33.1403
11, 13, 14
11, 10, 8, 6, 3, 2
4, 5
6, 15, 7
12, 4, 2, 1
15, 9
11.4348 68 34.0609
14, 13, 11
9, 15
11, 10, 8, 6, 4, 5
11, 12
8, 15
1, 2, 3, 6, 15, 7
11.3931 75 36.8358
12, 11, 10
14, 13
15, 6, 4, 5
14, 10, 8, 6, 3, 2, 1
9, 15, 7
5, 2
11.0848 82 39.4509
12, 4
5, 4, 6, 8, 10, 7
11, 13, 14
7, 15, 9
14, 13
11, 10, 8, 6, 3, 2, 1
11.0751 86 41.0451
12, 4, 5
5, 4, 6, 8, 10, 7
11, 13, 14
7, 15, 9
14, 13
11, 10, 8, 6, 3, 2, 1
11.0944 80 38.6566
12, 4
5, 4, 6, 8, 10, 7
11, 13
7, 15, 9
14, 13
11, 10, 8, 6, 3, 2, 1
11.0366 97 45.422
12, 4, 5, 2, 3
5, 4, 6, 8, 10, 7
11, 13, 14
7, 15, 9
13, 11
11, 10, 8, 6, 3, 2, 1
11.0655 91 43.0393
13, 11, 12
9, 15, 7
11, 10, 8, 6, 3, 2, 1
3, 6
13, 14, 10, 8, 6, 4, 5
7, 10
11.027 105 48.6162
13, 11, 12, 4, 5
9, 15, 7
11, 10, 8, 6, 3, 2, 1
3, 6
13, 14, 10, 8, 6, 4, 5
7, 10
