11.666 69 17.3994
11.3995 75 17.7595
11.544 74 17.7896
11.6628 73 17.7965
12.7258 65 17.9532
12.8927 64 18.0035
11.2871 80 18.1584
11.1715 84 18.4543
11.1329 95 19.5197
11.0013 105 20.4012
10.9467 110 20.852
10.8889 113 21.1
10.8343 118 21.5509
12.8927 112 22.8035
13.0662 83 20.0595
12.167 102 21.1503
12.1413 127 23.6272
12.8863 127 24.2977
12.9505 107 22.3555
13.5286 91 21.2757
12.5395 100 21.2855
13.3327 91 21.0994
12.6583 111 22.4925
11.9037 103 21.0133
13.0405 102 21.9364
12.0482 115 22.3434
13.5286 93 21.4757
13.7052 82 20.5347
12.1606 137 24.6445
14.4727 76 20.6254
12.8831 86 20.1948
12.3597 126 23.7237
14.5883 90 22.1295
12.668 86 20.0012
13.0951 119 23.6856
13.0308 115 23.2277
12.7707 107 22.1936
12.9955 113 22.996
13.2781 82 20.1503
12.0963 102 21.0867
13.3841 85 20.5457
13.3391 117 23.7052
13.1657 103 22.1491
