12.5716 67 23.4573
12.5267 68 23.6213
11.5922 72 23.6737
12.0931 70 23.6745
11.8587 71 23.687
13.3937 65 23.715
11.438 74 23.9504
11.3288 76 24.2631
11.3224 78 24.6579
11.2646 80 25.0117
11.2036 82 25.3629
11.1201 85 25.8961
11.0238 88 26.419
10.9917 91 26.9933
10.9242 113 31.3394
13.1207 104 31.2966
13.3327 102 31.0662
12.8382 96 29.4705
12.9249 112 32.7399
14.0424 86 28.4339
11.7367 121 33.5893
13.6089 90 28.8871
12.9152 128 35.9322
15.0379 96 31.2303
12.4753 93 28.5802
13.1111 76 25.6889
12.8671 109 32.0936
13.1882 79 26.3505
12.1188 112 32.0951
14.6301 95 30.704
12.7225 125 35.178
12.3757 90 27.9006
13.2942 92 29.0353
13.9974 109 32.9979
12.8125 90 28.25
11.4894 113 31.7915
11.6789 97 28.7431
13.0565 115 33.4452
12.0321 111 31.8257
13.352 92 29.0816
13.0629 128 36.0504
13.1785 100 30.5428
13.5414 123 35.4331
13.4611 93 29.3689
13.7598 87 28.4078
