13.6859 63 33.4116
12.3886 65 33.4331
13.2396 64 33.5437
12.0193 67 34.0116
11.7206 69 34.6324
11.6114 70 34.9669
11.5922 72 35.7553
11.5215 73 36.1129
11.4701 77 37.6821
11.332 78 37.9992
11.2967 83 39.978
11.2261 84 40.3356
11.1972 85 40.7183
11.1715 87 41.5029
11.1394 89 42.2836
11.1362 91 43.0817
11.0173 92 43.4104
10.9756 97 45.3854
10.9724 100 46.5834
10.9306 107 49.3584
10.9178 115 52.5507
12.6615 109 51.1969
13.5639 108 51.3383
12.8125 102 48.4875
13.3584 87 42.815
12.8157 103 48.8894
13.0918 104 49.4551
11.9807 118 54.3884
12.5909 103 48.7545
12.684 89 43.2104
13.1111 103 49.0667
12.6647 95 45.5988
13.6249 83 41.375
14.1291 90 44.4775
14.1355 106 50.8813
12.2408 124 56.9445
12.122 87 42.0732
12.3982 100 47.4389
13.2813 90 43.9688
13.1111 102 48.6667
12.8028 96 46.0817
12.8638 94 45.3183
12.5845 86 41.9507
12.745 111 52.047
12.0064 107 50.0039
12.395 106 49.837
13.8818 79 39.9291
13.6217 102 48.973
13.1079 85 41.8647
13.3487 94 45.6093
12.7547 99 47.2528
