11.9004 65 33.1403
13.7245 64 33.8347
11.666 69 34.5996
11.4766 72 35.6859
11.4573 77 37.6744
11.4444 84 40.4667
11.5633 84 40.538
11.3224 85 40.7934
11.3481 85 40.8089
11.3449 87 41.6069
11.2839 88 41.9703
11.4316 88 42.059
11.2229 90 42.7337
11.2839 90 42.7703
11.3192 90 42.7915
11.2004 92 43.5202
11.1683 93 43.901
11.1201 96 45.0721
11.1008 99 46.2605
11.0784 102 47.447
11.0623 111 51.0374
11.2582 112 51.5549
11.3224 114 52.3935
11.21 116 53.126
11.1458 117 53.4875
11.0398 125 56.6239
11.0141 137 61.4085
10.9274 151 66.9565
12.7225 101 48.0335
12.0996 94 44.8597
13.3937 108 51.2362
11.666 103 48.1996
12.1156 92 44.0694
12.5716 108 50.743
13.3552 86 42.4131
14.1002 84 42.0601
13.1143 123 57.0686
13.352 109 51.6112
14.5177 96 47.1106
12.9313 103 48.9588
13.2974 86 42.3784
13.7148 107 51.0289
12.0385 109 50.8231
12.668 102 48.4008
12.9923 139 63.3954
13.4868 92 44.8921
12.9441 128 58.9665
13.3391 108 51.2035
13.3969 116 54.4382
11.8619 113 52.3172
12.4624 104 49.0775
13.3102 100 47.9861
13.3937 99 47.6362
13.2813 114 53.5688
13.5671 126 58.5403
12.2537 105 49.3522
12.5556 103 48.7333
13.8529 80 40.3118
