687.042
704.453
713.635
713.635
713.673
723.307
723.68
723.943
723.943
723.943
723.943
723.943
731.515
731.515
731.515
731.515
731.515
732.263
733.089
736.698
736.698
736.698
736.698
736.698
737.161
737.161
737.161
742.684
742.684
742.684
742.684
742.684
742.684
742.684
742.684
742.684
742.684
742.684
742.684
742.684
742.684
742.684
742.684
742.684
742.684
742.684
742.684
743.108
743.108
743.108
743.108
743.108
743.108
745.918
745.918
745.918
745.918
745.918
745.918
745.918
745.918
745.918
745.918
745.918
745.918
745.918
745.918
745.918
745.918
745.918
745.918
745.918
745.918
745.918
745.918
745.918
745.918
745.918
745.918
745.918
745.918
745.918
745.918
745.918
745.918
745.918
745.918
745.918
745.918
745.918
745.918
745.918
745.918
745.918
745.918
745.918
745.918
745.918
745.918
745.918
745.918
745.918
745.918
745.918
745.918
745.918
745.918
745.918
745.918
745.918
745.918
745.918
745.918
745.918
745.918
745.918
745.918
745.918
745.918
745.918
745.918
745.918
745.918
745.918
745.918
745.918
745.918
745.918
745.918
745.918
745.918
745.918
745.918
745.918
745.918
745.918
745.918
745.918
745.918
745.918
745.918
745.918
745.918
745.918
745.918
745.918
745.918
745.918
745.918
745.918
745.918
745.918
745.918
745.918
745.918
745.918
745.918
745.918
745.918
745.918
745.918
745.918
745.918
745.918
745.918
745.918
745.918
745.918
745.918
745.918
745.918
745.918
745.918
745.918
745.918
745.918
745.918
745.918
745.918
745.918
745.918
745.918
745.918
745.918
749.69
749.69
749.69
749.69
749.69
749.69
749.69
749.69
749.69
749.69
749.69
749.69
749.69
749.69
749.69
749.69
749.69
749.69
749.69
749.69
749.69
749.69
749.69
764.119
764.119
764.119
764.119
764.119
764.119
764.119
764.119
764.119
764.119
764.119
764.119
764.119
764.119
764.119
764.119
764.119
764.119
764.119
764.119
764.119
764.119
764.119
764.119
764.119
764.119
765.936
769.602
769.602
769.602
769.602
769.602
769.602
769.602
769.602
769.602
769.602
769.602
769.602
769.602
769.602
769.602
769.602
769.602
769.602
769.602
769.602
769.602
769.602
769.602
769.602
769.602
769.602
769.602
769.602
769.602
769.602
769.602
769.602
769.602
769.602
769.602
769.602
769.602
769.602
769.602
769.602
769.602
769.602
769.602
769.602
769.602
769.602
769.602
769.602
769.602
769.602
769.602
769.602
769.602
769.602
769.602
769.602
769.602
769.602
769.602
769.602
769.602
769.602
769.602
769.602
769.602
769.602
769.602
769.602
769.602
769.602
769.602
769.602
769.602
769.602
769.602
769.602
769.602
769.602
769.602
769.602
769.602
769.602
769.602
769.602
769.602
769.602
769.602
769.602
769.602
769.602
769.602
769.602
769.602
769.602
769.602
769.602
769.602
769.602
769.602
769.602
769.602
769.602
769.602
769.602
769.602
769.602
769.602
769.602
769.602
769.602
769.602
769.602
769.602
769.602
769.602
769.602
769.602
769.602
769.602
769.602
769.602
769.602
769.602
769.602
769.602
769.602
769.602
769.602
769.602
769.602
769.602
769.602
769.602
769.602
769.602
769.602
769.602
769.602
769.602
769.602
769.602
769.602
769.602
769.602
769.602
769.602
769.602
769.602
769.602
769.602
769.602
769.602
769.602
769.602
769.602
769.602
769.602
769.602
769.602
769.602
769.602
769.602
769.602
769.602
769.602
769.602
769.602
769.602
769.602
769.602
769.602
769.602
769.602
769.602
769.602
769.602
769.602
769.602
769.602
769.602
769.602
769.602
769.602
769.602
769.602
769.602
769.602
769.602
769.602
769.602
769.602
769.602
769.602
769.602
769.602
769.602
769.602
769.602
769.602
769.602
769.602
769.602
769.602
769.602
769.602
769.602
769.602
769.602
769.602
769.602
769.602
769.602
769.602
769.602
769.602
769.602
769.602
769.602
769.602
769.602
769.602
769.602
769.602
769.602
769.602
769.602
769.602
769.602
769.602
769.602
769.602
769.602
769.602
769.602
769.602
769.602
777.107
777.107
777.107
777.107
777.107
777.107
777.107
777.107
777.107
777.107
777.107
777.107
777.107
777.107
777.107
777.107
777.107
777.107
777.107
777.107
777.107
777.107
777.107
777.107
777.107
777.107
777.107
785.675
785.675
785.733
785.733
785.877
785.877
785.877
785.877
785.877
785.877
785.877
785.877
785.877
785.877
785.877
785.877
785.877
785.877
785.877
785.877
785.877
785.877
785.877
785.877
785.877
785.877
785.877
785.877
785.877
785.877
785.877
785.877
785.877
785.877
785.877
785.877
785.877
785.877
785.877
785.877
785.877
785.877
785.877
788
788
788
788
788
788
788
788
788
788
788
788
788
788
788
788
788
788
788
788
788
788
788
788
788
788
788
788
788
788
788
788
788
788
788
788
788
788
788
788
788
788
788
788
788
788
788
788
788
788
788
788
788
788
788
788
788
788
788
788
788
788
788
788
788
788
788
788
788
788
788
788
788
788
788
788
788
788
788
788
788
788
788
788
788
788
788
788
788
788
788
788
788
788
788
788
788
788
788
788
788
788
788
788
788
788
788
788
788
788
788
788
788
788
788
788
788
788
788
788
788
788
788
788
788
788
788
788
788
788
788
788
788
788
788
788
788
788
788
788
788
788
788
788
788
788
788
788
788
788
788
788
788
788
788
788
788
788
788
788
788
788
788
788
788
788
788
788
788
788
788
788
788
788
788
788
788
788
788
788
788
788
788
788
788
788
788
788
788
788
788
788
788
788
788
788
788
788
788
788
788
788
788
788
788
788
788
788
788
788
788
788
788
788
788
788
788
788
788
788
788
788
788
788
788
788
788
788
788
788
788
788
788
788
788
788
788
788
788
788
788
788
788
788
788
788
788
788
788
788
788
788
788
788
788
788
788
788
788
788
788
788
788
788
788
788
788
788
788
788
788
788
788
788
788
788
788
788
788
788
788
788
788
788
788
788
788
788
788
788
788
788
788
788
788
788
788
788
788
788
788
788
788
788
788
788
788
788
788
788
788
788
788
788
788
788
788
788
788
788
788
788
788
788
788
788
788
788
788
788
788
789.179
789.179
789.179
789.179
789.179
789.179
789.179
789.179
789.179
789.179
789.179
789.179
789.179
789.179
789.179
789.179
789.179
789.179
789.179
789.179
789.179
789.179
789.179
789.179
789.179
789.179
789.179
789.179
789.84
789.84
789.84
789.84
789.84
789.84
789.84
789.84
789.84
789.84
789.84
789.84
789.84
789.84
789.84
789.84
789.84
789.84
789.84
789.84
789.84
789.84
789.84
789.84
789.84
789.84
789.84
789.84
789.84
789.84
789.84
789.84
789.84
789.84
789.84
789.84
789.84
789.84
789.84
789.84
789.84
789.84
789.84
789.84
789.84
789.84
789.84
789.84
789.84
789.84
789.84
789.84
789.84
789.84
789.84
789.84
789.84
789.84
789.84
789.84
789.84
789.84
789.84
789.84
789.84
789.84
789.84
789.84
789.84
789.84
789.84
789.84
789.84
789.84
789.84
789.84
789.84
790.197
790.197
790.197
790.197
790.197
790.197
790.197
790.197
790.197
790.197
790.238
790.238
790.238
790.238
790.238
790.238
790.238
790.238
790.238
790.238
790.238
790.238
790.238
790.238
790.238
790.238
790.238
790.238
790.238
790.238
790.238
790.238
790.238
790.238
790.238
790.238
790.238
790.238
790.238
790.238
790.238
790.238
790.238
790.238
790.238
790.238
790.238
790.238
790.238
790.238
790.238
790.238
790.238
790.238
790.238
790.238
790.238
790.238
790.238
790.238
790.238
790.238
790.238
790.238
790.238
790.238
790.238
790.238
790.238
790.238
790.238
790.238
790.238
790.238
790.238
790.238
790.238
790.238
790.238
790.238
790.238
790.238
790.238
790.238
790.238
790.238
790.238
790.238
790.238
790.238
790.238
790.238
790.238
790.238
790.238
790.238
790.238
790.238
790.238
790.238
790.238
790.238
790.238
790.238
790.238
790.238
790.238
790.238
790.238
790.238
790.238
790.238
790.238
790.238
790.238
790.238
790.238
790.238
790.238
790.238
790.238
790.238
790.238
790.238
790.238
790.238
795.251
795.251
795.251
795.251
795.251
795.251
795.251
795.251
795.251
795.251
795.251
795.251
795.251
795.251
795.251
795.251
801.407
802.075
802.239
802.239
803.533
803.533
803.533
803.533
803.533
803.533
803.533
803.533
804.525
804.525
804.525
804.525
804.561
804.561
804.561
804.561
804.561
804.561
804.561
804.561
804.561
804.561
804.561
804.561
804.561
804.561
804.561
804.561
804.561
804.574
804.574
804.574
804.574
804.574
804.574
804.574
804.574
804.574
804.574
804.574
804.574
804.574
804.574
804.574
804.574
804.574
804.574
804.574
804.574
804.574
804.574
804.574
804.574
804.574
804.574
804.574
804.574
804.574
804.574
804.574
804.574
804.574
804.574
804.574
804.574
804.574
804.574
804.574
804.574
804.574
804.574
804.574
804.574
804.574
804.574
804.574
804.574
804.574
804.574
804.574
804.574
804.574
804.574
804.574
804.574
804.574
804.574
804.574
804.574
804.574
804.574
804.574
804.994
804.994
804.994
804.994
804.994
804.994
804.994
804.994
804.994
804.994
804.994
804.994
804.994
804.994
804.994
804.994
804.994
804.994
804.994
804.994
804.994
804.994
805.065
805.065
805.065
805.065
805.065
805.065
805.065
805.065
805.065
805.065
805.065
805.065
805.065
805.065
805.065
805.065
805.065
805.065
805.065
805.065
805.065
805.065
805.065
805.065
805.065
805.065
805.065
805.065
805.065
805.065
805.065
805.065
805.065
805.065
805.065
805.065
805.065
805.065
805.065
808.096
808.096
808.096
808.096
808.096
808.096
808.096
808.096
808.096
808.096
808.096
808.096
808.096
808.096
808.096
808.096
808.096
808.096
808.096
808.096
808.096
808.096
808.096
808.096
808.096
808.096
808.096
808.096
808.096
808.096
808.096
808.096
808.096
808.096
808.096
808.096
808.096
808.096
808.096
808.096
808.096
808.096
808.096
808.096
808.096
808.096
808.096
808.096
808.096
808.096
808.096
808.096
808.096
808.096
808.096
808.096
808.096
808.096
808.096
808.096
808.096
808.096
808.096
808.096
808.096
808.096
808.096
808.096
808.096
808.096
808.096
808.096
808.096
808.096
808.096
808.096
808.096
808.096
808.096
808.096
808.096
808.096
808.096
808.096
808.096
808.096
808.096
808.096
808.096
808.096
808.096
808.096
808.096
808.096
808.096
808.096
808.096
808.096
808.096
808.096
808.25
808.25
808.25
808.25
808.25
808.25
808.25
808.25
808.25
808.25
808.25
808.25
808.25
808.25
808.25
808.25
808.25
808.25
808.25
808.25
808.25
808.25
808.25
808.25
808.25
808.25
808.25
808.25
808.25
808.25
808.25
808.25
808.25
808.25
808.25
808.25
808.25
808.25
808.25
808.25
808.25
808.25
808.25
808.25
808.25
808.25
808.25
808.25
808.25
808.25
808.25
808.25
808.25
808.25
808.25
808.25
808.25
808.25
808.25
808.25
808.25
808.25
808.25
808.25
808.25
808.25
808.25
808.25
808.25
808.25
808.25
808.25
808.25
808.25
808.25
808.25
808.25
808.25
808.25
808.25
808.25
808.25
808.25
808.25
808.25
808.25
808.25
808.25
808.25
808.25
808.25
808.25
808.25
808.25
808.25
808.25
808.25
808.25
808.25
808.25
808.25
808.25
808.25
808.25
808.25
808.25
808.25
808.25
808.25
808.25
808.25
808.25
808.25
808.25
808.25
808.25
808.25
808.25
808.25
808.25
808.25
808.25
808.25
808.25
808.25
808.25
808.25
808.25
808.25
808.25
808.25
808.25
808.25
808.25
808.25
808.25
808.25
808.25
808.25
808.25
808.25
808.25
808.25
808.25
808.25
808.25
808.25
808.25
808.25
808.25
808.25
808.25
808.25
808.25
808.25
808.25
808.25
808.25
808.25
808.25
808.25
808.25
808.25
808.25
808.25
808.25
808.25
808.25
808.25
808.25
808.25
808.25
808.25
808.25
808.25
808.25
808.25
808.25
808.25
808.25
808.25
808.25
808.25
808.25
808.25
808.25
808.25
808.25
808.25
808.25
808.25
808.25
808.25
808.25
808.25
808.25
808.25
808.25
808.25
808.25
808.25
808.25
808.25
808.25
808.25
808.25
808.25
808.25
808.25
808.25
808.25
808.25
808.25
808.25
808.25
808.25
808.25
808.25
808.25
808.25
808.25
808.25
808.25
808.25
808.25
808.25
808.25
808.25
808.25
808.25
808.25
808.25
808.639
808.639
808.639
808.639
808.639
808.639
808.639
808.639
808.639
808.639
808.639
808.639
808.639
808.639
808.639
808.639
808.639
808.639
808.639
808.639
808.639
808.639
808.639
808.639
808.639
808.639
808.639
808.639
808.639
808.639
808.639
808.639
808.639
808.639
808.639
808.639
808.639
808.639
808.639
808.639
808.639
808.639
808.639
808.639
808.639
808.639
808.639
808.639
808.639
808.639
808.639
808.639
808.639
808.639
808.639
808.639
808.639
808.639
808.639
808.639
808.639
808.639
808.639
808.639
808.639
808.639
808.639
808.639
808.639
808.639
808.639
808.639
808.639
808.639
808.639
808.639
808.639
808.639
808.639
808.639
808.639
808.639
808.639
808.639
808.639
808.639
808.639
808.639
808.639
808.639
808.639
808.639
808.639
808.639
808.639
808.639
808.639
808.639
808.639
808.639
808.639
808.639
808.639
808.639
808.639
808.639
808.639
808.639
808.639
808.639
808.639
808.639
808.639
808.639
808.639
808.639
808.639
808.639
808.639
808.639
808.639
808.639
808.639
808.639
808.639
808.639
808.639
808.639
808.639
808.639
808.639
808.639
808.639
808.639
808.639
808.639
808.639
808.639
808.639
808.639
808.639
808.639
808.639
808.639
808.639
808.639
808.639
808.639
808.639
808.639
808.639
808.639
808.639
808.639
808.639
808.639
808.639
808.639
808.639
808.639
808.639
808.639
808.639
808.639
808.639
809.445
809.445
809.445
809.445
809.445
809.445
809.445
809.445
809.445
809.445
809.445
809.445
809.445
809.445
809.445
809.445
809.445
809.445
809.445
809.445
809.445
809.445
809.445
809.445
809.445
809.445
809.445
809.445
809.516
809.516
809.516
809.516
809.516
809.516
809.516
809.516
809.516
809.516
809.516
809.516
809.516
809.516
809.516
809.516
809.516
809.516
809.516
809.516
809.516
809.516
809.516
809.516
809.516
809.516
809.516
809.516
809.516
809.516
809.516
809.516
809.516
809.516
809.516
809.516
809.516
809.516
809.516
809.516
809.516
809.516
809.516
809.516
809.516
809.516
809.516
809.516
809.516
809.516
809.516
809.516
809.516
809.516
809.516
809.516
809.516
809.516
809.516
809.516
809.516
809.516
809.516
809.516
809.516
809.516
809.516
809.516
809.516
809.516
809.516
809.516
809.516
809.516
809.516
809.516
809.516
809.516
809.516
809.516
809.516
809.516
809.516
809.516
809.516
809.516
809.516
809.516
809.516
809.516
809.516
809.516
809.516
809.516
809.516
809.516
809.516
809.516
809.516
809.516
809.516
809.516
809.516
809.516
809.516
809.516
809.516
809.516
809.516
809.516
809.516
809.516
809.516
809.516
809.516
809.516
809.516
809.516
809.516
809.516
809.516
809.516
809.516
809.516
809.516
809.516
809.516
809.516
809.516
809.516
809.516
809.516
809.516
809.516
809.516
809.516
809.516
809.516
809.516
809.516
809.516
809.516
809.516
809.516
809.516
809.516
809.516
809.516
809.516
809.516
809.516
809.516
809.516
809.516
809.516
809.516
809.516
809.516
809.516
809.516
809.516
809.516
809.516
809.516
809.516
809.516
809.516
809.516
809.516
809.516
809.516
809.516
809.516
809.516
809.516
809.516
809.516
809.516
809.516
809.516
809.516
809.516
809.516
809.516
809.516
809.516
809.516
809.516
809.516
809.516
809.516
809.516
809.516
809.516
809.516
809.516
809.516
809.516
809.516
809.516
