13.3134 64 58.9313
12.0706 65 59.7071
13.9332 65 59.8933
11.5729 66 60.5573
11.4027 70 64.1403
11.5697 70 64.157
11.3706 72 65.9371
11.3963 73 66.8396
11.3642 75 68.6364
11.3706 78 71.3371
11.3192 80 73.1319
11.2903 81 74.029
11.2293 83 75.8229
11.332 83 75.8332
11.2293 84 76.7229
11.2903 84 76.729
11.0623 86 78.5062
11.1683 86 78.5168
11.2293 86 78.5229
11.0687 87 79.4069
11.2293 87 79.4229
11.0013 88 80.3001
11.2357 88 80.3236
11.0013 89 81.2001
11.1362 89 81.2136
10.9403 91 82.994
10.9082 94 85.6908
11.1458 97 88.4146
10.8728 115 104.587
10.8182 133 120.782
12.4721 112 102.047
12.4014 97 88.5401
12.7001 92 84.07
13.14 84 76.914
12.9666 103 93.9967
13.0983 117 106.61
12.2858 119 108.329
12.1252 91 83.1125
13.5575 81 74.2558
12.6583 97 88.5658
13.5896 78 71.559
13.9171 93 85.0917
11.4123 122 110.941
13.2813 88 80.5281
11.8908 97 88.4891
13.1015 93 85.0101
11.499 96 87.5499
13.14 95 86.814
12.4335 104 94.8434
12.5845 91 83.1584
12.5973 95 86.7597
12.8799 107 97.588
12.6294 102 93.0629
11.1329 123 111.813
14.4695 80 73.447
13.3552 109 99.4355
12.2633 112 102.026
13.2492 132 120.125
12.684 101 92.1684
12.1766 105 95.7177
