12.623 63 37.8115
11.5151 66 38.7575
11.377 67 39.1885
11.4059 69 40.203
11.4059 69 40.203
11.2935 71 41.1468
11.3417 72 41.6708
11.4509 77 44.2254
11.2229 97 54.1114
11.3096 95 53.1548
10.9949 102 56.4974
11.3899 96 53.6949
11.1683 125 68.0841
11.3417 72 41.6708
12.3661 68 40.183
11.0559 90 50.5279
11.6243 79 45.3121
11.4766 80 45.7383
11.4059 69 40.203
11.2229 97 54.1114
11.1875 95 53.0938
11.4701 77 44.2351
12.623 63 37.8115
11.4059 69 40.203
12.0289 70 41.0145
11.5151 66 38.7575
10.9949 102 56.4974
11.4701 77 44.2351
12.0289 70 41.0145
11.4059 69 40.203
11.2935 71 41.1468
11.3417 72 41.6708
11.2229 97 54.1114
12.623 63 37.8115
11.2229 103 57.1114
11.3674 72 41.6837
11.4059 69 40.203
12.0289 70 41.0145
11.3417 72 41.6708
12.8671 68 40.4335
12.623 63 37.8115
11.377 67 39.1885
11.4059 69 40.203
11.2229 103 57.1114
11.2229 100 55.6114
11.2004 102 56.6002
11.4059 69 40.203
11.4059 69 40.203
12.3661 68 40.183
11.2229 97 54.1114
12.8671 68 40.4335
11.3417 72 41.6708
11.377 67 39.1885
12.623 63 37.8115
11.3096 95 53.1548
11.2229 103 57.1114
11.4059 69 40.203
11.4059 69 40.203
11.2935 71 41.1468
11.3096 95 53.1548
10.9403 128 69.4701
11.3642 91 51.1821
11.377 67 39.1885
11.4701 77 44.2351
11.2646 102 56.6323
11.377 67 39.1885
12.623 63 37.8115
11.377 67 39.1885
11.4701 77 44.2351
11.3096 95 53.1548
11.4059 69 40.203
11.2229 97 54.1114
11.4316 105 58.2158
11.4316 105 58.2158
11.4701 77 44.2351
11.3642 91 51.1821
11.2036 97 54.1018
11.0559 125 68.0279
11.377 67 39.1885
11.377 67 39.1885
10.9949 102 56.4974
11.377 67 39.1885
11.2229 97 54.1114
11.5151 66 38.7575
11.4059 69 40.203
11.2935 71 41.1468
11.3385 95 53.1692
11.2229 94 52.6114
11.2229 106 58.6114
11.3674 72 41.6837
11.5055 70 40.7527
11.5857 103 57.2929
11.377 67 39.1885
11.1426 105 58.0713
11.1683 85 48.0841
11.377 67 39.1885
12.8671 68 40.4335
11.2229 94 52.6114
12.3661 68 40.183
11.3642 91 51.1821
11.3674 72 41.6837
11.3899 96 53.6949
11.3417 72 41.6708
11.2935 71 41.1468
11.3642 91 51.1821
11.5151 66 38.7575
11.377 67 39.1885
11.5055 70 40.7527
11.377 67 39.1885
11.4766 80 45.7383
11.2229 100 55.6114
10.9949 128 69.4974
11.7238 103 57.3619
11.4701 77 44.2351
11.4059 69 40.203
11.4059 69 40.203
11.4316 105 58.2158
11.4059 69 40.203
11.5151 66 38.7575
11.1843 102 56.5922
11.1843 105 58.0922
11.3417 72 41.6708
11.4027 103 57.2013
11.5151 66 38.7575
11.2935 71 41.1468
12.0289 70 41.0145
11.4059 69 40.203
11.4701 77 44.2351
11.377 67 39.1885
11.4926 105 58.2463
11.4059 69 40.203
11.2229 94 52.6114
11.3642 91 51.1821
11.9807 117 64.4904
12.8671 68 40.4335
11.0848 80 45.5424
12.8671 68 40.4335
11.3674 72 41.6837
11.5151 66 38.7575
11.2935 71 41.1468
12.623 63 37.8115
11.3385 95 53.1692
11.4059 69 40.203
11.2839 118 64.6419
11.2935 71 41.1468
11.4509 77 44.2254
11.377 67 39.1885
11.2935 71 41.1468
12.8671 68 40.4335
11.2935 71 41.1468
