11.5151 66 38.7575
11.483 68 39.7415
12.3661 68 40.183
11.4059 69 40.203
11.2935 71 41.1468
11.3417 72 41.6708
11.3674 72 41.6837
11.255 74 42.6275
11.194 78 44.597
11.0848 80 45.5424
11.3449 90 50.6724
11.3513 90 50.6757
11.0462 94 52.5231
11.1618 103 57.0809
11.0398 110 60.5199
11.0206 121 66.0103
11.0013 127 69.0006
13.2653 105 59.1326
12.9634 98 55.4817
12.6615 101 56.8308
11.8972 109 60.4486
12.2954 96 54.1477
13.1047 97 55.0523
12.5588 108 60.2794
13.3809 108 60.6904
14.0199 85 49.51
13.4611 84 48.7306
12.9184 128 70.4592
13.3198 109 61.1599
13.6153 94 53.8076
14.2126 129 71.6063
13.2396 102 57.6198
14.1098 81 47.5549
12.2152 83 47.6076
13.8337 102 57.9168
14.1419 95 54.571
13.8882 80 46.9441
13.5703 97 55.2852
13.5543 101 57.2771
13.5157 102 57.7579
11.6949 105 58.3475
14.0841 90 52.0421
13.262 85 49.131
12.5491 106 59.2746
12.6134 94 53.3067
13.2042 91 52.1021
12.2697 103 57.6349
