11.5151 66 38.7575
7, 15
13, 14
4, 5
1, 2, 3, 6, 8, 10, 11
13, 11, 12
9, 15, 6, 4
11.483 68 39.7415
7, 15, 8
13, 14
4, 5
1, 2, 3, 6, 8, 10, 11
13, 11, 12
9, 15, 6, 4
11.4059 69 40.203
3, 2
12, 11, 10
14, 13, 11
7, 15, 8, 6, 3, 2, 1
9, 15
5, 4, 6, 8, 10
11.2935 71 41.1468
3, 2
12, 11, 10
14, 13, 11
7, 15, 8, 6, 3, 2, 1
9, 15, 7
5, 4, 6, 8, 10
11.255 74 42.6275
3, 2, 4
12, 11, 10
14, 13, 11
7, 15, 8, 6, 3, 2, 1
9, 15, 7
5, 4, 6, 8, 10
11.194 78 44.597
3, 2
12, 11, 10
14, 13, 11
7, 15, 8, 6, 3, 2, 1
9, 15, 7, 10
5, 4, 6, 8, 10
11.0398 110 60.5199
5, 4, 6, 8, 10, 11
7, 15, 9
14, 10
7, 10, 13
1, 2, 3, 6, 8, 10
13, 11, 12, 4, 5
11.0848 80 45.5424
5, 4, 6, 8, 10, 11
7, 15, 9
13, 14
7, 10
1, 2, 3, 6, 8, 10
13, 11, 12
11.0462 94 52.5231
5, 4, 6, 8, 10, 11
7, 15, 9
13, 14
7, 10
1, 2, 3, 6, 8, 10
13, 11, 12, 4, 5
