12.623 63 37.8115
11.5151 66 38.7575
11.377 67 39.1885
11.4059 69 40.203
11.2935 71 41.1468
11.3417 72 41.6708
11.255 74 42.6275
11.194 78 44.597
11.0848 80 45.5424
11.1683 85 48.0841
11.0559 90 50.5279
11.0462 94 52.5231
11.2229 94 52.6114
11.1875 95 53.0938
11.2036 97 54.1018
11.2229 97 54.1114
11.2229 100 55.6114
10.9949 102 56.4974
11.1843 102 56.5922
11.2004 102 56.6002
10.9724 105 57.9862
11.1426 105 58.0713
11.1843 105 58.0922
10.9563 110 60.4782
10.9178 115 62.9589
11.0559 125 68.0279
11.1683 125 68.0841
10.9403 128 69.4701
10.9949 128 69.4974
10.9017 160 85.4509
12.8863 106 59.4432
12.6166 114 63.3083
12.4399 86 49.22
12.4496 87 49.7248
11.7977 119 65.3988
14.2993 93 53.6496
12.7868 108 60.3934
12.8092 97 54.9046
13.2845 101 57.1423
13.1689 85 49.0845
13.6795 120 66.8398
11.5825 114 62.7913
11.9422 106 58.9711
13.3295 109 61.1647
13.1272 145 79.0636
11.8459 105 58.4229
11.5536 108 59.7768
13.2396 107 60.1198
12.1413 80 46.0706
12.973 109 60.9865
13.0373 108 60.5186
13.2203 111 62.1101
12.0417 102 57.0209
13.2845 132 72.6423
11.9775 133 72.4888
11.894 111 61.447
12.3661 107 59.683
12.7097 102 57.3549
12.851 129 70.9255
13.079 114 63.5395
