11.361 76 24.2888
9, 15, 7, 10, 14
5, 4, 2
1, 2, 3, 6, 8, 10
14, 13
10, 11, 12
6, 4
11.2229 78 24.5783
9, 15, 7, 10, 14
5, 4
1, 2, 3, 6, 8, 10, 11
14, 13
10, 11, 12
6, 4
11.3674 73 23.6939
9, 15, 7, 10, 14
5, 4
1, 2, 3, 6, 8, 10
14, 13
10, 11, 12
6, 4
12.1927 65 22.7541
12, 4
3, 2, 1
3, 6, 8, 10, 11, 13, 14
5, 4, 6
7, 15
9, 15, 8
11.9004 70 23.5204
15, 9
12, 4, 5, 2
10, 14, 13
13, 11
1, 2, 3, 6, 8, 10
8, 15, 7
11.8972 72 23.9178
15, 9
12, 4, 5, 2
14, 13, 10
13, 11
1, 2, 3, 6, 8, 10
8, 15, 7
11.2004 82 25.3603
5, 4
1, 2, 3, 6, 8, 10, 11
9, 15
2, 3, 6, 15, 7
11, 13, 14
4, 12, 11, 10
11.3449 77 24.4759
5, 4
1, 2, 3, 6, 8, 10
9, 15
2, 3, 6, 15, 7
11, 13, 14
4, 12, 11, 10
11.0527 89 26.6421
14, 10
13, 11, 12
10, 8, 6, 4, 5
11, 10, 7, 15, 9
10, 8, 6, 3, 2, 1
2, 4
