13.0886 64 38.5443
11.5151 66 38.7575
11.483 68 39.7415
11.4059 69 40.203
11.4059 69 40.203
11.4059 69 40.203
12.3661 68 40.183
11.3417 72 41.6708
11.499 75 43.2495
11.2036 97 54.1018
11.3192 102 56.6596
11.5151 66 38.7575
12.1541 91 51.5771
11.6371 90 50.8186
11.6339 75 43.317
11.5151 66 38.7575
11.4059 69 40.203
11.4541 90 50.727
11.3417 72 41.6708
11.3577 88 49.6789
11.0848 80 45.5424
11.5055 70 40.7527
11.5151 66 38.7575
13.0886 64 38.5443
11.5151 66 38.7575
11.4766 80 45.7383
11.6371 90 50.8186
11.316 89 50.158
11.3417 72 41.6708
11.3417 72 41.6708
11.5151 66 38.7575
11.3674 72 41.6837
11.7303 100 55.8651
11.4059 69 40.203
11.4701 77 44.2351
11.4059 69 40.203
11.5151 66 38.7575
11.4059 69 40.203
11.3417 72 41.6708
11.4059 69 40.203
11.4059 69 40.203
11.316 89 50.158
11.5151 66 38.7575
11.483 68 39.7415
11.2036 97 54.1018
11.5055 70 40.7527
11.5151 66 38.7575
13.0886 64 38.5443
11.6339 75 43.317
11.483 87 49.2415
11.483 87 49.2415
11.4059 69 40.203
11.5055 70 40.7527
11.3577 88 49.6789
11.4059 69 40.203
12.3661 68 40.183
11.2935 71 41.1468
11.4059 69 40.203
11.4059 69 40.203
11.4059 69 40.203
11.6243 79 45.3121
11.4059 69 40.203
11.4059 69 40.203
11.6243 79 45.3121
11.499 75 43.2495
11.5151 66 38.7575
13.0886 64 38.5443
11.5055 70 40.7527
11.4059 69 40.203
11.4059 69 40.203
11.2036 97 54.1018
11.3417 72 41.6708
11.4059 69 40.203
13.0886 64 38.5443
11.6243 79 45.3121
13.0886 64 38.5443
11.4701 77 44.2351
11.4701 77 44.2351
11.3096 95 53.1548
11.4059 69 40.203
12.0289 70 41.0145
11.3417 72 41.6708
11.0848 80 45.5424
13.0886 64 38.5443
11.4059 69 40.203
11.3642 91 51.1821
11.5055 70 40.7527
11.7752 90 50.8876
11.4541 90 50.727
13.0886 64 38.5443
13.0886 64 38.5443
11.5055 70 40.7527
11.4059 69 40.203
11.3417 72 41.6708
11.4059 69 40.203
11.2036 97 54.1018
12.0289 70 41.0145
11.4059 69 40.203
11.2935 71 41.1468
13.0886 64 38.5443
11.3417 72 41.6708
11.4059 69 40.203
11.4059 69 40.203
11.3642 91 51.1821
11.5151 66 38.7575
13.0886 64 38.5443
11.6339 75 43.317
11.4541 90 50.727
11.3417 72 41.6708
12.3661 68 40.183
11.5151 66 38.7575
11.5151 66 38.7575
11.5151 66 38.7575
11.5055 70 40.7527
11.5151 66 38.7575
11.2935 71 41.1468
11.4059 69 40.203
11.5055 70 40.7527
11.4059 69 40.203
11.4059 69 40.203
11.4059 69 40.203
11.5151 66 38.7575
11.5151 66 38.7575
11.499 75 43.2495
11.3417 72 41.6708
11.4059 69 40.203
12.3661 68 40.183
11.5151 66 38.7575
11.4059 69 40.203
11.7752 90 50.8876
13.0886 64 38.5443
11.5151 66 38.7575
11.4059 69 40.203
12.3661 68 40.183
13.0886 64 38.5443
11.4059 69 40.203
12.3661 68 40.183
11.4701 77 44.2351
11.4059 69 40.203
11.4059 69 40.203
11.4059 69 40.203
11.4059 69 40.203
12.0289 70 41.0145
11.4059 69 40.203
11.4798 97 54.2399
11.2935 71 41.1468
11.3417 72 41.6708
11.4059 69 40.203
11.4059 69 40.203
11.3642 91 51.1821
