680.168
684.477
684.548
689.397
700.547
701.15
702.123
708.183
708.19
717.278
717.804
724.885
726.349
726.349
726.349
726.349
726.349
726.349
741.333
741.333
741.333
741.333
741.333
741.333
741.333
741.333
741.333
744.057
744.057
744.057
744.057
744.057
744.057
744.057
744.057
744.057
744.057
744.057
744.057
744.057
744.057
744.057
744.057
759.853
759.853
760.396
760.396
760.396
760.396
760.396
760.396
760.396
760.396
760.396
760.396
760.396
760.396
760.396
760.396
760.396
760.617
760.617
760.617
760.617
760.617
760.617
760.617
760.617
760.617
760.617
760.617
760.617
760.617
760.617
760.617
760.617
760.617
760.617
760.617
760.617
760.784
760.784
760.784
760.784
760.784
760.784
760.784
760.784
760.784
760.784
760.784
760.784
760.784
760.784
760.784
760.784
760.784
760.784
760.784
760.784
760.784
760.784
760.784
760.784
760.784
760.784
768.645
768.645
769.635
772.037
772.037
772.409
772.409
772.409
772.409
772.409
772.409
772.409
772.409
772.409
772.409
772.409
772.409
772.409
772.409
772.409
772.409
772.409
772.409
805.357
807.573
807.573
810.091
810.495
810.495
810.495
810.63
810.63
810.63
810.726
810.726
810.726
810.726
810.794
811.057
811.057
811.057
811.057
811.057
811.057
811.057
811.057
811.057
811.057
811.057
811.057
811.057
811.057
811.057
811.057
811.057
811.057
811.057
811.314
811.314
811.314
811.314
811.314
811.314
811.314
811.314
811.314
811.314
811.314
811.314
811.314
811.314
811.381
811.381
811.381
811.381
811.381
811.381
811.381
811.381
811.381
811.381
811.381
811.381
811.381
811.381
811.381
811.381
811.381
811.381
811.381
811.381
811.381
811.381
811.381
811.381
811.381
811.381
811.381
811.381
811.381
811.381
811.381
811.381
811.381
811.381
811.381
811.381
811.381
811.381
811.381
811.381
811.381
811.381
811.381
811.381
811.381
811.381
811.381
811.381
811.381
811.381
811.381
811.381
811.381
811.381
811.381
811.381
811.381
811.381
811.381
811.381
811.381
811.381
811.381
811.381
811.381
811.381
811.381
811.381
811.381
811.381
811.381
811.381
811.381
811.381
811.381
811.381
811.381
811.381
811.381
811.381
811.381
811.381
811.924
811.924
811.924
811.924
811.924
811.924
811.924
811.924
811.924
811.924
811.924
811.924
811.924
811.924
811.924
811.924
811.924
811.924
811.924
811.924
811.924
811.924
811.924
811.924
811.924
811.924
811.924
811.924
811.924
811.924
811.924
811.924
811.924
811.924
811.924
811.924
811.924
811.924
811.924
811.924
811.924
812.136
812.136
812.136
812.136
812.136
812.136
812.136
812.136
812.136
812.136
812.136
812.136
812.136
812.136
812.136
812.136
812.136
812.136
812.136
812.136
812.136
812.136
812.136
812.136
812.136
812.136
812.136
812.136
812.136
812.136
812.136
812.136
812.136
812.136
812.136
812.136
812.136
812.136
812.136
812.136
812.136
812.136
812.136
812.136
812.136
813.607
813.761
813.896
813.896
813.896
813.896
813.896
813.896
813.896
813.896
813.896
813.896
813.896
813.896
813.896
813.896
813.896
813.896
813.896
813.896
813.896
813.896
813.896
813.896
813.896
813.896
813.896
813.896
813.896
813.896
813.896
813.896
813.896
813.896
813.896
813.896
813.896
813.896
813.896
813.896
813.896
813.896
813.896
813.896
814.724
814.724
814.724
814.724
814.724
814.724
814.724
814.724
814.766
814.766
814.766
814.766
814.766
814.766
814.766
814.766
814.766
814.766
814.766
814.766
814.766
814.766
814.766
814.766
814.766
814.766
814.766
814.766
814.766
814.766
814.766
814.766
814.766
814.766
814.766
814.766
814.766
814.766
814.766
814.766
814.766
814.766
814.766
814.766
814.766
814.766
814.766
814.766
814.766
814.766
814.766
814.766
814.766
814.766
814.766
814.766
814.766
814.766
814.766
814.766
814.766
814.766
814.766
814.766
814.766
814.766
814.891
814.891
814.891
814.891
814.891
814.891
814.891
814.891
814.891
814.891
814.891
814.891
814.891
814.891
814.891
814.891
814.891
814.891
814.891
814.891
814.891
814.891
814.891
814.891
814.891
814.891
814.891
814.891
814.891
814.891
814.891
814.891
814.891
814.891
814.891
814.891
814.891
814.891
814.891
814.891
814.891
814.891
814.891
814.891
814.891
814.891
814.891
814.891
814.891
814.891
814.891
814.891
814.891
814.891
814.891
814.891
814.891
814.891
814.891
814.891
814.891
814.891
814.891
814.891
814.891
814.891
814.891
814.891
814.891
814.891
814.891
814.891
814.891
814.891
814.891
814.891
814.891
814.891
814.891
814.891
814.891
814.891
814.891
814.891
814.891
814.891
814.891
814.891
814.891
814.891
814.891
814.891
814.891
814.891
814.891
814.891
814.891
814.891
814.891
814.891
814.891
814.891
814.891
814.891
814.891
814.891
814.891
814.891
814.891
814.891
814.891
814.891
814.891
814.891
814.891
814.891
814.891
814.891
814.891
814.891
814.891
814.891
814.891
814.891
814.891
814.891
814.891
814.891
814.891
814.891
814.891
814.891
814.891
814.891
814.891
814.891
814.891
814.891
814.891
814.891
814.891
814.891
814.891
814.891
814.891
814.891
814.891
814.891
814.891
814.891
814.891
814.891
814.891
814.891
814.891
814.891
814.891
814.891
814.891
814.891
814.891
814.891
814.891
814.891
814.891
814.891
814.891
814.891
814.891
814.891
814.891
814.891
814.891
814.891
814.891
814.891
814.891
814.891
814.891
814.891
814.891
814.891
814.891
814.891
814.891
814.891
814.891
814.891
814.891
814.891
814.891
814.891
814.891
814.891
814.891
814.891
814.891
814.891
814.891
814.891
814.891
814.891
814.891
814.891
814.891
814.891
814.891
814.891
814.891
814.891
814.891
814.891
814.891
814.891
814.891
814.891
814.891
814.891
814.891
814.891
814.891
814.891
814.891
814.891
814.891
814.891
814.891
814.891
814.891
814.891
814.891
814.891
814.891
814.891
814.891
814.891
814.891
814.891
814.891
814.891
814.891
814.891
814.891
814.891
814.891
814.891
814.891
814.891
814.891
814.891
814.891
814.891
814.891
814.891
814.891
814.891
814.891
814.891
814.891
814.891
814.891
814.891
814.891
814.891
814.891
814.891
814.891
814.891
814.891
814.891
814.891
814.891
814.891
814.891
814.891
814.891
814.891
814.891
814.891
814.891
814.891
814.891
814.891
814.891
814.891
814.891
814.891
814.891
814.891
814.891
814.891
814.891
814.891
814.891
814.891
814.891
814.891
814.891
814.891
814.891
814.891
814.891
814.891
814.891
814.891
814.891
814.891
814.891
814.891
814.891
814.891
814.891
814.891
814.891
814.891
814.891
814.891
814.891
814.891
814.891
814.891
814.891
814.891
814.891
814.891
814.891
814.891
814.891
814.891
814.891
814.891
814.891
814.891
814.891
814.891
814.891
814.891
814.891
814.891
814.891
814.891
814.891
814.891
814.891
814.891
814.891
814.891
814.891
814.891
814.891
814.891
814.891
814.891
814.891
814.891
814.891
814.891
814.891
814.891
814.891
814.891
814.891
814.891
814.891
814.891
814.891
814.891
814.891
814.891
814.891
814.891
814.891
814.891
814.891
814.891
814.891
814.891
814.891
814.891
814.891
814.891
814.891
814.891
818.414
818.893
819.506
819.506
819.506
819.506
819.506
820.405
820.405
820.405
820.405
820.405
820.405
820.405
820.405
820.405
820.405
820.405
820.405
820.405
820.405
820.405
820.405
820.405
820.405
820.405
820.405
820.405
820.405
820.405
820.405
820.405
820.405
820.405
820.405
820.405
820.405
820.405
820.405
820.405
820.405
820.405
820.405
820.405
820.405
820.405
820.405
820.405
820.405
820.405
820.405
820.405
820.405
820.405
820.405
820.405
820.405
820.405
820.405
820.405
820.405
820.405
820.405
820.405
820.405
820.405
820.405
820.405
820.405
820.405
820.405
820.405
820.405
820.405
820.405
820.405
820.405
820.405
820.405
820.405
820.405
820.405
820.405
820.405
820.405
820.405
820.405
820.405
820.405
820.405
820.405
820.405
820.405
820.405
820.405
820.405
820.405
820.405
820.405
820.405
820.405
820.405
820.405
820.405
820.405
820.405
820.405
820.405
820.405
820.405
820.405
820.405
820.405
820.405
820.405
820.405
820.405
820.405
820.405
820.405
820.405
820.405
820.405
820.405
820.405
820.405
820.405
820.405
820.405
820.405
820.405
820.405
820.405
820.405
820.97
820.97
820.97
820.97
820.97
820.97
820.97
820.97
820.97
820.97
820.97
820.97
820.97
820.97
820.97
820.97
820.97
820.97
820.97
820.97
820.97
820.97
820.97
820.97
820.97
820.97
820.97
820.97
820.97
820.97
820.97
820.97
820.97
820.97
820.97
820.97
820.97
820.97
820.97
820.97
820.97
820.97
820.97
820.97
820.97
820.97
820.97
820.97
820.97
820.97
820.97
820.97
820.97
820.97
820.97
820.97
820.97
820.97
820.97
820.97
820.97
820.97
820.97
820.97
820.97
820.97
820.97
820.97
820.97
820.97
820.97
820.97
820.97
820.97
820.97
820.97
820.97
820.97
820.97
820.97
820.97
820.97
820.97
820.97
820.97
820.97
820.97
820.97
820.97
820.97
820.97
820.97
820.97
820.97
820.97
820.97
820.97
820.97
820.97
820.97
820.97
820.97
820.97
820.97
820.97
820.97
820.97
820.97
820.97
820.97
820.97
820.97
820.97
820.97
820.97
820.97
820.97
820.97
820.97
820.97
820.97
820.97
820.97
820.97
820.97
820.97
820.97
820.97
820.97
820.97
820.97
820.97
820.97
820.97
820.97
820.97
820.97
820.97
820.97
820.97
820.97
820.97
820.97
820.97
820.97
820.97
820.97
820.97
820.97
820.97
820.97
820.97
820.97
820.97
820.97
820.97
820.97
820.97
820.97
820.97
820.97
820.97
820.97
820.97
820.97
820.97
820.97
820.97
820.97
820.97
820.97
820.97
820.97
820.97
820.97
820.97
820.97
820.97
820.97
820.97
820.97
820.97
820.97
820.97
820.97
820.97
820.97
820.97
820.97
820.97
820.97
820.97
820.97
820.97
820.97
820.97
820.97
820.97
820.97
820.97
820.97
820.97
820.97
820.97
820.97
820.97
820.97
820.97
820.97
820.97
820.97
820.97
820.97
820.97
820.97
820.97
820.97
820.97
820.97
820.97
820.97
820.97
820.97
820.97
820.97
820.97
820.97
820.97
820.97
820.97
820.97
820.97
820.97
820.97
820.97
820.97
820.97
820.97
820.97
820.97
820.97
820.97
820.97
820.97
820.97
820.97
820.97
820.97
820.97
820.97
820.97
820.97
820.97
820.97
820.97
820.97
820.97
820.97
820.97
820.97
820.97
820.97
820.97
820.97
820.97
820.97
820.97
820.97
820.97
820.97
820.97
820.97
820.97
820.97
820.97
820.97
820.97
820.97
820.97
820.97
820.97
820.97
820.97
820.97
820.97
820.97
820.97
820.97
820.97
820.97
820.97
820.97
820.97
820.97
820.97
820.97
820.97
820.97
820.97
820.97
820.97
820.97
820.97
820.97
820.97
820.97
820.97
820.97
820.97
820.97
820.97
820.97
820.97
820.97
820.97
820.97
820.97
820.97
820.97
820.97
820.97
820.97
820.97
820.97
820.97
820.97
820.97
820.97
820.97
820.97
820.97
820.97
820.97
820.97
820.97
820.97
820.97
820.97
820.97
820.97
820.97
820.97
820.97
820.97
820.97
820.97
820.97
820.97
820.97
820.97
820.97
820.97
820.97
820.97
820.97
820.97
820.97
820.97
820.97
820.97
820.97
820.97
820.97
820.97
820.97
820.97
820.97
820.97
820.97
820.97
820.97
820.97
820.97
820.97
820.97
820.97
820.97
820.97
820.97
820.97
820.97
820.97
820.97
820.97
820.97
820.97
820.97
820.97
820.97
820.97
820.97
820.97
820.97
820.97
820.97
820.97
820.97
820.97
820.97
820.97
820.97
820.97
820.97
820.97
820.97
820.97
820.97
820.97
820.97
820.97
820.97
820.97
820.97
820.97
820.97
820.97
820.97
820.97
820.97
820.97
820.97
820.97
820.97
820.97
820.97
820.97
820.97
820.97
820.97
820.97
820.97
820.97
820.97
820.97
820.97
820.97
820.97
820.97
820.97
820.97
820.97
820.97
820.97
820.97
820.97
820.97
820.97
820.97
820.97
820.97
820.97
820.97
820.97
820.97
820.97
820.97
820.97
820.97
820.97
820.97
820.97
820.97
820.97
820.97
820.97
820.97
820.97
820.97
820.97
820.97
820.97
820.97
820.97
820.97
820.97
820.97
820.97
820.97
820.97
820.97
820.97
820.97
820.97
820.97
820.97
820.97
820.97
820.97
820.97
820.97
820.97
820.97
820.97
820.97
820.97
820.97
820.97
820.97
820.97
820.97
820.97
820.97
820.97
820.97
820.97
820.97
820.97
820.97
820.97
820.97
820.97
820.97
820.97
820.97
820.97
820.97
820.97
820.97
820.97
820.97
820.97
820.97
820.97
820.97
820.97
820.97
820.97
820.97
820.97
820.97
820.97
820.97
820.97
820.97
820.97
820.97
820.97
820.97
820.97
820.97
820.97
820.97
820.97
820.97
820.97
820.97
820.97
820.97
820.97
820.97
820.97
820.97
820.97
820.97
820.97
820.97
820.97
820.97
820.97
820.97
820.97
820.97
820.97
820.97
820.97
820.97
820.97
820.97
820.97
820.97
820.97
820.97
820.97
820.97
820.97
820.97
820.97
820.97
820.97
820.97
820.97
820.97
820.97
820.97
820.97
820.97
820.97
820.97
820.97
820.97
820.97
820.97
820.97
820.97
820.97
820.97
820.97
820.97
820.97
820.97
820.97
820.97
820.97
820.97
820.97
820.97
820.97
820.97
820.97
820.97
820.97
820.97
820.97
820.97
820.97
820.97
820.97
820.97
820.97
820.97
820.97
820.97
820.97
820.97
820.97
820.97
820.97
820.97
820.97
820.97
820.97
820.97
820.97
820.97
820.97
820.97
820.97
820.97
820.97
820.97
820.97
820.97
820.97
820.97
820.97
820.97
820.97
820.97
820.97
820.97
820.97
820.97
820.97
820.97
820.97
820.97
820.97
820.97
820.97
820.97
820.97
820.97
820.97
820.97
820.97
820.97
820.97
820.97
820.97
820.97
820.97
820.97
820.97
820.97
820.97
820.97
820.97
820.97
820.97
820.97
820.97
820.97
820.97
820.97
820.97
820.97
820.97
820.97
820.97
820.97
820.97
820.97
820.97
820.97
820.97
820.97
820.97
820.97
820.97
820.97
820.97
820.97
820.97
820.97
820.97
820.97
820.97
820.97
820.97
820.97
820.97
820.97
820.97
820.97
820.97
820.97
820.97
820.97
820.97
820.97
820.97
820.97
820.97
820.97
820.97
820.97
820.97
820.97
820.97
820.97
820.97
820.97
820.97
820.97
820.97
820.97
820.97
820.97
820.97
820.97
820.97
820.97
820.97
820.97
820.97
820.97
820.97
820.97
820.97
820.97
820.97
820.97
820.97
820.97
820.97
820.97
820.97
820.97
820.97
820.97
820.97
820.97
820.97
820.97
820.97
820.97
820.97
820.97
820.97
820.97
821.847
821.895
822.46
822.46
822.46
822.46
822.46
822.46
822.46
822.46
822.46
822.46
822.46
822.46
822.46
822.46
822.46
822.46
822.46
822.46
822.46
822.46
822.46
822.46
822.46
822.46
822.46
822.46
822.46
822.46
822.46
822.46
822.46
822.46
822.46
822.46
822.46
822.46
822.46
822.46
822.46
822.46
822.46
822.46
822.46
822.46
822.46
822.46
822.46
822.46
822.46
822.46
822.46
822.46
822.46
822.46
822.46
822.46
822.46
822.46
822.46
822.46
822.46
822.46
822.557
822.557
822.557
822.557
822.557
822.557
822.557
822.557
822.557
822.557
822.557
822.557
822.557
822.557
822.557
822.557
822.557
822.557
822.557
822.557
822.557
822.557
822.557
822.557
822.557
822.557
822.557
822.557
822.557
822.557
822.557
822.557
822.557
822.557
822.557
822.557
822.557
822.557
822.557
822.557
822.557
822.557
822.557
822.557
822.557
822.557
822.557
822.557
822.557
822.557
822.557
822.557
822.557
822.557
822.557
822.557
822.557
822.557
822.557
822.557
822.557
822.557
822.557
822.557
822.557
822.557
822.557
822.557
822.557
822.557
822.557
822.557
822.557
822.557
822.557
822.557
822.557
822.557
822.557
822.557
822.557
822.557
822.557
822.557
822.557
822.557
822.557
822.557
822.557
822.557
822.557
822.557
822.557
822.557
822.557
822.557
822.557
822.557
822.557
822.557
822.557
822.557
822.557
822.557
822.557
822.557
822.557
822.557
822.557
822.557
822.557
822.557
822.557
822.557
822.557
822.557
822.557
822.557
822.557
822.557
822.557
822.557
822.557
822.557
822.557
822.557
822.557
822.557
822.557
822.557
822.557
822.557
822.557
822.557
822.557
822.557
822.557
822.557
822.557
822.557
822.557
822.557
822.557
822.557
822.557
822.557
822.557
822.557
822.557
822.557
822.557
822.557
822.557
822.557
822.557
822.557
822.557
822.557
822.557
822.557
822.557
822.557
822.557
822.557
822.557
822.557
822.557
822.557
822.557
822.557
822.557
822.557
822.557
822.557
822.557
822.557
822.557
822.557
822.557
822.557
822.557
822.557
822.557
822.557
822.557
822.557
822.557
822.557
822.557
822.557
822.557
822.557
822.557
822.557
