11.6789 66 22.5431
12.623 63 22.6984
11.6564 70 23.3251
11.4862 75 24.189
11.316 75 24.0528
11.316 75 24.0528
12.0482 77 25.0385
11.4316 77 24.5453
12.3404 87 27.2723
12.0417 85 26.6334
12.578 87 27.4624
11.5087 92 27.6069
11.8105 85 26.4484
12.0931 98 29.2745
11.4541 96 28.3633
11.2486 98 28.5988
11.2036 114 31.7629
11.7013 116 32.5611
11.4766 96 28.3812
11.0366 95 27.8293
11.4862 75 24.189
12.0482 77 25.0385
11.2389 97 28.3911
12.0417 102 30.0334
11.9807 93 28.1846
11.6564 70 23.3251
12.1124 89 27.4899
12.6005 79 25.8804
12.7964 65 23.2371
11.438 105 30.1504
11.6307 85 26.3046
11.8619 115 32.4895
11.4027 89 26.9222
12.0482 77 25.0385
11.6082 114 32.0866
11.6789 66 22.5431
12.0289 94 28.4231
11.316 75 24.0528
11.4573 85 26.1658
10.9499 110 30.7599
11.6532 94 28.1225
11.316 75 24.0528
12.3693 84 26.6954
12.0289 94 28.4231
12.623 63 22.6984
12.7964 65 23.2371
11.4766 94 27.9812
11.8105 85 26.4484
10.9981 106 29.9985
11.4926 93 27.7941
11.6789 66 22.5431
12.7964 65 23.2371
11.2935 97 28.4348
11.6853 84 26.1482
11.2486 98 28.5988
11.2004 100 28.9603
11.2582 87 26.4066
12.6005 79 25.8804
11.8619 115 32.4895
12.0289 94 28.4231
11.6564 70 23.3251
11.6853 84 26.1482
11.6853 84 26.1482
12.0578 93 28.2462
11.1843 101 29.1475
11.316 75 24.0528
11.9358 105 30.5486
11.4862 73 23.789
11.4316 77 24.5453
12.0482 77 25.0385
12.623 63 22.6984
11.21 95 27.968
11.2582 87 26.4066
11.9839 85 26.5872
11.316 75 24.0528
11.4573 85 26.1658
11.7078 90 27.3662
11.6789 66 22.5431
11.1715 115 31.9372
12.1124 77 25.0899
11.6307 85 26.3046
11.4316 87 26.5453
11.316 75 24.0528
12.3629 79 25.6903
11.316 75 24.0528
11.6789 66 22.5431
11.3866 115 32.1093
11.6853 84 26.1482
11.3674 79 24.8939
11.8619 115 32.4895
11.4862 73 23.789
12.3629 79 25.6903
11.316 75 24.0528
12.0417 85 26.6334
11.316 75 24.0528
11.6564 70 23.3251
11.4573 85 26.1658
11.5472 110 31.2378
11.4862 73 23.789
12.623 63 22.6984
11.4862 75 24.189
11.316 75 24.0528
11.2486 93 27.5988
11.4316 87 26.5453
11.4573 85 26.1658
12.623 63 22.6984
11.316 75 24.0528
11.6789 66 22.5431
11.6789 66 22.5431
11.4862 73 23.789
11.316 75 24.0528
11.6307 85 26.3046
11.6789 66 22.5431
12.6005 79 25.8804
11.4316 87 26.5453
11.6564 70 23.3251
11.4316 77 24.5453
11.9807 88 27.1846
11.2582 87 26.4066
11.4573 85 26.1658
11.4091 87 26.5273
11.5697 88 26.8557
11.6564 70 23.3251
11.4766 96 28.3812
11.316 75 24.0528
11.5633 85 26.2506
10.9981 103 29.3985
11.5922 105 30.2737
11.4862 75 24.189
11.6564 70 23.3251
12.1574 105 30.7259
11.7335 79 25.1868
11.316 75 24.0528
12.1124 89 27.4899
12.7964 65 23.2371
11.5087 97 28.6069
11.2614 103 29.6091
12.0482 77 25.0385
11.3385 101 29.2708
11.2421 100 28.9937
11.3545 91 27.2836
12.623 63 22.6984
11.6789 66 22.5431
12.6005 79 25.8804
11.6307 85 26.3046
11.5697 88 26.8557
11.7078 90 27.3662
11.5697 88 26.8557
12.3597 93 28.4877
11.4862 73 23.789
