11.6789 66 22.5431
12.623 63 22.6984
12.3725 65 22.898
11.6564 70 23.3251
11.4862 73 23.789
11.316 75 24.0528
11.316 75 24.0528
11.332 83 25.6656
11.332 83 25.6656
11.3674 79 24.8939
11.6853 84 26.1482
11.6532 86 26.5225
11.332 83 25.6656
11.332 83 25.6656
12.3693 84 26.6954
11.2582 87 26.4066
11.0045 93 27.4036
11.21 100 28.968
12.2473 100 29.7978
11.4477 97 28.5581
11.8619 115 32.4895
11.4477 97 28.5581
11.332 83 25.6656
11.332 83 25.6656
11.332 83 25.6656
11.3288 106 30.2631
11.3224 85 26.0579
12.3693 84 26.6954
11.149 103 29.5192
11.316 75 24.0528
12.623 63 22.6984
11.332 83 25.6656
12.5459 89 27.8367
11.4862 73 23.789
11.4862 86 26.389
11.8619 115 32.4895
11.5087 113 31.8069
11.316 75 24.0528
11.316 75 24.0528
11.6853 84 26.1482
11.6146 97 28.6917
12.3725 65 22.898
11.332 83 25.6656
11.332 83 25.6656
11.2389 85 25.9911
11.4541 96 28.3633
11.8619 111 31.6895
12.3693 84 26.6954
11.4862 73 23.789
12.623 63 22.6984
11.4862 75 24.189
11.5697 88 26.8557
11.271 93 27.6168
12.6005 79 25.8804
11.6789 66 22.5431
11.316 75 24.0528
11.332 83 25.6656
11.2389 85 25.9911
12.2762 105 30.8209
11.6564 70 23.3251
11.332 83 25.6656
11.9872 105 30.5897
11.2389 85 25.9911
11.6789 66 22.5431
12.7964 65 23.2371
11.332 83 25.6656
11.332 104 29.8656
11.6789 66 22.5431
12.1317 95 28.7053
11.6564 70 23.3251
11.332 83 25.6656
11.332 83 25.6656
11.6564 70 23.3251
12.3725 65 22.898
11.2293 87 26.3834
11.3642 84 25.8913
11.1651 99 28.732
11.2582 87 26.4066
11.4862 75 24.189
11.1586 98 28.5269
11.2389 85 25.9911
11.332 83 25.6656
11.4316 77 24.5453
11.2389 85 25.9911
10.9981 103 29.3985
11.271 87 26.4168
11.4316 92 27.5453
12.623 63 22.6984
11.332 86 26.2656
11.332 83 25.6656
11.6564 70 23.3251
11.4862 73 23.789
11.6853 84 26.1482
11.2325 102 29.386
11.4862 75 24.189
12.578 87 27.4624
11.4862 75 24.189
12.3725 65 22.898
12.3629 79 25.6903
11.2389 85 25.9911
11.6564 70 23.3251
12.7964 65 23.2371
11.4862 75 24.189
11.4862 73 23.789
11.6564 70 23.3251
11.8619 111 31.6895
11.2486 94 27.7988
11.1875 96 28.15
11.2389 85 25.9911
11.5472 110 31.2378
11.2325 92 27.386
11.316 75 24.0528
11.316 75 24.0528
12.3725 65 22.898
11.4027 95 28.1222
11.7013 124 34.1611
11.4316 77 24.5453
11.332 83 25.6656
12.623 63 22.6984
12.3725 65 22.898
11.316 75 24.0528
11.4862 73 23.789
11.4862 75 24.189
11.2389 85 25.9911
11.6789 66 22.5431
11.332 83 25.6656
11.6564 70 23.3251
12.3725 65 22.898
11.332 83 25.6656
11.332 83 25.6656
12.3308 98 29.4646
11.3224 85 26.0579
11.2389 85 25.9911
11.6789 66 22.5431
11.332 83 25.6656
11.21 104 29.768
11.7013 116 32.5611
11.332 83 25.6656
11.332 83 25.6656
11.332 83 25.6656
11.332 83 25.6656
11.316 75 24.0528
11.2197 98 28.5757
11.332 83 25.6656
11.2775 78 24.622
12.3693 84 26.6954
11.4926 93 27.7941
11.2389 85 25.9911
11.316 75 24.0528
11.8105 85 26.4484
