12.6776 64 28.0743
12.0546 66 28.2382
11.7206 69 28.9044
11.6339 70 29.1437
11.5376 76 30.8763
11.3706 77 31.0594
11.7624 70 29.2337
11.3128 87 34.0189
11.6435 81 32.4505
11.0366 94 35.9256
11.4958 98 37.4471
11.4958 98 37.4471
11.8234 102 38.8764
11.0109 106 39.5076
11.5857 102 38.71
11.955 104 39.5685
11.8298 115 42.7809
11.9165 132 47.9416
11.4958 98 37.4471
11.3706 77 31.0594
11.4958 98 37.4471
11.5376 76 30.8763
11.5376 76 30.8763
11.6082 109 40.8258
11.6179 100 38.1325
12.2087 123 45.4461
11.4958 98 37.4471
11.9165 132 47.9416
11.6179 100 38.1325
11.0109 106 39.5076
11.5376 76 30.8763
11.7913 104 39.4539
11.4059 136 48.7841
11.5376 76 30.8763
11.955 104 39.5685
11.7206 69 28.9044
11.3128 87 34.0189
11.2775 78 31.2942
11.1329 108 40.1931
11.8234 102 38.8764
12.0546 66 28.2382
11.6435 81 32.4505
11.4669 108 40.4268
11.4155 133 47.8909
11.4958 98 37.4471
11.955 104 39.5685
12.1766 138 49.9236
11.5376 76 30.8763
11.0366 94 35.9256
11.4862 81 32.3403
11.3995 83 32.8796
11.9165 127 46.4416
11.4958 98 37.4471
11.6179 100 38.1325
11.4091 108 40.3864
11.7624 70 29.2337
11.4958 98 37.4471
11.0366 94 35.9256
11.3706 77 31.0594
11.6339 70 29.1437
11.2775 78 31.2942
11.3995 89 34.6796
11.8298 115 42.7809
11.5376 76 30.8763
11.4958 98 37.4471
11.4958 98 37.4471
11.2775 78 31.2942
12.0546 66 28.2382
11.3899 133 47.8729
11.6339 70 29.1437
11.7688 120 44.2382
12.851 66 28.7957
11.0366 94 35.9256
11.4958 98 37.4471
11.9069 123 45.2348
11.6339 70 29.1437
11.194 89 34.5358
11.9486 112 41.964
11.3995 89 34.6796
11.6179 100 38.1325
11.3706 77 31.0594
11.9711 108 40.7798
12.0032 106 40.2022
11.4091 113 41.8864
11.4862 81 32.3403
11.0366 94 35.9256
11.5376 76 30.8763
11.8234 111 41.5764
12.6776 64 28.0743
11.3128 87 34.0189
12.851 66 28.7957
11.3706 77 31.0594
11.8234 106 40.0764
11.6082 109 40.8258
11.0366 94 35.9256
11.3128 87 34.0189
11.6435 81 32.4505
11.4958 98 37.4471
11.3128 87 34.0189
11.3128 87 34.0189
11.4958 98 37.4471
11.3706 77 31.0594
11.7624 70 29.2337
11.6339 70 29.1437
11.4958 98 37.4471
11.5376 76 30.8763
11.3128 87 34.0189
12.6776 64 28.0743
11.8748 133 48.2123
11.6179 100 38.1325
11.4958 98 37.4471
11.7206 69 28.9044
11.0366 94 35.9256
11.6435 81 32.4505
12.851 66 28.7957
11.1329 108 40.1931
11.4444 109 40.7111
11.7206 69 28.9044
11.0109 106 39.5076
11.4958 98 37.4471
11.4958 98 37.4471
11.0366 94 35.9256
12.0546 66 28.2382
11.3706 77 31.0594
11.7624 70 29.2337
11.3995 89 34.6796
11.4958 98 37.4471
11.0109 106 39.5076
12.0546 66 28.2382
11.7206 69 28.9044
11.6339 70 29.1437
11.9486 112 41.964
11.3706 77 31.0594
11.0366 94 35.9256
11.7977 130 47.2584
11.8298 115 42.7809
11.4958 98 37.4471
11.5376 76 30.8763
11.9069 123 45.2348
11.1329 108 40.1931
11.9486 112 41.964
11.6179 100 38.1325
11.6179 100 38.1325
11.5376 76 30.8763
12.0546 66 28.2382
11.4958 98 37.4471
12.0482 148 52.8337
11.2518 133 47.7762
11.7688 120 44.2382
11.4958 98 37.4471
