12.0193 66 17.4173
11.7206 69 17.4486
11.6564 70 17.4908
12.3725 65 17.6353
11.6243 72 17.6618
11.316 75 17.6844
11.6885 73 17.8197
11.2775 78 17.9497
13.1015 65 18.2913
11.255 83 18.4295
11.3096 85 18.6786
11.4573 85 18.8116
11.255 83 18.4295
11.6082 81 18.5474
11.4573 85 18.8116
11.3931 83 18.5538
11.2389 97 19.815
11.3642 84 18.6277
11.0462 97 19.6416
11.6307 88 19.2676
11.5697 97 20.1127
12.0771 103 21.1694
11.255 83 18.4295
11.2678 89 19.041
11.194 107 20.7746
11.6564 70 17.4908
12.1317 95 20.4185
11.6564 70 17.4908
11.316 75 17.6844
11.6757 92 19.7081
11.316 75 17.6844
11.4027 92 19.4624
11.5215 74 17.7694
11.4091 87 18.9682
11.6307 91 19.5676
12.578 87 20.0202
11.6179 89 19.3561
11.6564 70 17.4908
11.5215 74 17.7694
11.6082 81 18.5474
11.4316 87 18.9884
11.6082 81 18.5474
11.7206 69 17.4486
12.2762 102 21.2486
11.6564 70 17.4908
11.6885 73 17.8197
12.0417 88 19.6376
11.3931 83 18.5538
11.6564 70 17.4908
11.255 83 18.4295
11.3096 85 18.6786
11.255 83 18.4295
11.316 75 17.6844
11.4573 85 18.8116
11.316 75 17.6844
11.6564 70 17.4908
11.3706 101 20.3335
11.5087 94 19.7578
11.6564 70 17.4908
12.3725 65 17.6353
11.2775 78 17.9497
11.255 83 18.4295
12.0193 66 17.4173
11.6082 81 18.5474
12.3725 65 17.6353
11.499 88 19.1491
11.6564 70 17.4908
11.4091 87 18.9682
11.7206 69 17.4486
11.6885 73 17.8197
12.3725 65 17.6353
11.5697 91 19.5127
11.6307 91 19.5676
11.6564 70 17.4908
11.4188 97 19.9769
12.0193 66 17.4173
11.255 83 18.4295
11.6082 81 18.5474
12.3597 93 20.4237
11.4573 85 18.8116
12.0193 66 17.4173
11.3545 103 20.5191
11.194 107 20.7746
11.6885 73 17.8197
11.1875 95 19.5688
11.7206 69 17.4486
13.1015 64 18.1913
11.255 83 18.4295
11.8619 92 19.8757
11.255 83 18.4295
11.3674 91 19.3306
11.316 75 17.6844
12.0417 88 19.6376
11.6179 89 19.3561
11.2582 87 18.8324
12.0193 66 17.4173
11.3096 85 18.6786
11.0366 95 19.4329
11.255 83 18.4295
11.255 83 18.4295
11.7206 69 17.4486
11.316 101 20.2844
11.6885 73 17.8197
11.6146 100 20.4532
11.4669 87 19.0202
12.0193 66 17.4173
11.6307 88 19.2676
12.3725 65 17.6353
11.6179 89 19.3561
11.5215 74 17.7694
11.2421 100 20.1179
11.4573 85 18.8116
12.3725 65 17.6353
11.3096 85 18.6786
12.5427 86 19.8884
11.4669 87 19.0202
11.255 83 18.4295
11.6564 70 17.4908
13.1015 64 18.1913
11.255 83 18.4295
11.4573 85 18.8116
11.6564 70 17.4908
11.255 83 18.4295
11.3674 91 19.3306
11.3931 83 18.5538
11.316 75 17.6844
11.7078 90 19.537
11.7206 69 17.4486
12.0193 66 17.4173
11.3706 99 20.1335
11.3096 85 18.6786
11.8137 104 21.0324
11.6179 89 19.3561
12.1317 95 20.4185
11.5697 91 19.5127
11.3096 85 18.6786
12.1317 95 20.4185
11.4573 85 18.8116
11.6082 81 18.5474
11.6564 70 17.4908
12.3565 90 20.1208
11.6564 70 17.4908
11.8587 86 19.2728
12.0193 66 17.4173
11.0366 95 19.4329
11.4573 85 18.8116
11.4701 96 19.9231
11.6564 70 17.4908
12.5427 86 19.8884
12.3725 65 17.6353
