14.0552 67 51.1166
13.0629 68 51.5189
12.4689 69 52.0407
11.5601 68 51.068
12.2569 72 54.0771
11.5568 70 52.4671
11.6981 77 57.4094
11.5568 71 53.1671
11.3096 85 62.8929
12.3597 93 68.8079
11.3096 85 62.8929
11.377 85 62.9131
11.1426 90 66.3428
11.1394 94 69.1418
12.3404 87 64.6021
11.2582 87 64.2775
11.3096 95 69.8929
11.6307 85 62.9892
11.1843 101 74.0553
12.3308 95 70.1992
14.2993 69 52.5898
12.3597 93 68.8079
12.4689 69 52.0407
11.6917 91 67.2075
11.3545 91 67.1064
11.6307 85 62.9892
11.7078 90 66.5123
12.9955 70 52.8987
11.6853 84 62.3056
13.0629 68 51.5189
11.3899 70 52.417
11.5601 68 51.068
12.9955 70 52.8987
11.1426 90 66.3428
11.9807 88 65.1942
11.3096 85 62.8929
12.2248 86 63.8674
11.3642 84 62.2092
11.2582 87 64.2775
14.2993 69 52.5898
12.3789 98 72.3137
11.6981 77 57.4094
11.3096 85 62.8929
12.668 79 59.1004
12.9955 70 52.8987
11.1875 100 73.3563
12.4624 66 49.9387
11.3096 85 62.8929
11.4573 85 62.9372
11.3642 84 62.2092
11.1426 90 66.3428
11.3096 85 62.8929
11.3577 78 58.0073
12.578 87 64.6734
12.4689 69 52.0407
11.5601 68 51.068
11.1426 90 66.3428
11.7078 90 66.5123
11.5601 68 51.068
12.9955 70 52.8987
12.4689 69 52.0407
11.3096 85 62.8929
11.9807 88 65.1942
11.3577 72 53.8073
11.1426 90 66.3428
11.4573 85 62.9372
11.1426 90 66.3428
11.6307 85 62.9892
11.5601 68 51.068
11.4477 94 69.2343
11.7078 90 66.5123
11.4573 85 62.9372
11.8426 75 56.0528
14.2993 69 52.5898
12.9955 70 52.8987
11.5087 94 69.2526
11.377 85 62.9131
11.7078 90 66.5123
11.332 99 72.6996
11.9807 88 65.1942
11.2036 89 65.6611
11.377 85 62.9131
11.5472 77 57.3642
11.3096 85 62.8929
11.5986 87 64.3796
13.0629 65 49.4189
13.0629 68 51.5189
11.377 85 62.9131
11.3096 85 62.8929
11.5087 72 53.8526
11.377 85 62.9131
11.1426 90 66.3428
11.5568 70 52.4671
12.9955 70 52.8987
12.578 87 64.6734
11.5697 88 65.0709
11.5761 87 64.3728
14.2993 69 52.5898
11.5087 92 67.8526
11.377 85 62.9131
11.1426 90 66.3428
11.6307 85 62.9892
11.5472 77 57.3642
11.4573 85 62.9372
12.0417 85 63.1125
12.2312 81 60.3694
11.3096 85 62.8929
14.0552 67 51.1166
11.4252 92 67.8276
11.5568 71 53.1671
11.4316 87 64.3295
11.5633 76 56.669
11.377 85 62.9131
11.5633 76 56.669
12.4689 69 52.0407
12.3404 87 64.6021
11.2486 93 68.4746
11.5568 70 52.4671
11.1426 90 66.3428
11.3096 85 62.8929
14.0552 67 51.1166
11.6853 84 62.3056
12.9955 70 52.8987
11.5472 77 57.3642
11.4573 85 62.9372
11.4926 93 68.5478
11.5601 68 51.068
11.6757 75 56.0027
12.3404 87 64.6021
11.377 85 62.9131
11.4573 85 62.9372
13.2524 70 52.9757
11.3096 85 62.8929
11.1394 94 69.1418
11.377 85 62.9131
11.2486 93 68.4746
11.1426 90 66.3428
11.377 85 62.9131
11.4573 85 62.9372
11.5472 77 57.3642
11.377 85 62.9131
11.3096 85 62.8929
12.4624 76 56.9387
12.4689 69 52.0407
11.5568 70 52.4671
11.5472 77 57.3642
11.5601 68 51.068
11.5568 70 52.4671
13.2524 70 52.9757
12.578 87 64.6734
