691.849
696.933
704.865
707.739
708.805
708.805
737.19
738.844
738.844
738.844
739.444
739.444
739.444
739.444
739.444
739.444
739.509
739.509
739.579
739.579
739.785
742.999
743.953
745.898
745.898
745.898
745.898
745.898
745.898
745.898
746.126
746.126
746.126
746.126
746.126
746.126
746.126
746.126
746.126
746.126
746.126
746.135
746.135
746.135
746.135
746.135
746.135
746.135
746.135
746.135
746.135
746.135
746.135
746.135
746.315
746.315
746.315
746.315
746.315
746.315
746.498
746.498
746.498
746.498
746.498
746.498
746.498
746.498
746.498
746.498
746.498
746.498
746.498
746.498
746.498
746.498
746.498
746.498
746.498
746.498
746.505
746.505
746.505
747.208
747.208
747.208
747.208
747.208
762.112
762.112
762.857
762.857
762.927
762.927
762.927
763.072
763.733
763.839
763.839
763.839
763.839
763.839
763.839
763.839
763.839
763.839
763.839
767.07
767.07
767.07
767.07
767.07
767.07
767.07
767.07
767.07
767.07
767.07
767.07
767.07
767.07
767.07
767.07
767.07
767.07
767.07
767.07
767.07
767.07
767.07
767.07
767.07
767.07
767.07
769.173
769.173
769.173
769.173
769.173
769.173
769.173
775.069
775.069
775.069
775.069
775.069
775.069
775.069
775.069
775.069
775.069
775.069
775.069
775.069
775.069
775.069
775.069
775.069
775.069
775.069
775.069
775.069
775.069
775.069
775.069
775.069
775.069
775.069
775.069
775.069
775.069
775.069
775.069
775.069
775.069
775.069
775.069
775.069
775.069
775.069
775.069
775.069
775.069
775.069
775.069
775.069
775.069
775.069
775.069
775.069
775.069
775.069
775.069
775.069
775.069
775.069
775.069
775.069
775.069
775.069
775.069
775.069
775.069
775.069
775.069
775.069
775.069
775.069
775.069
775.069
775.069
775.069
775.069
775.069
775.069
775.924
775.924
775.924
775.924
775.924
775.924
775.924
775.924
775.924
775.924
775.924
775.924
775.924
775.924
778.377
783.65
783.843
783.843
783.843
784.026
784.026
784.026
784.026
784.026
784.026
784.026
784.026
784.026
784.026
784.154
784.154
786.492
786.492
786.492
786.588
786.588
786.588
786.588
786.588
786.588
786.588
786.588
786.588
786.588
786.588
786.588
786.588
786.588
786.588
786.588
786.617
786.617
786.617
786.617
786.617
786.617
786.617
786.617
786.617
786.617
786.617
786.617
786.617
786.617
786.617
786.617
786.617
786.617
786.617
786.617
786.617
786.617
786.617
786.617
786.617
786.617
786.617
786.617
786.678
786.681
786.73
786.73
786.73
786.73
786.73
786.73
786.73
786.73
786.73
786.73
786.73
786.73
786.73
786.73
786.73
786.73
786.73
786.73
786.73
786.73
786.73
786.73
786.73
786.73
786.73
786.73
787.295
787.295
787.295
787.295
787.295
787.295
787.295
787.295
787.295
787.295
787.295
787.295
787.295
787.295
787.295
787.295
787.295
787.295
787.295
787.295
787.295
787.295
787.295
787.295
787.295
787.295
787.295
787.295
787.295
787.295
787.295
787.295
787.295
787.295
787.295
787.295
787.295
787.295
787.295
787.295
787.295
787.295
787.295
787.295
787.295
787.295
787.295
787.295
787.295
787.295
787.295
787.295
787.295
787.295
787.295
787.295
787.295
787.295
787.295
787.295
787.295
787.85
787.85
787.85
787.85
787.85
787.85
787.85
787.85
787.85
787.85
787.85
787.85
787.85
787.85
787.85
787.85
787.85
787.85
787.85
787.85
787.85
787.85
787.85
787.85
787.85
787.85
787.85
787.85
787.85
787.85
787.85
787.85
787.85
787.85
787.85
787.85
787.85
787.85
787.85
787.85
787.85
787.85
787.85
787.85
787.85
787.85
787.85
787.85
787.85
787.85
787.85
787.85
787.85
787.85
787.85
787.85
787.85
787.85
787.85
787.85
787.85
787.85
787.85
787.85
787.85
787.85
787.85
787.85
787.85
787.85
787.85
787.85
787.85
787.85
787.85
787.85
787.85
787.85
787.85
787.85
787.85
787.85
787.85
787.85
787.85
787.85
787.85
787.85
787.85
787.85
787.85
787.85
787.85
787.85
787.85
787.85
787.85
787.85
787.85
787.85
787.85
787.85
787.85
787.85
787.85
787.85
787.85
787.85
787.85
787.85
787.85
787.85
787.85
787.85
787.85
787.85
787.85
787.85
787.85
787.85
787.85
787.85
787.85
787.85
787.85
787.85
787.85
787.85
787.85
787.85
787.85
787.85
787.85
787.85
787.85
787.85
787.85
787.85
787.85
787.85
791.206
791.206
791.206
791.206
791.206
791.206
791.206
791.206
791.206
791.206
791.206
791.206
791.206
791.206
791.206
791.206
791.206
791.206
791.206
791.206
791.206
791.206
791.206
791.206
791.206
791.206
791.206
791.206
791.206
791.206
791.206
791.206
791.206
791.206
791.206
791.206
791.206
791.206
791.206
791.206
791.206
791.206
791.206
791.206
791.206
791.206
791.206
791.206
791.206
791.206
791.206
791.206
791.206
791.206
791.206
791.206
791.206
791.206
791.206
791.206
791.206
791.206
791.206
791.206
791.206
791.206
791.206
791.206
791.206
791.206
791.206
791.206
791.206
791.206
791.206
791.206
791.206
791.206
791.206
791.206
791.206
791.206
791.206
791.206
791.206
791.206
791.206
791.206
791.206
791.206
791.206
791.206
791.206
791.206
791.206
791.206
791.206
791.206
791.206
791.206
791.206
791.206
791.206
791.206
791.206
791.206
791.206
791.206
791.206
791.206
791.206
791.206
791.206
791.206
791.206
791.206
791.206
791.206
791.206
791.206
791.206
791.206
791.206
791.206
791.206
791.206
791.206
791.206
791.206
791.206
791.206
791.206
791.206
791.206
791.206
791.206
791.206
791.206
791.206
791.206
791.206
791.206
791.206
791.206
791.206
791.206
791.206
791.206
791.206
791.206
791.206
791.206
791.206
791.206
791.206
791.206
791.206
791.206
791.206
791.206
791.206
791.206
791.206
791.206
791.206
791.206
791.206
791.206
791.206
791.206
791.206
791.206
791.206
791.206
791.206
791.206
791.206
791.206
791.206
791.206
791.206
791.206
791.206
791.206
791.206
791.206
791.206
791.206
791.206
791.206
791.206
791.206
791.206
791.206
791.206
791.206
791.206
791.206
791.206
791.206
791.206
791.206
791.206
791.206
791.206
791.206
791.206
791.206
791.206
791.206
791.206
791.206
791.206
791.206
791.206
791.206
791.206
791.206
791.206
791.206
791.206
791.206
791.206
791.206
791.206
791.206
791.206
791.206
791.206
791.206
791.206
791.206
791.206
791.206
791.206
791.206
791.206
791.206
791.717
791.717
792.006
792.006
792.006
792.006
792.006
792.006
792.006
792.006
792.006
792.006
792.006
792.006
792.006
792.006
792.006
792.006
792.006
792.006
792.006
792.006
792.006
792.006
792.006
792.006
792.006
792.006
792.006
792.006
792.006
792.006
794.729
794.729
794.729
794.729
794.729
794.729
794.729
794.729
794.729
794.729
794.729
794.729
794.729
794.761
794.761
794.761
794.761
794.761
794.761
794.761
794.761
794.761
794.761
794.761
794.761
794.761
794.761
794.761
794.761
794.761
794.761
794.761
794.761
794.761
794.761
794.761
794.761
794.793
794.793
794.793
794.793
797.776
797.776
797.776
797.776
797.776
797.776
797.828
797.86
797.956
797.956
797.956
797.956
797.956
797.956
797.956
797.956
797.956
797.956
797.956
797.956
797.956
797.956
797.956
797.956
797.956
797.956
797.956
797.956
797.956
797.956
797.956
797.956
797.956
797.956
797.956
797.956
797.956
797.956
797.956
797.956
797.956
797.956
797.956
797.956
797.956
797.956
797.956
797.956
797.956
797.956
797.956
797.956
797.956
797.956
797.956
797.956
797.956
797.956
797.956
797.956
797.956
797.956
797.956
797.956
797.956
797.956
797.956
797.956
797.956
797.956
797.956
797.956
797.956
797.956
797.956
797.956
797.956
797.956
797.956
797.956
797.956
797.956
797.956
797.956
797.956
797.956
797.956
797.956
797.956
797.956
797.956
797.956
797.956
797.956
797.956
797.956
797.956
797.956
797.956
797.956
797.956
797.956
797.956
797.956
797.956
797.956
797.956
797.956
797.956
797.956
797.956
797.956
797.956
797.956
797.956
797.956
797.956
797.956
797.956
797.956
797.956
797.956
797.956
797.956
797.956
797.956
797.956
797.956
797.956
797.956
797.956
797.956
797.956
797.956
797.956
798.663
800.204
800.204
800.204
800.538
802.06
802.06
802.06
802.06
802.06
802.06
802.06
802.06
802.06
802.06
802.06
802.06
802.06
802.06
802.06
802.06
802.06
802.06
802.06
802.06
802.06
802.06
802.06
802.06
802.06
802.06
802.06
802.06
802.06
802.06
802.06
802.06
802.06
802.06
802.06
802.06
802.06
802.06
802.06
802.06
802.06
802.06
802.06
802.06
802.06
802.06
802.06
802.06
802.06
802.06
802.06
802.06
802.06
802.06
802.06
802.06
802.06
802.06
802.06
802.06
802.06
802.06
802.06
802.06
802.06
802.06
802.06
802.06
802.06
802.06
802.06
802.06
802.06
802.06
802.08
802.08
802.08
802.08
802.08
802.08
802.08
802.08
802.08
802.08
802.08
802.08
802.08
802.08
802.08
802.08
802.08
802.08
802.08
802.08
802.08
802.08
802.08
802.08
802.08
802.08
802.08
802.08
802.08
802.08
802.08
802.08
802.08
802.08
802.08
802.08
802.08
802.08
802.08
802.08
802.08
802.08
802.08
802.08
802.08
802.08
802.08
802.08
802.08
802.08
802.08
802.08
802.08
802.08
802.08
802.08
802.08
802.08
802.08
802.08
802.08
802.08
802.08
802.08
802.08
802.08
802.08
802.08
802.08
802.08
802.08
802.08
802.08
802.08
802.08
802.08
802.08
802.08
802.08
802.08
802.08
802.08
802.08
802.08
802.08
802.08
802.08
802.08
802.08
802.08
802.08
802.08
802.08
802.08
802.08
802.08
802.08
802.08
802.08
802.08
802.08
802.08
802.08
802.08
802.08
802.08
802.08
802.08
802.08
802.08
802.08
802.08
802.08
802.08
802.08
802.08
802.08
802.08
802.08
802.08
802.08
802.08
802.08
802.08
802.08
802.08
802.08
802.08
802.08
802.08
802.08
802.08
802.08
802.08
802.08
802.08
802.08
802.08
802.08
802.08
802.08
802.08
802.08
802.08
802.08
802.08
802.08
802.08
802.08
802.08
802.08
802.08
802.08
806.047
806.047
806.047
806.047
806.047
806.047
806.047
806.047
806.047
806.047
806.047
806.047
806.047
806.047
806.047
806.047
806.047
806.047
806.047
806.047
806.047
806.047
806.047
806.047
806.047
806.047
806.047
806.047
806.047
806.047
806.047
806.047
806.047
806.047
806.047
806.047
806.047
806.047
806.047
806.047
806.047
806.047
806.047
806.047
806.047
806.047
806.047
806.047
806.047
806.047
806.047
806.047
806.047
806.047
806.047
806.047
806.047
806.047
806.047
806.047
806.047
806.047
806.047
806.047
806.047
806.047
806.047
806.047
806.047
806.047
806.047
806.047
806.047
806.047
806.047
806.047
806.047
806.047
806.047
806.047
806.047
806.047
806.047
806.047
806.047
806.047
806.047
806.047
806.047
806.047
806.047
806.047
806.047
806.047
806.047
806.047
806.047
806.047
806.047
806.047
806.047
806.047
806.047
806.047
806.047
806.047
806.047
806.047
806.047
806.047
806.047
806.047
806.047
806.047
806.047
806.047
806.047
806.047
806.047
806.047
806.047
806.047
806.047
806.047
806.047
806.047
806.047
806.047
806.047
806.047
806.047
806.047
806.047
806.047
806.047
806.047
806.047
806.047
806.047
806.047
806.047
806.047
806.047
806.047
806.047
806.047
806.047
806.047
806.047
806.047
806.047
806.047
806.047
806.047
806.047
806.047
806.047
806.047
806.047
806.047
806.047
806.047
806.047
806.047
806.047
806.047
806.047
806.047
806.047
806.047
806.047
806.047
806.047
806.047
806.047
806.047
806.047
806.047
806.047
806.047
806.047
806.047
806.047
806.047
806.047
806.047
806.047
806.047
806.047
806.047
806.047
806.047
806.047
806.047
806.047
806.047
806.047
806.047
806.047
806.047
806.047
806.047
806.047
806.047
806.047
806.047
806.047
806.047
806.047
806.047
806.047
806.047
806.047
806.047
806.047
806.047
806.047
806.047
806.047
806.047
806.047
806.047
806.047
806.047
806.047
806.047
806.047
806.047
806.047
806.047
806.047
806.047
806.047
806.047
806.047
806.047
806.047
806.047
806.047
806.047
806.047
806.047
806.047
806.047
806.047
806.047
806.047
806.047
806.047
806.047
806.047
806.047
806.047
806.047
806.047
806.047
806.047
806.047
806.047
806.047
806.047
806.047
806.047
806.047
806.047
806.047
806.047
806.047
806.047
806.047
806.047
806.047
806.047
806.047
806.047
806.047
806.047
806.047
806.047
806.047
806.047
806.047
806.047
806.047
806.047
806.047
806.047
806.047
806.047
806.047
806.047
806.047
806.047
806.047
806.047
806.047
806.047
806.047
806.047
806.047
806.047
806.047
806.047
806.047
806.047
806.047
806.047
806.047
806.047
806.047
806.047
806.047
806.047
806.047
806.047
806.047
806.047
806.047
806.047
806.047
806.047
806.047
806.047
806.047
806.047
806.047
806.047
806.047
806.047
806.047
806.047
806.047
806.047
806.047
806.047
806.047
806.047
806.047
806.047
806.047
806.047
806.047
806.047
806.047
806.047
806.047
806.047
806.047
806.073
806.073
806.073
806.073
806.073
806.073
806.073
806.073
806.073
806.073
806.073
806.073
806.073
806.073
806.073
806.073
806.073
806.073
806.073
806.073
806.073
806.073
806.073
806.073
806.073
806.073
806.073
806.073
806.073
806.073
806.073
806.073
806.073
806.073
806.073
806.073
806.073
806.073
806.073
806.073
806.073
806.073
806.073
806.073
806.073
806.073
806.073
806.073
806.073
806.073
806.073
806.073
806.073
806.073
806.073
806.073
806.073
806.073
806.073
806.073
806.073
806.073
806.073
806.073
806.073
806.073
806.073
806.073
806.073
806.073
806.073
806.073
806.073
806.073
806.073
806.073
806.073
806.073
806.073
806.073
806.073
806.073
806.073
806.073
806.073
806.073
806.073
806.073
806.073
806.073
806.073
806.073
806.073
806.073
806.073
806.073
806.073
806.073
806.073
806.073
806.073
806.073
806.073
806.073
806.073
806.073
806.073
806.073
806.073
806.073
806.073
806.073
806.073
806.073
806.073
806.073
806.073
806.073
806.073
806.073
806.073
806.073
806.073
806.073
806.073
806.073
806.073
806.073
806.073
806.073
806.073
806.073
806.073
806.073
806.073
806.073
806.073
806.073
806.073
806.073
806.073
806.073
806.073
806.073
806.073
806.073
806.073
806.073
806.073
806.073
806.073
806.073
806.073
806.073
806.073
806.073
806.073
806.073
806.073
806.073
806.073
806.073
806.073
806.073
806.073
806.073
806.073
806.073
806.073
806.073
806.073
806.073
806.073
806.073
806.073
806.073
806.073
806.073
806.073
806.073
806.073
806.073
806.073
806.073
806.073
806.073
806.073
806.073
806.073
806.073
806.073
806.073
806.073
806.073
806.073
806.073
806.073
806.073
806.073
806.073
806.073
806.073
806.073
806.073
806.073
806.073
806.073
806.073
806.073
806.073
806.073
806.073
806.073
806.073
806.073
806.073
806.073
806.073
806.073
806.073
806.073
806.073
806.073
806.073
806.073
806.073
806.073
806.073
806.073
806.073
806.073
806.073
806.073
806.073
806.073
806.073
806.073
806.073
806.073
806.073
806.073
806.073
806.073
806.073
806.073
806.073
806.073
806.073
806.073
806.073
806.073
806.073
806.073
806.073
806.073
806.073
806.073
806.073
806.073
806.073
806.073
806.073
806.073
806.073
806.073
806.073
806.073
806.073
806.073
806.073
806.073
806.073
806.073
806.073
806.073
806.073
806.073
806.073
806.073
806.073
806.073
806.073
806.073
806.073
806.073
806.073
806.073
806.073
806.073
806.073
806.073
806.073
806.073
806.073
806.073
806.073
806.073
806.073
806.073
806.073
806.073
806.073
806.073
806.073
806.073
806.073
806.073
806.073
806.073
806.073
806.073
806.073
806.073
806.073
806.073
806.073
806.073
806.073
806.073
806.073
806.073
806.073
806.073
806.073
806.073
806.073
806.073
806.073
806.073
806.073
806.073
806.073
806.073
806.073
806.073
806.073
806.073
806.073
806.073
806.073
806.073
806.073
806.073
806.073
806.073
806.073
806.073
806.073
806.073
806.073
806.073
806.073
806.073
806.073
806.073
806.073
806.073
806.073
806.073
806.073
806.073
806.073
806.073
806.073
806.073
806.073
806.073
806.073
806.073
806.073
806.073
806.073
806.073
806.073
806.073
806.073
806.073
806.073
806.073
806.073
806.073
806.073
806.073
806.073
806.073
806.073
806.073
806.073
806.073
806.073
806.073
806.073
806.073
806.073
806.073
806.073
806.073
806.073
806.073
806.073
806.073
806.073
806.073
806.073
806.073
806.073
806.073
806.073
806.073
806.073
806.073
806.073
806.073
806.073
806.073
806.073
806.073
806.073
806.073
806.073
806.073
806.073
806.073
806.073
806.073
806.073
806.073
806.073
806.073
806.073
806.073
806.073
806.073
806.073
806.073
806.073
806.073
806.073
806.073
806.073
806.073
806.073
806.073
806.073
806.073
806.073
806.073
806.073
806.073
806.073
806.073
806.073
