691.849
696.933
696.933
702.325
702.325
702.325
702.325
702.325
702.325
702.325
702.325
702.325
702.325
718.067
718.365
721.699
721.699
721.699
722.807
722.922
734.563
734.563
734.563
734.563
734.563
735.331
735.331
735.331
735.331
735.331
735.822
735.822
735.873
739.297
739.297
739.297
745.604
750.748
750.748
750.748
750.748
750.748
750.748
750.748
750.748
750.748
750.748
750.748
750.748
750.748
750.748
750.748
750.748
750.748
750.748
750.748
750.748
750.748
750.748
750.748
750.748
750.748
750.748
750.748
750.748
750.748
750.748
750.748
750.79
750.79
750.79
750.79
750.79
750.79
750.79
750.79
750.79
750.79
750.79
750.79
750.79
750.79
750.79
750.79
750.79
750.79
750.79
750.79
750.79
750.79
750.79
750.79
750.79
750.79
750.79
750.79
750.79
750.79
750.79
750.79
750.79
750.79
750.79
750.79
750.79
751.699
753.336
753.336
753.336
753.336
753.336
753.336
753.465
753.465
753.465
753.465
753.465
753.465
753.465
753.465
753.465
753.465
753.465
753.465
753.465
753.465
753.465
753.465
753.465
753.465
753.465
753.465
753.465
753.465
753.465
753.465
753.465
753.465
753.465
753.465
753.465
753.465
753.465
753.465
753.465
753.465
753.465
753.465
753.465
753.465
753.465
753.465
753.561
753.561
753.67
753.67
753.67
753.67
753.725
753.725
753.725
753.725
753.725
773.154
773.632
774.319
774.335
775.125
775.125
775.125
775.125
775.125
775.125
775.19
775.19
775.19
775.19
775.19
775.19
775.19
775.19
775.19
775.19
775.19
775.19
775.19
775.19
775.19
775.19
775.19
775.19
775.19
775.19
775.19
775.19
775.19
775.19
775.19
775.19
775.19
775.19
775.247
775.247
775.247
775.247
775.247
775.247
775.247
775.247
775.247
775.247
775.247
775.247
775.247
775.247
775.247
775.247
775.247
775.247
775.247
775.247
776.413
776.413
776.413
776.413
776.413
776.413
776.413
776.413
776.413
776.413
780.395
782.505
783.876
783.876
783.876
783.876
783.908
783.908
783.908
783.908
783.908
783.908
783.915
783.915
783.915
783.915
783.915
783.915
783.915
783.915
785.289
785.289
785.289
785.289
785.289
785.289
785.289
785.315
785.315
785.315
785.315
785.315
785.315
785.315
785.315
785.315
785.315
785.315
785.315
785.315
785.315
785.315
785.315
785.315
785.315
785.315
785.315
785.315
785.315
785.315
785.315
785.315
785.315
785.315
785.315
785.315
785.315
785.315
785.315
785.315
785.315
785.315
785.315
785.315
785.315
785.315
785.315
785.315
785.315
785.315
785.318
785.318
785.318
785.318
785.318
785.318
785.318
785.318
785.318
785.318
785.318
785.318
785.331
785.331
785.331
785.331
785.331
785.331
785.331
786.012
786.012
786.012
786.567
786.567
786.567
786.567
786.567
786.644
786.644
786.644
786.644
786.644
786.644
786.644
786.644
786.644
786.644
786.644
786.644
786.644
786.644
786.644
786.644
786.644
786.644
786.644
786.644
786.644
786.644
786.644
786.644
786.644
786.644
786.644
786.644
786.644
786.644
786.644
786.644
786.644
786.644
786.644
786.644
786.644
786.644
786.644
786.644
786.644
786.644
786.644
786.644
786.644
786.644
786.644
786.644
786.644
786.644
786.644
786.644
786.644
786.644
786.644
786.644
786.644
786.644
786.644
786.644
786.644
786.644
786.644
786.644
786.644
786.644
786.644
786.644
786.644
786.644
786.644
786.644
786.644
786.644
786.644
786.644
786.644
786.644
786.644
786.644
786.644
786.644
786.644
786.644
786.644
786.644
786.644
786.644
786.644
786.644
786.644
786.644
786.644
786.644
786.644
786.644
786.644
786.644
786.644
786.644
786.644
786.644
786.644
786.644
786.644
786.644
786.644
786.644
786.644
786.644
786.644
786.644
786.644
786.644
786.644
786.644
786.644
786.644
786.644
786.644
786.644
786.644
786.644
786.644
786.644
786.644
786.644
786.644
786.644
786.644
786.644
786.644
786.644
786.644
786.644
786.644
786.644
786.644
786.644
786.644
786.644
786.644
786.644
786.644
786.644
786.644
786.644
786.644
786.644
786.644
786.644
786.644
786.644
786.644
786.644
786.644
786.644
786.644
786.644
786.644
786.644
786.644
786.644
786.644
786.644
786.644
786.644
786.644
786.644
786.644
786.644
786.644
786.644
786.644
786.644
786.644
786.644
786.644
786.644
786.644
786.644
786.644
786.644
786.644
786.644
786.644
786.644
786.644
786.644
786.644
786.644
786.644
786.644
786.644
786.644
793.125
793.125
793.125
793.125
793.125
793.125
793.125
793.125
793.125
793.125
793.125
793.125
793.125
793.125
793.125
793.125
793.125
793.125
793.125
793.125
793.125
793.125
793.125
793.125
793.125
793.125
793.125
793.125
793.125
793.125
793.125
793.125
793.125
793.125
793.125
793.125
793.125
793.125
793.125
793.125
793.125
793.125
793.125
793.125
793.125
793.125
793.125
793.125
793.125
793.125
793.125
793.125
793.125
793.125
793.125
793.125
793.125
793.125
793.125
793.125
793.125
793.125
793.125
793.125
793.125
793.125
794.406
794.406
794.406
794.406
794.406
794.406
794.406
794.406
794.406
794.406
794.406
794.406
794.406
794.406
794.406
794.406
794.406
794.406
794.406
794.406
794.406
794.406
794.406
794.406
794.406
794.406
794.406
794.406
794.406
794.406
794.406
794.406
794.406
794.406
794.406
794.406
794.406
794.406
794.406
794.406
794.406
794.406
794.406
794.406
794.406
794.406
794.406
794.406
794.406
794.406
794.46
794.46
794.46
794.46
794.46
794.46
794.46
794.46
794.46
794.46
794.46
794.46
794.46
794.46
794.46
794.46
794.46
794.46
794.46
794.46
794.46
794.46
794.46
794.46
794.46
794.647
794.647
794.647
794.647
794.647
794.647
794.647
794.647
794.647
794.647
794.647
794.647
794.647
794.647
794.647
794.647
794.647
794.647
794.647
794.647
794.647
794.647
794.647
794.647
794.647
794.647
794.647
794.647
794.647
794.647
794.647
794.647
794.647
794.647
794.647
794.647
794.647
794.647
794.647
794.647
794.647
794.647
794.647
794.647
794.647
794.647
794.647
794.647
794.647
794.647
794.647
794.647
794.647
794.647
794.647
794.647
794.647
794.647
794.647
794.647
794.647
794.647
794.647
794.647
794.647
794.647
794.647
794.647
794.647
794.647
794.647
794.647
794.647
794.647
794.647
794.647
794.647
794.647
794.647
794.647
794.647
794.647
794.647
794.647
794.647
794.647
794.647
794.647
794.647
794.647
794.647
794.647
794.647
794.647
794.647
794.647
794.647
794.647
794.647
794.647
794.647
794.647
794.647
794.647
794.647
794.647
794.647
794.647
794.647
794.647
794.647
794.647
794.647
794.647
794.647
794.647
794.647
794.647
794.647
794.647
794.647
794.647
794.647
794.647
794.647
794.647
794.647
794.647
794.647
794.647
794.647
794.647
794.647
794.647
794.647
794.647
794.647
794.647
794.647
794.647
794.647
794.647
794.647
794.647
794.647
794.647
794.647
794.647
794.647
794.647
794.647
794.647
794.647
794.647
794.647
794.647
794.647
794.647
794.647
794.647
794.647
794.647
794.647
794.647
794.647
794.647
794.647
794.647
794.647
794.647
794.647
794.647
794.647
794.647
794.647
794.647
794.647
794.647
794.647
794.647
794.647
794.647
794.647
794.647
794.647
794.647
794.647
794.647
794.647
794.647
794.647
794.647
794.647
794.647
794.647
794.647
794.647
794.647
794.647
794.647
794.647
794.647
794.647
794.647
794.647
794.647
795.148
795.148
795.148
795.148
795.148
795.148
795.148
795.148
795.148
795.148
795.148
795.148
795.148
795.148
795.148
795.148
795.148
795.148
795.148
795.148
795.148
795.148
795.148
795.148
795.148
795.148
803.873
803.873
803.873
803.873
803.873
803.873
803.873
803.873
803.873
803.873
803.873
803.873
803.873
803.873
803.873
803.873
803.873
803.873
803.873
803.873
803.873
803.873
803.873
803.873
803.873
803.873
803.873
803.873
803.873
803.873
803.873
803.873
803.873
803.873
803.873
803.873
803.873
803.873
803.873
803.873
803.873
803.873
803.873
803.873
803.873
803.873
803.873
803.873
803.873
803.873
803.873
803.873
803.873
803.873
803.873
803.873
803.873
803.873
803.873
803.873
803.873
803.873
803.873
803.873
803.873
803.873
803.873
803.873
803.873
803.873
803.873
803.873
803.873
803.873
803.873
803.873
803.873
803.873
803.873
803.873
803.873
803.873
803.873
803.873
803.873
803.873
803.873
806.126
806.126
806.126
806.126
806.126
806.126
806.126
806.126
806.126
806.126
806.126
806.126
806.126
806.126
806.126
806.126
806.126
806.126
806.126
806.126
806.126
806.126
806.126
806.126
806.126
806.126
806.126
806.126
806.126
806.502
806.502
806.502
806.502
806.502
806.502
806.502
806.502
806.502
806.502
806.502
807.504
807.504
807.504
807.504
807.504
807.504
807.504
807.504
807.504
807.504
807.504
807.504
807.504
807.504
807.504
807.504
807.504
807.504
807.504
807.504
807.504
807.504
807.504
807.504
807.504
807.504
807.504
807.504
807.504
807.504
807.504
807.504
807.504
807.504
807.504
807.504
807.504
807.504
807.504
807.504
807.504
807.504
807.504
807.504
807.504
807.504
807.504
807.504
807.504
807.504
807.504
807.504
807.504
807.504
807.504
807.504
807.504
807.504
807.504
807.504
807.504
807.504
807.504
807.504
807.504
807.504
807.504
807.504
807.504
807.504
807.504
807.504
807.504
807.504
807.504
807.504
807.504
807.504
807.504
807.504
807.504
807.504
807.504
807.504
807.504
807.504
807.504
807.504
807.504
807.504
807.504
807.504
807.504
807.504
807.504
807.504
807.504
807.504
807.504
807.504
807.504
807.504
807.504
807.504
807.504
807.504
807.504
807.504
807.504
807.504
807.504
807.504
807.504
807.504
807.504
807.504
807.504
807.504
807.504
807.504
807.504
807.504
807.504
807.504
807.504
807.504
807.504
807.504
807.504
807.504
807.504
807.504
807.504
807.504
807.504
807.504
807.504
807.504
807.504
807.504
807.504
807.504
807.504
807.504
807.504
807.504
807.504
807.504
807.504
807.504
807.504
807.504
807.504
807.504
807.504
808.563
808.563
808.563
808.563
808.563
808.563
808.563
808.563
808.563
808.563
808.563
808.563
808.563
808.563
808.563
808.563
808.563
808.563
808.563
808.563
808.563
808.563
808.563
808.563
808.563
808.563
808.563
808.563
808.563
808.563
808.563
808.563
808.563
808.563
808.563
808.563
808.563
808.563
808.563
808.563
808.563
808.563
808.563
808.563
808.563
808.563
808.563
808.563
808.563
808.563
808.563
808.563
808.563
808.563
808.563
808.563
808.563
808.563
808.563
808.563
808.563
808.563
808.563
808.563
808.563
808.563
808.563
808.563
808.563
808.563
808.563
808.563
808.563
808.563
808.563
808.563
808.563
808.563
808.563
808.563
808.563
808.563
808.563
808.563
808.563
808.563
808.563
808.563
808.563
808.563
808.563
808.563
808.563
808.563
808.563
808.563
808.563
808.563
808.563
808.563
808.563
808.563
808.563
808.563
808.563
808.563
808.563
808.563
808.563
808.563
808.563
808.563
808.563
808.563
808.563
808.563
808.563
808.563
808.563
808.563
808.563
808.563
808.563
808.563
808.563
808.563
808.563
808.563
808.563
808.563
808.563
808.563
808.563
808.563
808.563
808.563
808.563
808.563
808.563
808.563
808.563
808.563
808.563
808.563
808.563
808.563
808.563
808.563
808.563
808.563
808.563
808.563
808.563
808.563
808.563
808.563
808.563
808.563
808.563
808.563
808.563
808.563
808.563
808.563
808.563
808.563
808.563
808.563
808.563
808.563
808.563
808.563
808.563
808.563
808.563
808.563
808.563
808.563
808.563
808.563
808.563
808.563
808.563
808.563
808.563
808.563
808.563
808.563
808.563
808.563
808.563
808.563
808.563
808.563
808.563
808.563
808.563
808.563
808.563
808.563
808.563
808.563
808.563
808.563
808.563
808.563
808.563
808.563
808.563
808.563
808.563
808.563
808.563
808.563
808.563
808.563
808.563
808.563
808.563
808.563
808.563
808.563
808.563
808.563
808.563
808.563
808.563
808.563
808.563
808.563
808.563
808.563
808.563
808.563
808.563
808.563
808.563
808.563
808.563
808.563
808.563
808.563
808.563
808.563
808.563
808.563
808.563
808.563
808.563
808.563
808.563
808.563
808.563
808.563
808.563
808.563
808.563
808.563
808.563
808.563
808.563
808.563
808.563
808.563
808.563
808.563
808.563
808.563
808.563
808.563
808.563
808.563
808.563
808.563
808.563
808.563
808.563
808.563
808.563
808.563
808.563
808.563
808.563
808.563
808.563
808.563
808.563
808.563
808.563
808.563
808.563
808.563
808.563
808.563
808.563
808.563
808.563
808.563
808.563
808.563
808.563
808.563
808.563
808.563
808.563
808.563
808.563
808.563
808.563
808.563
808.563
808.563
808.563
808.563
808.563
808.563
808.563
808.563
808.563
808.563
808.563
808.563
808.563
808.563
808.563
808.563
808.563
808.563
808.563
808.563
808.563
808.563
808.563
808.563
808.563
808.563
808.563
808.563
808.563
808.563
808.563
808.563
808.563
808.563
808.563
808.563
808.563
808.563
808.563
808.563
808.563
808.563
808.563
808.563
808.563
808.563
808.563
808.563
808.563
808.563
808.563
808.563
808.563
808.563
808.563
808.563
808.563
808.563
808.563
808.563
808.563
808.563
808.563
808.563
808.563
808.563
808.563
808.563
808.563
808.563
808.563
808.563
808.563
808.563
808.563
808.563
808.563
808.563
808.563
808.563
808.92
809.01
809.01
809.01
809.01
809.01
809.01
809.01
809.01
809.01
809.01
809.01
809.01
809.01
809.01
809.074
809.074
809.074
809.074
809.074
809.074
809.074
809.074
809.074
809.074
809.074
809.074
809.074
809.074
809.074
809.074
809.074
809.074
809.074
809.074
809.074
809.074
809.074
809.074
809.074
809.074
809.074
809.074
809.074
809.074
809.074
809.074
809.074
809.074
809.074
809.074
809.074
809.074
809.074
809.074
809.074
809.074
809.074
809.074
809.074
809.074
809.074
809.074
809.074
809.074
809.074
809.074
809.074
809.074
809.074
809.074
809.074
809.074
809.074
809.074
809.074
809.074
809.074
809.074
809.074
809.074
809.074
809.074
809.074
809.074
809.074
809.074
809.074
809.074
809.074
809.074
809.074
809.074
809.074
809.074
809.074
809.074
809.074
809.074
809.074
809.074
809.074
809.074
809.074
809.074
809.074
809.074
809.074
809.074
809.074
809.074
809.074
809.074
809.074
809.074
809.074
809.074
809.074
809.074
809.074
809.074
809.074
809.074
809.074
809.074
809.074
809.074
809.074
809.074
809.074
809.074
809.074
809.074
809.074
809.074
809.074
809.074
809.074
809.074
809.074
809.074
809.074
809.074
809.074
809.074
809.074
809.074
809.074
809.074
809.074
809.074
809.074
809.074
809.074
809.074
809.074
809.074
809.074
809.074
809.074
809.074
809.074
809.074
809.074
809.074
809.074
809.074
809.074
809.074
809.074
809.074
809.074
809.074
809.074
809.074
809.074
809.074
809.074
809.074
809.074
809.074
809.074
809.074
809.074
809.074
809.074
809.074
809.074
809.074
809.074
809.074
809.074
809.074
809.074
809.074
809.074
809.074
809.074
809.074
809.074
809.074
809.074
809.074
809.074
809.074
809.074
809.074
809.074
809.074
809.074
809.074
809.074
809.074
809.074
809.074
809.074
809.074
809.074
809.074
809.074
809.074
809.074
809.074
809.074
809.074
809.074
809.074
809.074
809.074
809.074
809.074
809.074
809.074
809.074
809.074
809.074
809.074
809.074
809.074
809.074
809.074
809.074
809.074
809.074
809.074
809.074
809.074
809.074
809.074
809.074
809.074
809.074
809.074
809.074
809.074
809.074
809.074
809.074
809.074
809.074
809.074
809.074
809.074
809.074
809.074
809.074
809.074
809.074
809.074
809.074
809.074
809.074
809.074
809.074
809.074
809.074
809.074
809.074
809.074
809.074
809.074
809.074
809.074
809.074
809.074
809.074
809.074
809.074
809.074
809.074
809.074
809.074
809.074
809.074
809.074
809.074
809.074
809.074
809.074
809.074
809.074
809.074
809.074
809.074
809.074
809.074
809.074
809.074
809.074
809.074
809.074
809.074
809.074
809.074
809.074
809.074
809.074
809.074
809.074
809.074
809.074
809.074
809.074
809.074
809.074
809.074
809.074
809.074
809.074
809.074
809.074
809.074
809.074
809.074
809.074
809.074
809.074
809.074
809.074
809.074
809.074
809.074
809.074
809.074
809.074
809.074
809.074
809.074
809.074
809.074
809.074
809.074
809.074
809.074
809.074
809.074
809.074
809.074
809.074
809.074
809.074
809.074
809.074
809.074
809.074
809.074
809.074
809.074
809.074
809.074
809.074
809.074
809.074
809.074
809.074
809.074
809.074
809.074
809.074
809.074
809.074
809.074
809.074
809.074
809.074
809.074
809.074
809.074
809.074
809.074
809.074
809.074
809.074
809.074
809.074
809.074
809.074
809.074
809.074
809.074
809.074
809.074
809.074
809.074
809.074
809.074
809.074
809.074
809.074
809.074
809.074
809.074
809.074
809.074
809.074
809.074
809.074
809.074
809.074
809.074
809.074
809.074
809.074
809.074
809.074
809.074
809.074
809.074
809.074
809.074
809.074
809.074
