11.2068 89 26.7654
9, 15, 7, 10, 11, 12
7, 10
12, 4, 6, 8
11, 13, 14
1, 2, 3, 6, 8, 10
5, 4
11.6789 66 22.5431
4, 6, 8, 10, 11
14, 13
4, 5
1, 2, 3, 6, 15
7, 15, 9
13, 11, 12
12.623 63 22.6984
5, 4, 2
1, 2, 3, 6, 8
9, 15, 7, 10
8, 15
12, 11, 13, 14
10, 11
11.4862 73 23.789
12, 11, 13
9, 15, 7, 10
4, 6
10, 8, 6, 3, 2, 1
5, 4
10, 14, 13
10.9756 98 28.3805
9, 15, 7, 10, 13, 14
7, 15
4, 5
1, 2, 3, 6, 8, 10
12, 11, 10, 8, 6, 4
1, 2, 4
11.316 75 24.0528
14, 13
9, 15, 7, 10, 11, 12
5, 4
1, 2, 3, 6, 8, 10, 14
6, 4
3, 2
11.2775 78 24.622
14, 13
9, 15, 7, 10, 11, 12
5, 4
1, 2, 3, 6, 8, 10, 14
6, 4
3, 2, 4
11.1972 90 26.9577
9, 15, 7, 10, 13, 14
7, 15
4, 5
1, 2, 3, 6, 8
12, 11, 10, 8, 6, 4
1, 2, 4
10.9435 100 28.7548
9, 15, 7, 10, 13, 14
7, 15, 8
4, 5
1, 2, 3, 6, 8, 10
12, 11, 10, 8, 6, 4
1, 2, 4
11.6564 70 23.3251
3, 2
6, 4, 5
15, 7
10, 14, 13, 11, 12
9, 15, 8
1, 2, 3, 6, 8, 10
11.1651 92 27.332
9, 15, 7, 10, 13, 14
7, 15, 8
4, 5
1, 2, 3, 6, 8
12, 11, 10, 8, 6, 4
1, 2, 4
11.2389 85 25.9911
9, 15
1, 2, 3, 6, 8, 10, 13
15, 7, 10, 11, 12
13, 14
5, 4, 6, 8
9, 15
11.0045 93 27.4036
9, 15
1, 2, 3, 6, 8, 10, 13
15, 7, 10, 11, 12
13, 14
5, 4, 6, 8, 10
9, 15
11.2293 87 26.3834
9, 15
1, 2, 3, 6, 8, 10, 13
15, 7, 10, 11, 12
13, 14
5, 4, 6, 8
9, 15, 7
10.9949 95 27.7959
9, 15
1, 2, 3, 6, 8, 10, 13
15, 7, 10, 11, 12
13, 14
5, 4, 6, 8, 10
9, 15, 7
10.9049 102 29.124
9, 15
1, 2, 3, 6, 8, 10, 13
15, 7, 10, 11, 12
13, 14
5, 4, 6, 8, 10
9, 15, 7, 10
10.8825 110 30.706
9, 15, 7, 10, 13, 14
7, 15
6, 4, 5, 2, 3
1, 2, 3, 6, 8, 10
12, 11, 10, 8, 6, 4
1, 2, 4
12.3725 65 22.898
12, 4, 6, 3, 2
6, 8, 10, 11, 13, 14
2, 1
8, 15
9, 15, 7
5, 4
10.8889 107 30.1111
9, 15, 7, 10, 13, 14
7, 15, 8
3, 6, 4, 5
1, 2, 3, 6, 8, 10
12, 11, 10, 8, 6, 4
1, 2, 4
11.6757 67 22.7405
1, 2, 3, 6, 8, 10
9, 15, 7
8, 15
2, 5
6, 4, 12
10, 11, 13, 14
