11.1426 90 66.3428
13, 10, 7, 15, 9
10, 8, 6, 4, 5
7, 15, 6, 3, 2, 1
14, 13
8, 10, 11, 12
14, 13
12.4624 66 49.9387
9, 15, 7, 10, 11, 12
2, 4, 5
14, 13
1, 2, 3, 6, 8
10, 14
15, 8
11.1394 94 69.1418
15, 7
13, 10, 8, 6, 4, 5
14, 10
10, 11, 12
14, 10, 8, 6, 3, 2, 1
9, 15, 8
10.9756 98 71.8927
9, 15, 7, 10, 13, 14
7, 15
4, 5
1, 2, 3, 6, 8, 10
12, 11, 10, 8, 6, 4
1, 2, 4
11.2582 87 64.2775
9, 15, 7, 10, 13, 14
7, 15
4, 5
1, 2, 3, 6, 8
12, 11, 10, 8, 6, 4
1, 2
11.0366 95 69.811
9, 15, 7, 10, 13, 14
7, 15
4, 5
1, 2, 3, 6, 8, 10
12, 11, 10, 8, 6, 4
1, 2
11.0045 97 71.2013
9, 15, 7, 10, 13, 14
7, 15, 8
4, 5
1, 2, 3, 6, 8, 10
12, 11, 10, 8, 6, 4
1, 2
10.8889 104 76.0667
9, 15, 7, 10, 13, 14
7, 15, 8
6, 4, 5
1, 2, 3, 6, 8, 10
12, 11, 10, 8, 6, 4
1, 2, 4
10.921 102 74.6763
9, 15, 7, 10, 13, 14
7, 15
6, 4, 5
1, 2, 3, 6, 8, 10
12, 11, 10, 8, 6, 4
1, 2, 4
11.2486 88 64.9746
9, 15, 7, 10, 13, 14
7, 15
6, 4, 5
1, 2, 3, 6, 8, 10
12, 11, 10
1, 2, 4
11.2036 89 65.6611
9, 15, 7, 10
8, 6, 4, 5
10, 11, 12
1, 2, 3, 6, 8, 10, 14
2, 5
10, 13
11.3096 85 62.8929
9, 15, 7, 10, 13, 14
7, 15
6, 4, 5
1, 2, 3, 6, 8, 10
12, 11, 10
1, 2
11.3577 72 53.8073
14, 13, 10
12, 11, 10, 8, 6, 4
4, 5
7, 15, 9
15, 8
1, 2, 3, 6, 8
11.3481 79 58.7044
14, 13, 10, 7
12, 11, 10, 8, 6, 4
4, 5
7, 15, 9
8, 6
1, 2, 3, 6, 8
11.3417 83 61.5025
14, 13, 10, 7
12, 11, 10, 8, 6, 4, 2
4, 5
7, 15, 9
6, 15
1, 2, 3, 6, 8
11.3899 70 52.417
10, 14, 13
12, 11, 10, 8, 6, 4
4, 5
7, 15, 9
15, 8
1, 2, 3, 6, 8
11.5601 68 51.068
10, 14, 13
12, 11, 10, 8, 6, 4
4, 5
7, 15, 9
15, 8
1, 2, 3, 6
11.3513 76 56.6054
14, 13, 10
12, 11, 10, 8, 6, 4, 2
4, 5
7, 15, 9
6, 15
1, 2, 3, 6, 8
13.0501 63 48.015
5, 4, 2
9, 15, 7, 10, 11
1, 2, 3, 6
11, 13, 14
4, 12
6, 8, 15
10.9499 101 73.985
9, 15, 7, 10, 13, 14
7, 15, 8
6, 4, 5
1, 2, 3, 6, 8, 10
12, 11, 10, 8, 6, 4
1, 2
