11.2903 86 41.1742
13, 14
7, 15, 9
7, 10, 11, 12, 4, 5
15, 8
14, 10
11, 10, 8, 6, 3, 2, 1
12.6776 64 33.2066
5, 4, 2
11, 13, 14
12, 11, 10
9, 15
7, 15, 8, 6, 3, 2, 1
10, 8
11.5311 67 33.7187
11, 10, 8, 6, 3, 2, 1
11, 13, 14
6, 4, 12
7, 15, 9
5, 2
8, 15
11.027 87 41.4162
14, 13
7, 15
10, 8, 6, 4, 5
13, 10, 7, 15, 9
12, 11
1, 2, 3, 6, 8, 10, 11
10.9949 89 42.1969
14, 13
7, 15, 8
10, 8, 6, 4, 5
13, 10, 7, 15, 9
12, 11
1, 2, 3, 6, 8, 10, 11
10.9852 94 44.1911
14, 13, 11
7, 15, 8
10, 8, 6, 4, 5
13, 10, 7, 15, 9
12, 11
1, 2, 3, 6, 8, 10, 11
11.422 69 34.4532
1, 2, 3, 6, 8, 10, 11
14, 13
14, 10
9, 15
7, 15, 6, 4, 5
12, 11
10.966 127 57.3796
1, 2, 3, 6, 8, 10, 13
7, 15, 9
2, 5, 4, 12, 11, 10, 14
7, 10, 8, 6, 4, 5
4, 2
8, 10, 11
11.3288 75 36.7973
7, 10, 14, 13
7, 15
9, 15
10, 8, 6, 3, 2, 1
12, 11, 10
8, 6, 4, 5
11.3096 78 37.9857
7, 10, 14, 13
7, 15
9, 15, 6
10, 8, 6, 3, 2, 1
12, 11, 10
8, 6, 4, 5
10.9563 133 59.7738
1, 2, 3, 6, 8, 10, 13
7, 15, 9
2, 5, 4, 12, 11, 10, 14
7, 10, 8, 6, 4, 5
5, 4
8, 10, 11, 13
