11.2775 77 50.711
11, 10, 8, 6, 4, 5
14, 13
9, 15, 7, 10
1, 2, 3, 6, 8
4, 12
13, 10
11.0719 92 59.6288
11, 10, 8, 6, 4, 5
13, 10
9, 15, 7, 10
1, 2, 3, 6, 8
4, 12, 11, 10
14, 13
11.1008 90 58.4403
11, 10, 8, 6, 4, 5
14, 13
9, 15, 7, 10
1, 2, 3, 6, 8
4, 12, 11, 10
10, 14
11.3064 75 49.5225
11, 10, 8, 6, 4, 5
14, 13
9, 15, 7, 10
1, 2, 3, 6, 8
4, 12
10, 14
11.2614 85 55.5046
11, 10, 8, 6, 4, 5
14, 13
9, 15, 7, 10
1, 2, 3, 6, 8
4, 12, 11
10, 14
11.2325 87 56.693
11, 10, 8, 6, 4, 5
14, 13
9, 15, 7, 10
1, 2, 3, 6, 8
4, 12, 11
13, 10
10.9338 111 70.9735
12, 4, 6, 8, 10, 14, 13
5, 2
9, 15, 7, 10, 11, 12
11, 10, 8, 6, 3, 2, 1
14, 10
3, 6
11.2903 76 50.1161
13, 14
12, 11, 10
10, 7
9, 15
1, 2, 3, 6, 8, 10, 14
7, 15, 6, 4, 5
11.271 79 51.9084
13, 14
12, 11, 10
10, 7
9, 15, 6
1, 2, 3, 6, 8, 10, 14
7, 15, 6, 4, 5
13.5125 64 43.805
4, 2, 3
14, 13, 11, 10, 7, 15, 9
12, 11
5, 4, 6, 8
2, 1
15, 8
11.4252 68 45.3701
6, 15, 7
14, 13, 11
5, 4, 12
1, 2, 3, 6, 8, 10, 11
15, 9
8, 6, 4
11.3706 72 47.7482
6, 15, 7
14, 13, 11
5, 4, 12
1, 2, 3, 6, 8, 10, 11
15, 9
8, 6, 4, 5
11.6757 67 44.8703
1, 2, 3, 6, 8, 10
9, 15, 7
8, 15
2, 5
6, 4, 12
10, 11, 13, 14
11.0462 95 61.4185
7, 15, 8
14, 13, 10, 11, 12
14, 10, 8, 6, 4, 5
1, 2, 3, 6, 8, 10
9, 15
10, 7
10.9724 98 63.189
7, 15
14, 13, 10, 11, 12
14, 10, 8, 6, 4, 5
1, 2, 3, 6, 8, 10, 11
9, 15
10, 7
11.0238 97 62.6095
7, 15, 8
14, 13, 10, 11, 12
14, 10, 8, 6, 4, 5
1, 2, 3, 6, 8, 10
9, 15, 7
10, 7
10.9403 100 64.3761
7, 15, 8
14, 13, 10, 11, 12
14, 10, 8, 6, 4, 5
1, 2, 3, 6, 8, 10, 11
9, 15
10, 7
12.5267 65 44.0107
12, 4, 5
9, 15
7, 10, 11
8, 6, 3, 2, 1
11, 13, 14
7, 15, 6, 4
