11.4701 81 67.094
9, 15, 7, 10, 13, 11
10, 8, 6, 3, 2, 1
14, 13
2, 5
11, 12
6, 4, 5
12.4335 65 54.4867
2, 3, 6, 15
2, 1
12, 4
9, 15, 7
6, 8, 10, 11, 13, 14
5, 4, 2
12.0193 66 55.2039
1, 2, 3
4, 6, 15
3, 6, 8, 10, 11, 12
5, 4
9, 15, 7
11, 13, 14
11.1875 83 68.6375
9, 15, 7, 10
11, 12
14, 10, 8, 6, 3, 2, 1
14, 13
5, 4
11, 10, 8, 6, 4
11.5119 76 63.1024
1, 2, 3, 6, 8, 10
3, 2, 4
8, 15
10, 14, 13
5, 4, 12
9, 15, 7, 10, 11
11.4798 78 64.696
1, 2, 3, 6, 8, 10
3, 2, 4
8, 15, 7
10, 14, 13
5, 4, 12
9, 15, 7, 10, 11
13.4033 64 53.8807
9, 15, 7, 10
10, 11, 12
15, 6, 3, 2
11, 13, 14
6, 8
5, 4, 2, 1
11.0013 98 80.6003
2, 5, 4, 12
5, 4, 6, 8, 10, 11, 13
9, 15, 7, 10
1, 2, 3, 6, 8, 10
13, 14
10, 8
11.0238 96 79.0048
12, 11, 10
9, 15, 7, 10, 8, 6, 4
13, 14, 10
4, 5
1, 2, 3, 6, 8, 10, 11
10, 8
11.1426 91 75.0285
12, 11, 10
9, 15, 7, 10, 8, 6, 4
13, 14, 10
4, 5
1, 2, 3, 6, 8, 10
10, 8
11.6981 71 59.1396
13, 14
11, 10
13, 11, 12
5, 2, 4, 6, 15
1, 2, 3, 6, 8, 10
7, 15, 9
