12.6776 64 28.0743
12.0546 66 28.2382
12.851 66 28.7957
11.7206 69 28.9044
11.6339 70 29.1437
11.5376 76 30.8763
11.3706 77 31.0594
12.5748 75 31.3024
11.3642 80 31.9549
11.4862 81 32.3403
11.3385 83 32.8369
11.3706 83 32.8594
11.3995 83 32.8796
11.2999 85 33.41
11.3128 87 34.0189
11.194 89 34.5358
11.1554 91 35.1088
11.0366 94 35.9256
11.0109 106 39.5076
10.9788 108 40.0852
10.9595 112 41.2717
10.9274 114 41.8492
10.8985 124 44.829
10.921 126 45.4447
10.8889 128 46.0222
11.3128 130 46.9189
11.1843 133 47.729
10.7283 166 57.3098
13.2877 92 36.9014
11.9743 152 53.982
11.6275 117 43.2392
12.1606 92 36.1124
12.3147 92 36.2203
13.0758 98 38.5531
12.7579 113 42.8305
12.2569 111 41.8798
13.307 86 35.1149
13.7277 75 32.1094
12.5652 93 36.6956
11.5697 110 41.0988
13.1432 121 45.5003
13.1047 98 38.5733
13.1529 88 35.607
13.4194 100 39.3936
12.9216 90 36.0452
12.8703 81 33.3092
12.4335 134 48.9035
11.7046 99 37.8932
12.9762 93 36.9834
13.2974 93 37.2082
12.7771 91 36.244
12.5202 98 38.1642
13.1882 118 44.6317
13.2171 81 33.552
13.3552 85 34.8486
11.7142 116 42.9999
12.9088 79 32.7362
14.5562 116 44.9893
