11.6789 66 22.5431
12.623 63 22.6984
12.3725 65 22.898
12.7964 65 23.2371
11.6564 70 23.3251
11.4862 73 23.789
11.316 75 24.0528
11.4316 77 24.5453
11.2775 78 24.622
11.3674 79 24.8939
11.332 83 25.6656
11.2389 85 25.9911
11.2293 87 26.3834
11.2582 87 26.4066
11.2068 89 26.7654
11.1972 90 26.9577
11.1651 92 27.332
11.2325 92 27.386
11.0045 93 27.4036
10.9949 95 27.7959
11.1875 96 28.15
10.9756 98 28.3805
11.1586 98 28.5269
11.2197 98 28.5757
11.1651 99 28.732
10.9435 100 28.7548
11.21 100 28.968
10.9049 102 29.124
11.2325 102 29.386
10.9981 103 29.3985
11.149 103 29.5192
11.21 104 29.768
10.8889 109 30.5111
10.8825 110 30.706
10.876 124 33.5008
10.8632 140 36.6906
13.5511 109 32.6409
13.6538 96 30.1231
12.851 90 28.2808
14.5723 100 31.6578
12.8799 100 30.3039
12.2569 142 38.2055
13.3776 94 29.5021
13.3006 83 27.2405
11.9775 103 30.182
11.9261 96 28.7409
13.2074 98 30.166
12.6808 82 26.5446
11.6468 130 35.3174
13.5767 112 33.2614
12.2954 101 30.0364
14.0938 120 35.275
13.0533 92 28.8426
11.5279 89 27.0224
13.1721 92 28.9377
13.2524 101 30.8019
11.4477 121 33.3581
13.3423 88 28.2739
11.6371 101 29.5097
13.6635 84 27.7308
12.79 87 27.632
13.2909 86 27.8328
13.1529 86 27.7223
12.7161 128 35.7729
11.7463 101 29.597
13.1015 91 28.6812
