13.5125 64 43.805
13.4579 65 44.3832
13.0886 66 44.8355
12.5748 67 45.2299
11.7206 69 46.0882
11.5215 70 46.6086
11.4766 73 48.3906
11.3064 75 49.5225
11.2903 76 50.1161
11.2775 77 50.711
11.271 79 51.9084
11.2614 85 55.5046
11.2325 87 56.693
11.1008 90 58.4403
11.2582 90 58.5033
11.0719 92 59.6288
11.1747 96 62.0699
11.0013 98 63.2005
10.9981 106 67.9992
10.9338 111 70.9735
14.9127 99 65.3651
13.1047 103 67.0419
13.0597 114 73.6239
12.0803 117 75.0321
12.517 92 60.2068
13.5061 102 66.6024
12.8349 109 70.534
13.3231 119 76.7292
12.0064 83 54.6026
12.684 108 69.8736
11.5376 112 71.815
13.5864 80 53.4346
12.0257 97 63.0103
12.5395 85 56.0158
12.9056 116 74.7622
13.0886 121 77.8355
13.5318 103 67.2127
13.1818 118 76.0727
11.9743 104 67.1897
12.0321 100 64.8129
12.4239 87 57.1696
11.544 105 67.6176
13.2845 106 68.9138
12.623 94 61.4492
12.9441 153 96.9777
12.9281 81 53.7712
13.5222 81 54.0089
12.2954 104 67.3182
11.8009 104 67.1204
12.806 80 53.1224
