13.0501 63 48.015
14.0071 64 49.0021
12.4624 66 49.9387
11.5601 68 51.068
12.4689 69 52.0407
11.3899 70 52.417
11.5568 70 52.4671
11.7078 70 52.5123
11.5568 71 53.1671
11.9647 71 53.2894
11.3577 72 53.8073
11.5087 72 53.8526
11.3577 73 54.5073
11.5504 74 55.2651
11.3513 76 56.6054
11.5472 77 57.3642
11.3577 78 58.0073
11.5472 78 58.0642
11.3481 79 58.7044
11.3577 79 58.7073
11.3513 82 60.8054
11.3417 83 61.5025
11.3642 84 62.2092
11.3096 85 62.8929
11.377 85 62.9131
11.2582 87 64.2775
11.2486 88 64.9746
11.2036 89 65.6611
11.1426 90 66.3428
11.1394 94 69.1418
11.0366 95 69.811
11.0045 97 71.2013
10.9756 98 71.8927
10.9499 101 73.985
10.921 102 74.6763
10.8889 104 76.0667
10.876 124 90.0628
13.2235 93 69.067
13.1914 78 58.5574
12.2184 91 67.3655
12.9698 95 70.3909
12.5459 115 84.2638
13.2331 93 69.0699
13.2942 102 75.3882
12.5684 126 91.9705
12.9313 77 57.7794
13.1753 93 69.0526
12.8895 94 69.6669
14.113 101 74.9339
12.5523 92 68.1657
14.569 93 69.4707
13.9557 92 68.5867
12.9345 103 75.9803
12.9794 96 71.0938
13.4708 102 75.4412
13.6956 119 87.4087
13.4611 86 64.2383
13.5832 84 62.875
13.641 72 54.4923
12.0674 111 81.3202
13.0051 119 87.2015
12.4721 78 58.3416
12.061 89 65.9183
13.7887 114 83.9366
12.6744 126 92.0023
14.903 103 76.5709
12.5716 120 87.7715
