12.7193 68 51.4158
11.5311 65 48.9593
11.422 72 53.8266
11.3481 73 54.5044
11.422 72 53.8266
11.3417 84 62.2025
11.6018 78 58.0805
11.6018 78 58.0805
11.1972 88 64.9592
11.3931 80 59.4179
11.1329 93 68.4399
11.1972 88 64.9592
11.1426 96 70.5428
12.2569 94 69.4771
11.4155 99 72.7247
11.0912 104 76.1274
11.0912 104 76.1274
12.2569 94 69.4771
11.0944 112 81.7283
11.2999 102 74.79
11.1972 88 64.9592
11.3931 80 59.4179
11.6018 78 58.0805
11.1972 88 64.9592
11.422 72 53.8266
11.422 72 53.8266
11.6018 78 58.0805
11.5825 68 51.0748
11.3931 80 59.4179
11.5376 83 61.5613
11.4155 99 72.7247
11.3931 88 65.0179
11.5311 65 48.9593
11.4155 99 72.7247
12.7193 68 51.4158
11.3931 80 59.4179
11.1426 88 64.9428
11.7367 97 71.421
12.7193 68 51.4158
11.5376 83 61.5613
11.4155 99 72.7247
12.7868 66 50.036
12.7868 66 50.036
11.1972 88 64.9592
11.1972 88 64.9592
11.422 72 53.8266
11.1972 88 64.9592
12.2569 94 69.4771
11.1972 88 64.9592
12.7193 68 51.4158
11.7367 97 71.421
11.3481 73 54.5044
11.3931 80 59.4179
11.422 72 53.8266
11.1972 88 64.9592
11.7367 97 71.421
11.6018 78 58.0805
12.2055 102 75.0617
11.1843 104 76.1553
11.1972 88 64.9592
11.422 72 53.8266
11.6018 78 58.0805
12.7868 66 50.036
11.422 72 53.8266
11.3481 73 54.5044
11.7238 68 51.1171
11.1972 88 64.9592
11.1329 93 68.4399
11.4155 99 72.7247
11.3931 80 59.4179
11.5311 65 48.9593
11.1972 88 64.9592
11.6018 78 58.0805
11.1843 102 74.7553
12.4656 93 68.8397
11.0912 104 76.1274
11.422 72 53.8266
11.1972 88 64.9592
11.4155 99 72.7247
11.4155 99 72.7247
11.3417 84 62.2025
11.1972 88 64.9592
11.7367 97 71.421
11.4348 101 74.1304
11.7367 97 71.421
11.5311 65 48.9593
11.5376 83 61.5613
11.4155 99 72.7247
11.4155 99 72.7247
11.3417 84 62.2025
11.1008 95 69.8303
11.7367 97 71.421
11.1426 88 64.9428
11.3931 80 59.4179
11.0655 112 81.7197
12.2152 96 70.8645
11.1972 88 64.9592
11.2293 86 63.5688
11.422 72 53.8266
11.6018 78 58.0805
11.7367 97 71.421
11.422 72 53.8266
11.7367 97 71.421
11.2999 102 74.79
12.7868 66 50.036
11.1426 88 64.9428
11.4155 99 72.7247
11.4155 99 72.7247
12.4656 93 68.8397
11.1972 88 64.9592
11.5376 83 61.5613
11.422 72 53.8266
11.422 72 53.8266
11.3481 73 54.5044
11.4155 99 72.7247
12.2569 94 69.4771
11.422 72 53.8266
11.3931 80 59.4179
12.2569 94 69.4771
11.0912 104 76.1274
11.6018 78 58.0805
11.422 72 53.8266
11.3931 80 59.4179
11.422 72 53.8266
11.1329 93 68.4399
11.422 72 53.8266
11.1426 88 64.9428
11.5825 68 51.0748
11.1972 88 64.9592
11.0912 104 76.1274
11.3931 80 59.4179
11.422 72 53.8266
11.7367 97 71.421
11.0751 106 77.5225
11.7238 68 51.1171
11.1972 88 64.9592
11.1972 88 64.9592
11.4155 99 72.7247
11.1972 88 64.9592
11.422 72 53.8266
11.422 72 53.8266
12.7193 68 51.4158
11.1972 88 64.9592
11.6018 78 58.0805
11.3481 73 54.5044
11.422 72 53.8266
12.7193 68 51.4158
11.422 72 53.8266
11.1329 93 68.4399
11.3288 85 62.8987
