13.3744 63 53.0749
12.3468 64 53.6694
11.4958 65 54.2992
11.422 72 59.8844
11.5697 71 59.1139
11.6179 71 59.1236
11.422 72 59.8844
11.2036 80 66.2407
11.2036 82 67.8407
11.104 87 71.8208
11.2229 82 67.8446
11.3449 101 83.069
11.0751 109 89.415
11.377 101 83.0754
11.3449 101 83.069
11.316 111 91.0632
12.0867 112 92.0173
11.8619 110 90.3724
11.2839 128 104.657
11.3738 109 89.4748
11.0751 109 89.415
11.104 87 71.8208
11.0751 109 89.415
11.2775 80 66.2555
11.422 72 59.8844
11.2839 82 67.8568
11.422 72 59.8844
11.422 72 59.8844
11.2775 80 66.2555
11.422 72 59.8844
11.6179 71 59.1236
11.5729 112 91.9146
11.422 72 59.8844
11.316 111 91.0632
11.2229 82 67.8446
11.3128 103 84.6626
11.2036 80 66.2407
11.2229 82 67.8446
12.3468 64 53.6694
11.043 111 91.0086
11.2839 82 67.8568
11.3738 109 89.4748
11.0751 109 89.415
13.3744 63 53.0749
11.2775 80 66.2555
11.2839 82 67.8568
11.0751 109 89.415
11.2839 82 67.8568
11.0751 109 89.415
11.422 72 59.8844
11.5022 75 62.3004
10.9788 90 74.1958
11.104 87 71.8208
11.0751 109 89.415
12.3468 64 53.6694
11.4027 106 87.0805
12.3468 64 53.6694
12.3468 64 53.6694
11.3738 109 89.4748
11.5247 95 78.3049
11.2036 80 66.2407
11.5022 68 56.7005
11.2036 82 67.8407
11.2229 82 67.8446
11.4027 106 87.0805
11.3353 114 93.4671
11.5697 71 59.1139
12.0867 112 92.0173
11.3674 75 62.2735
12.2569 75 62.4514
11.3449 101 83.069
11.4091 99 81.4818
11.5022 68 56.7005
11.422 72 59.8844
11.3449 101 83.069
11.4091 99 81.4818
11.2839 82 67.8568
11.3031 83 68.6606
11.5022 68 56.7005
11.4958 65 54.2992
11.2036 83 68.6407
11.5697 71 59.1139
11.3449 101 83.069
11.3674 112 91.8735
11.0751 109 89.415
11.3449 101 83.069
11.104 87 71.8208
11.0751 109 89.415
11.3449 101 83.069
11.422 72 59.8844
11.104 87 71.8208
12.0867 112 92.0173
11.422 72 59.8844
11.0751 109 89.415
11.104 87 71.8208
11.817 120 98.3634
11.4091 99 81.4818
11.3449 101 83.069
11.0462 119 97.4093
11.0751 109 89.415
11.316 111 91.0632
11.5697 71 59.1139
11.4155 75 62.2831
11.4091 116 95.0818
11.5697 71 59.1139
11.0751 109 89.415
11.2036 82 67.8407
11.3385 108 88.6677
11.5022 68 56.7005
11.2036 80 66.2407
12.0867 112 92.0173
11.2036 80 66.2407
11.4091 99 81.4818
11.2036 80 66.2407
11.422 72 59.8844
11.3674 75 62.2735
11.0751 109 89.415
11.104 87 71.8208
11.422 72 59.8844
11.104 87 71.8208
11.3449 101 83.069
11.104 87 71.8208
11.2036 83 68.6407
11.0751 109 89.415
11.6179 71 59.1236
11.316 111 91.0632
11.3449 101 83.069
11.4027 106 87.0805
11.3674 75 62.2735
11.422 72 59.8844
11.422 72 59.8844
12.3468 64 53.6694
11.3449 101 83.069
11.2036 83 68.6407
11.316 111 91.0632
11.316 111 91.0632
11.5697 71 59.1139
12.3468 64 53.6694
11.4091 99 81.4818
11.2036 80 66.2407
11.2036 83 68.6407
11.422 72 59.8844
11.4091 99 81.4818
11.0751 109 89.415
10.9788 90 74.1958
11.4316 110 90.2863
11.422 72 59.8844
11.2775 77 63.8555
11.7881 79 65.5576
11.5697 71 59.1139
