11.7238 68 22.9791
12.6326 63 22.7061
11.4573 68 22.7658
11.422 75 24.1376
11.589 74 24.0712
11.3545 77 24.4836
11.5119 78 24.8095
11.3064 83 25.6451
11.5119 78 24.8095
11.1875 86 26.15
11.1169 88 26.4935
11.3064 83 25.6451
11.3834 87 26.5067
11.8298 87 26.8638
11.3834 90 27.1067
11.5825 68 22.866
11.3545 77 24.4836
11.589 74 24.0712
11.3834 87 26.5067
12.6326 63 22.7061
11.3545 77 24.4836
11.3064 83 25.6451
11.4573 68 22.7658
11.3064 83 25.6451
12.35 76 25.08
11.8298 87 26.8638
11.3545 77 24.4836
11.7592 86 26.6073
11.6211 89 27.0969
11.1169 88 26.4935
12.6326 63 22.7061
11.5311 65 22.2249
11.5119 78 24.8095
11.5119 78 24.8095
11.3545 77 24.4836
11.3064 83 25.6451
11.3545 77 24.4836
11.3064 83 25.6451
11.3545 77 24.4836
12.6326 63 22.7061
12.6326 63 22.7061
11.5119 78 24.8095
11.1169 88 26.4935
11.3064 83 25.6451
11.3449 89 26.8759
11.3064 83 25.6451
11.3064 83 25.6451
11.4252 73 23.7401
11.3834 87 26.5067
11.5922 72 23.6737
11.4573 68 22.7658
12.6326 63 22.7061
11.3449 92 27.4759
11.422 78 24.7376
11.1169 88 26.4935
11.5825 68 22.866
11.4188 70 23.135
11.5311 65 22.2249
11.3449 92 27.4759
12.6326 63 22.7061
11.1169 88 26.4935
11.3449 92 27.4759
11.7592 86 26.6073
12.6294 70 24.1035
11.3545 77 24.4836
11.5119 78 24.8095
11.7592 86 26.6073
11.1169 88 26.4935
11.3834 87 26.5067
11.5922 72 23.6737
11.8298 87 26.8638
11.6211 89 27.0969
11.3545 77 24.4836
11.5119 78 24.8095
11.3545 77 24.4836
11.3545 77 24.4836
12.6326 63 22.7061
11.3064 83 25.6451
11.3064 83 25.6451
11.1875 86 26.15
11.5311 65 22.2249
11.1169 88 26.4935
11.3449 92 27.4759
11.3449 89 26.8759
11.5311 65 22.2249
11.3064 83 25.6451
11.1169 88 26.4935
11.4573 68 22.7658
11.3064 83 25.6451
11.3545 77 24.4836
12.6326 63 22.7061
11.3545 77 24.4836
11.3545 77 24.4836
11.5825 68 22.866
11.5119 78 24.8095
11.1875 86 26.15
11.422 78 24.7376
11.4188 70 23.135
11.5119 78 24.8095
11.4573 68 22.7658
11.3545 77 24.4836
11.4155 72 23.5324
12.6326 63 22.7061
11.7592 86 26.6073
11.1169 88 26.4935
11.3545 77 24.4836
11.3545 77 24.4836
11.3064 83 25.6451
12.6294 70 24.1035
11.3064 83 25.6451
11.3064 83 25.6451
11.4573 68 22.7658
11.3064 83 25.6451
11.5119 78 24.8095
11.3834 87 26.5067
11.3545 77 24.4836
12.6326 63 22.7061
11.5119 78 24.8095
11.3064 83 25.6451
11.3064 83 25.6451
12.6326 63 22.7061
11.5119 78 24.8095
11.3449 92 27.4759
11.3545 77 24.4836
11.3545 77 24.4836
11.422 78 24.7376
11.5825 68 22.866
11.3064 83 25.6451
11.5119 78 24.8095
11.5119 78 24.8095
11.3064 83 25.6451
11.3449 92 27.4759
11.3545 77 24.4836
11.5119 78 24.8095
11.3064 83 25.6451
11.4155 72 23.5324
11.8298 87 26.8638
12.6326 63 22.7061
11.3834 90 27.1067
11.7592 86 26.6073
11.3834 90 27.1067
11.3545 77 24.4836
11.7592 86 26.6073
11.4252 73 23.7401
11.3064 83 25.6451
11.1875 86 26.15
11.5119 78 24.8095
11.1169 88 26.4935
11.589 74 24.0712
11.7238 68 22.9791
