12.9955 64 38.4978
12.4656 67 39.7328
11.7142 69 40.3571
11.438 72 41.719
11.4412 72 41.7206
11.3995 76 43.6997
11.3995 76 43.6997
11.3995 76 43.6997
11.2614 85 48.1307
11.2614 85 48.1307
11.2421 89 50.1211
11.1618 90 50.5809
11.3449 89 50.1724
11.3449 92 51.6724
11.1618 90 50.5809
12.4656 67 39.7328
11.2614 85 48.1307
11.1618 90 50.5809
11.2614 85 48.1307
11.2614 85 48.1307
12.9955 64 38.4978
11.3449 92 51.6724
11.2614 85 48.1307
11.2614 85 48.1307
11.3995 76 43.6997
12.4656 67 39.7328
12.9955 64 38.4978
11.438 72 41.719
11.4412 72 41.7206
11.2614 85 48.1307
11.3995 76 43.6997
12.4656 67 39.7328
11.3834 87 49.1917
11.2614 85 48.1307
11.3449 92 51.6724
11.3834 90 50.6917
12.9955 64 38.4978
11.3995 76 43.6997
12.4656 67 39.7328
11.1618 90 50.5809
11.4412 72 41.7206
11.3995 76 43.6997
12.4656 67 39.7328
12.9955 64 38.4978
11.438 72 41.719
11.2614 85 48.1307
12.9955 64 38.4978
11.2614 85 48.1307
11.3995 76 43.6997
11.3995 76 43.6997
11.4412 72 41.7206
11.2871 78 44.6435
11.438 72 41.719
11.3449 93 52.1724
12.9955 64 38.4978
11.2614 85 48.1307
11.8298 87 49.4149
11.3834 87 49.1917
11.2614 85 48.1307
12.6166 67 39.8083
11.3995 76 43.6997
12.4656 67 39.7328
11.438 72 41.719
12.4656 67 39.7328
11.2614 85 48.1307
11.438 72 41.719
12.9955 64 38.4978
11.2614 85 48.1307
11.2614 85 48.1307
11.3738 94 52.6869
11.4412 72 41.7206
11.3449 93 52.1724
11.438 72 41.719
11.3995 76 43.6997
11.0013 95 53.0006
11.4412 72 41.7206
12.4656 67 39.7328
11.1618 90 50.5809
12.9955 64 38.4978
11.3995 76 43.6997
12.4656 67 39.7328
11.8876 71 41.4438
11.7592 86 48.8796
11.4412 72 41.7206
12.6166 67 39.8083
11.2614 85 48.1307
11.1618 90 50.5809
12.9955 64 38.4978
11.3995 76 43.6997
11.3995 76 43.6997
12.4656 67 39.7328
11.3834 90 50.6917
11.3995 76 43.6997
12.6166 67 39.8083
11.5151 92 51.7575
12.4656 67 39.7328
11.438 72 41.719
11.1618 90 50.5809
11.2614 85 48.1307
11.7592 86 48.8796
11.2614 85 48.1307
11.1554 92 51.5777
11.2614 85 48.1307
11.1618 90 50.5809
11.438 72 41.719
11.3995 76 43.6997
12.4656 67 39.7328
11.4412 72 41.7206
11.8876 71 41.4438
11.3513 92 51.6757
11.2614 85 48.1307
12.4656 67 39.7328
11.8876 71 41.4438
11.3995 76 43.6997
11.3995 76 43.6997
11.8876 71 41.4438
12.4656 67 39.7328
11.438 72 41.719
12.9955 64 38.4978
11.3995 76 43.6997
11.2614 85 48.1307
12.4656 67 39.7328
11.438 72 41.719
12.4656 67 39.7328
12.6166 67 39.8083
12.4656 67 39.7328
12.4656 67 39.7328
11.3995 76 43.6997
11.2614 85 48.1307
11.2614 85 48.1307
12.4656 67 39.7328
11.3995 76 43.6997
11.3995 76 43.6997
11.2614 85 48.1307
12.6166 67 39.8083
11.2614 85 48.1307
11.3513 95 53.1757
11.4412 72 41.7206
11.3513 95 53.1757
12.4656 67 39.7328
12.4656 67 39.7328
11.2614 85 48.1307
12.6166 67 39.8083
11.438 72 41.719
11.5151 92 51.7575
11.3995 76 43.6997
11.2871 78 44.6435
12.9955 64 38.4978
11.2421 89 50.1211
11.3995 76 43.6997
