11.5311 65 32.9187
11.422 69 34.4532
11.3031 71 35.1819
11.422 69 34.4532
11.3802 80 38.8281
11.043 90 42.6258
10.9242 100 46.5545
11.043 90 42.6258
10.9242 100 46.5545
10.9242 100 46.5545
10.9242 100 46.5545
11.422 69 34.4532
11.043 90 42.6258
11.5311 65 32.9187
11.422 69 34.4532
11.7238 68 34.2343
11.043 90 42.6258
10.9242 100 46.5545
11.5311 65 32.9187
11.043 108 49.8258
11.3031 71 35.1819
11.3031 71 35.1819
11.422 69 34.4532
12.6166 72 36.3699
12.6166 72 36.3699
11.422 69 34.4532
11.043 90 42.6258
11.043 100 46.6258
11.5311 65 32.9187
10.9242 100 46.5545
11.043 95 44.6258
11.043 90 42.6258
11.422 69 34.4532
11.3802 80 38.8281
11.043 90 42.6258
12.6166 72 36.3699
11.043 90 42.6258
11.422 69 34.4532
11.7238 68 34.2343
11.043 90 42.6258
11.043 95 44.6258
12.6166 72 36.3699
10.9146 102 47.3487
11.422 69 34.4532
11.3802 80 38.8281
11.0366 116 53.022
11.043 95 44.6258
11.422 69 34.4532
11.043 90 42.6258
11.043 95 44.6258
11.0141 105 48.6085
10.9242 100 46.5545
11.043 95 44.6258
11.043 90 42.6258
11.0366 106 49.022
12.6166 72 36.3699
11.0141 108 49.8085
11.2357 85 40.7414
11.043 100 46.6258
10.9242 100 46.5545
11.043 90 42.6258
10.9242 100 46.5545
11.5825 68 34.1495
11.5311 65 32.9187
11.5311 65 32.9187
11.043 90 42.6258
11.3802 80 38.8281
11.043 90 42.6258
11.043 90 42.6258
11.3031 71 35.1819
11.422 69 34.4532
11.422 69 34.4532
10.9242 100 46.5545
10.9146 102 47.3487
11.5311 65 32.9187
10.9242 100 46.5545
10.9242 100 46.5545
10.9242 100 46.5545
10.9242 100 46.5545
11.422 69 34.4532
10.9242 100 46.5545
10.9242 100 46.5545
10.9242 100 46.5545
10.9242 100 46.5545
11.3802 80 38.8281
10.9242 100 46.5545
11.0366 108 49.822
11.422 69 34.4532
10.9242 102 47.3545
10.9242 100 46.5545
11.043 90 42.6258
10.9242 100 46.5545
12.6166 72 36.3699
10.9242 100 46.5545
10.9242 100 46.5545
11.422 69 34.4532
11.422 69 34.4532
11.043 98 45.8258
10.9242 100 46.5545
10.9242 100 46.5545
11.5311 65 32.9187
11.043 98 45.8258
10.9242 100 46.5545
11.043 90 42.6258
10.9242 100 46.5545
10.9242 100 46.5545
11.3802 80 38.8281
11.043 90 42.6258
11.043 90 42.6258
11.422 69 34.4532
10.9242 100 46.5545
11.422 69 34.4532
10.9242 100 46.5545
11.3802 80 38.8281
10.9242 100 46.5545
10.9146 110 50.5487
11.043 98 45.8258
11.043 90 42.6258
11.422 69 34.4532
11.043 90 42.6258
11.3031 71 35.1819
11.043 98 45.8258
11.2357 85 40.7414
11.043 90 42.6258
10.9242 100 46.5545
11.0141 108 49.8085
10.9242 100 46.5545
10.9242 100 46.5545
11.043 90 42.6258
11.043 90 42.6258
11.043 90 42.6258
10.9242 100 46.5545
11.422 69 34.4532
11.7238 68 34.2343
11.422 69 34.4532
11.043 90 42.6258
10.9242 100 46.5545
11.3802 80 38.8281
11.422 69 34.4532
11.5311 65 32.9187
10.9242 100 46.5545
10.9242 100 46.5545
11.422 69 34.4532
11.422 69 34.4532
10.9242 100 46.5545
10.9242 100 46.5545
11.043 90 42.6258
10.9242 100 46.5545
11.422 69 34.4532
11.043 103 47.8258
