11.1329 93 84.8133
9, 15, 7, 10
7, 15, 6, 4, 5
4, 12, 11, 13
11, 10, 8, 6, 3, 2, 1
14, 10
2, 3
11.1233 95 86.6123
9, 15, 7, 10
7, 15, 6, 4, 5
4, 12, 11, 13, 14
11, 10, 8, 6, 3, 2, 1
14, 10
2, 3
11.043 111 101.004
13, 14, 10, 7, 15, 9
2, 5, 4, 6, 8, 10
14, 10, 8, 6, 3, 2, 1
13, 10
8, 15, 7
13, 11, 12
10.9756 114 103.698
13, 14, 10, 7, 15, 9
2, 5, 4, 6, 8, 10, 11
14, 10, 8, 6, 3, 2, 1
13, 10
15, 7
13, 11, 12
10.9435 116 105.494
13, 14, 10, 7, 15, 9
2, 5, 4, 6, 8, 10, 11
14, 10, 8, 6, 3, 2, 1
13, 10
8, 15, 7
13, 11, 12
10.9146 126 114.491
13, 14, 10, 7, 15, 9
2, 5, 4, 6, 8, 10, 11
14, 10, 8, 6, 3, 2, 1
13, 10
8, 15, 7
13, 11, 12, 4
10.9082 129 117.191
13, 14, 10, 7, 15, 9
2, 5, 4, 6, 8, 10, 11
14, 10, 8, 6, 3, 2, 1
13, 10
8, 15, 7
13, 11, 12, 4, 2
10.9371 123 111.794
13, 14, 10, 7, 15, 9
2, 5, 4, 6, 8, 10, 11
14, 10, 8, 6, 3, 2, 1
13, 10, 7
8, 15, 7
13, 11, 12
10.8857 135 122.589
13, 14, 10, 7, 15, 9
2, 5, 4, 6, 8, 10, 11
14, 10, 8, 6, 3, 2, 1
13, 10
15, 7
13, 11, 12, 4, 2, 1
11.422 72 65.9422
9, 15, 7, 10
12, 11, 13, 14
1, 2, 3, 6, 8, 10
8, 6
6, 4, 5
11, 10
11.2775 77 70.4277
9, 15, 7, 10
12, 11, 13, 14
1, 2, 3, 6, 8, 10, 11
8, 6
6, 4, 5
11, 10
11.0687 107 97.4069
14, 13, 11, 10, 7, 15, 9
12, 4
13, 10, 8, 6, 3, 2, 1
6, 15
3, 6, 15, 7
1, 2, 5, 4, 6, 8
12.3468 64 58.8347
2, 3
8, 15, 7
15, 9
1, 2, 4
5, 4, 12
3, 6, 8, 10, 11, 13, 14
10.8536 137 124.385
13, 14, 10, 7, 15, 9
2, 5, 4, 6, 8, 10, 11
14, 10, 8, 6, 3, 2, 1
13, 10
8, 15, 7
13, 11, 12, 4, 2, 1
13.5157 63 58.0516
15, 7, 10
1, 2, 4, 5
10, 11, 13, 14
9, 15, 8, 6, 3
12, 4
3, 2
11.4958 65 59.6496
13, 14
2, 4, 5
6, 15
9, 15, 7
1, 2, 3, 6, 8, 10, 11
12, 11, 13
11.3353 75 68.6335
2, 5
4, 6, 8, 10, 11, 12
9, 15, 7
1, 2, 3, 6, 8
6, 15, 7
10, 14, 13
11.3995 73 66.8399
2, 5
4, 6, 8, 10, 11, 12
9, 15, 7
1, 2, 3, 6, 8
6, 15
10, 14, 13
11.21 84 76.721
2, 5
4, 6, 8, 10, 11, 12
9, 15, 7, 10
1, 2, 3, 6, 8
6, 15, 7
14, 13, 10
11.2389 82 74.9239
2, 5
4, 6, 8, 10, 11, 12
9, 15, 7, 10
1, 2, 3, 6, 8
6, 15, 7
10, 14, 13
