12.9955 64 38.4978
11.8972 66 38.9486
11.7142 69 40.3571
11.8876 71 41.4438
11.438 72 41.719
11.4412 72 41.7206
11.3481 74 42.6741
11.2486 75 43.1243
11.2871 78 44.6435
11.2389 81 46.1195
11.1265 83 47.0633
11.0976 87 49.0488
11.2421 89 50.1211
11.1618 90 50.5809
11.0784 91 51.0392
11.0719 93 52.036
11.1169 94 52.5584
11.0013 95 53.0006
11.1169 97 54.0584
10.9756 99 54.9878
10.8504 107 58.9252
10.754 152 81.377
11.9069 109 60.4534
13.7823 86 49.8911
13.4804 114 63.7402
12.2505 101 56.6252
13.124 81 47.062
13.5189 101 57.2595
12.9505 85 48.9753
13.079 146 79.5395
12.2023 95 53.6012
13.4226 110 61.7113
12.456 122 67.228
12.9698 94 53.4849
12.045 107 59.5225
13.7823 89 51.3911
12.4239 123 67.7119
12.1863 80 46.0931
12.0096 137 74.5048
13.2845 78 45.6423
14.8035 86 50.4017
13.6185 95 54.3092
12.8092 77 44.9046
13.0501 113 63.025
11.9101 104 57.955
13.49 78 45.745
12.4432 117 64.7216
13.4258 100 56.7129
13.4611 85 49.2306
12.3693 106 59.1847
13.0662 104 58.5331
14.492 85 49.746
