13.3744 63 53.0749
12.3468 64 53.6694
11.4958 65 54.2992
11.5022 68 56.7005
11.422 72 59.8844
11.3995 73 60.6799
11.3353 75 62.2671
11.3674 75 62.2735
11.4155 75 62.2831
11.2775 77 63.8555
11.2036 80 66.2407
11.2036 82 67.8407
11.1715 84 69.4343
11.104 87 71.8208
11.104 90 74.2208
11.0719 91 75.0144
11.1618 91 75.0324
11.0687 107 87.8137
11.0655 108 88.6131
11.0751 109 89.415
11.043 111 91.0086
10.9756 114 93.3951
10.9435 116 94.9887
10.9371 123 100.587
11.0077 124 101.402
10.9146 126 102.983
11.043 126 103.009
10.9082 129 105.382
10.8857 135 110.177
10.8536 137 111.771
10.8471 161 130.969
12.0514 119 97.6103
13.702 123 101.14
13.2781 96 79.4556
13.2781 87 72.2556
11.7624 110 90.3525
11.8619 98 80.7724
14.6461 99 82.1292
13.0662 81 67.4132
13.3038 104 85.8608
13.5575 99 81.9115
12.957 99 81.7914
12.106 75 62.4212
12.4303 111 91.2861
13.4451 94 77.889
13.8304 90 74.7661
12.851 106 87.3702
11.7303 105 86.346
12.6712 93 76.9342
13.0244 110 90.6049
12.6005 112 92.1201
13.474 90 74.6948
13.4098 95 78.682
11.4252 124 101.485
13.3552 114 93.871
12.9409 109 89.7882
12.8221 101 83.3644
13.6635 93 77.1327
13.8112 117 96.3622
13.2909 107 88.2582
13.7759 94 77.9552
