12.7803 63 47.9341
11.5311 65 48.9593
12.7868 66 50.036
11.5825 68 51.0748
12.7193 68 51.4158
11.422 72 53.8266
11.3481 73 54.5044
11.2775 77 57.2832
11.3931 80 59.4179
11.3834 82 60.815
11.3417 84 62.2025
11.2293 86 63.5688
11.1426 88 64.9428
11.1972 88 64.9592
11.2197 88 64.9659
11.1329 90 66.3399
11.0366 93 68.411
11.1329 93 68.4399
11.027 95 69.8081
11.1008 95 69.8303
10.9724 98 71.8917
10.9403 100 73.2821
10.9306 102 74.6792
11.1843 102 74.7553
11.0912 104 76.1274
11.088 106 77.5264
10.9146 111 80.9744
10.8407 112 81.6522
10.8247 116 84.4474
10.7347 117 85.1204
10.7187 123 89.3156
10.7058 129 93.5117
11.894 100 73.5682
12.8317 117 85.7495
12.7868 105 77.336
13.0308 90 66.9092
12.8638 101 74.5592
13.6281 96 71.2884
12.9827 136 99.0948
13.5478 97 71.9644
12.3886 104 76.5166
14.8677 89 66.7603
13.1175 88 65.5353
12.9859 103 75.9958
13.2974 105 77.4892
13.1079 104 76.7324
13.1978 93 69.0593
13.0565 101 74.617
13.4322 85 63.5297
11.8202 93 68.646
12.4528 73 54.8358
13.3102 90 66.9931
12.3661 96 70.9098
12.4464 134 97.5339
12.2826 86 63.8848
13.6635 99 73.399
13.3198 107 78.896
12.9602 91 67.5881
12.2858 109 79.9857
12.8092 95 70.3428
13.124 93 69.0372
13.5093 77 57.9528
