12.4271 65 28.199
12.9955 64 28.2969
11.7463 67 28.3224
11.4573 68 28.4201
11.422 69 28.6954
11.3031 71 29.2122
11.2935 78 31.3055
11.2839 86 33.6987
11.043 90 34.7301
10.9242 100 37.6469
10.9146 102 38.2402
10.8953 110 40.6267
10.8857 112 41.22
10.8825 128 46.0177
10.8471 161 55.893
12.1477 109 41.2034
13.0565 98 38.5396
11.9968 113 42.2978
12.6487 117 43.9541
13.0405 112 42.7283
13.7277 102 40.2094
11.4637 111 41.3246
12.6808 88 35.2766
12.7129 127 46.999
12.1959 105 40.0371
13.3712 88 35.7599
13.0501 117 44.2351
12.5202 128 47.1642
12.4849 95 37.2394
12.8189 93 36.8732
13.8112 74 31.8678
12.7547 118 44.3283
12.2248 89 35.2574
12.2858 110 41.6001
13.1657 112 42.816
12.9538 99 38.7676
13.3038 121 45.6127
13.0854 85 34.6598
12.6326 110 41.8428
13.5254 103 40.3678
12.7001 88 35.29
14.8548 96 39.1984
13.6281 83 34.4397
12.0417 107 40.5292
13.0244 101 39.4171
