13.8048 72 60.361
13.7502 77 64.35
12.8478 74 61.7696
13.352 76 63.4704
12.2505 75 62.4501
12.806 82 68.1612
12.0642 80 66.4128
12.2505 74 61.6501
11.894 81 67.1788
12.1188 77 64.0238
11.8362 76 63.1672
11.9486 76 63.1897
11.6724 77 63.9345
11.7303 83 68.746
11.8362 86 71.1673
11.6403 89 73.5281
11.6724 80 66.3345
11.5922 87 71.9184
11.5922 86 71.1184
11.5922 88 72.7184
11.6114 92 75.9223
11.5922 84 69.5184
11.6179 86 71.1236
11.5922 87 71.9184
11.5922 88 72.7184
11.5922 91 75.1184
11.5922 88 72.7184
11.5922 91 75.1184
11.5922 101 83.1184
11.5793 93 76.7159
11.6179 89 73.5236
11.5536 93 76.7107
11.5536 96 79.1107
11.5472 104 85.5094
11.8362 95 78.3672
11.5408 106 87.1082
11.5922 92 75.9184
11.711 97 79.9422
11.5472 99 81.5094
11.5472 102 83.9094
11.5215 104 85.5043
11.5408 110 90.3082
11.483 106 87.0966
11.483 106 87.0966
11.4733 107 87.8947
11.483 114 93.4966
11.5922 104 85.5184
11.4733 109 89.4947
11.4509 106 87.0902
11.4733 116 95.0947
11.4412 111 91.0882
11.4894 107 87.8979
11.5536 94 77.5107
11.6468 83 68.7294
11.4509 107 87.8902
11.7816 81 67.1563
11.9486 81 67.1897
11.6114 92 75.9223
11.894 81 67.1788
13.7502 76 63.55
11.8362 95 78.3672
11.9294 79 65.5859
11.6179 83 68.7236
11.6082 90 74.3216
11.5922 88 72.7184
11.6179 85 70.3236
11.5922 99 81.5184
11.6468 83 68.7294
11.5215 104 85.5043
11.5472 99 81.5094
11.8298 97 79.966
13.7502 76 63.55
11.4926 103 84.6985
11.6724 77 63.9345
12.806 81 67.3612
11.5922 90 74.3184
11.4509 107 87.8902
11.5472 98 80.7094
13.3231 78 65.0646
11.6468 81 67.1294
11.8105 81 67.1621
11.483 104 85.4966
11.8362 79 65.5672
11.4733 109 89.4947
12.1188 75 62.4238
11.8362 77 63.9672
11.5472 101 83.1094
11.5922 87 71.9184
11.8362 95 78.3672
11.5601 106 87.112
11.4412 110 90.2882
11.483 104 85.4966
11.7848 77 63.957
11.5793 95 78.3159
11.5922 95 78.3184
11.6179 85 70.3236
12.1188 75 62.4238
13.8048 70 58.761
11.4926 112 91.8985
11.5922 92 75.9184
11.9358 85 70.3872
11.5857 98 80.7171
11.8748 87 71.975
11.5857 100 82.3171
11.5472 100 82.3094
11.5922 92 75.9184
12.2248 77 64.045
11.666 86 71.1332
11.6596 100 82.3319
11.8362 78 64.7672
11.6179 84 69.5236
11.5536 94 77.5107
11.5922 90 74.3184
11.5472 101 83.1094
11.5922 93 76.7184
11.5472 98 80.7094
11.5793 91 75.1159
11.4733 107 87.8947
11.5536 104 85.5107
11.8234 86 71.1647
11.483 106 87.0966
11.5793 93 76.7159
11.5536 98 80.7107
11.5793 92 75.9159
11.6724 80 66.3345
12.1959 80 66.4392
11.5536 95 78.3107
11.4412 111 91.0882
11.5472 97 79.9094
11.5922 85 70.3184
11.5922 86 71.1184
11.4733 109 89.4947
11.7046 88 72.7409
11.6468 84 69.5294
13.7502 77 64.35
11.8105 81 67.1621
11.5922 96 79.1184
12.4207 76 63.2841
11.7559 87 71.9512
11.6468 84 69.5294
11.5408 110 90.3082
11.5922 91 75.1184
11.5922 89 73.5184
11.6468 83 68.7294
11.4926 103 84.6985
11.5922 91 75.1184
11.6468 87 71.9294
11.6468 81 67.1294
11.5857 94 77.5172
11.9486 78 64.7897
