12.7001 55 42.31
12.7001 56 43.01
12.668 64 48.6004
12.6904 62 47.2071
14.1227 56 43.4368
12.6166 63 47.885
12.639 60 45.7917
12.7001 58 44.41
12.6166 61 46.485
11.5311 62 46.8593
11.8555 65 49.0566
13.702 59 45.4106
11.5151 67 50.3545
11.5215 67 50.3565
11.5151 68 51.0545
11.4637 72 53.8391
11.4637 73 54.5391
11.5151 71 53.1545
11.5247 71 53.1574
11.5151 67 50.3545
11.5247 64 48.2574
11.5151 73 54.5545
11.4701 74 55.241
11.5151 71 53.1545
11.4637 70 52.4391
11.4701 72 53.841
11.4252 76 56.6276
11.4637 82 60.8391
12.517 65 49.2551
11.4252 75 55.9276
11.4252 74 55.2276
11.361 81 60.1083
11.5151 69 51.7545
11.4252 75 55.9276
11.3706 76 56.6112
11.3642 77 57.3092
11.361 83 61.5083
11.3545 84 62.2064
11.3545 85 62.9064
11.3706 78 58.0112
11.361 82 60.8083
11.4637 74 55.2391
11.332 91 67.0996
11.332 83 61.4996
11.3224 90 66.3967
11.4316 79 58.7295
11.3224 88 64.9967
11.332 95 69.8996
11.332 83 61.4996
11.361 86 63.6083
12.1606 82 61.0482
11.3224 95 69.8967
11.3224 91 67.0967
11.3224 91 67.0967
11.3224 91 67.0967
11.3545 83 61.5064
11.4637 81 60.1391
12.668 64 48.6004
11.361 82 60.8083
11.4541 76 56.6362
12.668 64 48.6004
12.6069 64 48.5821
12.7001 54 41.61
11.332 88 64.9996
11.3706 76 56.6112
11.5151 70 52.4545
11.3642 85 62.9092
11.5247 68 51.0574
11.5247 67 50.3574
11.3642 85 62.9092
11.3642 78 58.0092
11.361 82 60.8083
11.361 83 61.5083
11.4637 73 54.5391
11.3224 95 69.8967
11.5247 64 48.2574
11.4252 77 57.3276
12.1606 81 60.3482
12.6166 62 47.185
11.3545 86 63.6064
11.332 97 71.2996
11.3224 88 64.9967
11.5247 63 47.5574
11.3642 80 59.4092
11.5247 67 50.3574
11.3224 87 64.2967
11.3224 101 74.0967
11.332 84 62.1996
11.3642 82 60.8092
11.3642 90 66.4092
11.332 90 66.3996
11.361 81 60.1083
11.5151 74 55.2545
11.3224 88 64.9967
12.6904 59 45.1071
12.639 62 47.1917
11.361 84 62.2083
11.332 84 62.1996
12.7001 57 43.71
11.332 82 60.7996
11.5311 65 48.9593
11.332 82 60.7996
11.5151 73 54.5545
11.332 87 64.2996
11.4862 82 60.8459
11.3224 92 67.7967
11.332 89 65.6996
11.5151 73 54.5545
11.332 90 66.3996
11.5151 71 53.1545
11.3642 80 59.4092
11.3642 85 62.9092
11.5247 66 49.6574
11.3224 86 63.5967
12.668 66 50.0004
11.361 82 60.8083
11.3706 81 60.1112
11.3706 76 56.6112
12.7001 55 42.31
11.894 60 45.5682
11.5247 78 58.0574
11.332 88 64.9996
11.5247 69 51.7574
11.3706 81 60.1112
11.5151 69 51.7545
11.5247 67 50.3574
11.4252 73 54.5275
11.5311 66 49.6593
11.3642 80 59.4092
11.4155 78 58.0247
11.3224 93 68.4967
12.1606 83 61.7482
11.5247 64 48.2574
11.3224 91 67.0967
11.4701 74 55.241
12.6904 64 48.6071
11.3224 95 69.8967
12.6166 59 45.085
12.639 60 45.7917
11.4637 70 52.4391
13.702 59 45.4106
11.4155 77 57.3247
11.5311 66 49.6593
13.8337 57 44.0501
11.5247 63 47.5574
11.3224 93 68.4967
11.5151 72 53.8545
11.3224 88 64.9967
11.3706 86 63.6112
11.5151 73 54.5545
