12.7932 79 45.8966
12.8221 78 45.411
12.8349 73 42.9175
12.4207 78 45.2103
12.2505 78 45.1252
12.2248 81 46.6124
11.894 84 47.947
13.2074 77 45.1037
11.8362 79 45.4181
11.9358 88 49.9679
11.8362 80 45.9181
11.8362 81 46.4181
11.6724 84 47.8362
11.7592 86 48.8796
11.8362 82 46.9181
11.6724 85 48.3362
11.6468 88 49.8234
11.7848 84 47.8924
11.6179 86 48.8089
11.6018 97 54.3009
11.6724 86 48.8362
11.6724 83 47.3362
11.5922 92 51.7961
11.5922 93 52.2961
11.6179 99 55.3089
11.5922 93 52.2961
11.6179 91 51.3089
11.5922 92 51.7961
11.5922 93 52.2961
11.7046 93 52.3523
11.5922 95 53.2961
11.5922 96 53.7961
11.7559 96 53.878
11.8748 97 54.4374
11.5922 99 55.2961
11.6179 91 51.3089
11.5857 109 60.2929
11.6275 92 51.8137
11.711 101 56.3555
11.5729 102 56.7864
11.5472 105 58.2736
11.5472 106 58.7736
11.5472 107 59.2736
11.5472 108 59.7736
11.5472 109 60.2736
11.5408 112 61.7704
11.5472 104 57.7736
11.4669 120 65.7335
11.4155 123 67.2078
11.3481 133 72.174
12.4849 123 67.7425
12.4849 124 68.2425
11.4027 141 76.2013
11.6468 133 72.3234
11.6275 136 73.8137
11.4123 131 71.2062
11.4284 133 72.2142
11.3449 138 74.6724
11.3449 140 75.6724
11.377 142 76.6885
11.3353 145 78.1676
11.2742 146 78.6371
11.3353 151 81.1676
11.6724 85 48.3362
11.5729 99 55.2864
11.5472 102 56.7736
11.6179 91 51.3089
11.6275 137 74.3137
12.3789 80 46.1895
11.4123 136 73.7062
11.5472 106 58.7736
11.5922 93 52.2961
11.6468 86 48.8234
11.4123 131 71.2062
12.4849 124 68.2425
11.5922 96 53.7961
11.5857 100 55.7929
11.666 94 52.833
11.5472 105 58.2736
12.8221 78 45.411
11.4027 139 75.2013
11.5922 96 53.7961
11.2742 146 78.6371
11.5857 108 59.7929
12.0193 83 47.5096
11.5472 104 57.7736
11.6179 92 51.8089
11.9229 82 46.9615
11.6724 88 49.8362
11.4027 139 75.2013
11.9004 87 49.4502
11.7303 90 50.8651
11.6114 95 53.3057
11.5665 110 60.7832
11.4412 121 66.2206
11.5472 102 56.7736
11.6179 88 49.8089
11.7816 86 48.8908
11.5922 107 59.2961
11.6724 84 47.8362
11.6468 87 49.3234
11.9486 79 45.4743
11.5729 101 56.2864
11.6468 88 49.8234
11.2839 143 77.1419
11.5922 93 52.2961
11.3449 144 77.6724
11.6179 89 50.3089
11.5472 104 57.7736
11.5954 93 52.2977
11.5922 92 51.7961
11.5472 105 58.2736
11.2742 151 81.1371
11.6114 96 53.8057
11.9486 88 49.9743
12.1381 80 46.069
11.3802 131 71.1901
11.5472 116 63.7736
11.9358 88 49.9679
11.8234 90 50.9117
11.5729 103 57.2864
11.5922 94 52.7961
11.5665 109 60.2832
11.361 143 77.1805
12.4207 77 44.7103
11.6114 96 53.8057
11.5729 100 55.7864
11.666 91 51.333
11.5408 112 61.7704
12.4207 77 44.7103
11.7559 90 50.878
11.3449 138 74.6724
11.8234 88 49.9117
11.3353 145 78.1676
11.8105 85 48.4053
11.9486 80 45.9743
11.5922 91 51.2961
11.7784 91 51.3892
11.5922 93 52.2961
11.3353 146 78.6676
11.4123 130 70.7062
11.4155 122 66.7078
11.5729 101 56.2864
11.4669 116 63.7335
11.9486 78 44.9743
11.5857 102 56.7929
11.6628 130 70.8314
11.3353 145 78.1676
11.5472 103 57.2736
11.3706 138 74.6853
