14.5819 42 36.5164
15.4522 42 36.6904
14.5819 43 37.3164
14.5819 53 45.3164
14.5723 49 42.1145
12.623 46 39.3246
14.5819 44 38.1164
12.623 50 42.5246
12.3083 55 46.4617
12.6166 52 44.1233
13.7084 46 39.5417
12.6166 53 44.9233
12.6134 54 45.7227
12.6166 49 41.7233
12.6134 52 44.1227
12.6069 62 52.1214
12.6134 56 47.3227
11.8876 54 45.5775
12.6069 54 45.7214
11.5311 55 46.3062
11.5151 60 50.303
11.5311 56 47.1062
11.5247 57 47.9049
11.5247 58 48.7049
11.5247 68 56.7049
11.4541 67 55.8908
11.5215 62 51.9043
11.5247 60 50.3049
11.5151 61 51.103
11.4701 65 54.294
11.5151 62 51.903
11.3642 70 58.2728
11.4701 66 55.094
11.4252 73 60.685
11.4252 68 56.685
11.4252 75 62.285
11.4155 71 59.0831
11.4155 68 56.6831
11.4252 66 55.085
11.3545 76 63.0709
11.3642 79 65.4728
11.4155 73 60.6831
11.3642 71 59.0728
11.3642 70 58.2728
11.3545 77 63.8709
11.3642 74 61.4728
11.3545 75 62.2709
11.3545 79 65.4709
11.3545 85 70.2709
11.3642 71 59.0728
11.332 78 64.6664
11.3545 78 64.6709
11.332 79 65.4664
11.332 80 66.2664
12.1702 72 60.034
11.332 82 67.8664
11.3224 83 68.6645
11.3224 87 71.8645
11.3224 84 69.4645
11.4701 65 54.294
15.4522 42 36.6904
12.6134 50 42.5227
11.4252 63 52.685
11.4541 69 57.4908
11.332 79 65.4664
15.4522 42 36.6904
12.2987 60 50.4597
11.4252 70 58.285
12.6134 53 44.9227
11.4155 72 59.8831
11.4252 63 52.685
11.4155 73 60.6831
11.3642 81 67.0728
11.5247 56 47.1049
14.5819 45 38.9164
15.4522 41 35.8904
12.623 48 40.9246
11.5247 57 47.9049
11.3642 82 67.8728
11.3224 83 68.6645
14.5819 47 40.5164
13.3455 49 41.8691
11.4252 66 55.085
14.5819 46 39.7164
11.3224 83 68.6645
11.4252 62 51.885
11.4637 66 55.0927
14.5819 43 37.3164
12.6069 53 44.9214
11.5247 55 46.3049
11.3545 75 62.2709
11.8876 54 45.5775
11.3642 81 67.0728
12.6134 53 44.9227
12.623 47 40.1246
11.3545 75 62.2709
12.2922 60 50.4584
11.5247 58 48.7049
11.5311 57 47.9062
11.4252 61 51.085
12.623 50 42.5246
11.332 83 68.6664
12.6069 54 45.7214
11.332 78 64.6664
12.2922 61 51.2584
12.6069 54 45.7214
11.3224 87 71.8645
11.5151 64 53.503
11.3545 75 62.2709
11.3642 72 59.8728
11.5151 70 58.303
11.3545 77 63.8709
11.3642 81 67.0728
14.5819 54 46.1164
15.4522 45 39.0904
11.3642 73 60.6728
11.3642 71 59.0728
11.5151 60 50.303
11.4155 67 55.8831
11.332 83 68.6664
11.332 81 67.0664
11.4252 63 52.685
12.6069 53 44.9214
11.3642 74 61.4728
11.4155 79 65.4831
11.4637 67 55.8927
11.5151 70 58.303
11.3224 83 68.6645
11.332 84 69.4664
11.3545 76 63.0709
11.4541 68 56.6908
12.623 50 42.5246
11.332 78 64.6664
11.332 78 64.6664
11.332 86 71.0664
12.6166 51 43.3233
12.6166 54 45.7233
11.3224 86 71.0645
11.3642 82 67.8728
14.5819 42 36.5164
11.3642 70 58.2728
12.6069 54 45.7214
11.332 81 67.0664
11.5151 61 51.103
11.5247 60 50.3049
14.5819 45 38.9164
13.6988 49 41.9398
12.623 46 39.3246
11.4701 62 51.894
12.623 47 40.1246
