13.262 62 37.631
12.8349 63 37.9175
13.2556 67 40.1278
12.3019 61 36.6509
12.8092 63 37.9046
12.2473 66 39.1236
12.2762 65 38.6381
12.2762 64 38.1381
12.3019 64 38.1509
12.1381 65 38.569
12.2762 65 38.6381
12.0963 73 42.5482
11.8105 69 40.4053
12.0931 69 40.5466
12.1381 67 39.569
11.8362 68 39.9181
11.8105 71 41.4053
11.6724 70 40.8362
11.8105 74 42.9053
11.8234 77 44.4117
11.6724 71 41.3362
11.6724 72 41.8362
11.5922 77 44.2961
11.6724 73 42.3362
11.6468 74 42.8234
11.6179 75 43.3089
11.6468 73 42.3234
11.6179 76 43.8089
11.6179 75 43.3089
11.5922 80 45.7961
11.6179 78 44.8089
11.5922 79 45.2961
11.5922 80 45.7961
11.5922 81 46.2961
11.5729 82 46.7864
11.6468 76 43.8234
11.5729 83 47.2864
11.5665 91 51.2832
11.5472 85 48.2736
11.5665 92 51.7832
11.5472 88 49.7736
11.5408 94 52.7704
11.5472 86 48.7736
11.711 86 48.8555
11.5408 97 54.2704
11.5376 91 51.2688
11.5472 91 51.2736
11.5055 92 51.7527
11.4701 99 55.2351
11.5055 93 52.2527
11.438 101 56.219
11.4477 98 54.7238
11.438 102 56.719
11.4733 96 53.7367
11.4733 97 54.2367
11.4701 98 54.7351
11.4733 102 56.7367
11.438 99 55.219
11.438 101 56.219
11.438 100 55.719
11.5729 164 87.7864
11.5472 87 49.2736
11.5729 82 46.7864
11.4701 99 55.2351
11.5055 92 51.7527
11.5729 82 46.7864
12.1381 66 39.069
11.5729 83 47.2864
11.6468 73 42.3234
11.438 99 55.219
11.7816 72 41.8908
11.6468 73 42.3234
11.6468 74 42.8234
11.5729 83 47.2864
11.8362 67 39.4181
11.5408 96 53.7704
11.4477 99 55.2238
11.6468 73 42.3234
11.5472 90 50.7736
11.4509 103 57.2254
12.2954 69 40.6477
11.5055 93 52.2527
11.5055 94 52.7527
12.0835 69 40.5417
12.1381 66 39.069
11.5729 83 47.2864
12.8349 61 36.9175
11.5729 84 47.7864
11.4798 95 53.2399
11.5922 82 46.7961
11.5665 92 51.7832
11.5472 88 49.7736
11.8362 68 39.9181
11.7816 71 41.3908
11.5472 89 50.2736
13.2556 67 40.1278
11.5408 98 54.7704
11.5601 95 53.28
11.5472 85 48.2736
11.8362 67 39.4181
11.4477 98 54.7238
11.4477 101 56.2238
11.5472 85 48.2736
11.8362 69 40.4181
11.5922 90 50.7961
11.4958 100 55.7479
11.4059 102 56.703
11.6179 76 43.8089
12.2762 68 40.1381
11.5472 89 50.2736
11.6724 71 41.3362
11.6724 70 40.8362
11.5729 83 47.2864
11.6468 74 42.8234
11.6179 76 43.8089
11.438 100 55.719
11.438 99 55.219
11.5922 79 45.2961
11.6179 75 43.3089
11.4701 98 54.7351
12.2762 66 39.1381
12.8092 63 37.9046
11.5922 80 45.7961
11.6724 73 42.3362
11.8105 71 41.4053
12.0771 70 41.0385
11.6179 75 43.3089
12.8349 64 38.4175
12.2762 64 38.1381
12.2954 69 40.6477
11.7977 77 44.3988
11.4123 178 94.7062
13.2364 62 37.6182
11.4733 97 54.2367
11.8362 68 39.9181
11.6179 78 44.8089
11.5408 95 53.2704
11.8362 68 39.9181
12.8349 60 36.4175
11.4733 97 54.2367
11.4123 174 92.7062
11.5922 78 44.7961
12.0963 73 42.5482
11.5472 85 48.2736
11.5376 93 52.2688
11.5472 85 48.2736
11.5922 79 45.2961
11.5472 87 49.2736
12.2697 72 42.1349
11.5055 95 53.2527
