13.4965 79 46.2482
12.4207 79 45.7103
12.1381 80 46.069
12.5106 83 47.7553
11.9486 80 45.9743
12.2248 82 47.1124
11.8362 82 46.9181
11.894 86 48.947
11.9486 81 46.4743
11.6724 85 48.3362
11.7592 87 49.3796
11.6724 93 52.3362
11.7848 84 47.8924
11.6724 87 49.3362
11.6468 90 50.8234
11.6468 91 51.3234
11.6403 97 54.3202
11.6724 88 49.8362
11.7303 88 49.8651
11.6403 98 54.8202
11.5729 102 56.7864
11.5922 96 53.7961
11.6468 89 50.3234
11.6179 93 52.3089
11.5472 105 58.2736
11.5922 97 54.2961
11.5922 96 53.7961
11.5472 108 59.7736
11.5922 98 54.7961
11.5922 99 55.2961
11.7046 99 55.3523
11.5729 102 56.7864
11.5857 102 56.7929
11.5633 118 64.7816
11.5633 119 65.2816
11.5536 126 68.7768
11.5408 131 71.2704
12.3725 117 64.6863
11.711 118 64.8555
11.5633 124 67.7816
11.5633 127 69.2816
11.5633 128 69.7816
11.5408 129 70.2704
11.5633 127 69.2816
11.5633 129 70.2816
12.4721 124 68.236
11.5022 140 75.7511
11.438 129 70.219
12.4721 125 68.736
12.2184 132 72.1092
11.4284 137 74.2142
11.3963 150 80.6981
11.6468 93 52.3234
11.8748 95 53.4374
12.2505 77 44.6252
11.5633 118 64.7816
11.6468 96 53.8234
11.6179 91 51.3089
11.5922 99 55.2961
11.5408 128 69.7704
11.5633 124 67.7816
11.6468 89 50.3234
12.2248 81 46.6124
11.7848 84 47.8924
11.5408 128 69.7704
11.5408 133 72.2704
11.894 87 49.447
11.6468 90 50.8234
11.6468 88 49.8234
11.5247 130 70.7624
11.5633 122 66.7816
11.8748 94 52.9374
11.6468 94 52.8234
11.5247 131 71.2624
11.5633 124 67.7816
11.6532 138 74.8266
11.9358 88 49.9679
11.7592 88 49.8796
11.5633 121 66.2816
11.7559 95 53.378
11.6468 91 51.3234
11.5472 106 58.7736
11.6724 88 49.8362
11.6724 95 53.3362
12.2505 80 46.1252
11.4027 141 76.2013
11.4155 125 68.2078
12.3725 114 63.1863
11.6179 91 51.3089
11.5922 95 53.2961
11.4669 128 69.7335
11.5922 96 53.7961
11.7303 90 50.8651
11.3449 141 76.1724
11.6179 118 64.8089
12.1381 80 46.069
11.9486 83 47.4743
11.5857 103 57.2929
11.6724 85 48.3362
11.6917 131 71.3459
11.6468 88 49.8234
11.5922 100 55.7961
11.4123 132 71.7062
11.5247 130 70.7624
13.4611 84 48.7306
11.6724 86 48.8362
11.5633 122 66.7816
11.9486 79 45.4743
11.5922 97 54.2961
11.5857 104 57.7929
11.7848 84 47.8924
11.4412 132 71.7206
11.9358 87 49.4679
11.5922 96 53.7961
11.5633 124 67.7816
12.3725 117 64.6863
11.3353 149 80.1676
11.5633 119 65.2816
11.5922 95 53.2961
11.6724 84 47.8362
11.5633 123 67.2816
11.6724 85 48.3362
11.5633 125 68.2816
12.5652 77 44.7826
11.5408 131 71.2704
12.2248 81 46.6124
12.1959 84 48.0979
11.6917 130 70.8459
12.2087 86 49.1044
11.3963 153 82.1981
11.6468 92 51.8234
11.6179 89 50.3089
13.2074 77 45.1037
11.666 95 53.333
11.5633 126 68.7816
11.8362 82 46.9181
11.5472 105 58.2736
11.5857 108 59.7929
11.711 120 65.8555
11.5922 101 56.2961
11.5922 100 55.7961
11.4027 139 75.2013
12.5106 82 47.2553
11.6179 90 50.8089
13.4676 81 47.2338
11.5633 129 70.2816
11.4669 129 70.2335
11.4027 139 75.2013
11.3963 148 79.6981
11.6179 94 52.8089
