11.7592 46 15.1832
11.7592 42 14.7832
11.7592 45 15.0832
13.702 28 15.1318
11.7592 44 14.9832
11.5633 48 15.2069
13.6924 33 15.6231
11.7367 47 15.263
11.7592 45 15.0832
12.9955 36 15.296
11.5633 49 15.3069
13.702 30 15.3318
11.5761 57 16.1185
13.641 31 15.3769
11.5633 53 15.7069
13.702 31 15.4318
13.6313 36 15.8682
11.5633 51 15.5069
13.641 33 15.5769
11.5408 52 15.5867
12.6551 45 15.8896
11.5633 55 15.9069
12.973 40 15.6757
13.641 34 15.6769
11.4958 62 16.5462
13.5864 35 15.7277
12.973 39 15.5757
13.641 35 15.7769
11.5408 54 15.7867
13.5767 40 16.2191
12.973 41 15.7757
11.5408 55 15.8867
11.5408 54 15.7867
11.5408 66 16.9867
11.4862 58 16.1376
11.3577 68 17.022
11.5311 58 16.178
11.5408 58 16.1867
11.4862 59 16.2376
11.5633 49 15.3069
11.3577 70 17.222
11.3802 62 16.4422
11.4027 60 16.2624
11.3802 64 16.6422
11.3802 65 16.7422
11.3802 66 16.8422
11.5408 56 15.9867
11.3802 66 16.8422
11.3256 67 16.8931
11.3802 67 16.9422
11.3256 68 16.9931
11.4862 60 16.3376
11.3256 72 17.3931
11.4862 62 16.5376
11.3256 76 17.7931
11.4862 70 17.3376
11.4862 61 16.4376
11.5408 55 15.8867
11.7592 45 15.0832
12.6551 42 15.5896
11.3802 68 17.0422
11.4958 63 16.6462
11.4027 59 16.1624
11.5633 49 15.3069
13.702 30 15.3318
12.973 40 15.6757
11.5408 53 15.6867
11.3802 62 16.4422
11.4027 65 16.7624
11.7592 45 15.0832
13.2203 43 16.1983
11.5408 53 15.6867
11.3802 67 16.9422
11.4862 62 16.5376
11.5311 58 16.178
11.3802 77 17.9422
11.3256 69 17.0931
11.3802 67 16.9422
11.5408 58 16.1867
13.641 33 15.5769
11.5633 48 15.2069
14.2254 27 15.5029
13.5864 35 15.7277
14.1676 39 16.6509
11.3256 71 17.2931
11.7592 46 15.1832
11.3802 71 17.3422
13.368 38 15.8312
11.4027 59 16.1624
11.5408 60 16.3867
11.5408 57 16.0867
11.7367 45 15.063
11.3802 64 16.6422
11.3256 72 17.3931
13.702 28 15.1318
11.7592 43 14.8832
13.641 33 15.5769
11.3802 65 16.7422
12.973 41 15.7757
11.3802 64 16.6422
13.5864 36 15.8277
11.4862 70 17.3376
12.6101 51 16.4491
13.702 32 15.5318
11.3256 72 17.3931
11.4027 61 16.3624
11.3256 70 17.1931
11.4862 65 16.8376
13.702 30 15.3318
13.641 35 15.7769
11.7592 45 15.0832
13.6313 36 15.8682
11.4862 59 16.2376
11.7367 48 15.363
11.5408 55 15.8867
11.5633 51 15.5069
13.368 39 15.9312
13.702 27 15.0318
11.5633 53 15.7069
12.4945 50 16.2451
13.641 34 15.6769
11.3802 66 16.8422
12.973 41 15.7757
11.7367 48 15.363
11.5408 63 16.6867
11.5408 54 15.7867
11.3256 75 17.6931
12.973 42 15.8757
11.4862 70 17.3376
13.702 29 15.2318
11.5408 50 15.3867
11.5408 54 15.7867
11.3802 66 16.8422
11.5408 53 15.6867
11.5408 55 15.8867
13.5864 39 16.1277
11.7592 45 15.0832
12.9955 34 15.096
11.7592 43 14.8832
11.7592 49 15.4832
11.5633 52 15.6069
13.702 28 15.1318
14.0777 39 16.5699
11.3802 64 16.6422
13.641 34 15.6769
11.4027 62 16.4624
11.5633 46 15.0069
13.6924 35 15.8231
11.3802 62 16.4422
11.5408 61 16.4867
