14.553 64 49.1659
13.8048 67 51.0414
14.4727 73 55.4418
13.7502 74 55.925
13.3776 72 54.4133
13.7791 74 55.9337
12.5395 75 56.2618
13.3231 77 57.8969
13.7437 80 60.1231
12.2633 74 55.479
12.0931 77 57.5279
12.2087 82 61.0626
12.2505 82 61.0751
12.106 83 61.7318
11.8362 77 57.4509
11.894 81 60.2682
11.9004 81 60.2701
12.0931 79 58.9279
11.666 85 62.9998
11.7303 82 60.9191
11.8234 85 63.047
11.666 86 63.6998
11.5922 84 62.2776
11.6724 80 59.5017
11.6468 81 60.194
11.6179 82 60.8854
11.6468 82 60.894
11.5729 93 68.5719
11.5922 85 62.9776
11.6179 85 62.9854
11.5922 86 63.6777
11.5922 87 64.3776
11.5922 86 63.6777
11.5922 87 64.3776
11.6468 84 62.294
11.5793 89 65.7738
11.5922 91 67.1777
11.5729 99 72.7719
11.5793 93 68.5738
11.5922 87 64.3776
11.5793 94 69.2738
11.5472 102 74.8642
11.5472 96 70.6642
11.6082 90 66.4825
11.5408 104 76.2622
11.5472 98 72.0642
11.5472 99 72.7642
11.5408 107 78.3622
11.5215 102 74.8565
11.5408 108 79.0622
11.483 100 73.4449
11.4926 100 73.4478
11.5311 109 79.7593
11.4733 104 76.242
11.483 102 74.8449
13.5414 75 56.5624
12.0642 79 58.9193
11.955 84 62.3865
11.8362 78 58.1509
13.7502 77 58.025
11.6724 78 58.1017
11.5215 102 74.8565
11.8362 75 56.0509
13.7502 75 56.625
11.6724 85 63.0017
11.7816 82 60.9345
11.6403 87 64.3921
11.6468 81 60.194
13.7502 76 57.3251
11.8105 80 59.5432
12.2633 75 56.179
11.9294 79 58.8788
11.483 101 74.1449
13.7437 79 59.4231
11.5793 92 67.8738
11.9486 77 57.4846
11.5311 108 79.0593
11.5922 86 63.6777
11.7848 78 58.1355
11.6468 81 60.194
11.5536 95 69.9661
11.6179 82 60.8854
11.5536 96 70.6661
11.5472 99 72.7642
12.2248 77 57.5674
11.5729 97 71.3719
11.5536 97 71.3661
13.7791 75 56.6337
11.5311 109 79.7593
13.4965 76 57.2489
13.5414 73 55.1624
11.9358 84 62.3807
11.483 109 79.7449
11.6724 79 58.8017
11.8362 78 58.1509
14.4984 70 53.3495
11.6179 85 62.9854
11.5729 94 69.2719
11.6179 82 60.8854
11.5922 90 66.4776
11.5536 94 69.2661
11.6468 79 58.794
11.5793 93 68.5738
11.6468 80 59.494
11.5922 84 62.2776
13.3776 73 55.1133
11.6339 86 63.6902
11.666 87 64.3998
12.7482 93 68.9245
11.5793 92 67.8738
11.5922 90 66.4776
11.6179 82 60.8854
13.352 75 56.5056
11.8105 80 59.5432
11.7592 80 59.5277
13.7502 76 57.3251
11.8105 79 58.8432
12.5652 71 53.4696
12.1188 76 56.8356
12.5652 72 54.1696
11.4733 103 75.542
11.9004 81 60.2701
12.106 83 61.7318
11.5408 105 76.9622
11.6468 88 65.094
11.8362 78 58.1509
11.5922 88 65.0776
11.6179 95 69.9854
11.6179 85 62.9854
13.352 76 57.2056
13.3166 80 59.995
11.7784 85 63.0335
11.6114 91 67.1834
11.5472 101 74.1642
11.5793 91 67.1738
14.4727 73 55.4418
11.5536 97 71.3661
11.6179 84 62.2854
12.2633 73 54.779
11.5922 91 67.1777
11.483 104 76.2449
11.5408 106 77.6622
13.3166 80 59.995
12.4207 74 55.5262
11.483 110 80.4449
11.6468 82 60.894
12.2087 82 61.0626
12.2633 75 56.179
11.7303 82 60.9191
12.2248 77 57.5674
