12.8767 47 19.7013
12.8767 48 19.9013
12.8382 48 19.8705
12.8382 47 19.6705
12.5877 50 20.0701
12.6262 50 20.101
12.4881 52 20.3905
12.8382 51 20.4705
12.5877 51 20.2701
12.4881 50 19.9905
12.4496 53 20.5597
12.4496 52 20.3597
12.4399 54 20.752
12.4881 52 20.3905
12.4496 51 20.1597
12.4496 54 20.7597
12.4399 55 20.952
12.4881 51 20.1905
12.4399 56 21.152
12.4399 66 23.152
12.5877 53 20.6701
12.4785 55 20.9828
12.4399 60 21.952
12.4399 56 21.152
12.4399 62 22.352
12.4399 63 22.552
12.1381 69 23.5105
12.4399 64 22.752
11.8362 67 22.869
12.1381 66 22.9105
12.4399 68 23.552
11.8362 68 23.069
12.0963 74 24.4771
11.7816 73 24.0253
11.666 77 24.7328
11.8105 70 23.4484
11.8234 77 24.8587
11.6468 73 23.9174
11.8362 69 23.269
11.5922 77 24.6737
11.666 80 25.3328
11.5922 78 24.8737
11.6724 69 23.138
11.8105 72 23.8484
11.5922 78 24.8737
11.6179 77 24.6943
11.5922 78 24.8737
11.6114 85 26.2891
11.5922 79 25.0737
11.5922 80 25.2737
11.6468 75 24.3174
11.5922 82 25.6737
11.5922 83 25.8737
11.5729 84 26.0583
11.6179 80 25.2943
11.5729 85 26.2583
11.5729 86 26.4583
11.5408 94 28.0326
11.5729 87 26.6583
11.5472 97 28.6378
11.5472 89 27.0378
11.5408 97 28.6326
11.5729 86 26.4583
12.8382 48 19.8705
11.8105 69 23.2484
11.5472 89 27.0378
11.5922 80 25.2737
11.5922 82 25.6737
12.8382 47 19.6705
12.4496 54 20.7597
11.5472 87 26.6378
12.6262 50 20.101
13.0951 64 23.276
12.4881 51 20.1905
11.5922 83 25.8737
11.5857 87 26.6686
11.8105 70 23.4484
11.5472 87 26.6378
11.5472 89 27.0378
12.8767 43 18.9013
11.8362 70 23.469
11.5922 82 25.6737
11.5472 87 26.6378
12.4496 54 20.7597
11.5665 92 27.6532
12.4399 58 21.552
11.5857 86 26.4686
12.4881 54 20.7905
12.8382 51 20.4705
12.4881 50 19.9905
11.5472 88 26.8378
12.4496 53 20.5597
11.5922 79 25.0737
11.5922 84 26.0737
12.4496 53 20.5597
12.4785 52 20.3828
11.5922 83 25.8737
12.8767 44 19.1013
12.8767 45 19.3013
11.5729 84 26.0583
12.4496 57 21.3597
11.5472 88 26.8378
11.5729 87 26.6583
11.5857 85 26.2686
12.6262 50 20.101
11.5922 78 24.8737
11.8362 68 23.069
11.6724 71 23.538
11.6179 75 24.2943
12.4785 51 20.1828
11.6468 73 23.9174
12.4496 53 20.5597
12.4881 49 19.7905
12.4399 59 21.752
12.4399 67 23.352
11.5472 88 26.8378
11.8105 70 23.4484
12.4881 52 20.3905
12.6262 49 19.901
11.6179 75 24.2943
12.4399 58 21.552
12.8382 47 19.6705
11.5922 84 26.0737
12.6262 51 20.301
11.5472 89 27.0378
12.8382 48 19.8705
12.4399 55 20.952
11.6114 84 26.0891
12.8767 44 19.1013
12.4399 56 21.152
11.6724 70 23.338
12.4399 63 22.552
12.4881 52 20.3905
11.8362 67 22.869
12.6262 48 19.701
12.4399 56 21.152
12.4881 52 20.3905
11.8362 69 23.269
11.5729 84 26.0583
11.5729 84 26.0583
11.5922 81 25.4737
12.4785 61 22.1828
12.6262 50 20.101
11.5729 90 27.2583
11.7046 80 25.3636
11.8362 68 23.069
11.5472 86 26.4378
12.4399 63 22.552
11.5922 77 24.6737
11.5472 91 27.4378
