12.4432 82 75.0443
12.4432 83 75.9443
11.9229 88 80.3923
12.4432 89 81.3443
11.7848 85 77.6785
11.9358 94 85.7936
11.7848 86 78.5785
11.7303 93 84.873
11.666 97 88.4666
11.6468 93 84.8647
11.6468 92 83.9647
11.6179 129 117.262
11.6435 128 116.364
11.5633 133 120.856
11.5633 137 124.456
11.6179 129 117.262
11.5633 139 126.256
11.5247 141 128.052
11.5376 141 128.054
11.5055 145 131.651
11.499 149 135.25
11.5055 155 140.651
11.499 150 136.15
11.499 157 142.45
11.499 143 129.85
11.666 97 88.4666
11.5055 145 131.651
11.5055 149 135.251
11.6724 88 80.3672
12.4432 84 76.8443
11.5922 98 89.3592
11.5055 149 135.251
11.8362 88 80.3836
11.5857 132 119.959
11.9486 84 76.7949
12.4432 84 76.8443
11.6403 101 92.064
12.4432 86 78.6443
11.5376 141 128.054
11.7784 96 87.5778
11.499 150 136.15
11.5536 140 127.155
11.5247 140 127.152
11.499 150 136.15
11.5376 141 128.054
11.9486 84 76.7949
11.5055 149 135.251
11.5376 141 128.054
11.6468 92 83.9647
11.5633 138 125.356
11.6179 130 118.162
11.499 151 137.05
11.5761 140 127.158
11.5633 133 120.856
11.6724 89 81.2672
12.4432 87 79.5443
11.5633 132 119.956
11.5311 140 127.153
11.5633 137 124.456
11.5633 133 120.856
12.4432 82 75.0443
12.4432 82 75.0443
11.6468 92 83.9647
11.5055 149 135.251
12.4432 84 76.8443
11.7303 91 83.073
11.6821 138 125.368
11.894 91 83.0894
12.4175 86 78.6417
11.7848 87 79.4785
11.5633 133 120.856
11.5536 141 128.055
11.5055 145 131.651
11.7848 86 78.5785
11.5633 133 120.856
11.9358 94 85.7936
12.4432 87 79.5443
11.9229 88 80.3923
11.499 151 137.05
12.4175 88 80.4417
11.5247 141 128.052
11.7848 87 79.4785
11.9486 84 76.7949
11.5376 149 135.254
11.499 149 135.25
11.5729 134 121.757
11.5536 141 128.055
11.6724 89 81.2672
12.4432 85 77.7443
11.605 131 119.06
11.499 150 136.15
11.5247 141 128.052
11.7303 91 83.073
12.4432 83 75.9443
11.5633 137 124.456
12.4175 86 78.6417
11.7848 88 80.3785
11.5311 136 123.553
11.894 91 83.0894
11.5247 141 128.052
11.5055 145 131.651
11.5376 141 128.054
11.499 143 129.85
12.3725 130 118.237
11.5633 139 126.256
12.2505 82 75.025
11.499 149 135.25
11.6724 89 81.2672
11.7848 85 77.6785
12.4271 122 111.043
11.9454 130 118.195
11.5633 136 123.556
11.5055 145 131.651
11.7848 86 78.5785
12.6358 124 112.864
11.7592 91 83.0759
11.6468 92 83.9647
11.9229 88 80.3923
11.6468 93 84.8647
11.6179 129 117.262
11.6724 90 82.1672
12.4432 82 75.0443
11.499 149 135.25
12.4432 86 78.6443
12.4432 83 75.9443
11.6403 101 92.064
12.4432 84 76.8443
11.499 151 137.05
11.499 150 136.15
11.6724 89 81.2672
11.5055 149 135.251
11.5247 141 128.052
11.5055 145 131.651
11.6468 92 83.9647
11.7784 96 87.5778
11.7303 91 83.073
11.5729 134 121.757
12.4432 84 76.8443
11.9486 85 77.6949
11.5633 139 126.256
11.5633 140 127.156
11.6724 89 81.2672
11.7848 86 78.5785
11.9358 93 84.8936
11.6179 129 117.262
11.6468 92 83.9647
11.6724 89 81.2672
11.9486 84 76.7949
11.9358 94 85.7936
11.6468 92 83.9647
