13.2556 74 43.6278
12.729 71 41.8645
12.729 72 42.3645
12.3019 70 41.1509
12.3019 71 41.6509
12.3019 69 40.6509
12.1188 72 42.0594
12.2954 79 45.6477
12.106 80 46.053
12.0931 76 44.0466
11.8105 77 44.4053
12.0931 77 44.5466
11.8362 76 43.9181
11.666 84 47.833
11.8362 77 44.4181
11.6724 78 44.8362
11.666 86 48.833
11.6468 80 45.8234
11.6724 78 44.8362
11.8105 78 44.9053
11.5922 84 47.7961
11.6724 78 44.8362
11.5922 85 48.2961
11.6179 84 47.8089
11.5922 88 49.7961
11.5922 87 49.2961
11.5922 88 49.7961
11.8748 84 47.9374
11.6468 82 46.8234
11.5922 96 53.7961
11.5793 90 50.7897
11.5922 88 49.7961
11.5793 89 50.2897
11.5536 90 50.7768
11.5793 90 50.7897
11.666 90 50.833
11.5536 96 53.7768
11.5536 97 54.2768
11.5793 92 51.7897
11.5087 106 58.7543
11.5729 94 52.7864
11.5825 99 55.2913
11.5376 99 55.2688
11.5472 97 54.2736
11.5247 98 54.7624
11.4733 103 57.2367
11.499 104 57.7495
12.5973 93 52.7987
11.499 103 57.2495
11.5055 98 54.7527
11.4733 104 57.7367
11.499 104 57.7495
11.4477 108 59.7238
11.4733 106 58.7367
11.4477 110 60.7238
11.4733 105 58.2367
11.4477 115 63.2238
11.499 104 57.7495
12.5395 98 55.2697
12.0771 75 43.5385
12.1188 75 43.5594
11.6403 89 50.3202
11.6403 88 49.8202
12.2473 74 43.1236
12.1188 73 42.5594
11.666 91 51.333
12.729 68 40.3645
11.499 103 57.2495
11.6724 77 44.3362
11.6114 90 50.8057
11.4733 107 59.2367
11.5922 84 47.7961
11.5055 102 56.7527
11.5922 84 47.7961
11.4733 107 59.2367
11.5922 92 51.7961
12.7033 72 42.3516
12.2473 75 43.6236
11.5793 91 51.2897
11.8234 84 47.9117
11.6179 83 47.3089
11.6179 84 47.8089
11.7431 88 49.8715
11.6179 81 46.3089
11.5536 95 53.2768
12.106 79 45.553
11.4733 108 59.7367
12.3019 71 41.6509
11.6724 77 44.3362
12.1188 74 43.0594
11.8105 77 44.4053
11.5472 98 54.7736
11.4573 108 59.7286
11.5055 99 55.2527
11.5472 106 58.7736
11.4477 105 58.2238
11.6179 85 48.3089
12.2762 72 42.1381
13.262 70 41.631
11.5568 97 54.2784
11.6179 85 48.3089
11.4477 108 59.7238
11.5793 90 50.7897
11.6179 82 46.8089
11.5536 98 54.7768
11.5922 88 49.7961
12.0771 76 44.0385
12.6744 74 43.3372
11.5055 101 56.2527
11.4477 108 59.7238
11.5922 85 48.2961
11.5729 97 54.2864
11.6179 84 47.8089
11.8362 75 43.4181
12.5652 97 54.7826
11.6724 77 44.3362
11.6179 83 47.3089
12.2762 74 43.1381
11.5472 98 54.7736
11.499 104 57.7495
11.6724 79 45.3362
12.3019 70 41.1509
11.5922 89 50.2961
12.3019 69 40.6509
11.4733 107 59.2367
11.6179 83 47.3089
11.8105 78 44.9053
11.6179 91 51.3089
11.6468 79 45.3234
11.7592 78 44.8796
11.5922 86 48.7961
12.3019 71 41.6509
11.5793 92 51.7897
11.4477 108 59.7238
11.5729 94 52.7864
11.6468 81 46.3234
11.4573 107 59.2286
11.438 110 60.719
11.6724 78 44.8362
11.4733 103 57.2367
12.3019 70 41.1509
12.729 68 40.3645
11.5922 89 50.2961
11.5793 90 50.7897
11.8362 76 43.9181
11.5087 105 58.2543
11.4733 104 57.7367
11.4573 107 59.2286
12.6744 74 43.3372
11.5536 95 53.2768
