11.7784 94 28.2227
13.7469 83 27.5976
12.4432 83 26.5545
11.7784 95 28.4227
12.4432 84 26.7545
11.7784 96 28.6227
11.6724 88 26.938
12.4432 84 26.7545
13.6538 80 26.9231
11.6468 93 27.9174
13.5157 83 27.4126
13.5511 89 28.6409
11.6179 94 28.0943
11.5633 133 35.8506
11.5633 137 36.6506
11.5633 138 36.8506
11.5633 138 36.8506
11.5247 141 37.4198
11.5311 141 37.4249
11.5376 147 38.6301
11.5793 132 35.6635
11.5601 141 37.448
11.5055 145 38.2044
11.499 150 39.1992
11.5055 156 40.4044
11.5247 142 37.6198
12.4432 81 26.1545
11.5601 141 37.448
12.4432 84 26.7545
11.499 151 39.3992
11.5633 132 35.6506
11.7592 89 27.2073
11.5311 140 37.2249
11.7784 94 28.2227
11.5311 141 37.4249
11.5729 105 30.2583
11.6724 88 26.938
11.499 150 39.1992
11.4669 153 39.7735
12.4175 87 27.334
11.6724 88 26.938
11.5857 132 35.6686
12.4432 85 26.9545
11.6468 93 27.9174
13.596 83 27.4768
11.7848 87 26.8279
11.6114 103 29.8891
11.5247 141 37.4198
13.6281 81 27.1025
11.666 97 28.7328
13.6281 86 28.1025
11.5601 141 37.448
13.6281 81 27.1025
11.5601 141 37.448
11.5601 141 37.448
13.5157 83 27.4126
13.4836 86 27.9869
11.499 149 38.9992
14.113 80 27.2904
11.5247 140 37.2198
11.5055 145 38.2044
11.5055 145 38.2044
11.5376 141 37.4301
11.5633 139 37.0506
11.499 149 38.9992
11.5633 135 36.2506
12.4432 83 26.5545
11.6724 90 27.338
11.5633 133 35.8506
11.7303 91 27.5842
11.7848 88 27.0279
11.5601 141 37.448
11.5793 132 35.6635
11.5633 134 36.0506
12.4432 84 26.7545
11.7303 93 27.9842
11.5601 147 38.648
12.3693 145 38.8954
11.5055 145 38.2044
11.6724 88 26.938
11.499 156 40.3992
11.666 97 28.7328
11.7592 90 27.4073
12.4175 89 27.734
12.4432 84 26.7545
11.5055 150 39.2044
11.6435 146 38.5148
11.5247 141 37.4198
11.5247 141 37.4198
11.5536 142 37.6429
13.535 92 29.228
11.5376 141 37.4301
11.5055 149 39.0044
12.8221 81 26.4577
11.6724 89 27.138
11.499 150 39.1992
11.5311 141 37.4249
11.5633 133 35.8506
12.4175 87 27.334
11.6724 90 27.338
11.5633 138 36.8506
11.6179 94 28.0943
11.7848 85 26.4279
11.6724 89 27.138
12.6134 82 26.4907
12.4432 85 26.9545
11.5633 137 36.6506
11.7303 91 27.5842
11.499 151 39.3992
11.5633 132 35.6506
13.6281 81 27.1025
11.5055 150 39.2044
11.5055 145 38.2044
13.4836 86 27.9869
11.7848 87 26.8279
11.7303 91 27.5842
13.5157 83 27.4126
11.499 150 39.1992
11.5376 141 37.4301
12.4432 85 26.9545
11.7848 85 26.4279
12.4432 84 26.7545
11.7848 86 26.6279
11.5055 156 40.4044
11.6468 93 27.9174
11.5633 135 36.2506
11.499 150 39.1992
11.7784 95 28.4227
12.4432 83 26.5545
12.6134 82 26.4907
11.6468 93 27.9174
11.5247 141 37.4198
12.3725 132 36.298
13.596 83 27.4768
13.7598 80 27.0078
11.5536 141 37.4429
11.5311 141 37.4249
11.5311 141 37.4249
11.5536 141 37.4429
11.5536 140 37.2429
12.411 88 27.5288
12.4432 83 26.5545
11.5857 132 35.6686
11.7592 90 27.4073
11.5633 139 37.0506
11.4669 153 39.7735
11.7303 93 27.9842
11.7848 85 26.4279
11.499 152 39.5992
11.5536 142 37.6429
