14.9801 58 32.1881
14.9544 61 33.3726
14.553 61 33.1318
14.5273 64 34.3164
12.729 65 33.6374
12.729 62 32.4374
14.553 63 33.9318
12.7225 73 36.8335
12.2762 69 34.9657
13.2074 71 36.3245
14.5273 64 34.3164
12.4913 71 35.8948
13.3776 71 36.4266
12.2473 72 36.1484
14.2704 66 34.9622
12.3019 65 33.3811
12.3019 67 34.1811
12.0642 74 36.8385
12.1188 69 34.8713
12.1188 70 35.2713
12.0385 77 38.0231
12.3019 69 34.9811
11.9229 76 37.5538
12.5202 71 35.9121
11.9486 73 36.3692
11.8362 76 37.5017
11.8362 77 37.9017
11.6724 77 37.8035
11.8105 79 38.6863
11.666 85 40.9996
11.6179 83 40.1707
11.5922 84 40.5553
11.6724 80 39.0035
11.6403 88 42.1842
11.5922 84 40.5553
11.6468 82 39.7881
11.5922 85 40.9553
11.5922 82 39.7553
11.5729 93 44.1437
11.6468 79 38.5881
11.6179 82 39.7707
11.5922 87 41.7553
11.6179 84 40.5707
11.5922 89 42.5553
11.5536 92 43.7322
11.5857 97 45.7514
11.7431 88 42.2459
11.5729 92 43.7437
11.5793 92 43.7476
11.6082 87 41.7649
11.6179 82 39.7707
11.5536 94 44.5322
11.5536 97 45.7322
11.5472 94 44.5283
11.5536 96 45.3322
11.5472 106 49.3283
11.5247 98 46.1148
11.5729 94 44.5437
11.5247 99 46.5148
11.4573 107 49.6744
11.5247 101 47.3148
11.3481 190 82.8089
11.8234 84 40.694
11.5922 84 40.5553
14.3828 64 34.2297
11.5793 90 42.9476
11.7367 89 42.642
11.3481 183 80.0089
11.8362 75 37.1017
11.5536 101 47.3322
11.5857 93 44.1514
11.6179 84 40.5707
11.5729 93 44.1437
11.5408 105 48.9245
12.3019 68 34.5811
11.7174 90 43.0304
11.5922 86 41.3553
14.4984 68 35.899
11.5536 96 45.3322
13.3776 68 35.2266
14.4727 68 35.8836
11.6179 83 40.1707
11.5922 83 40.1553
11.5472 95 44.9283
11.5247 101 47.3148
11.5922 85 40.9553
11.8362 93 44.3017
11.5247 100 46.9148
11.5922 85 40.9553
11.8362 77 37.9017
14.5273 65 34.7164
12.1188 71 35.6713
12.0931 76 37.6559
11.6179 82 39.7707
11.5568 94 44.5341
11.6275 86 41.3765
12.0931 74 36.8559
11.8748 82 39.9249
11.8362 83 40.3017
11.5536 98 46.1322
11.6724 78 38.2035
14.553 60 32.7318
11.7816 80 39.069
12.1188 69 34.8713
11.4573 107 49.6744
11.6179 82 39.7707
13.3776 68 35.2266
11.6468 89 42.5881
11.5729 93 44.1437
11.5472 97 45.7283
11.5922 86 41.3553
11.4573 106 49.2744
11.6724 77 37.8035
14.5273 66 35.1164
11.7367 90 43.042
11.8362 76 37.5017
11.5536 94 44.5322
11.6179 84 40.5707
11.8362 75 37.1017
11.6724 77 37.8035
12.3019 67 34.1811
11.8105 79 38.6863
11.6468 84 40.5881
11.666 84 40.5996
11.4573 108 50.0744
11.6179 80 38.9707
11.5472 103 48.1283
11.8362 75 37.1017
12.1188 69 34.8713
12.106 77 38.0636
12.1188 68 34.4713
11.5922 95 44.9553
12.3019 66 33.7811
11.6179 89 42.5707
11.5472 104 48.5283
14.5273 66 35.1164
14.5273 62 33.5164
11.5408 105 48.9245
11.5729 90 42.9437
11.5568 96 45.3341
11.5793 90 42.9476
12.0931 76 37.6559
11.5472 97 45.7283
12.2954 75 37.3773
11.6724 79 38.6035
11.5922 89 42.5553
11.6179 82 39.7707
12.0642 76 37.6385
11.894 79 38.7364
11.5247 99 46.5148
