11.7592 34 13.9832
11.7592 35 14.0832
12.9955 24 14.096
11.7592 36 14.1832
12.9955 25 14.196
11.7592 35 14.0832
12.9955 26 14.296
11.4027 48 15.0624
11.7367 36 14.163
11.7592 41 14.6832
12.9955 24 14.096
12.9955 30 14.696
11.5633 40 14.4069
11.7367 39 14.463
12.6551 31 14.4896
12.9955 31 14.796
11.5633 44 14.8069
12.973 29 14.5757
12.6551 30 14.3896
12.9955 29 14.596
11.4027 51 15.3624
12.973 28 14.4757
11.5408 43 14.6867
12.6551 33 14.6896
11.5633 41 14.5069
12.973 28 14.4757
12.6326 35 14.8694
12.6551 32 14.5896
11.5408 43 14.6867
11.5408 46 14.9867
11.5408 47 15.0867
11.5408 46 14.9867
11.3802 58 16.0422
11.4027 51 15.3624
11.5183 50 15.3665
11.5408 48 15.1867
11.4027 52 15.4624
11.3802 53 15.5422
11.3802 56 15.8422
11.3802 54 15.6422
11.3802 64 16.6422
11.3802 56 15.8422
11.4027 52 15.4624
11.5408 47 15.0867
11.3802 57 15.9422
11.5408 49 15.2867
11.3802 64 16.6422
11.3256 62 16.3931
11.5087 51 15.4578
11.3802 62 16.4422
11.3256 63 16.4931
11.3256 64 16.5931
11.3256 68 16.9931
11.3256 61 16.2931
11.4862 56 15.9376
11.3256 77 17.8931
12.4175 60 17.1757
11.3256 70 17.1931
11.3256 71 17.2931
11.2807 72 17.3526
12.973 28 14.4757
11.5408 50 15.3867
11.4862 54 15.7376
12.9955 27 14.396
11.7367 37 14.263
11.3353 67 16.9017
11.2807 72 17.3526
12.6551 33 14.6896
11.3256 62 16.3931
11.5408 48 15.1867
11.4862 57 16.0376
11.4862 58 16.1376
11.3256 67 16.8931
11.3802 55 15.7422
12.6551 32 14.5896
11.3481 65 16.7133
12.973 29 14.5757
11.4027 53 15.5624
11.3802 65 16.7422
11.5408 46 14.9867
11.4027 50 15.2624
11.7592 35 14.0832
11.5408 50 15.3867
12.6551 33 14.6896
11.3256 67 16.8931
12.6326 34 14.7694
12.9955 26 14.296
11.3353 66 16.8017
11.7592 38 14.3832
11.3481 65 16.7133
11.2807 72 17.3526
12.9955 32 14.896
12.6551 32 14.5896
11.3256 65 16.6931
11.3802 56 15.8422
11.6532 46 15.0879
12.6551 37 15.0896
12.973 30 14.6757
11.5183 53 15.6665
12.9955 29 14.596
11.3256 69 17.0931
12.973 33 14.9757
11.5633 42 14.6069
11.5408 44 14.7867
11.5633 39 14.3069
11.5408 42 14.5867
11.7592 36 14.1832
11.5633 43 14.7069
12.9955 25 14.196
11.7592 38 14.3832
11.5087 51 15.4578
11.4027 55 15.7624
12.9955 24 14.096
11.5183 50 15.3665
11.3256 62 16.3931
11.3481 62 16.4133
11.3256 67 16.8931
11.3256 66 16.7931
11.5408 45 14.8867
11.3802 57 15.9422
11.5183 50 15.3665
11.5408 43 14.6867
11.3256 68 16.9931
11.3256 75 17.6931
12.9955 26 14.296
12.6326 37 15.0694
12.973 29 14.5757
11.4027 51 15.3624
11.2807 71 17.2526
11.3256 64 16.5931
11.3256 65 16.6931
11.5408 48 15.1867
11.5633 40 14.4069
11.7592 34 13.9832
12.9955 31 14.796
12.9955 32 14.896
11.5408 44 14.7867
11.5408 50 15.3867
11.4027 52 15.4624
11.5408 43 14.6867
11.4027 55 15.7624
11.5633 41 14.5069
11.5633 39 14.3069
11.3802 56 15.8422
11.3256 63 16.4931
12.4721 52 16.4249
12.6551 35 14.8896
11.4027 60 16.2624
12.6326 40 15.3694
11.3802 54 15.6422
