13.824 50 24.6768
13.702 49 24.2914
13.8144 52 25.2701
13.6795 49 24.2757
13.7116 49 24.2981
13.6699 54 25.7689
13.6795 51 24.8757
13.6185 56 26.3329
13.6699 56 26.3689
13.6635 51 24.8644
13.6185 58 26.9329
13.6185 59 27.2329
13.0405 60 27.1283
13.6635 56 26.3644
13.0148 60 27.1103
13.6185 61 27.8329
13.0405 62 27.7283
13.0148 63 28.0103
13.0405 63 28.0283
12.2473 66 28.3731
12.7771 64 28.144
12.7803 65 28.4462
12.7514 64 28.126
12.3019 61 26.9113
12.7771 62 27.544
12.3019 69 29.3113
11.9004 69 29.0303
12.3019 65 28.1113
11.955 66 28.1685
11.955 67 28.4685
12.2762 65 28.0933
11.9294 70 29.3505
11.9294 67 28.4505
11.8362 68 28.6854
11.9229 77 31.4461
11.666 78 31.5662
11.8362 71 29.5854
11.6724 72 29.7707
11.8362 70 29.2854
11.5922 78 31.5145
11.6724 74 30.3707
11.6468 73 30.0527
11.6179 76 30.9325
11.6018 85 33.6213
11.6179 77 31.2325
11.6179 76 30.9325
11.5922 79 31.8145
11.6179 77 31.2325
11.5922 80 32.1145
11.5922 81 32.4145
11.5472 91 35.383
11.5729 83 33.001
11.5922 85 33.6145
11.5729 84 33.301
11.5729 92 35.701
11.5472 95 36.583
11.5729 84 33.301
11.5472 85 33.583
11.5472 90 35.083
11.5472 89 34.783
11.5472 160 56.083
11.5055 164 57.2538
13.0148 61 27.4103
13.0405 62 27.7283
11.5055 163 56.9538
11.5922 81 32.4145
13.6699 54 25.7689
13.7919 49 24.3543
11.9294 68 28.7505
11.8844 77 31.4191
11.5729 86 33.901
13.0405 60 27.1283
11.8234 78 31.6764
11.5472 89 34.783
11.9294 67 28.4505
13.0148 60 27.1103
11.955 68 28.7685
11.8362 71 29.5854
12.2954 69 29.3068
11.5922 80 32.1145
12.2762 65 28.0933
11.955 66 28.1685
11.6114 83 33.028
11.955 65 27.8685
11.7816 75 30.7471
12.3019 62 27.2113
13.6185 56 26.3329
11.9294 68 28.7505
11.8362 69 28.9854
13.6635 63 28.4644
13.0148 61 27.4103
13.6635 55 26.0644
12.3019 63 27.5113
11.6114 83 33.028
11.9294 67 28.4505
12.7771 59 26.644
12.2954 72 30.2068
11.955 68 28.7685
13.0148 61 27.4103
11.5472 87 34.183
11.5729 85 33.601
13.0405 62 27.7283
12.7771 61 27.244
11.9486 75 30.864
13.0405 57 26.2283
11.6724 73 30.0707
11.7559 77 31.3292
11.6468 78 31.5527
12.7771 62 27.544
13.6795 49 24.2757
12.7771 65 28.444
11.6468 74 30.3527
11.7913 79 31.9539
13.7116 49 24.2981
13.6795 49 24.2757
13.6795 53 25.4757
12.8349 61 27.2845
13.6635 53 25.4644
11.8362 70 29.2854
11.5472 87 34.183
13.0148 60 27.1103
11.5729 85 33.601
13.6699 54 25.7689
11.6724 74 30.3707
11.9229 77 31.4461
11.9486 75 30.864
11.5568 153 53.9898
11.605 153 54.0235
11.5472 160 56.083
13.0405 63 28.0283
11.5408 93 35.9785
11.5472 86 33.883
11.9294 69 29.0505
13.6795 48 23.9757
12.3019 63 27.5113
11.6179 77 31.2325
11.6468 76 30.9527
13.6635 53 25.4644
12.2473 67 28.6731
11.5472 87 34.183
13.6185 59 27.2329
11.6179 79 31.8325
11.6468 73 30.0527
11.6179 77 31.2325
11.5857 89 34.81
11.9229 77 31.4461
11.5922 81 32.4145
13.6635 53 25.4644
11.6403 82 32.7482
12.7771 63 27.844
