14.5273 56 39.4109
14.9544 56 39.5818
14.2897 58 40.5159
14.2897 56 39.3159
13.3776 63 43.1511
13.1143 64 43.6457
14.2897 62 42.9159
13.7502 63 43.3001
14.2897 59 41.1159
13.7502 64 43.9001
12.8349 64 43.534
13.262 61 41.9048
13.3776 61 41.9511
13.7791 63 43.3116
12.8285 69 46.5314
12.8092 65 44.1237
12.8092 64 43.5237
12.8349 64 43.534
12.8092 68 45.9237
13.0951 63 43.038
12.7803 66 44.7121
12.8092 64 43.5237
12.1381 67 45.0552
11.8234 75 49.7294
12.1381 68 45.6552
12.1381 65 43.8552
11.6468 72 47.8587
11.8362 68 45.5345
11.6724 71 47.269
11.6724 72 47.869
11.6468 73 48.4587
11.6724 73 48.469
11.6724 70 46.669
11.6179 84 55.0471
11.6468 75 49.6587
11.6179 76 50.2471
11.6179 77 50.8471
11.5922 78 51.4369
11.6114 85 55.6446
11.5922 83 54.4369
11.5922 80 52.6369
11.5922 81 53.2369
11.5857 89 58.0343
11.5729 83 54.4292
11.5922 83 54.4369
11.7367 81 53.2947
11.5215 85 55.6086
11.5729 85 55.6292
11.5215 89 58.0086
11.5151 96 62.206
11.5215 88 57.4086
11.5215 84 55.0086
11.5151 87 56.806
12.7322 81 53.6929
11.483 98 63.3932
11.5215 85 55.6086
11.5151 91 59.206
11.483 93 60.3932
11.483 93 60.3932
11.483 94 60.9932
11.3288 137 86.7315
14.2897 58 40.5159
11.6179 75 49.6471
11.7367 80 52.6947
12.8349 63 42.934
11.5087 98 63.4035
11.6724 69 46.069
12.8092 64 43.5237
12.8092 65 44.1237
11.483 91 59.1932
12.8092 65 44.1237
12.8092 65 44.1237
12.8092 66 44.7237
12.8285 70 47.1314
12.1124 70 46.845
11.483 92 59.7932
12.8349 60 41.134
12.8349 60 41.134
11.5922 81 53.2369
14.553 55 38.8212
13.1143 66 44.8457
12.8349 60 41.134
11.5729 83 54.4292
11.5857 88 57.4343
11.6114 85 55.6446
12.1381 68 45.6552
11.6468 73 48.4587
11.5922 80 52.6369
12.8349 64 43.534
11.5729 84 55.0292
13.3776 62 42.5511
11.8362 69 46.1345
11.5151 90 58.606
11.6468 72 47.8587
13.7791 61 42.1116
14.2897 57 39.9159
11.6724 73 48.469
11.5922 79 52.0369
12.0835 72 48.0334
11.5151 87 56.806
11.6468 74 49.0587
11.5729 84 55.0292
13.5414 63 43.2166
11.5087 91 59.2035
14.9255 58 40.7702
11.6114 82 53.8446
11.6018 95 61.6407
12.8349 63 42.934
11.5087 92 59.8035
11.6114 84 55.0446
12.8092 67 45.3237
14.264 58 40.5056
11.5151 92 59.806
14.9255 58 40.7702
11.5215 92 59.8086
11.6114 83 54.4446
11.8362 70 46.7345
12.8092 69 46.5237
12.7803 66 44.7121
11.5922 81 53.2369
13.2588 65 44.3035
12.8028 71 47.7211
13.1978 66 44.8791
11.483 94 60.9932
11.5087 98 63.4035
12.8349 67 45.334
13.8048 63 43.3219
11.6724 77 50.869
11.5151 92 59.806
11.6179 79 52.0471
12.8092 64 43.5237
11.6724 72 47.869
12.7803 68 45.9121
11.8234 77 50.9294
12.0963 75 49.8385
12.8092 68 45.9237
13.3776 61 41.9511
12.0963 73 48.6385
11.5922 79 52.0369
11.483 90 58.5932
11.5087 98 63.4035
12.7322 80 53.0929
14.9801 54 38.392
11.5151 90 58.606
11.5087 91 59.2035
11.5472 87 56.8189
11.7913 79 52.1165
13.0951 64 43.638
14.2897 59 41.1159
11.5922 85 55.6369
