12.7932 79 59.138
12.5106 81 60.4532
12.2505 76 56.8751
12.4207 79 59.0262
12.1959 83 61.7588
11.9486 78 58.1846
12.2248 82 61.0674
11.8362 82 60.9509
11.8362 83 61.6509
11.7816 87 64.4345
11.8105 84 62.3432
11.9486 81 60.2846
11.7848 84 62.3355
11.7816 88 65.1345
11.6724 85 63.0017
11.7592 87 64.4277
11.6468 88 65.094
11.6724 85 63.0017
11.6468 88 65.094
11.6179 92 67.8854
11.6179 86 63.6854
11.6468 87 64.394
11.6114 97 71.3834
11.5729 100 73.4719
11.7303 89 65.8191
11.5922 95 69.9776
11.6179 100 73.4854
11.5922 103 75.5776
11.5857 102 74.8757
11.5922 94 69.2776
11.8748 94 69.3624
11.5922 96 70.6776
11.5922 97 71.3776
11.5857 107 78.3757
11.5857 108 79.0757
11.5472 104 76.2642
11.5922 100 73.4776
11.6275 92 67.8882
11.5472 106 77.6642
11.5922 94 69.2776
11.5472 106 77.6642
11.5729 103 75.5719
11.711 105 77.0133
11.5472 105 76.9642
11.6981 110 80.5094
11.4669 118 86.0401
11.666 123 89.5998
11.4155 124 90.2247
11.3449 141 102.103
11.3963 139 100.719
11.377 138 100.013
11.3449 140 101.403
11.3674 145 104.91
11.3674 146 105.61
11.5857 147 106.376
11.5408 116 84.6622
12.1509 141 102.345
12.2505 78 58.2751
11.5472 106 77.6642
12.5106 82 61.1532
11.9486 82 60.9846
11.5472 105 76.9642
12.5106 82 61.1532
11.5922 91 67.1777
11.5472 108 79.0642
11.894 84 62.3682
11.3449 141 102.103
12.5074 117 85.6522
11.3353 151 109.101
11.9486 79 58.8846
11.6724 86 63.7017
12.2087 85 63.1626
11.7559 94 69.3268
12.1381 81 60.3414
11.8362 82 60.9509
11.9294 86 63.7788
11.5472 107 78.3642
12.806 82 61.2418
11.6724 83 61.6017
11.361 145 104.908
11.6468 89 65.794
11.5857 106 77.6757
11.5922 96 70.6776
11.9229 82 60.9769
11.8362 81 60.2509
11.6179 91 67.1854
11.5922 98 72.0776
11.4669 119 86.7401
11.9486 78 58.1846
11.6403 96 70.6921
11.422 132 95.8266
11.6179 89 65.7854
11.4123 132 95.8237
11.5408 113 82.5622
11.5857 101 74.1757
11.5729 101 74.1719
11.5922 97 71.3776
11.6468 91 67.194
11.5922 95 69.9776
11.5922 95 69.9776
11.5922 98 72.0776
11.5922 99 72.7776
11.7559 96 70.7268
11.4155 123 89.5247
11.5472 108 79.0642
11.7559 96 70.7268
12.2505 79 58.9751
11.9229 85 63.0769
11.5922 96 70.6776
11.9486 81 60.2846
11.8683 87 64.4605
11.3481 132 95.8044
11.5408 113 82.5622
11.5729 103 75.5719
11.8298 105 77.0489
11.6468 96 70.694
12.5074 116 84.9522
11.5922 93 68.5776
11.6724 85 63.0017
11.6853 101 74.2056
11.3481 132 95.8044
11.3706 138 100.011
12.4207 79 59.0262
11.5472 104 76.2642
11.5922 100 73.4776
11.5922 92 67.8776
11.8105 85 63.0432
12.806 82 61.2418
11.5472 108 79.0642
11.7303 89 65.8191
11.5922 95 69.9776
11.3866 143 103.516
12.5395 80 59.7618
11.4637 127 92.3391
11.5408 111 81.1622
11.5472 105 76.9642
11.5536 99 72.7661
11.5408 115 83.9622
11.361 145 104.908
11.3449 140 101.403
11.3353 148 107.001
11.5954 139 100.779
11.6468 90 66.494
11.7046 94 69.3114
11.5729 101 74.1719
11.6179 90 66.4854
11.3353 147 106.301
11.7592 87 64.4277
11.7303 90 66.5191
11.7784 91 67.2335
