12.8767 44 19.1013
12.8767 48 19.9013
12.8767 46 19.5013
12.8382 47 19.6705
12.6262 48 19.701
12.8767 45 19.3013
12.8382 51 20.4705
12.6262 49 19.901
12.4881 50 19.9905
12.6262 50 20.101
12.4881 51 20.1905
12.4785 52 20.3828
12.4881 52 20.3905
12.4496 53 20.5597
12.4785 53 20.5828
12.4496 54 20.7597
12.4399 58 21.552
12.4496 55 20.9597
12.4399 56 21.152
12.4399 57 21.352
12.4399 61 22.152
12.4399 59 21.752
12.4399 60 21.952
12.4399 61 22.152
12.4399 65 22.952
12.4399 66 23.152
12.0963 72 24.0771
12.4399 64 22.752
11.8362 67 22.869
12.1381 66 22.9105
12.4399 60 21.952
11.8362 68 23.069
12.1381 67 23.1105
11.7816 73 24.0253
11.6724 70 23.338
11.8105 70 23.4484
11.8362 70 23.469
11.6724 69 23.138
11.6724 72 23.738
11.8105 70 23.4484
11.666 80 25.3328
11.6403 81 25.5123
11.6114 82 25.6891
11.6468 75 24.3174
11.6179 76 24.4943
11.6179 77 24.6943
11.5922 78 24.8737
11.6179 78 24.8943
11.6179 75 24.2943
11.5922 80 25.2737
11.5922 81 25.4737
11.7559 79 25.2048
11.5922 81 25.4737
11.5922 82 25.6737
11.5729 85 26.2583
11.5922 85 26.2737
11.5665 93 27.8532
11.5472 87 26.6378
11.438 162 41.5504
12.4785 53 20.5828
11.6018 82 25.6814
11.7977 77 24.8382
11.5857 87 26.6686
11.6468 75 24.3174
11.6468 73 23.9174
11.6724 70 23.338
11.5922 84 26.0737
12.4881 51 20.1905
12.4496 54 20.7597
11.6724 70 23.338
12.0963 74 24.4771
12.4881 52 20.3905
12.4399 62 22.352
12.4399 56 21.152
11.666 79 25.1328
12.4399 73 24.552
11.5472 87 26.6378
11.6724 72 23.738
12.4881 50 19.9905
12.6262 50 20.101
12.4399 66 23.152
12.4881 50 19.9905
11.8748 81 25.6998
12.4399 58 21.552
12.4399 65 22.952
11.6724 76 24.538
12.4399 59 21.752
11.6179 80 25.2943
11.5922 81 25.4737
11.8105 73 24.0484
12.4496 53 20.5597
11.8362 68 23.069
12.4496 54 20.7597
12.8767 44 19.1013
12.4399 58 21.552
12.4881 50 19.9905
11.5922 77 24.6737
12.4785 52 20.3828
12.4399 54 20.752
11.5472 87 26.6378
11.5922 79 25.0737
11.7559 78 25.0048
12.4785 52 20.3828
12.4881 50 19.9905
12.4399 55 20.952
11.6468 78 24.9174
11.6468 73 23.9174
12.4785 62 22.3828
11.7816 74 24.2253
11.5857 89 27.0686
12.4399 61 22.152
12.8382 48 19.8705
12.6262 59 21.901
12.4496 55 20.9597
12.0963 72 24.0771
11.6468 73 23.9174
12.8767 45 19.3013
11.5922 79 25.0737
11.6468 73 23.9174
11.5922 91 27.4737
11.8362 67 22.869
11.5922 84 26.0737
12.4399 61 22.152
11.5922 79 25.0737
11.4155 172 43.5324
11.6468 75 24.3174
11.5857 89 27.0686
11.5922 78 24.8737
11.5922 85 26.2737
12.4881 51 20.1905
11.6403 82 25.7123
11.6179 77 24.6943
12.8767 45 19.3013
11.4155 172 43.5324
11.5408 94 28.0326
12.4399 58 21.552
11.5922 91 27.4737
11.6179 75 24.2943
11.6724 70 23.338
11.6724 70 23.338
11.6724 70 23.338
11.5472 87 26.6378
11.6468 81 25.5174
11.5922 80 25.2737
12.4399 66 23.152
12.4881 61 22.1905
12.1381 71 23.9105
12.4399 61 22.152
12.8767 46 19.5013
12.4881 51 20.1905
