13.262 64 38.631
12.7033 69 40.8516
13.262 67 40.131
12.7033 70 41.3516
12.2762 71 41.6381
12.7225 76 44.3613
12.3019 70 41.1509
12.3019 71 41.6509
12.0642 76 44.0321
12.2762 74 43.1381
12.1188 73 42.5594
12.0931 81 46.5466
12.1188 77 44.5594
11.8362 75 43.4181
11.7848 76 43.8924
11.8105 78 44.9053
11.6724 75 43.3362
11.6179 82 46.8089
11.666 86 48.833
11.5922 84 47.7961
11.666 87 49.333
11.5922 85 48.2961
11.6179 82 46.8089
11.6468 84 47.8234
11.6114 90 50.8057
11.6179 82 46.8089
11.5857 92 51.7929
11.5922 87 49.2961
11.7559 83 47.378
11.5922 87 49.2961
11.5922 88 49.7961
11.5922 87 49.2961
11.5536 92 51.7768
11.5922 90 50.7961
11.5536 91 51.2768
11.5729 98 54.7864
11.5536 92 51.7768
11.5472 100 55.7736
11.5536 94 52.7768
11.5536 95 53.2768
11.666 93 52.333
11.5408 104 57.7704
11.666 94 52.833
11.7656 95 53.3828
11.5472 98 54.7736
11.5055 97 54.2527
11.5247 99 55.2624
11.5376 106 58.7688
11.438 107 59.219
11.438 108 59.719
12.5652 93 52.7826
11.499 102 56.7495
11.5376 99 55.2688
11.4059 110 60.703
11.4477 102 56.7238
11.7013 101 56.3507
11.6917 102 56.8459
11.4477 106 58.7238
11.4477 107 59.2238
11.4733 101 56.2367
11.6468 81 46.3234
11.5922 88 49.7961
12.2473 73 42.6236
11.5922 92 51.7961
11.5536 95 53.2768
12.7225 74 43.3613
11.5472 96 53.7736
11.499 102 56.7495
11.5536 95 53.2768
12.3019 67 39.6509
11.6179 83 47.3089
11.5472 96 53.7736
12.0739 76 44.0369
12.3019 69 40.6509
11.4733 103 57.2367
12.5459 71 41.773
12.1188 80 46.0594
11.5536 91 51.2768
11.5055 98 54.7527
12.729 69 40.8645
11.4733 102 56.7367
11.5376 101 56.2688
13.262 67 40.131
12.2473 73 42.6236
11.5472 98 54.7736
11.7592 78 44.8796
11.499 100 55.7495
11.5055 99 55.2527
11.4477 104 57.7238
11.4733 103 57.2367
11.5472 103 57.2736
11.7592 78 44.8796
11.5922 86 48.7961
11.5055 101 56.2527
11.6917 102 56.8459
12.3019 70 41.1509
11.4733 100 55.7367
11.5472 97 54.2736
12.729 67 39.8645
11.5922 88 49.7961
11.4059 109 60.203
11.5922 87 49.2961
11.6724 77 44.3362
13.262 67 40.131
11.5472 100 55.7736
12.0931 75 43.5466
11.6403 87 49.3202
11.5055 100 55.7527
11.5055 99 55.2527
12.1188 74 43.0594
11.4477 105 58.2238
11.5472 101 56.2736
12.3019 68 40.1509
11.3802 114 62.6901
11.4733 104 57.7367
11.5055 100 55.7527
11.7848 76 43.8924
11.5472 101 56.2736
11.5472 97 54.2736
11.7816 79 45.3908
11.5536 94 52.7768
11.5922 85 48.2961
11.5472 101 56.2736
12.1188 72 42.0594
11.6468 79 45.3234
11.5536 93 52.2768
11.6179 82 46.8089
12.1188 72 42.0594
11.6179 82 46.8089
11.6468 81 46.3234
11.5536 92 51.7768
11.8234 82 46.9117
12.5909 93 52.7954
12.729 68 40.3645
11.6724 76 43.8362
11.5922 87 49.2961
11.7303 80 45.8651
11.5536 92 51.7768
11.6724 78 44.8362
12.0931 74 43.0466
11.5055 101 56.2527
11.8362 79 45.4181
11.438 109 60.219
11.4733 103 57.2367
11.666 86 48.833
11.5183 103 57.2592
11.5568 96 53.7784
11.5087 101 56.2543
11.5536 91 51.2768
11.5922 86 48.7961
