14.553 56 51.8553
12.9762 61 56.1976
12.9473 60 55.2947
13.4611 64 58.9461
12.7001 56 51.67
12.6904 63 57.969
12.6069 64 58.8607
12.7001 58 53.47
12.3019 68 62.4302
12.623 60 55.2623
11.8555 66 60.5855
12.6166 66 60.6617
11.5311 67 61.4531
11.894 64 58.7894
11.5311 67 61.4531
11.5151 70 64.1515
11.5311 64 58.7531
11.5247 67 61.4525
11.5151 72 65.9515
11.5247 69 63.2525
11.5247 70 64.1525
11.5151 71 65.0515
11.5215 71 65.0521
11.5247 71 65.0525
11.5151 72 65.9515
11.4637 73 66.8464
11.4798 73 66.848
11.5151 82 74.9515
11.4252 74 67.7425
11.5408 70 64.1541
11.4252 76 69.5425
12.517 68 62.4517
11.4155 76 69.5416
11.4155 82 74.9416
11.3642 86 78.5364
11.3706 79 72.2371
11.3545 86 78.5355
11.3642 78 71.3364
11.3642 84 76.7364
11.3642 80 73.1364
11.3642 83 75.8364
11.361 87 79.4361
11.3545 88 80.3354
11.3224 89 81.2322
11.3545 83 75.8354
11.4316 78 71.3432
11.332 85 77.6332
11.3224 92 83.9322
11.332 89 81.2332
11.332 84 76.7332
11.332 90 82.1332
11.3224 91 83.0322
11.3224 90 82.1322
11.3224 93 84.8322
11.3224 97 88.4322
11.3224 93 84.8322
12.1606 87 79.5161
11.3224 106 96.5322
11.3642 83 75.8364
12.7001 58 53.47
14.553 57 52.7553
11.4701 72 65.947
11.332 90 82.1332
12.7001 57 52.57
11.3642 82 74.9364
11.3642 80 73.1364
12.668 66 60.6668
11.878 70 64.1878
12.7001 57 52.57
11.3224 98 89.3322
11.3642 84 76.7364
11.3545 83 75.8354
11.4155 76 69.5416
12.6166 60 55.2617
11.3642 79 72.2364
11.3224 90 82.1322
11.422 83 75.8422
12.9473 60 55.2947
11.4637 73 66.8464
11.5151 74 67.7515
11.5247 64 58.7525
11.361 84 76.7361
11.3642 84 76.7364
11.5311 65 59.6531
11.3224 89 81.2322
11.5408 72 65.9541
11.332 87 79.4332
11.4316 79 72.2432
11.4252 78 71.3425
11.4252 77 70.4425
11.332 84 76.7332
11.4155 78 71.3416
11.4316 78 71.3432
11.4252 75 68.6425
11.4252 72 65.9425
11.5247 72 65.9525
12.6712 64 58.8671
11.3224 89 81.2322
11.3224 91 83.0322
12.6069 64 58.8607
11.4155 81 74.0416
11.4155 80 73.1416
11.3545 85 77.6355
12.7001 58 53.47
11.3642 81 74.0364
11.5311 66 60.5531
12.9859 55 50.7986
11.5247 65 59.6525
11.5311 68 62.3531
11.5247 68 62.3525
11.3706 79 72.2371
11.4252 75 68.6425
11.3224 91 83.0322
11.5247 69 63.2525
11.361 87 79.4361
11.332 86 78.5332
11.3706 82 74.9371
11.3642 82 74.9364
11.4541 77 70.4454
11.5311 68 62.3531
12.639 63 57.9639
11.4701 71 65.047
11.332 90 82.1332
11.4541 77 70.4454
11.4252 78 71.3425
11.4798 73 66.848
12.668 66 60.6668
11.3642 79 72.2364
12.7001 58 53.47
11.332 92 83.9332
11.3642 78 71.3364
11.5311 74 67.7531
12.6904 64 58.869
11.5247 66 60.5525
11.4316 77 70.4432
11.4155 82 74.9416
11.6403 64 58.764
11.4155 79 72.2416
11.3224 90 82.1322
11.3545 83 75.8354
12.1702 78 71.417
11.4701 77 70.447
11.3224 98 89.3322
11.3642 83 75.8364
11.3642 78 71.3364
11.361 87 79.4361
11.4637 76 69.5464
11.5311 65 59.6531
11.5247 65 59.6525
11.3545 83 75.8354
