13.824 47 23.7768
13.702 52 25.1914
13.702 53 25.4914
13.6699 54 25.7689
13.7116 48 23.9981
13.6795 49 24.2757
13.6635 52 25.1644
13.6795 52 25.1757
13.6635 62 28.1644
13.6635 54 25.7644
13.6635 55 26.0644
13.0405 57 26.2283
13.6635 65 29.0644
13.0405 61 27.4283
13.6185 61 27.8329
13.0405 57 26.2283
12.7514 63 27.826
12.7771 63 27.844
12.3019 62 27.2113
12.7771 64 28.144
12.7803 65 28.4462
13.0148 61 27.4103
12.2473 67 28.6731
12.7771 65 28.444
12.3019 64 27.8113
12.3019 72 30.2113
11.955 66 28.1685
12.3019 64 27.8113
12.3019 64 27.8113
11.8748 72 29.9123
11.9004 72 29.9303
11.9294 69 29.0505
11.8234 77 31.3764
11.8748 74 30.5123
11.6468 73 30.0527
11.8362 71 29.5854
11.6724 72 29.7707
11.6179 77 31.2325
11.5922 78 31.5145
11.6468 76 30.9527
11.6468 82 32.7527
11.6179 76 30.9325
11.6468 78 31.5527
11.6179 77 31.2325
11.6724 72 29.7707
11.5922 79 31.8145
11.6179 79 31.8325
11.7559 77 31.3292
11.5922 81 32.4145
11.5922 82 32.7145
11.7046 80 32.1932
11.5472 86 33.883
11.5922 87 34.2145
11.5729 85 33.601
11.5472 86 33.883
11.5472 88 34.483
11.5408 94 36.2785
11.5472 88 34.483
11.5472 89 34.783
11.711 87 34.2977
11.5857 91 35.41
13.6635 52 25.1644
11.5857 89 34.81
11.8748 74 30.5123
13.6795 52 25.1757
11.7559 77 31.3292
11.5472 86 33.883
12.3019 65 28.1113
13.6795 51 24.8757
11.5922 84 33.3145
11.5857 87 34.21
11.955 65 27.8685
13.6635 56 26.3644
11.5729 82 32.701
13.6635 61 27.8644
12.3019 63 27.5113
12.6134 65 28.3294
11.9294 69 29.0505
11.955 66 28.1685
11.9294 69 29.0505
11.5472 88 34.483
11.5922 79 31.8145
11.6468 78 31.5527
11.955 64 27.5685
11.5922 80 32.1145
13.6795 50 24.5757
11.9294 68 28.7505
12.3019 65 28.1113
11.6179 85 33.6325
12.3019 63 27.5113
11.6724 74 30.3707
12.2954 72 30.2068
12.8285 68 29.38
11.955 74 30.5685
11.5472 89 34.783
12.7771 70 29.944
13.6795 50 24.5757
11.5665 93 35.9965
11.6724 72 29.7707
13.6795 51 24.8757
11.6468 75 30.6527
13.718 56 26.4026
11.6724 72 29.7707
11.5922 82 32.7145
13.7116 49 24.2981
11.6724 71 29.4707
13.6795 50 24.5757
12.2954 72 30.2068
13.6795 50 24.5757
11.9229 77 31.4461
11.5922 81 32.4145
11.5922 82 32.7145
12.2473 66 28.3731
11.6179 76 30.9325
13.6635 64 28.7644
11.5472 88 34.483
11.5922 81 32.4145
11.955 67 28.4685
12.3019 63 27.5113
11.9229 75 30.8461
11.6468 74 30.3527
13.6795 49 24.2757
11.5472 86 33.883
13.6795 50 24.5757
13.0148 59 26.8103
11.5922 80 32.1145
13.0405 61 27.4283
13.0148 64 28.3103
11.6724 72 29.7707
11.5857 89 34.81
11.9004 70 29.3303
13.0405 60 27.1283
13.6795 51 24.8757
11.5472 93 35.983
13.7116 50 24.5981
13.6699 56 26.3689
11.9294 68 28.7505
13.6795 48 23.9757
12.2762 67 28.6933
12.3019 64 27.8113
11.9004 71 29.6303
13.6795 51 24.8757
13.6699 55 26.0689
11.6179 79 31.8325
11.6724 73 30.0707
12.7771 62 27.544
11.8362 78 31.6854
11.9004 70 29.3303
11.5922 79 31.8145
11.5857 90 35.11
