12.8349 60 31.701
12.2954 65 33.3773
14.5273 57 31.5164
12.8349 58 30.901
12.3019 62 32.1811
13.4611 63 33.2767
12.2569 69 34.9541
14.553 57 31.5318
12.2762 61 31.7657
12.3019 61 31.7811
12.2762 62 32.1657
12.2473 66 33.7484
12.2762 66 33.7657
12.1188 64 32.8713
12.2473 71 35.7484
12.0931 67 34.0559
12.0931 68 34.4559
11.8362 67 33.9017
12.0931 71 35.6559
12.1188 67 34.0713
11.8362 68 34.3017
11.8105 71 35.4863
11.6724 70 35.0035
11.8105 70 35.0863
11.8105 72 35.8863
11.666 78 38.1996
11.8362 69 34.7017
11.6468 73 36.1881
11.6179 77 37.7707
11.6403 81 39.3842
11.6179 75 36.9707
11.6724 71 35.4035
11.6179 76 37.3707
11.6114 84 40.5669
11.5922 78 38.1553
11.6179 78 38.1707
11.7559 76 37.4536
11.6179 76 37.3707
11.5922 81 39.3553
11.5729 82 39.7437
11.6179 78 38.1707
11.5729 83 40.1437
11.5729 91 43.3437
11.5472 85 40.9283
11.5729 85 40.9437
11.5472 86 41.3283
11.5472 87 41.7283
11.5408 95 44.9245
11.5472 87 41.7283
11.5472 90 42.9283
11.5472 91 43.3283
11.5408 92 43.7245
11.5408 99 46.5245
11.5408 93 44.1245
11.6981 91 43.4189
11.5408 93 44.1245
11.5408 96 45.3245
11.5408 103 48.1245
11.5022 148 66.1013
11.6724 71 35.4035
11.5408 96 45.3245
11.5408 95 44.9245
11.5922 79 38.5553
11.8362 74 36.7017
11.6724 70 35.0035
11.6981 93 44.2189
11.5472 91 43.3283
11.6724 71 35.4035
11.5408 96 45.3245
11.5472 86 41.3283
11.5408 95 44.9245
11.5729 83 40.1437
11.5922 78 38.1553
11.5729 90 42.9437
11.6114 83 40.1669
11.5922 80 38.9553
11.6468 73 36.1881
11.5729 84 40.5437
11.6724 70 35.0035
11.8105 70 35.0863
11.5408 95 44.9245
12.2762 62 32.1657
12.3019 59 30.9811
11.5408 98 46.1245
11.8234 76 37.494
12.1188 64 32.8713
11.5922 77 37.7553
12.2954 68 34.5773
11.5922 85 40.9553
11.8362 68 34.3017
11.5922 81 39.3553
11.5729 82 39.7437
11.8362 68 34.3017
12.1188 66 33.6713
11.5408 94 44.5245
11.5472 86 41.3283
12.106 71 35.6636
11.5408 92 43.7245
12.3019 59 30.9811
12.2569 70 35.3541
11.5922 80 38.9553
14.5273 58 31.9164
11.5408 94 44.5245
12.2762 63 32.5657
12.8285 64 33.2971
11.6179 77 37.7707
11.5408 93 44.1245
11.6179 77 37.7707
12.106 72 36.0636
12.0642 70 35.2385
11.5408 95 44.9245
12.8349 57 30.501
11.6179 79 38.5707
12.8349 60 31.701
12.2473 63 32.5484
11.5408 92 43.7245
12.2408 71 35.7445
11.6468 79 38.5881
13.3776 63 33.2266
11.5408 94 44.5245
11.5472 92 43.7283
11.5729 85 40.9437
11.5922 80 38.9553
12.0931 66 33.6559
14.553 56 31.1318
11.5922 80 38.9553
12.2954 65 33.3773
11.6179 74 36.5707
11.6403 81 39.3842
12.3019 58 30.5811
11.6179 75 36.9707
12.2473 66 33.7484
12.1188 65 33.2713
11.6403 82 39.7842
11.6468 73 36.1881
12.106 74 36.8636
12.2954 66 33.7773
11.6724 70 35.0035
11.5408 95 44.9245
11.8105 72 35.8863
11.5729 82 39.7437
11.711 86 41.4266
11.6179 77 37.7707
12.2473 64 32.9484
11.5408 99 46.5245
11.5665 91 43.3399
12.2762 60 31.3657
12.2473 63 32.5484
12.2473 64 32.9484
11.8105 70 35.0863
