14.508 61 42.4032
13.3776 60 41.3511
14.553 54 38.2212
13.352 62 42.5408
14.553 55 38.8212
14.264 58 40.5056
13.4355 63 43.1742
14.264 59 41.1056
14.553 53 37.6212
13.8048 59 40.9219
14.264 59 41.1056
14.2897 59 41.1159
12.8349 60 41.134
13.2364 62 42.4945
13.3776 60 41.3511
13.7502 64 43.9001
12.8092 63 42.9237
12.8349 60 41.134
12.8092 63 42.9237
13.262 60 41.3048
12.5716 68 45.8286
12.8028 71 47.7211
12.1381 65 43.8552
12.5716 68 45.8286
12.1381 66 44.4552
11.9069 70 46.7627
11.8234 75 49.7294
12.1381 68 45.6552
11.8362 69 46.1345
11.6468 72 47.8587
11.8362 68 45.5345
11.6724 71 47.269
11.6724 72 47.869
11.6468 73 48.4587
11.6724 73 48.469
11.6468 74 49.0587
11.6179 75 49.6471
11.6468 75 49.6587
11.6724 70 46.669
11.6179 81 53.2471
11.5922 78 51.4369
11.6179 78 51.4471
11.7559 76 50.3024
11.5922 80 52.6369
11.6179 77 50.8471
11.5922 82 53.8369
11.5472 85 55.6189
11.5922 83 54.4369
11.5215 84 55.0086
11.5665 91 59.2266
11.5215 85 55.6086
11.5215 86 56.2086
11.5151 87 56.806
11.5215 87 56.8086
11.5151 89 58.006
11.5151 90 58.606
11.5087 99 64.0035
11.5151 91 59.206
11.2903 153 96.3161
11.6724 72 47.869
12.1124 70 46.845
13.1978 63 43.0791
13.3776 60 41.3511
14.264 58 40.5056
11.5922 82 53.8369
12.8349 60 41.134
11.6179 76 50.2471
11.5922 80 52.6369
13.7502 64 43.9001
11.6403 82 53.8561
14.5273 56 39.4109
13.3231 64 43.7292
11.5151 87 56.806
13.3776 60 41.3511
11.5922 77 50.8369
13.3776 60 41.3511
12.8349 66 44.734
14.2351 62 42.894
11.5215 84 55.0086
11.6724 72 47.869
11.6179 76 50.2471
11.8234 77 50.9294
11.6403 81 53.2561
11.5922 79 52.0369
11.5215 89 58.0086
13.262 63 43.1048
11.5922 79 52.0369
11.5922 80 52.6369
11.5215 87 56.8086
11.6468 75 49.6587
12.8092 64 43.5237
12.8349 61 41.734
11.5922 79 52.0369
12.1381 65 43.8552
11.8234 76 50.3294
11.6724 72 47.869
11.5472 86 56.2189
14.2897 56 39.3159
13.3776 60 41.3511
13.7791 61 42.1116
11.5922 83 54.4369
12.0963 73 48.6385
12.0835 70 46.8334
11.5922 78 51.4369
11.6468 73 48.4587
13.3776 61 41.9511
11.5151 94 61.006
14.5273 55 38.8109
13.1721 66 44.8689
11.5087 90 58.6035
11.6114 84 55.0446
11.5215 85 55.6086
11.6468 74 49.0587
12.8092 63 42.9237
11.8362 68 45.5345
11.8362 69 46.1345
11.6179 74 49.0471
13.3776 60 41.3511
12.8349 63 42.934
12.1381 67 45.0552
11.5215 89 58.0086
11.5922 77 50.8369
11.5922 88 57.4369
11.6179 83 54.4471
13.4611 60 41.3845
12.8092 64 43.5237
12.8349 60 41.134
11.5215 85 55.6086
12.5652 72 48.2261
11.8362 70 46.7345
13.1143 63 43.0457
14.2897 59 41.1159
11.1875 150 94.475
11.6468 72 47.8587
11.5215 89 58.0086
11.6179 85 55.6471
11.8362 68 45.5345
11.5215 87 56.8086
11.5922 81 53.2369
11.5922 80 52.6369
11.5729 84 55.0292
12.1124 69 46.245
11.6468 74 49.0587
11.7816 72 47.9127
11.5922 84 55.0369
14.5273 56 39.4109
11.5151 97 62.806
12.8285 70 47.1314
12.8349 59 40.534
14.2897 57 39.9159
