12.729 72 42.3645
12.729 70 41.3645
12.5202 74 43.2601
12.5459 71 41.773
12.5459 74 43.273
12.1188 73 42.5594
12.2087 79 45.6044
12.5459 75 43.773
11.8362 78 44.9181
11.8362 78 44.9181
11.9486 78 44.9743
11.6468 81 46.3234
11.8234 86 48.9117
11.6724 80 45.8362
11.6468 81 46.3234
11.666 88 49.833
11.6468 82 46.8234
11.6468 81 46.3234
11.6724 78 44.8362
11.6403 91 51.3202
11.6179 85 48.3089
11.6179 86 48.8089
11.5922 89 50.2961
11.6179 87 49.3089
11.5922 86 48.7961
11.5922 89 50.2961
11.5922 88 49.7961
11.5922 89 50.2961
11.5922 92 51.7961
11.5793 93 52.2897
11.5922 89 50.2961
11.5536 94 52.7768
11.5536 96 53.7768
11.5536 95 53.2768
11.544 100 55.772
11.5536 97 54.2768
11.5536 105 58.2768
11.5922 88 49.7961
11.5536 97 54.2768
11.5472 98 54.7736
11.5472 101 56.2736
11.5247 100 55.7624
11.5472 111 61.2736
11.5247 101 56.2624
11.5055 111 61.2527
11.499 107 59.2495
11.499 106 58.7495
11.5055 103 57.2527
11.4733 104 57.7367
11.499 107 59.2495
11.7013 104 57.8507
11.4733 106 58.7367
11.4059 116 63.703
11.4573 108 59.7286
11.4733 107 59.2367
11.4477 111 61.2238
11.4573 109 60.2286
11.5729 103 57.2864
11.5055 105 58.2527
11.4733 108 59.7367
11.7816 83 47.3908
11.6468 80 45.8234
11.6468 91 51.3234
11.6468 83 47.3234
11.5472 106 58.7736
11.499 106 58.7495
11.5922 87 49.2961
11.6403 90 50.8202
11.5922 87 49.2961
11.5568 100 55.7784
11.4733 107 59.2367
12.7033 71 41.8516
11.6179 82 46.8089
11.4477 112 61.7238
11.8362 91 51.4181
11.8362 76 43.9181
11.5793 101 56.2897
11.5247 102 56.7624
11.5922 87 49.2961
11.5247 102 56.7624
11.5857 97 54.2929
11.499 109 60.2495
11.4733 107 59.2367
12.729 69 40.8645
11.6082 94 52.8041
11.4733 106 58.7367
11.6724 79 45.3362
11.5922 88 49.7961
11.8298 99 55.4149
11.499 105 58.2495
11.5922 85 48.2961
11.8362 78 44.9181
12.4913 77 44.7457
11.4573 109 60.2286
11.7559 87 49.378
11.5247 105 58.2624
11.6082 88 49.8041
11.4733 106 58.7367
12.5331 82 47.2665
11.4733 107 59.2367
11.6082 90 50.8041
12.729 68 40.3645
11.4477 110 60.7238
11.5247 102 56.7624
11.438 114 62.719
11.5344 102 56.7672
12.5202 77 44.7601
11.5087 107 59.2543
11.5922 87 49.2961
11.5729 101 56.2864
11.5922 87 49.2961
11.499 105 58.2495
11.5922 87 49.2961
11.9358 85 48.4679
11.499 105 58.2495
11.4477 109 60.2238
11.438 112 61.719
12.1188 73 42.5594
11.6114 94 52.8057
11.499 106 58.7495
11.4733 113 62.2367
11.499 109 60.2495
11.4733 108 59.7367
11.3802 118 64.6901
11.5472 101 56.2736
11.6179 86 48.8089
11.5568 98 54.7784
12.5331 82 47.2665
11.6468 81 46.3234
11.4733 104 57.7367
11.8362 78 44.9181
11.5055 105 58.2527
11.499 104 57.7495
12.5331 82 47.2665
11.4733 105 58.2367
11.4573 110 60.7286
11.5472 99 55.2736
12.4913 76 44.2457
11.5922 89 50.2961
12.7033 72 42.3516
11.6082 90 50.8041
11.4059 116 63.703
11.4733 106 58.7367
12.3019 71 41.6509
12.5459 82 47.273
11.4573 110 60.7286
11.4477 112 61.7238
12.1188 76 44.0594
11.7527 101 56.3764
11.7046 86 48.8523
