12.8767 46 19.5013
12.6262 50 20.101
12.6262 52 20.501
12.8767 51 20.5013
12.5877 52 20.4701
12.6262 50 20.101
12.8767 49 20.1013
12.6262 54 20.901
12.4881 52 20.3905
12.6262 52 20.501
12.4785 53 20.5828
12.4881 56 21.1905
12.4785 57 21.3828
12.4399 58 21.552
12.4496 55 20.9597
12.4785 55 20.9828
12.4399 59 21.752
12.4785 53 20.5828
12.4399 61 22.152
12.4399 57 21.352
12.4399 63 22.552
12.4399 64 22.752
12.4399 65 22.952
12.4399 63 22.552
12.4399 64 22.752
12.0963 73 24.2771
12.4399 60 21.952
11.8362 68 23.069
13.0951 64 23.276
12.4399 61 22.152
11.8362 69 23.269
12.1381 68 23.3105
11.8362 70 23.469
11.8105 71 23.6484
11.8362 71 23.669
11.8362 68 23.069
11.666 80 25.3328
11.7816 73 24.0253
11.8362 69 23.269
11.6724 72 23.738
11.666 82 25.7328
11.6468 83 25.9174
11.666 83 25.9328
11.6468 75 24.3174
11.6179 78 24.8943
11.6468 78 24.9174
11.5922 81 25.4737
11.6114 87 26.6891
11.5922 81 25.4737
11.7816 78 25.0253
11.5857 89 27.0686
11.5922 81 25.4737
11.6179 80 25.2943
11.5922 85 26.2737
11.5922 89 27.0737
11.5922 87 26.6737
11.5857 95 28.2686
11.5665 98 28.8532
11.3674 226 54.2939
11.8105 74 24.2484
12.8767 45 19.3013
12.4399 61 22.152
11.6724 73 23.938
12.4785 56 21.1828
11.5922 82 25.6737
12.1381 66 22.9105
12.6262 53 20.701
12.4881 53 20.5905
11.8105 76 24.6484
11.8105 72 23.8484
12.4399 67 23.352
11.6179 78 24.8943
11.8105 74 24.2484
11.5922 82 25.6737
11.8105 76 24.6484
12.4785 54 20.7828
12.4399 65 22.952
11.5922 84 26.0737
12.0963 75 24.6771
11.5922 88 26.8737
11.5922 87 26.6737
12.8382 49 20.0705
12.5877 54 20.8701
12.4496 58 21.5597
11.6468 76 24.5174
11.6179 79 25.0943
11.5922 83 25.8737
11.6179 80 25.2943
11.8362 69 23.269
12.4399 59 21.752
12.1381 68 23.3105
11.6468 76 24.5174
11.6724 72 23.738
12.4496 54 20.7597
12.8767 46 19.5013
11.7977 78 25.0382
12.1381 67 23.1105
12.6262 50 20.101
11.6179 77 24.6943
12.4496 55 20.9597
11.6179 76 24.4943
12.4399 57 21.352
11.6179 84 26.0943
12.4399 66 23.152
12.4785 54 20.7828
11.8105 71 23.6484
11.7559 76 24.6048
11.8105 72 23.8484
11.8234 77 24.8587
12.6262 51 20.301
11.6724 71 23.538
11.8105 71 23.6484
12.4785 55 20.9828
11.6724 74 24.138
11.5922 83 25.8737
11.5857 93 27.8686
11.7559 75 24.4048
11.6018 87 26.6814
11.6179 79 25.0943
12.4881 52 20.3905
12.8767 47 19.7013
12.4399 59 21.752
11.5922 81 25.4737
11.6724 74 24.138
12.1381 68 23.3105
11.5922 81 25.4737
12.1381 66 22.9105
12.4785 53 20.5828
11.5119 222 53.6095
12.4399 58 21.552
12.1381 66 22.9105
11.5922 82 25.6737
11.6724 73 23.938
12.4399 63 22.552
12.4881 53 20.5905
11.6179 80 25.2943
12.6262 50 20.101
11.6179 79 25.0943
11.8234 77 24.8587
11.8362 71 23.669
11.3674 226 54.2939
12.6262 50 20.101
12.4881 55 20.9905
12.4496 58 21.5597
12.8767 46 19.5013
12.8382 52 20.6705
12.4881 51 20.1905
11.7688 80 25.415
11.6179 79 25.0943
12.8767 50 20.3013
