13.7983 41 21.9588
13.7983 42 22.2588
13.7983 42 22.2588
13.6378 45 23.0464
13.6378 43 22.4464
13.6795 43 22.4757
13.7116 43 22.4981
13.7983 43 22.5588
13.0951 45 22.6665
13.5093 45 22.9565
13.0951 49 23.8665
13.474 48 23.8318
13.0565 49 23.8396
13.0951 44 22.3665
13.0951 48 23.5665
12.806 49 23.6642
13.0565 47 23.2396
12.806 53 24.8642
12.806 51 24.2642
13.4708 48 23.8295
12.7675 54 25.1373
13.3455 49 24.0419
12.6037 56 25.6226
12.6037 56 25.6226
12.6037 58 26.2226
12.6423 53 24.7496
12.6037 59 26.5226
12.6037 57 25.9226
12.3019 58 26.0113
12.6037 61 27.1226
12.3019 59 26.3113
12.3019 60 26.6113
12.2762 61 26.8933
12.3019 64 27.8113
12.2216 66 28.3551
11.9101 72 29.9371
12.2473 66 28.3731
12.2762 61 26.8933
11.9486 71 29.664
11.9294 67 28.4505
11.8748 70 29.3123
11.955 66 28.1685
11.8362 67 28.3854
11.9229 74 30.5461
11.8234 75 30.7764
11.8362 72 29.8854
11.6724 70 29.1707
11.8105 70 29.2674
11.8362 77 31.3854
11.6724 71 29.4707
11.666 79 31.8662
11.5922 77 31.2145
11.6468 75 30.6527
11.5922 78 31.5145
11.6179 75 30.6325
11.6468 75 30.6527
11.6179 76 30.9325
11.6179 77 31.2325
11.6179 74 30.3325
11.5922 80 32.1145
11.7559 76 31.0292
11.6179 76 30.9325
11.3642 161 56.2549
11.6468 75 30.6527
11.5504 151 53.3853
13.6378 44 22.7464
11.9294 67 28.4505
13.4708 49 24.1295
11.9294 67 28.4505
13.6378 45 23.0464
12.6037 55 25.3226
12.7675 53 24.8373
12.2473 63 27.4731
11.3642 152 53.5549
12.7675 52 24.5373
12.806 51 24.2642
11.6114 84 33.328
11.8105 70 29.2674
11.6468 74 30.3527
12.2762 67 28.6933
13.0565 51 24.4396
12.6423 54 25.0496
11.6724 71 29.4707
12.6423 56 25.6496
12.3019 61 26.9113
12.6037 57 25.9226
13.7983 42 22.2588
12.2697 70 29.5888
12.6037 56 25.6226
13.5093 45 22.9565
12.6423 54 25.0496
13.0951 45 22.6665
11.5922 80 32.1145
13.7983 42 22.2588
11.5857 87 34.21
11.6468 73 30.0527
13.9268 40 21.7487
11.955 63 27.2685
12.7675 52 24.5373
11.7816 72 29.8471
11.8362 67 28.3854
11.9486 72 29.964
13.9268 44 22.9487
12.806 52 24.5642
12.3019 61 26.9113
12.6037 55 25.3226
12.2954 67 28.7068
12.2216 65 28.0551
13.9268 42 22.3487
12.6423 51 24.1496
13.6378 46 23.3464
13.0565 49 23.8396
11.8234 75 30.7764
11.6468 74 30.3527
11.955 63 27.2685
13.7598 45 23.1319
13.0565 49 23.8396
12.2408 70 29.5686
11.9294 69 29.0505
11.8234 74 30.4764
11.9294 67 28.4505
13.8882 44 22.9218
11.6724 72 29.7707
11.955 66 28.1685
13.9268 45 23.2487
11.6724 70 29.1707
11.9294 66 28.1505
13.6378 43 22.4464
12.7675 56 25.7373
11.6179 76 30.9325
11.7816 74 30.4471
13.9268 39 21.4487
12.2216 65 28.0551
11.8105 70 29.2674
12.806 49 23.6642
13.7983 41 21.9588
13.6795 43 22.4757
11.7816 72 29.8471
12.2762 61 26.8933
13.7116 52 25.1981
13.9268 44 22.9487
11.9294 68 28.7505
13.0951 47 23.2665
11.9294 67 28.4505
12.6037 58 26.2226
11.6468 75 30.6527
11.6468 73 30.0527
11.8362 69 28.9854
12.6037 65 28.3226
12.6037 61 27.1226
