12.8349 62 37.4175
12.3019 62 37.1509
13.2074 66 39.6037
12.3019 63 37.6509
12.3019 64 38.1509
12.2762 65 38.6381
12.2954 72 42.1477
12.1124 68 40.0562
12.2216 70 41.1108
12.0963 74 43.0482
12.106 75 43.553
12.1124 70 41.0562
11.8362 69 40.4181
12.1124 69 40.5562
12.1188 69 40.5594
11.8362 70 40.9181
11.8362 69 40.4181
11.6724 72 41.8362
11.8362 68 39.9181
11.8362 72 41.9181
11.6468 75 43.3234
11.6724 74 42.8362
11.6468 75 43.3234
11.6179 79 45.3089
11.6468 76 43.8234
11.6179 77 44.3089
11.5922 81 46.2961
11.7816 75 43.3908
11.6114 86 48.8057
11.5857 87 49.2929
11.6179 87 49.3089
11.6179 77 44.3089
11.5472 91 51.2736
11.5472 92 51.7736
11.5793 84 47.7897
11.5922 84 47.7961
11.5729 92 51.7864
11.5729 86 48.7864
11.5536 88 49.7768
11.5472 94 52.7736
11.5665 94 52.7832
11.5472 95 53.2736
11.5472 89 50.2736
11.5536 91 51.2768
11.5408 97 54.2704
11.5472 98 54.7736
11.5055 92 51.7527
11.5472 92 51.7736
11.5055 93 52.2527
11.438 101 56.219
11.4733 95 53.2367
11.4733 97 54.2367
11.4862 100 55.7431
11.4059 104 57.703
11.4733 95 53.2367
11.3802 106 58.6901
11.4059 106 58.703
11.4477 100 55.7238
11.5857 90 50.7929
11.6724 75 43.3362
12.1381 67 39.569
13.2074 66 39.6037
11.4477 103 57.2238
11.3802 107 59.1901
11.6468 77 44.3234
13.262 60 36.631
11.5536 87 49.2768
12.2697 72 42.1349
11.5922 80 45.7961
11.5922 80 45.7961
11.5408 98 54.7704
12.1188 68 40.0594
11.5247 92 51.7624
11.6724 75 43.3362
12.1381 68 40.069
11.6468 77 44.3234
11.6724 74 42.8362
12.2473 66 39.1236
11.6403 82 46.8202
12.1124 70 41.0562
11.5472 96 53.7736
11.4477 103 57.2238
11.6468 76 43.8234
11.4477 99 55.2238
11.5729 87 49.2864
11.8362 70 40.9181
11.4477 102 56.7238
11.5568 87 49.2784
11.6724 74 42.8362
11.6179 77 44.3089
11.8362 70 40.9181
11.6468 77 44.3234
11.5793 91 51.2897
12.3019 65 38.6509
12.106 76 44.053
13.262 62 37.631
12.3019 62 37.1509
11.4477 100 55.7238
12.1381 66 39.069
11.6114 86 48.8057
11.8105 74 42.9053
11.4733 100 55.7367
11.5793 86 48.7897
11.6179 76 43.8089
11.8105 72 41.9053
11.438 101 56.219
11.5793 94 52.7897
11.6468 75 43.3234
11.5472 89 50.2736
11.4733 95 53.2367
11.5793 84 47.7897
11.6179 77 44.3089
11.6082 82 46.8041
12.9987 64 38.4994
11.6179 76 43.8089
11.6724 75 43.3362
12.1381 66 39.069
11.8234 78 44.9117
11.8362 70 40.9181
11.6179 78 44.8089
11.5472 99 55.2736
11.6468 75 43.3234
11.5793 85 48.2897
11.6468 77 44.3234
11.6724 71 41.3362
11.4059 102 56.703
11.8362 69 40.4181
11.6179 79 45.3089
11.5729 86 48.7864
11.6468 76 43.8234
11.5055 93 52.2527
11.4477 102 56.7238
11.8362 72 41.9181
11.6724 71 41.3362
12.2697 73 42.6349
11.5857 87 49.2929
12.2473 67 39.6236
11.5793 85 48.2897
11.4733 96 53.7367
11.5055 96 53.7527
11.6724 73 42.3362
11.6179 79 45.3089
12.2762 69 40.6381
12.3019 64 38.1509
11.6724 73 42.3362
11.6179 77 44.3089
11.8234 79 45.4117
11.6179 77 44.3089
11.5922 86 48.7961
11.6403 84 47.8202
