14.7136 51 40.1141
13.702 54 41.9106
14.1227 51 39.9368
13.702 55 42.6106
12.7001 51 39.51
12.6166 57 43.685
12.668 61 46.5004
12.6166 58 44.385
12.6166 56 42.985
12.6166 55 42.285
12.3019 65 49.1906
11.6403 59 44.7921
12.6166 57 43.685
11.5247 60 45.4574
11.5311 63 47.5593
11.5793 63 47.5738
11.5247 70 52.4574
12.6166 53 40.885
11.4637 70 52.4391
11.5215 62 46.8565
11.5247 62 46.8574
11.5151 65 48.9545
11.5215 63 47.5565
11.4701 75 55.941
11.4926 68 51.0478
11.5151 69 51.7545
11.4316 70 52.4295
11.4637 67 50.3391
11.4701 65 48.941
11.4252 66 49.6276
11.4252 71 53.1276
11.4252 68 51.0275
11.4252 69 51.7276
11.422 72 53.8266
11.3642 79 58.7092
11.3545 80 59.4064
11.422 71 53.1266
11.3706 77 57.3112
11.3834 78 58.015
11.4155 74 55.2247
11.3706 78 58.0112
11.4637 68 51.0391
11.3706 79 58.7112
11.3642 75 55.9092
11.361 85 62.9083
11.3642 78 58.0092
11.3224 83 61.4967
11.361 79 58.7083
11.332 78 57.9996
11.3931 72 53.8179
11.3706 78 58.0112
11.332 83 61.4996
11.3224 93 68.4967
11.332 87 64.2996
11.3224 85 62.8967
11.422 78 58.0266
11.3224 87 64.2967
11.3224 97 71.2967
11.3224 87 64.2967
11.3224 90 66.3967
11.3224 98 71.9967
11.5247 61 46.1574
11.3545 82 60.8064
11.3224 85 62.8967
11.4316 70 52.4295
11.6403 60 45.4921
11.3224 84 62.1967
11.3224 90 66.3967
11.332 78 57.9996
11.4252 70 52.4276
11.361 77 57.3083
11.6403 60 45.4921
11.3224 94 69.1967
11.4252 68 51.0275
11.5151 67 50.3545
11.4605 70 52.4381
11.3642 77 57.3092
11.361 88 65.0083
12.6166 53 40.885
11.3642 79 58.7092
11.332 81 60.0996
11.3642 79 58.7092
11.5793 63 47.5738
12.6166 57 43.685
11.4252 74 55.2276
11.4701 66 49.641
11.6307 63 47.5892
11.5793 62 46.8738
11.5215 63 47.5565
11.3642 77 57.3092
11.3545 81 60.1064
11.4701 66 49.641
11.3224 90 66.3967
11.5151 69 51.7545
11.5247 61 46.1574
11.4316 65 48.9295
11.3642 76 56.6092
13.702 55 42.6106
11.4926 68 51.0478
11.483 70 52.4449
11.3642 77 57.3092
12.6166 58 44.385
11.3545 80 59.4064
11.3706 74 55.2112
11.3642 76 56.6092
11.3224 92 67.7967
11.5215 65 48.9565
11.4701 69 51.741
11.332 79 58.6996
11.4252 68 51.0275
12.6166 54 41.585
11.361 80 59.4083
12.3019 66 49.8906
11.5151 63 47.5545
11.3642 74 55.2092
11.332 79 58.6996
11.332 79 58.6996
11.332 84 62.1996
11.3224 86 63.5967
12.6166 57 43.685
11.3545 80 59.4064
11.422 82 60.8266
11.3642 78 58.0092
11.4155 73 54.5247
13.7662 55 42.6299
11.332 86 63.5996
15.0026 57 44.4008
11.3642 77 57.3092
14.1227 51 39.9368
11.5151 64 48.2545
12.6166 56 42.985
11.361 79 58.7083
11.3706 74 55.2112
11.332 82 60.7996
11.4605 70 52.4381
11.5247 72 53.8574
11.332 80 59.3996
11.332 83 61.4996
11.3642 80 59.4092
11.4155 73 54.5247
11.5247 70 52.4574
11.332 84 62.1996
11.6403 57 43.3921
11.4701 67 50.341
11.6403 59 44.7921
11.3224 85 62.8967
11.5311 63 47.5593
11.3224 85 62.8967
11.332 80 59.3996
12.3019 66 49.8906
