13.6795 43 22.4757
13.7116 43 22.4981
13.6795 44 22.7757
13.6699 45 23.0689
13.6795 45 23.0757
13.0951 50 24.1665
13.6699 55 26.0689
13.0951 48 23.5665
13.6699 45 23.0689
12.7675 52 24.5373
13.7983 45 23.1588
12.806 50 23.9642
13.0565 50 24.1396
12.806 54 25.1642
13.0951 47 23.2665
12.806 49 23.6642
12.806 56 25.7642
12.7675 57 26.0373
13.0565 50 24.1396
12.7675 59 26.6373
12.7675 55 25.4373
12.6037 61 27.1226
12.7675 56 25.7373
12.6037 62 27.4226
12.8349 57 26.0845
12.2954 69 29.3068
11.9486 70 29.364
12.3019 59 26.3113
11.955 68 28.7685
12.3019 62 27.2113
11.9294 66 28.1505
11.9486 73 30.264
11.8362 67 28.3854
11.9294 65 27.8505
11.8362 68 28.6854
11.8362 69 28.9854
11.6724 70 29.1707
11.8105 70 29.2674
11.8362 70 29.2854
11.6724 71 29.4707
11.6468 74 30.3527
11.6468 73 30.0527
11.6179 77 31.2325
11.6468 74 30.3527
11.6114 82 32.728
11.6468 75 30.6527
11.6179 76 30.9325
11.6179 77 31.2325
11.5857 85 33.61
11.6179 78 31.5325
11.5472 88 34.483
11.5922 80 32.1145
11.5922 81 32.4145
11.5729 82 32.701
11.5857 89 34.81
11.5729 83 33.001
11.5472 86 33.883
11.5472 85 33.583
11.5729 85 33.601
11.5408 93 35.9785
13.0951 57 26.2665
12.7675 56 25.7373
11.955 65 27.8685
11.8362 66 28.0854
11.6724 71 29.4707
12.7675 66 28.7373
12.806 59 26.6642
11.9486 70 29.364
13.4708 53 25.3295
11.5922 79 31.8145
13.0951 50 24.1665
12.7675 57 26.0373
11.8362 69 28.9854
13.0565 50 24.1396
12.806 50 23.9642
11.5472 88 34.483
11.5472 86 33.883
13.0951 48 23.5665
11.5922 77 31.2145
12.806 51 24.2642
11.5922 78 31.5145
13.6699 47 23.6689
13.6795 45 23.0757
11.8362 68 28.6854
11.5922 77 31.2145
12.2473 67 28.6731
11.955 63 27.2685
13.0565 49 23.8396
11.5922 80 32.1145
12.1381 65 27.9967
11.5729 85 33.601
13.6795 44 22.7757
11.5472 85 33.583
12.2473 67 28.6731
11.955 71 29.6685
11.8105 70 29.2674
11.8362 68 28.6854
11.8362 68 28.6854
13.5125 49 24.1588
11.6468 74 30.3527
12.806 51 24.2642
13.6795 43 22.4757
12.7675 52 24.5373
11.6179 76 30.9325
12.7675 58 26.3373
12.7675 55 25.4373
11.6179 76 30.9325
12.7675 58 26.3373
11.9004 68 28.7303
12.2954 69 29.3068
12.7675 57 26.0373
13.6699 46 23.3689
11.9294 67 28.4505
12.7675 58 26.3373
11.6724 72 29.7707
13.6699 46 23.3689
11.6468 73 30.0527
11.5729 85 33.601
12.7675 52 24.5373
11.8362 69 28.9854
11.7816 72 29.8471
13.7116 43 22.4981
11.955 62 26.9685
12.6037 62 27.4226
12.3019 61 26.9113
11.5408 93 35.9785
11.6179 77 31.2325
13.7983 44 22.8588
11.8362 68 28.6854
11.5729 82 32.701
11.5472 86 33.883
11.5922 79 31.8145
11.5729 84 33.301
13.6795 43 22.4757
11.8362 66 28.0854
13.0951 48 23.5665
12.7675 53 24.8373
12.6037 62 27.4226
13.4708 50 24.4295
11.8362 67 28.3854
11.6724 72 29.7707
11.8362 68 28.6854
12.2762 63 27.4933
13.0951 47 23.2665
11.5922 78 31.5145
12.7675 52 24.5373
12.6423 53 24.7496
11.9486 72 29.964
13.6795 44 22.7757
12.806 55 25.4642
