12.8767 60 17.589
12.8767 58 17.389
12.5877 63 17.6289
12.5877 64 17.7289
13.5511 60 18.196
12.8767 56 17.189
12.8767 60 17.589
11.4862 73 17.6376
12.6262 61 17.4636
13.5511 61 18.296
12.8703 64 17.9832
11.5665 71 17.5098
11.5665 73 17.7098
12.5877 64 17.7289
12.4785 65 17.7306
11.4862 72 17.5376
13.8979 57 18.2081
12.6262 67 18.0636
11.4862 75 17.8376
12.6262 61 17.4636
12.4785 66 17.8306
11.4862 73 17.6376
14.1644 49 17.648
11.8876 77 18.3988
12.4785 65 17.7306
13.5382 60 18.1844
11.4862 76 17.9376
14.1227 55 18.2104
12.4399 67 17.896
12.4785 68 18.0306
11.5665 74 17.8098
12.4399 72 18.396
11.4862 73 17.6376
11.4862 78 18.1376
11.5601 76 18.004
11.4862 75 17.8376
11.4477 80 18.3029
11.4477 80 18.3029
11.3995 83 18.5595
11.4477 81 18.4029
11.3995 82 18.4595
11.3995 84 18.6595
11.4477 83 18.6029
11.3995 87 18.9595
11.5119 85 18.8607
11.3738 87 18.9364
11.3995 87 18.9595
11.422 87 18.9798
11.3738 91 19.3364
11.3385 92 19.4046
11.4862 89 19.2376
12.1766 84 19.359
11.3385 94 19.6046
11.3385 92 19.4046
12.1766 87 19.659
11.3866 94 19.648
11.3128 97 19.8815
11.3128 98 19.9815
11.3128 101 20.2815
11.3385 99 20.1046
11.3128 103 20.4815
11.3031 104 20.5728
11.3128 102 20.3815
12.5877 64 17.7289
11.3738 90 19.2364
11.3738 89 19.1364
13.5928 61 18.3335
11.4477 76 17.9029
11.4477 81 18.4029
12.5877 64 17.7289
11.3385 101 20.3046
12.4785 66 17.8306
12.4785 65 17.7306
11.4862 75 17.8376
12.6262 61 17.4636
11.3385 91 19.3046
12.1766 87 19.659
12.8703 60 17.5832
12.6262 67 18.0636
11.3995 87 18.9595
11.3995 86 18.8595
11.5665 71 17.5098
11.4862 79 18.2376
11.4477 81 18.4029
11.4477 77 18.0029
12.6198 62 17.5578
13.6346 51 17.3711
11.4862 76 17.9376
12.4785 68 18.0306
11.4477 84 18.7029
12.5877 67 18.0289
13.6346 52 17.4711
12.4785 64 17.6306
11.4252 97 19.9827
11.5665 73 17.7098
12.6198 61 17.4578
11.3995 83 18.5595
11.3385 90 19.2046
11.4477 78 18.1029
12.6262 67 18.0636
11.3128 102 20.3815
11.4477 78 18.1029
11.4477 80 18.3029
11.4862 75 17.8376
11.3995 89 19.1595
11.3995 87 18.9595
14.1644 51 17.848
11.4477 81 18.4029
11.3738 90 19.2364
12.4399 69 18.096
14.1227 54 18.1104
11.4862 79 18.2376
11.4862 76 17.9376
11.3738 89 19.1364
11.3128 103 20.4815
12.6198 63 17.6578
11.3385 90 19.2046
11.5665 73 17.7098
12.4399 69 18.096
14.1227 53 18.0104
11.3385 93 19.5046
11.3995 84 18.6595
11.4477 81 18.4029
11.5665 73 17.7098
11.4477 80 18.3029
11.3385 100 20.2046
12.4785 65 17.7306
11.4862 72 17.5376
11.3995 91 19.3595
11.3738 90 19.2364
11.5601 75 17.904
11.4509 89 19.2058
14.1227 53 18.0104
13.6346 53 17.5711
11.3128 102 20.3815
12.8767 56 17.189
11.3738 91 19.3364
12.5877 65 17.8289
11.3995 84 18.6595
11.4477 76 17.9029
11.5601 75 17.904
12.6262 60 17.3636
11.361 96 19.8249
12.6262 65 17.8636
11.3995 89 19.1595
11.3385 94 19.6046
12.8767 60 17.589
12.4399 67 17.896
12.6262 61 17.4636
11.3866 87 18.948
