13.3776 70 36.0266
14.5273 66 35.1164
13.4611 72 36.8767
14.5273 68 35.9164
13.4965 74 37.6979
13.3776 74 37.6266
14.4984 68 35.899
14.5273 68 35.9164
13.8048 68 35.4829
13.3231 75 37.9938
13.5222 71 36.5133
13.5414 74 37.7249
14.4727 72 37.4836
13.3231 76 38.3938
12.4207 75 37.4524
14.553 64 34.3318
12.2087 82 40.1252
12.5459 71 35.9276
14.3828 65 34.6297
12.5106 79 39.1064
11.9486 74 36.7692
13.3166 81 40.39
12.1381 76 37.6829
12.2505 74 36.9503
11.8234 84 40.694
11.894 81 39.5364
11.8234 85 41.094
11.6724 79 38.6035
11.8234 86 41.494
11.6724 78 38.2035
11.6724 88 42.2035
11.6468 84 40.5881
11.5922 87 41.7553
11.6724 83 40.2035
11.5729 93 44.1437
11.9294 81 39.5576
11.5922 87 41.7553
11.5922 88 42.1553
11.6179 87 41.7707
11.5922 86 41.3553
11.6114 95 44.9669
11.5922 87 41.7553
11.7559 87 41.8536
11.5922 89 42.5553
11.5472 101 47.3283
11.6468 87 41.7881
11.5729 101 47.3437
11.6468 88 42.1881
11.5729 102 47.7437
11.5472 103 48.1283
11.5793 94 44.5476
11.5472 104 48.5283
11.5793 94 44.5476
11.5536 99 46.5322
11.5536 100 46.9322
11.5793 97 45.7476
11.5247 102 47.7148
11.5793 94 44.5476
13.3166 78 39.19
14.4984 70 36.699
14.5273 70 36.7164
12.2248 77 38.1349
11.5922 93 44.1553
11.5922 91 43.3553
11.6179 84 40.5707
12.1381 76 37.6829
14.264 70 36.5584
13.3166 79 39.59
11.4573 109 50.4744
11.5922 87 41.7553
14.4727 72 37.4836
11.6179 85 40.9707
11.6082 95 44.9649
11.8748 85 41.1249
11.6468 81 39.3881
11.6179 84 40.5707
11.5536 94 44.5322
14.553 65 34.7318
11.6468 82 39.7881
11.8362 79 38.7017
11.5536 99 46.5322
11.5087 109 50.5052
11.5472 103 48.1283
13.5222 70 36.1133
13.3776 70 36.0266
11.5472 108 50.1283
12.2376 77 38.1426
14.5273 66 35.1164
11.5472 101 47.3283
11.7816 82 39.869
12.5234 82 40.3141
14.5273 68 35.9164
11.5922 91 43.3553
11.6468 81 39.3881
11.5536 97 45.7322
11.6724 80 39.0035
13.3776 70 36.0266
13.3776 72 36.8266
11.5922 95 44.9553
13.4066 77 38.8439
11.5536 98 46.1322
13.3776 71 36.4266
11.5472 107 49.7283
13.3776 71 36.4266
11.5536 99 46.5322
11.5922 93 44.1553
11.5922 89 42.5553
13.4066 75 38.0439
14.5273 68 35.9164
13.3776 73 37.2266
11.5472 106 49.3283
14.553 66 35.1318
11.7816 83 40.269
14.4727 71 37.0836
13.3776 73 37.2266
11.5472 98 46.1283
13.3776 73 37.2266
11.6179 94 44.5707
11.5793 95 44.9476
14.4534 77 39.4721
14.4984 68 35.899
11.6179 83 40.1707
12.5234 81 39.9141
13.8048 68 35.4829
14.4984 69 36.299
13.352 76 38.4112
11.5536 105 48.9322
11.6724 79 38.6035
11.6403 90 42.9842
11.5922 90 42.9553
11.7559 89 42.6536
11.5922 91 43.3553
13.3776 70 36.0266
14.4984 67 35.499
11.5536 96 45.3322
12.5234 81 39.9141
14.553 65 34.7318
11.5536 100 46.9322
11.6179 84 40.5707
14.553 64 34.3318
14.4727 72 37.4836
11.6179 87 41.7707
11.6724 80 39.0035
11.6179 88 42.1707
11.6724 81 39.4035
11.5536 97 45.7322
11.6114 95 44.9669
11.8748 86 41.5249
11.6724 88 42.2035
11.6724 82 39.8035
