15.4522 40 37.5452
15.4522 39 36.6452
14.5819 42 39.2582
15.4522 42 39.3452
14.5819 41 38.3582
13.3455 51 47.2346
12.623 48 44.4623
13.3455 52 48.1346
12.623 48 44.4623
12.623 50 46.2623
12.3083 55 50.7308
12.6134 52 48.0613
12.6166 49 45.3617
12.623 53 48.9623
12.6134 53 48.9613
12.6134 54 49.8613
12.4721 52 48.0472
12.6134 50 46.2613
11.5247 54 49.7525
11.5311 57 52.4531
11.8876 54 49.7888
12.3083 54 49.8308
11.5247 58 53.3525
11.5247 56 51.5525
11.5151 61 56.0515
11.5247 67 61.4525
11.5215 59 54.2522
11.5247 59 54.2525
11.5151 60 55.1515
11.4605 67 61.446
11.5151 61 56.0515
11.4252 71 65.0425
11.4637 71 65.0464
11.4701 65 59.647
11.5151 62 56.9515
11.4252 63 57.8425
11.3642 71 65.0364
11.3642 72 65.9364
11.4252 66 60.5425
11.3545 74 67.7355
11.4252 67 61.4425
11.3545 75 68.6355
11.4637 61 56.0464
11.4155 69 63.2416
11.3642 70 64.1364
11.3642 71 65.0364
11.3545 76 69.5355
11.3642 73 66.8364
11.3545 74 67.7355
11.3642 69 63.2364
11.3642 69 63.2364
11.332 76 69.5332
11.3545 79 72.2355
11.332 78 71.3332
11.3224 83 75.8322
11.332 80 73.1332
11.332 81 74.0332
11.4316 74 67.7432
11.3224 85 77.6322
11.3224 89 81.2322
12.6134 59 54.3613
11.3642 71 65.0364
11.332 76 69.5332
11.4252 63 57.8425
11.3642 73 66.8364
11.3224 87 79.4322
12.6134 49 45.3613
11.3545 75 68.6355
11.3642 71 65.0364
11.332 81 74.0332
11.5311 54 49.7531
11.5247 58 53.3525
14.5819 43 40.1582
11.3545 74 67.7355
14.5819 42 39.2582
11.5247 56 51.5525
11.332 80 73.1332
14.5723 46 42.8572
15.4522 42 39.3452
12.3083 55 50.7308
11.4155 70 64.1416
12.4721 55 50.7472
11.3224 85 77.6322
11.5151 62 56.9515
12.6166 52 48.0617
11.4252 66 60.5425
12.6166 52 48.0617
14.5819 47 43.7582
11.3545 75 68.6355
11.5151 61 56.0515
15.4522 40 37.5452
14.5819 52 48.2582
15.4522 45 42.0452
11.3545 76 69.5355
11.4637 62 56.9464
11.4155 72 65.9416
11.3642 69 63.2364
11.4155 78 71.3416
11.5247 56 51.5525
11.8876 54 49.7888
11.4252 65 59.6425
11.3642 73 66.8364
11.3642 76 69.5364
11.4155 67 61.4416
11.8876 54 49.7888
11.3642 70 64.1364
11.3545 84 76.7355
11.5311 54 49.7531
11.4252 66 60.5425
11.332 79 72.2332
11.5247 64 58.7525
12.623 44 40.8623
13.7084 45 41.8708
12.3019 56 51.6302
11.3545 76 69.5355
12.6134 53 48.9613
11.3545 78 71.3354
11.3642 73 66.8364
12.6134 49 45.3613
11.4701 62 56.947
14.5819 52 48.2582
12.2987 56 51.6299
11.5215 60 55.1522
14.5819 45 41.9582
11.332 79 72.2332
14.5819 42 39.2582
11.3545 75 68.6355
11.5151 63 57.8515
11.4252 64 58.7425
12.623 55 50.7623
11.4252 67 61.4425
12.3083 53 48.9308
11.3545 79 72.2355
11.5247 55 50.6525
11.4252 63 57.8425
12.623 46 42.6623
11.3545 75 68.6355
11.5215 59 54.2522
11.4541 67 61.4454
11.5151 60 55.1515
11.8266 61 56.0827
11.3642 69 63.2364
11.4252 64 58.7425
11.5247 55 50.6525
11.4316 72 65.9432
12.6134 49 45.3613
11.5151 60 55.1515
11.4252 68 62.3425
11.3706 72 65.9371
11.4155 67 61.4416
