12.5395 82 47.2697
12.1381 82 47.069
12.4432 84 48.2216
11.9229 84 47.9615
12.2505 80 46.1252
11.894 87 49.447
11.7303 88 49.8651
11.7303 89 50.3651
11.7592 88 49.8796
11.7784 94 52.8892
11.6275 97 54.3137
11.7592 91 51.3796
11.7848 86 48.8924
11.6179 93 52.3089
11.6724 88 49.8362
11.8105 88 49.9053
11.6179 95 53.3089
11.6468 90 50.8234
11.6179 100 55.8089
11.8105 90 50.9053
11.6114 101 56.3057
11.5922 97 54.2961
11.5922 95 53.2961
11.7046 95 53.3523
11.6179 95 53.3089
11.5857 109 60.2929
11.5857 105 58.2929
11.5633 122 66.7816
11.6179 116 63.8089
11.5633 127 69.2816
11.5633 128 69.7816
12.3693 135 73.6846
12.3725 123 67.6863
11.6179 122 66.8089
11.5247 132 71.7624
11.5311 132 71.7656
11.5633 132 71.7816
11.5247 139 75.2624
11.6435 144 77.8218
11.499 139 75.2495
11.5247 139 75.2624
11.438 140 75.719
11.499 140 75.7495
11.6789 146 78.8394
11.4284 148 79.7142
11.4477 145 78.2238
11.7303 89 50.3651
11.7848 84 47.8924
11.6179 93 52.3089
11.4059 143 77.203
11.7592 87 49.3796
11.5633 130 70.7816
11.6179 92 51.8089
11.4412 133 72.2206
11.6468 92 51.8234
12.5652 78 45.2826
11.7848 84 47.8924
11.9486 80 45.9743
11.5857 105 58.2929
11.5247 138 74.7624
11.5311 132 71.7656
11.6468 90 50.8234
11.7784 93 52.3892
12.2248 141 76.6124
11.4284 149 80.2142
11.7784 92 51.8892
12.4432 81 46.7216
11.7816 91 51.3908
11.3963 150 80.6981
11.6403 100 55.8202
11.5633 122 66.7816
12.2505 82 47.1252
11.5311 135 73.2656
11.6724 87 49.3362
11.5857 104 57.7929
12.2505 88 50.1252
11.5633 131 71.2816
11.5633 127 69.2816
12.2505 79 45.6252
12.2248 84 48.1124
11.5922 100 55.7961
11.7848 86 48.8924
11.5633 133 72.2816
11.4766 148 79.7383
11.9486 80 45.9743
12.2505 82 47.1252
11.5247 132 71.7624
11.7527 95 53.3764
11.7303 89 50.3651
11.7046 92 51.8523
11.3963 150 80.6981
11.5247 137 74.2624
11.5922 95 53.2961
12.5652 78 45.2826
11.5311 132 71.7656
11.6468 91 51.3234
12.2248 83 47.6124
11.5633 128 69.7816
11.5311 132 71.7656
12.5106 84 48.2553
11.4798 143 77.2399
11.6724 89 50.3362
11.4027 141 76.2013
11.5247 132 71.7624
11.5922 96 53.7961
11.6179 95 53.3089
11.5311 132 71.7656
11.7784 95 53.3892
11.4284 148 79.7142
11.5633 131 71.2816
11.6468 90 50.8234
11.7592 89 50.3796
11.5247 137 74.2624
12.5652 78 45.2826
11.9486 81 46.4743
11.5311 132 71.7656
11.3963 150 80.6981
11.4766 148 79.7383
11.5247 141 76.2624
12.5106 84 48.2553
11.4284 148 79.7142
11.5633 130 70.7816
11.6435 143 77.3218
11.6724 88 49.8362
11.5857 105 58.2929
11.6179 92 51.8089
11.5633 129 70.2816
11.5633 122 66.7816
11.6468 149 80.3234
11.6179 93 52.3089
11.7046 94 52.8523
11.6789 146 78.8394
11.5633 120 65.7816
11.6724 89 50.3362
11.6179 121 66.3089
11.7848 84 47.8924
11.5633 132 71.7816
11.6179 93 52.3089
11.6724 89 50.3362
11.5022 141 76.2511
11.6724 85 48.3362
11.6468 92 51.8234
12.5234 87 49.7617
11.3963 151 81.1981
11.7592 89 50.3796
11.9486 81 46.4743
11.5408 134 72.7704
11.6468 90 50.8234
11.4926 141 76.2463
11.5922 95 53.2961
