14.9255 59 41.3702
13.4611 63 43.1845
14.9255 60 41.9702
14.553 57 40.0212
14.553 56 39.4212
13.7437 66 45.0975
14.6365 59 41.2546
14.4727 63 43.5891
14.5273 61 42.4109
13.7437 67 45.6975
13.8048 61 42.1219
12.7803 66 44.7121
13.262 62 42.5048
13.3776 62 42.5511
13.8048 60 41.5219
12.8349 66 44.734
12.7803 68 45.9121
12.8092 65 44.1237
12.8349 65 44.134
12.0963 73 48.6385
12.8092 66 44.7237
12.1124 69 46.245
11.8362 68 45.5345
12.1381 68 45.6552
11.8362 69 46.1345
11.6275 79 52.051
11.8362 68 45.5345
11.6724 71 47.269
11.6724 72 47.869
11.6468 73 48.4587
11.8362 70 46.7345
11.6468 77 50.8587
11.5922 77 50.8369
11.6403 82 53.8561
11.5922 78 51.4369
11.6724 71 47.269
11.5922 78 51.4369
11.6179 78 51.4471
11.6468 73 48.4587
11.5857 87 56.8343
11.5922 79 52.0369
11.5922 82 53.8369
11.5922 83 54.4369
11.5857 91 59.2343
11.5729 85 55.6292
11.5922 83 54.4369
11.5665 93 60.4266
11.5665 94 61.0266
11.5408 95 61.6163
11.5665 95 61.6266
11.5215 89 58.0086
11.5472 89 58.0189
11.5215 88 57.4086
11.5151 88 57.406
11.5215 89 58.0086
11.5151 93 60.406
11.5151 93 60.406
11.5151 92 59.806
11.5215 90 58.6086
11.8362 69 46.1345
11.7559 78 51.5024
13.262 69 46.7048
11.6724 70 46.669
11.5922 81 53.2369
13.8048 60 41.5219
11.5922 77 50.8369
14.9544 58 40.7818
11.5022 99 64.0009
11.5729 86 56.2292
11.5472 89 58.0189
11.5922 79 52.0369
12.7547 69 46.5019
11.6179 78 51.4471
11.8362 70 46.7345
13.8048 61 42.1219
11.5215 89 58.0086
14.553 58 40.6212
11.6114 83 54.4446
13.3776 60 41.3511
12.1381 68 45.6552
11.5922 79 52.0369
13.7437 69 46.8975
14.264 61 42.3056
11.6114 85 55.6446
11.5922 79 52.0369
11.5215 89 58.0086
12.1381 68 45.6552
11.5922 85 55.6369
11.5151 98 63.406
11.5922 86 56.2369
12.8285 72 48.3314
11.5922 80 52.6369
11.5215 91 59.2086
11.5472 89 58.0189
11.6468 72 47.8587
14.4984 62 42.9994
12.0963 74 49.2385
11.5922 78 51.4369
14.9544 58 40.7818
13.3776 62 42.5511
11.8234 76 50.3294
11.5665 92 59.8266
11.6724 70 46.669
14.9255 60 41.9702
12.8349 62 42.334
11.5922 87 56.8369
14.9801 56 39.592
12.1381 66 44.4552
12.1381 65 43.8552
12.8349 63 42.934
11.5472 88 57.4189
13.352 66 44.9408
11.6468 75 49.6587
11.5151 95 61.606
11.5729 85 55.6292
13.7502 66 45.1001
11.5472 88 57.4189
13.3776 61 41.9511
14.553 58 40.6212
11.5729 88 57.4292
11.5472 89 58.0189
11.6275 80 52.651
11.6468 74 49.0587
11.5665 94 61.0266
12.1381 66 44.4552
14.4984 60 41.7994
11.5022 96 62.2009
11.5665 92 59.8266
11.6468 75 49.6587
11.5087 96 62.2035
11.5151 95 61.606
13.8882 63 43.3553
11.6468 78 51.4587
11.6403 82 53.8561
13.5222 66 45.0089
14.9255 59 41.3702
12.1381 68 45.6552
13.8048 61 42.1219
12.1381 66 44.4552
11.5665 94 61.0266
11.6724 70 46.669
12.8349 62 42.334
11.5215 91 59.2086
11.5087 96 62.2035
13.7437 67 45.6975
11.5922 79 52.0369
12.8285 72 48.3314
11.5022 99 64.0009
11.5151 88 57.406
11.8234 77 50.9294
