13.7116 49 24.2981
13.7116 50 24.5981
13.7116 51 24.8981
13.6795 52 25.1757
13.7116 52 25.1981
13.6795 51 24.8757
13.6538 59 27.2577
13.7116 51 24.8981
13.6635 53 25.4644
13.6635 54 25.7644
13.0405 56 25.9283
13.6635 57 26.6644
13.5382 62 28.0768
13.6635 56 26.3644
13.0405 60 27.1283
13.0148 64 28.3103
13.0405 64 28.3283
13.0148 65 28.6103
12.6134 63 27.7294
12.8349 63 27.8845
12.7514 66 28.726
12.6134 67 28.9294
12.3019 63 27.5113
11.9294 68 28.7505
12.6134 68 29.2294
12.2473 70 29.5731
11.9004 71 29.6303
11.9004 72 29.9303
11.9294 71 29.6505
11.9294 72 29.9505
12.3019 67 28.7113
11.894 78 31.7258
11.9294 71 29.6505
11.6724 70 29.1707
11.7816 76 31.0471
11.9004 72 29.9303
11.6468 75 30.6527
11.6724 74 30.3707
11.5922 79 31.8145
11.666 82 32.7662
11.6468 74 30.3527
11.6179 77 31.2325
11.6468 77 31.2527
11.6179 78 31.5325
11.6179 77 31.2325
11.5857 87 34.21
11.6179 80 32.1325
11.5922 79 31.8145
11.6179 78 31.5325
11.5857 90 35.11
11.5922 82 32.7145
11.5729 85 33.601
11.5922 87 34.2145
11.5729 86 33.901
11.5472 96 36.883
11.5729 87 34.201
11.5472 90 35.083
13.7116 50 24.5981
13.6795 53 25.4757
11.8362 70 29.2854
11.5472 88 34.483
11.9004 71 29.6303
11.8362 72 29.8854
13.7116 52 25.1981
11.955 70 29.3685
12.2762 67 28.6933
11.9294 70 29.3505
11.6468 75 30.6527
11.5472 92 35.683
11.9004 70 29.3303
13.702 56 26.3914
13.6956 54 25.7869
12.8349 63 27.8845
11.5729 83 33.001
11.5729 85 33.601
12.6134 62 27.4294
13.702 55 26.0914
11.9004 72 29.9303
13.6795 52 25.1757
11.7367 83 33.1157
13.0148 60 27.1103
13.6635 54 25.7644
13.0405 67 29.2283
11.5472 88 34.483
13.6635 55 26.0644
13.0148 61 27.4103
13.6795 50 24.5757
13.6635 55 26.0644
12.2473 70 29.5731
13.6185 58 26.9329
11.5922 80 32.1145
11.6179 77 31.2325
11.6468 76 30.9527
11.6018 84 33.3213
11.5922 80 32.1145
12.3019 63 27.5113
13.0405 58 26.5283
11.9004 71 29.6303
13.6699 58 26.9689
12.3019 66 28.4113
11.955 67 28.4685
12.3019 66 28.4113
11.6724 74 30.3707
11.5922 80 32.1145
12.2762 67 28.6933
11.5922 90 35.1145
12.3019 64 27.8113
11.6403 83 33.0482
11.6179 77 31.2325
11.955 69 29.0685
11.5922 85 33.6145
13.7116 50 24.5981
11.7816 76 31.0471
13.6635 63 28.4644
13.0148 65 28.6103
11.6468 75 30.6527
11.955 65 27.8685
13.0148 62 27.7103
13.5832 58 26.9082
11.5729 85 33.601
11.9101 75 30.8371
13.0405 59 26.8283
11.9004 72 29.9303
12.8285 70 29.98
11.5472 87 34.183
11.6468 76 30.9527
11.6724 73 30.0707
11.9486 73 30.264
13.0405 60 27.1283
13.6956 52 25.1869
11.5922 81 32.4145
11.6468 76 30.9527
11.5922 92 35.7145
11.9294 73 30.2505
11.6179 79 31.8325
12.6134 66 28.6294
11.894 79 32.0258
13.5767 63 28.4037
12.7514 65 28.426
12.8349 63 27.8845
11.5472 88 34.483
13.6635 58 26.9644
13.0148 66 28.9103
11.5922 84 33.3145
12.8349 63 27.8845
11.7367 83 33.1157
11.5729 85 33.601
11.5857 87 34.21
13.0405 58 26.5283
13.6795 52 25.1757
