14.5819 51 47.3582
14.5723 47 43.7572
14.5723 48 44.6572
14.5819 48 44.6582
13.3455 53 49.0345
12.623 50 46.2623
12.7225 51 47.1723
14.5723 47 43.7572
14.5819 47 43.7582
12.6134 52 48.0613
12.6069 53 48.9607
12.623 49 45.3623
12.3019 57 52.5302
12.6166 51 47.1617
12.6134 50 46.2613
12.6069 56 51.6607
12.2922 60 55.2292
12.6069 57 52.5607
11.5311 55 50.6531
12.2922 62 57.0292
11.5311 56 51.5531
11.4637 64 58.7464
11.5311 66 60.5531
11.5247 67 61.4525
11.5151 63 57.8515
11.5151 60 55.1515
11.5215 60 55.1522
11.5247 60 55.1525
11.4541 68 62.3454
11.5151 62 56.9515
11.4252 63 57.8425
11.5311 54 49.7531
11.5151 72 65.9515
11.4252 64 58.7425
11.3642 72 65.9364
11.4252 66 60.5425
11.3642 74 67.7364
11.4252 62 56.9425
11.4252 77 70.4425
11.4155 78 71.3416
11.3642 70 64.1364
11.4155 70 64.1416
11.3642 71 65.0364
11.4637 64 58.7464
11.3642 82 74.9364
11.3642 72 65.9364
11.3642 75 68.6364
11.3545 85 77.6355
11.361 76 69.5361
11.3642 85 77.6364
11.3545 86 78.5355
11.332 78 71.3332
11.3545 78 71.3354
11.332 79 72.2332
11.332 80 73.1332
11.332 81 74.0332
11.3224 92 83.9322
11.3224 84 76.7322
11.3224 83 75.8322
12.3019 58 53.4302
11.361 76 69.5361
11.5151 62 56.9515
12.6069 52 48.0607
11.4252 74 67.7425
11.3642 71 65.0364
11.3545 78 71.3354
11.3224 94 85.7322
11.878 58 53.3878
12.6069 54 49.8607
12.6134 52 48.0613
11.5311 56 51.5531
11.3545 79 72.2355
12.623 45 41.7623
11.4155 69 63.2416
11.332 81 74.0332
11.4701 62 56.947
11.4637 65 59.6464
12.6134 51 47.1613
11.3224 84 76.7322
11.4252 77 70.4425
11.5311 55 50.6531
11.5311 55 50.6531
12.6166 49 45.3617
13.3359 54 49.9336
12.6069 55 50.7607
11.3224 83 75.8322
11.3642 69 63.2364
11.3642 71 65.0364
11.332 86 78.5332
11.332 89 81.2332
14.5819 45 41.9582
11.3642 75 68.6364
11.4637 66 60.5464
11.5311 56 51.5531
11.5151 61 56.0515
12.6166 50 46.2617
12.3083 56 51.6308
11.4701 61 56.047
11.3642 73 66.8364
11.5151 61 56.0515
11.3545 79 72.2355
12.6134 51 47.1613
11.5311 56 51.5531
11.332 81 74.0332
11.4605 68 62.346
11.5311 59 54.2531
12.6134 55 50.7613
11.5151 60 55.1515
11.5151 60 55.1515
12.6069 53 48.9607
12.6069 53 48.9607
11.3545 76 69.5355
11.3642 72 65.9364
11.5247 58 53.3525
11.3224 88 80.3322
11.332 79 72.2332
11.5151 69 63.2515
11.3642 71 65.0364
11.3642 72 65.9364
11.5311 56 51.5531
11.4155 70 64.1416
11.3545 77 70.4354
12.623 52 48.0623
12.3083 56 51.6308
12.6069 56 51.6607
11.4155 78 71.3416
11.5247 58 53.3525
11.5151 64 58.7515
12.2922 60 55.2292
12.6166 48 44.4617
14.5819 51 47.3582
14.5819 45 41.9582
11.5247 57 52.4525
11.5247 57 52.4525
14.5819 45 41.9582
12.6166 49 45.3617
11.4155 68 62.3416
12.6069 52 48.0607
11.332 78 71.3332
12.6166 50 46.2617
11.4155 68 62.3416
12.623 57 52.5623
14.5723 46 42.8572
12.6166 53 48.9617
11.3642 74 67.7364
13.3455 49 45.4346
12.6166 49 45.3617
14.5819 44 41.0582
11.3642 75 68.6364
11.332 79 72.2332
