12.2762 61 31.7657
13.3776 63 33.2266
12.3019 60 31.3811
13.5222 64 33.7133
12.2762 63 32.5657
13.4355 65 34.0613
14.553 58 31.9318
12.2216 66 33.7329
12.3019 69 34.9811
14.5273 59 32.3164
12.2762 63 32.5657
12.106 71 35.6636
12.2473 67 34.1484
12.2762 64 32.9657
12.1188 65 33.2713
12.106 73 36.4636
12.0931 74 36.8559
12.0931 69 34.8559
11.8234 75 37.094
12.0225 71 35.6135
12.0931 68 34.4559
11.8362 69 34.7017
11.8105 72 35.8863
11.6724 71 35.4035
11.8105 71 35.4863
11.8362 69 34.7017
11.6468 74 36.5881
11.6468 73 36.1881
11.6724 73 36.2035
11.6468 74 36.5881
11.6179 75 36.9707
11.6468 75 36.9881
11.6179 76 37.3707
11.6114 84 40.5669
11.5922 78 38.1553
11.6179 78 38.1707
11.7559 76 37.4536
11.5922 80 38.9553
11.5922 81 39.3553
11.5922 80 38.9553
11.5472 85 40.9283
11.5857 90 42.9514
11.5472 86 41.3283
11.711 82 39.8266
11.5472 87 41.7283
11.5472 86 41.3283
11.711 84 40.6266
11.5472 88 42.1283
11.5408 96 45.3245
11.5472 90 42.9283
11.8298 88 42.2979
11.5472 92 43.7283
11.5472 84 40.5283
11.5472 91 43.3283
11.5408 98 46.1245
11.5408 95 44.9245
11.5408 96 45.3245
11.5408 97 45.7245
11.6981 95 45.0189
11.5408 105 48.9245
11.5729 83 40.1437
12.3019 60 31.3811
11.6179 75 36.9707
11.5922 79 38.5553
11.5472 91 43.3283
11.6179 75 36.9707
11.5472 91 43.3283
11.5472 85 40.9283
13.3776 65 34.0266
12.0225 72 36.0135
11.5472 85 40.9283
11.8234 75 37.094
11.5408 97 45.7245
12.0514 70 35.2308
11.5408 95 44.9245
11.5408 96 45.3245
11.5472 85 40.9283
11.5922 79 38.5553
11.9004 75 37.1403
12.2762 64 32.9657
11.5922 82 39.7553
11.5408 96 45.3245
11.6724 72 35.8035
11.5922 78 38.1553
14.553 57 31.5318
11.5408 92 43.7245
14.5273 59 32.3164
11.666 80 38.9996
11.5857 89 42.5514
11.5472 88 42.1283
12.2762 63 32.5657
12.1188 64 32.8713
11.5408 95 44.9245
11.8362 75 37.1017
11.5729 87 41.7437
11.5472 86 41.3283
11.5472 93 44.1283
12.0771 68 34.4462
11.6724 73 36.2035
11.5408 105 48.9245
11.7559 79 38.6536
12.0642 69 34.8385
13.352 66 34.4112
11.6724 73 36.2035
11.6724 69 34.6035
14.5273 58 31.9164
11.6468 73 36.1881
11.8105 71 35.4863
11.6724 69 34.6035
12.3019 60 31.3811
11.6179 75 36.9707
12.2762 65 33.3657
11.5408 98 46.1245
11.5408 105 48.9245
11.5922 80 38.9553
11.5472 87 41.7283
11.6179 78 38.1707
11.5472 90 42.9283
14.4984 62 33.499
14.5273 60 32.7164
11.8362 71 35.5017
12.3019 65 33.3811
12.1188 70 35.2713
12.0931 68 34.4559
11.8234 78 38.294
11.5408 97 45.7245
11.6981 94 44.6189
11.7816 72 35.869
14.5273 59 32.3164
12.1188 70 35.2713
14.5273 59 32.3164
11.5729 83 40.1437
11.8105 71 35.4863
12.0514 70 35.2308
12.3019 65 33.3811
11.6981 91 43.4189
11.8105 71 35.4863
11.6114 85 40.9669
12.1188 64 32.8713
11.5472 87 41.7283
11.6468 74 36.5881
11.5729 85 40.9437
11.5472 87 41.7283
12.2473 67 34.1484
11.5922 80 38.9553
11.666 78 38.1996
11.5472 91 43.3283
12.2762 63 32.5657
14.5273 58 31.9164
11.5408 96 45.3245
