14.553 56 31.1318
12.2473 64 32.9484
14.553 57 31.5318
12.729 60 31.6374
12.3019 61 31.7811
14.553 56 31.1318
12.3019 62 32.1811
14.5273 62 33.5164
13.4611 66 34.4767
12.2697 70 35.3619
12.2954 70 35.3773
14.4823 69 36.2894
12.0771 67 34.0462
12.2762 64 32.9657
12.1188 65 33.2713
12.106 73 36.4636
12.0931 67 34.0559
12.1188 67 34.0713
12.0771 68 34.4462
12.0803 75 37.2482
11.9486 69 34.7692
12.0642 69 34.8385
12.0771 67 34.0462
11.894 74 36.7364
11.6179 75 36.9707
11.9486 71 35.5692
11.6724 70 35.0035
11.6724 80 39.0035
11.6403 81 39.3842
11.666 81 39.3996
11.5922 77 37.7553
11.6468 75 36.9881
11.6179 76 37.3707
11.6179 77 37.7707
11.5857 85 40.9514
11.5922 80 38.9553
11.5857 86 41.3514
11.5922 80 38.9553
11.5922 79 38.5553
11.6179 78 38.1707
11.5922 81 39.3553
11.5922 82 39.7553
11.5793 85 40.9476
11.5922 81 39.3553
11.5729 86 41.3437
11.5793 86 41.3476
11.5472 87 41.7283
11.5729 87 41.7437
11.5408 95 44.9245
11.5408 96 45.3245
11.5472 88 42.1283
11.5472 91 43.3283
11.5472 90 42.9283
11.5472 93 44.1283
11.5408 101 47.3245
11.5472 91 43.3283
11.5472 96 45.3283
11.5472 109 50.5283
12.0931 71 35.6559
11.6179 78 38.1707
11.5922 85 40.9553
11.6114 83 40.1669
11.5472 89 42.5283
12.2697 71 35.7618
12.2762 63 32.5657
12.1188 64 32.8713
11.5729 92 43.7437
12.106 71 35.6636
11.894 75 37.1364
11.5408 96 45.3245
12.2954 68 34.5773
11.5729 92 43.7437
13.352 66 34.4112
11.5922 79 38.5553
11.5472 87 41.7283
12.0771 68 34.4462
11.5793 86 41.3476
12.1188 67 34.0713
12.729 60 31.6374
11.894 75 37.1364
12.7033 62 32.422
11.5922 81 39.3553
11.6468 74 36.5881
11.5922 88 42.1553
11.6179 75 36.9707
12.2762 62 32.1657
11.5472 85 40.9283
12.0642 69 34.8385
12.1188 66 33.6713
11.5729 96 45.3437
11.5922 79 38.5553
12.3019 60 31.3811
11.8362 68 34.3017
12.0931 68 34.4559
12.1188 72 36.0713
11.5922 79 38.5553
11.6468 75 36.9881
12.1188 64 32.8713
11.6339 80 38.9803
11.5472 91 43.3283
11.5472 94 44.5283
11.5793 85 40.9476
11.5729 85 40.9437
12.729 60 31.6374
11.9358 76 37.5615
12.2762 64 32.9657
12.0771 69 34.8462
11.5472 100 46.9283
12.0225 73 36.4135
11.9486 71 35.5692
11.666 78 38.1996
11.9358 78 38.3615
14.5273 59 32.3164
11.5729 93 44.1437
12.729 60 31.6374
12.0771 68 34.4462
11.5472 85 40.9283
11.5857 91 43.3514
11.7816 74 36.669
11.5472 93 44.1283
11.5922 88 42.1553
14.4727 64 34.2836
11.5408 101 47.3245
14.4823 68 35.8894
12.0514 71 35.6308
14.553 57 31.5318
11.6179 83 40.1707
11.5472 91 43.3283
14.5273 59 32.3164
12.1188 64 32.8713
11.5922 80 38.9553
12.729 60 31.6374
11.5472 94 44.5283
12.3019 63 32.5811
12.3019 58 30.5811
12.0931 67 34.0559
12.1188 66 33.6713
11.8362 70 35.1017
12.0931 67 34.0559
11.6468 74 36.5881
11.5857 88 42.1514
11.5922 78 38.1553
12.2762 63 32.5657
11.5922 83 40.1553
12.0803 75 37.2482
14.5273 58 31.9164
12.2954 67 34.1773
11.5472 98 46.1283
11.5922 91 43.3553
11.6724 72 35.8035
