13.2556 68 40.6278
12.3019 62 37.1509
13.262 62 37.631
12.2954 70 41.1477
12.2762 66 39.1381
12.2762 65 38.6381
12.3019 68 40.1509
12.1381 70 41.069
12.2762 66 39.1381
12.0963 74 43.0482
12.1188 68 40.0594
12.0835 72 42.0417
11.8362 76 43.9181
12.1124 72 42.0562
12.1188 69 40.5594
11.8105 72 41.9053
11.8362 68 39.9181
11.7816 75 43.3908
11.6724 72 41.8362
11.6724 73 42.3362
11.6724 72 41.8362
11.5922 79 45.2961
11.666 82 46.833
11.6403 83 47.3202
11.6114 84 47.8057
11.6468 77 44.3234
11.7816 75 43.3908
11.6179 79 45.3089
11.5857 87 49.2929
11.6114 87 49.3057
11.6468 75 43.3234
11.5922 82 46.7961
11.6179 79 45.3089
11.5729 91 51.2864
11.5922 82 46.7961
11.5729 85 48.2864
11.5793 85 48.2897
11.5729 86 48.7864
11.5536 87 49.2768
11.5729 96 53.7864
11.5472 88 49.7736
11.5536 88 49.7768
11.5472 89 50.2736
11.5472 90 50.7736
11.5729 87 49.2864
11.438 99 55.219
11.5472 101 56.2736
11.5055 97 54.2527
11.4798 97 54.2399
11.4733 95 53.2367
11.5055 95 53.2527
11.4733 96 53.7367
11.4733 100 55.7367
11.4637 105 58.2319
11.4477 99 55.2238
11.4477 102 56.7238
11.4798 96 53.7399
11.438 101 56.219
11.361 137 74.1805
11.6179 77 44.3089
12.1381 66 39.069
11.5536 88 49.7768
11.5472 95 53.2736
11.6468 75 43.3234
11.7816 76 43.8908
12.1124 68 40.0562
11.5922 80 45.7961
12.1188 72 42.0594
11.6179 78 44.8089
11.8234 76 43.9117
11.6179 80 45.8089
11.3385 147 79.1692
11.5922 80 45.7961
11.4798 95 53.2399
12.2762 65 38.6381
11.4477 103 57.2238
11.5055 97 54.2527
11.5536 88 49.7768
11.4059 102 56.703
12.1124 69 40.5562
11.5793 84 47.7897
11.5055 93 52.2527
12.2216 70 41.1108
11.9069 71 41.4534
11.5922 82 46.7961
11.5055 92 51.7527
12.5652 89 50.7826
11.6468 75 43.3234
11.5536 87 49.2768
11.4733 95 53.2367
11.4477 98 54.7238
11.5408 99 55.2704
11.5729 85 48.2864
11.7559 78 44.878
11.8362 69 40.4181
12.2697 73 42.6349
11.5472 89 50.2736
11.5408 95 53.2704
11.666 82 46.833
12.0963 74 43.0482
11.4059 104 57.703
11.4733 96 53.7367
12.1124 69 40.5562
11.6179 78 44.8089
11.4733 97 54.2367
11.6724 72 41.8362
11.666 82 46.833
11.5472 93 52.2736
12.2697 72 42.1349
11.8362 73 42.4181
11.4123 104 57.7062
11.5055 93 52.2527
12.2473 68 40.1236
12.3019 65 38.6509
13.262 62 37.631
11.5793 94 52.7897
11.4477 99 55.2238
13.2556 68 40.6278
13.2074 66 39.6037
11.5472 87 49.2736
11.4733 98 54.7367
11.3802 107 59.1901
11.6468 77 44.3234
11.6179 80 45.8089
11.5922 82 46.7961
11.5922 84 47.7961
11.5408 96 53.7704
12.1188 69 40.5594
11.6724 80 45.8362
12.2762 65 38.6381
11.5857 87 49.2929
11.8105 71 41.4053
12.2954 69 40.6477
11.5793 84 47.7897
11.5793 85 48.2897
11.3802 107 59.1901
12.2473 68 40.1236
11.361 138 74.6805
11.5793 84 47.7897
12.0706 76 44.0353
12.0963 75 43.5482
11.5472 89 50.2736
12.2762 69 40.6381
11.6724 71 41.3362
11.4733 94 52.7367
12.0931 71 41.5466
11.4477 100 55.7238
11.5408 96 53.7704
11.6724 73 42.3362
12.3019 63 37.6509
