14.553 52 37.0212
14.553 53 37.6212
13.4611 61 41.9845
13.4355 62 42.5742
13.3776 62 42.5511
14.264 58 40.5056
14.5273 56 39.4109
14.2897 57 39.9159
12.8349 58 39.934
14.264 60 41.7056
12.7803 63 42.9121
12.8092 62 42.3237
12.7803 61 41.7121
12.8092 63 42.9237
12.5716 66 44.6286
12.7803 65 44.1121
12.5716 63 42.8286
12.5716 62 42.2286
12.1381 65 43.8552
12.5459 67 45.2184
12.1381 66 44.4552
12.1381 67 45.0552
11.7913 77 50.9165
12.0706 75 49.8283
12.1381 68 45.6552
11.8234 76 50.3294
11.6724 70 46.669
11.8362 70 46.7345
11.6724 71 47.269
11.6724 79 52.069
11.5922 77 50.8369
11.6468 75 49.6587
11.6403 81 53.2561
11.5922 77 50.8369
11.6468 75 49.6587
11.6114 83 54.4446
11.6724 71 47.269
11.7559 75 49.7024
11.5922 80 52.6369
11.5922 77 50.8369
11.5922 80 52.6369
11.5922 81 53.2369
11.5729 82 53.8292
11.5922 80 52.6369
11.6403 87 56.8561
11.5729 83 54.4292
11.5215 85 55.6086
11.5215 86 56.2086
11.5151 86 56.206
11.5215 86 56.2086
11.6339 91 59.2536
11.5087 88 57.4035
11.5151 88 57.406
11.483 89 57.9932
11.5087 90 58.6035
11.483 97 62.7932
11.483 91 59.1932
11.483 97 62.7932
12.8349 55 38.134
11.5215 86 56.2086
14.5273 54 38.2109
11.5215 83 54.4086
12.5716 68 45.8286
12.8349 58 39.934
12.7803 64 43.5121
14.4984 59 41.1994
11.5922 84 55.0369
12.0963 75 49.8385
12.1381 65 43.8552
12.1381 68 45.6552
11.483 97 62.7932
11.6468 73 48.4587
11.6468 75 49.6587
11.5922 77 50.8369
11.483 98 63.3932
11.483 97 62.7932
11.6724 80 52.669
11.483 91 59.1932
12.1381 65 43.8552
11.5729 82 53.8292
11.5215 87 56.8086
12.1124 72 48.045
11.6179 76 50.2471
11.483 90 58.5932
14.4984 58 40.5994
11.483 97 62.7932
11.5087 90 58.6035
11.5215 85 55.6086
12.7803 70 47.1121
14.5273 55 38.8109
11.6179 77 50.8471
12.1381 65 43.8552
11.483 90 58.5932
11.483 97 62.7932
11.6724 70 46.669
14.4984 57 39.9994
11.5087 88 57.4035
14.5273 55 38.8109
12.1124 67 45.045
14.553 53 37.6212
11.6724 71 47.269
12.5652 71 47.6261
11.8105 70 46.7242
11.5087 96 62.2035
11.5729 82 53.8292
11.666 79 52.0664
11.5087 88 57.4035
12.7547 64 43.5019
12.5716 63 42.8286
14.264 58 40.5056
11.483 98 63.3932
12.8349 58 39.934
11.8362 70 46.7345
11.8362 68 45.5345
14.2897 56 39.3159
12.1381 67 45.0552
12.1381 65 43.8552
11.5151 97 62.806
14.2897 58 40.5159
11.8362 68 45.5345
11.483 96 62.1932
11.5922 78 51.4369
11.5857 87 56.8343
11.5665 89 58.0266
11.8362 70 46.7345
14.4984 56 39.3994
11.5922 82 53.8369
12.1381 66 44.4552
14.5273 55 38.8109
11.483 90 58.5932
12.517 67 45.2068
12.1124 68 45.645
12.8285 68 45.9314
11.5215 86 56.2086
12.0835 70 46.8334
11.5215 85 55.6086
12.8349 59 40.534
14.2351 60 41.694
11.483 90 58.5932
11.6468 73 48.4587
14.553 51 36.4212
11.5215 91 59.2086
11.6179 78 51.4471
11.6724 78 51.469
12.7739 69 46.5096
11.6179 76 50.2471
11.5857 88 57.4343
11.7816 73 48.5127
12.1381 67 45.0552
11.5665 89 58.0266
