13.262 61 37.131
12.3019 62 37.1509
13.262 60 36.631
12.3019 63 37.6509
12.2762 66 39.1381
12.2216 69 40.6108
12.3019 65 38.6509
12.1381 66 39.069
12.2216 70 41.1108
12.1188 68 40.0594
11.8362 73 42.4181
12.1188 69 40.5594
11.8362 70 40.9181
11.8362 71 41.4181
11.6724 72 41.8362
11.8105 72 41.9053
11.8362 76 43.9181
11.6468 75 43.3234
11.6468 76 43.8234
11.6468 75 43.3234
11.6179 79 45.3089
11.6468 76 43.8234
11.6179 77 44.3089
11.6468 77 44.3234
11.6179 78 44.8089
11.6114 86 48.8057
11.5472 89 50.2736
11.6179 89 50.3089
11.6468 75 43.3234
11.5922 82 46.7961
11.5922 83 47.2961
11.5793 84 47.7897
11.5922 84 47.7961
11.5793 85 48.2897
11.5665 93 52.2832
11.5536 88 49.7768
11.5793 83 47.2897
11.5665 94 52.7832
11.5536 88 49.7768
11.5472 89 50.2736
11.5536 89 50.2768
11.5472 92 51.7736
11.5472 91 51.2736
11.5055 96 53.7527
11.5472 92 51.7736
11.5055 93 52.2527
11.5055 92 51.7527
11.4733 95 53.2367
11.4733 97 54.2367
11.4733 94 52.7367
11.4059 104 57.703
12.5652 89 50.7826
11.4477 99 55.2238
11.4733 99 55.2367
11.4477 100 55.7238
11.438 104 57.719
11.4477 101 56.2238
11.438 109 60.219
11.4894 96 53.7447
11.4059 106 58.703
11.3802 107 59.1901
11.4477 102 56.7238
12.2762 65 38.6381
12.3019 67 39.6509
11.4733 98 54.7367
11.4733 95 53.2367
11.5055 93 52.2527
11.3802 109 60.1901
11.6179 79 45.3089
11.5729 86 48.7864
11.4059 105 58.203
11.5922 83 47.2961
11.4477 101 56.2238
11.5922 87 49.2961
13.262 61 37.131
12.0931 71 41.5466
11.5472 92 51.7736
11.5055 96 53.7527
11.4477 98 54.7238
11.5665 93 52.2832
11.4477 99 55.2238
11.4733 96 53.7367
11.5729 87 49.2864
11.8234 78 44.9117
11.5408 96 53.7704
12.3019 63 37.6509
11.5408 99 55.2704
11.5055 92 51.7527
11.3802 106 58.6901
11.5922 81 46.2961
11.5922 84 47.7961
11.5922 82 46.7961
11.6403 82 46.8202
11.5536 89 50.2768
11.5536 87 49.2768
12.0931 70 41.0466
11.5922 80 45.7961
11.6724 75 43.3362
11.8362 69 40.4181
11.4733 106 58.7367
11.4605 105 58.2303
12.1381 66 39.069
11.6179 77 44.3089
11.4477 99 55.2238
11.5472 99 55.2736
11.6724 72 41.8362
12.3019 62 37.1509
11.6114 85 48.3057
12.2216 70 41.1108
13.262 68 40.631
12.8349 62 37.4175
11.4284 110 60.7142
11.4477 99 55.2238
11.5472 89 50.2736
11.8234 78 44.9117
11.5922 83 47.2961
11.5472 89 50.2736
11.4123 106 58.7062
11.6724 74 42.8362
11.5793 86 48.7897
11.6179 78 44.8089
11.4477 99 55.2238
12.3019 65 38.6509
11.5055 92 51.7527
11.5793 85 48.2897
11.5472 92 51.7736
11.4123 104 57.7062
11.4059 106 58.703
12.2762 65 38.6381
12.3019 67 39.6509
11.4477 100 55.7238
12.3019 65 38.6509
11.8234 78 44.9117
11.8105 72 41.9053
11.4477 100 55.7238
11.4477 100 55.7238
11.6082 83 47.3041
12.5652 89 50.7826
11.6468 77 44.3234
11.4733 98 54.7367
11.4477 99 55.2238
11.6724 71 41.3362
11.5055 92 51.7527
11.438 100 55.719
13.262 61 37.131
12.3019 62 37.1509
11.8362 72 41.9181
11.5729 88 49.7864
11.4059 104 57.703
11.5536 87 49.2768
