13.702 34 15.7318
13.702 33 15.6318
14.1644 34 16.148
13.641 39 16.1769
14.2254 32 16.0029
13.641 40 16.2769
13.6313 42 16.4682
14.1644 36 16.348
13.6185 45 16.7566
13.641 39 16.1769
14.2254 34 16.2029
13.641 38 16.0769
11.4766 67 17.0289
13.6185 41 16.3566
13.641 41 16.3769
11.6821 62 16.7139
13.5767 46 16.8191
13.368 44 16.4312
13.368 45 16.5312
11.6821 60 16.5139
13.5864 43 16.5277
13.368 45 16.5312
12.8767 50 16.589
11.4862 63 16.6376
11.6821 59 16.4139
14.1098 41 16.7988
12.4785 57 16.9306
13.6185 41 16.3566
11.4862 63 16.6376
13.2203 48 16.6983
11.5665 61 16.5098
11.6821 60 16.5139
12.4785 55 16.7306
13.368 45 16.5312
11.4862 67 17.0376
12.6262 52 16.5636
12.8767 50 16.589
13.2203 49 16.7983
12.7675 55 16.9908
12.4785 56 16.8306
13.368 48 16.8312
11.4862 65 16.8376
12.8382 53 16.8543
12.8767 56 17.189
13.2203 48 16.6983
12.4785 60 17.2306
11.4862 66 16.9376
12.4785 56 16.8306
11.4862 67 17.0376
11.4862 68 17.1376
11.4766 69 17.2289
11.4862 69 17.2376
11.4477 70 17.3029
11.4766 70 17.3289
11.4477 71 17.4029
11.438 70 17.2942
13.2203 48 16.6983
11.6821 63 16.8139
12.4785 58 17.0306
13.6924 41 16.4231
13.2203 49 16.7983
13.2203 49 16.7983
13.641 39 16.1769
13.2107 53 17.1896
13.6185 43 16.5566
13.6474 38 16.0827
13.8915 39 16.4023
13.641 39 16.1769
12.8767 53 16.889
13.702 32 15.5318
12.4399 60 17.196
13.641 40 16.2769
11.3256 72 17.3931
13.6313 44 16.6682
13.368 48 16.8312
13.702 36 15.9318
13.2107 53 17.1896
13.368 48 16.8312
11.4862 70 17.3376
12.4785 55 16.7306
11.5665 61 16.5098
12.4399 58 16.996
12.806 53 16.8254
13.702 36 15.9318
12.5877 56 16.9289
11.4862 64 16.7376
13.6185 44 16.6566
13.368 46 16.6312
11.4477 69 17.2029
13.368 44 16.4312
11.4477 71 17.4029
11.3866 78 18.048
13.9589 38 16.363
11.4862 62 16.5376
12.6262 54 16.7636
12.8382 53 16.8543
13.6924 42 16.5231
11.5665 62 16.6098
13.641 37 15.9769
12.6262 57 17.0636
11.6821 59 16.4139
11.6821 60 16.5139
13.5864 44 16.6277
12.8767 55 17.089
13.368 46 16.6312
11.4862 66 16.9376
13.368 43 16.3312
13.702 36 15.9318
13.368 45 16.5312
13.368 43 16.3312
12.806 56 17.1254
13.6185 45 16.7566
13.641 40 16.2769
14.2254 30 15.8029
13.5864 40 16.2277
13.6185 43 16.5566
13.5093 49 17.0584
13.6185 44 16.6566
13.641 38 16.0769
13.2203 50 16.8983
12.4785 57 16.9306
11.6821 62 16.7139
13.6185 42 16.4566
13.5864 39 16.1277
11.4862 63 16.6376
13.2203 49 16.7983
11.438 72 17.4942
13.2203 50 16.8983
12.4785 57 16.9306
13.368 46 16.6312
11.438 72 17.4942
11.4766 73 17.6289
11.438 70 17.2942
11.6821 61 16.6139
13.368 45 16.5312
12.4785 57 16.9306
13.368 45 16.5312
13.641 41 16.3769
11.6821 60 16.5139
12.6262 54 16.7636
11.4862 61 16.4376
13.6185 42 16.4566
12.8767 53 16.889
13.368 45 16.5312
12.4785 57 16.9306
13.2107 54 17.2896
13.6185 42 16.4566
13.368 46 16.6312
13.6185 42 16.4566
11.6821 58 16.3139
