13.4611 61 41.9845
14.9544 56 39.5818
14.553 59 41.2212
14.508 65 44.8032
13.1978 64 43.6791
13.5222 64 43.8089
13.1143 65 44.2457
13.7502 63 43.3001
13.1143 66 44.8457
13.3776 61 41.9511
13.3776 61 41.9511
13.8048 65 44.5219
12.8349 62 42.334
13.262 62 42.5048
13.352 64 43.7408
12.8349 63 42.934
12.8092 67 45.3237
12.8092 66 44.7237
12.8092 65 44.1237
12.1124 68 45.645
12.8092 66 44.7237
13.0951 64 43.638
11.8105 70 46.7242
13.0951 65 44.238
11.7816 73 48.5127
11.6724 70 46.669
11.8105 72 47.9242
11.6724 75 49.669
11.6468 74 49.0587
11.5922 77 50.8369
11.6468 75 49.6587
11.6468 74 49.0587
11.5922 77 50.8369
11.6468 75 49.6587
11.6114 83 54.4446
11.6179 77 50.8471
11.5922 78 51.4369
11.6114 85 55.6446
11.5922 86 56.2369
11.7559 77 50.9024
11.5922 79 52.0369
11.5857 89 58.0343
11.5729 83 54.4292
11.5922 81 53.2369
11.5729 88 57.4292
11.6403 88 57.4561
11.5729 85 55.6292
11.5215 86 56.2086
11.5151 88 57.406
11.5215 94 61.0086
11.5151 89 58.006
11.5151 96 62.206
11.5151 90 58.606
11.5087 91 59.2035
12.7322 82 54.2929
11.483 92 59.7932
11.5215 86 56.2086
11.483 93 60.3932
11.483 95 61.5932
11.483 95 61.5932
11.8362 68 45.5345
14.553 54 38.2212
11.5922 79 52.0369
11.5151 92 59.806
12.1381 66 44.4552
11.6724 70 46.669
13.8048 59 40.9219
11.6724 71 47.269
13.3231 65 44.3292
11.5151 89 58.006
12.7803 68 45.9121
13.8048 60 41.5219
11.6468 73 48.4587
11.483 94 60.9932
11.5922 78 51.4369
12.8028 71 47.7211
14.264 60 41.7056
11.7559 76 50.3024
12.8092 64 43.5237
11.6724 71 47.269
11.483 92 59.7932
11.5087 92 59.8035
12.8092 64 43.5237
13.3166 69 46.7267
13.352 64 43.7408
14.9544 56 39.5818
14.553 56 39.4212
11.5922 85 55.6369
11.483 93 60.3932
11.666 77 50.8664
13.8048 67 45.7219
13.7791 62 42.7116
12.8349 67 45.334
11.5215 88 57.4086
14.553 56 39.4212
11.666 79 52.0664
13.8048 59 40.9219
13.3776 61 41.9511
11.483 92 59.7932
12.8349 64 43.534
14.2351 61 42.294
14.553 57 40.0212
12.8092 65 44.1237
11.6724 70 46.669
11.483 101 65.1932
11.5151 89 58.006
11.6468 77 50.8587
14.9255 58 40.7702
11.8362 69 46.1345
11.5215 87 56.8086
11.6468 74 49.0587
13.7437 68 46.2975
11.5922 78 51.4369
11.5922 87 56.8369
11.8234 77 50.9294
11.5215 87 56.8086
11.5922 77 50.8369
12.0931 76 50.4373
11.7816 73 48.5127
11.6468 74 49.0587
11.5665 92 59.8266
11.6403 82 53.8561
11.6468 73 48.4587
14.553 56 39.4212
12.0963 75 49.8385
11.6724 70 46.669
11.8234 76 50.3294
11.6724 73 48.469
11.666 78 51.4664
12.1381 66 44.4552
11.5922 80 52.6369
12.1381 68 45.6552
11.7816 73 48.5127
11.483 95 61.5932
11.5215 90 58.6086
12.1381 66 44.4552
11.7367 81 53.2947
11.7816 72 47.9127
12.8092 64 43.5237
13.8048 60 41.5219
13.1143 64 43.6457
11.5922 79 52.0369
12.8092 66 44.7237
11.5922 79 52.0369
12.8285 70 47.1314
11.5922 79 52.0369
12.1381 66 44.4552
11.5215 86 56.2086
14.5273 56 39.4109
11.5922 78 51.4369
