13.5222 76 63.5044
12.2505 78 64.8501
12.2505 81 67.2501
11.9486 79 65.5897
12.2248 83 68.845
11.894 86 71.1788
11.9358 90 74.3872
11.7784 91 75.1557
11.9486 82 67.9897
11.6724 86 71.1345
11.7848 86 71.157
11.6468 90 74.3294
11.6724 87 71.9345
11.666 97 79.9332
11.6468 89 73.5294
11.6724 89 73.5345
11.6468 92 75.9294
11.6114 100 82.3223
11.8105 90 74.3621
11.6114 101 83.1223
11.6114 102 83.9223
11.5922 96 79.1184
11.6114 103 84.7223
11.5922 95 78.3184
11.5922 96 79.1184
11.5857 106 87.1171
11.5922 99 81.5184
11.5857 109 89.5172
11.6114 101 83.1223
11.6114 102 83.9223
11.5857 105 86.3171
11.6981 107 87.9396
11.5633 119 97.5127
11.5633 119 97.5127
11.5633 122 99.9127
11.5633 125 102.313
11.6179 117 95.9236
11.5633 127 103.913
11.5408 137 111.908
11.5633 131 107.113
11.5633 130 106.313
11.5247 131 107.105
11.5311 133 108.706
11.5633 131 107.113
11.4412 132 107.888
11.5022 141 115.1
11.4412 132 107.888
11.4027 140 114.281
11.438 140 114.288
11.3963 149 121.479
11.6468 149 121.529
11.3963 149 121.479
11.5633 122 99.9127
12.1381 81 67.2276
11.5922 100 82.3184
11.9486 79 65.5897
11.5408 130 106.308
11.5922 100 82.3184
11.6179 94 77.5236
12.5106 84 69.7021
11.5633 131 107.113
11.6468 90 74.3294
11.5793 122 99.9159
11.5857 105 86.3171
11.5857 104 85.5172
11.4284 148 120.686
11.9358 89 73.5872
11.6724 88 72.7345
11.5922 95 78.3184
12.4207 80 66.4841
11.438 138 112.688
11.5857 103 84.7171
11.3963 149 121.479
12.5652 77 64.113
12.2248 83 68.845
11.6724 88 72.7345
11.4123 133 108.682
11.5633 128 104.713
11.5247 132 107.905
12.4496 132 108.09
11.5633 125 102.313
11.6724 89 73.5345
11.6468 91 75.1294
11.5633 131 107.113
11.4637 137 111.893
11.5247 132 107.905
11.4412 132 107.888
11.5857 103 84.7171
11.7559 93 76.7512
11.5922 95 78.3184
11.894 86 71.1788
11.5633 128 104.713
11.7592 86 71.1518
11.4059 142 115.881
11.5311 134 109.506
11.7848 84 69.557
11.6917 131 107.138
11.3963 149 121.479
12.4496 133 108.89
11.5857 122 99.9171
11.5922 97 79.9184
11.5633 132 107.913
11.7848 86 71.157
11.438 144 117.488
11.5633 131 107.113
11.5022 140 114.3
11.6468 89 73.5294
11.5633 132 107.913
11.5857 108 88.7171
11.7848 83 68.757
11.6179 90 74.3236
11.5633 125 102.313
12.5652 78 64.913
11.5857 103 84.7171
11.5922 98 80.7184
11.4059 143 116.681
11.6179 94 77.5236
11.6179 94 77.5236
12.5234 86 71.3047
11.6468 91 75.1294
11.6724 88 72.7345
12.2505 78 64.8501
11.5857 108 88.7171
11.5247 132 107.905
11.5922 97 79.9184
11.5922 95 78.3184
12.2248 83 68.845
11.5633 133 108.713
11.438 138 112.688
12.2505 81 67.2501
11.5633 120 98.3127
11.4412 136 111.088
11.5729 103 84.7146
11.9004 92 75.9801
11.5633 131 107.113
11.6179 93 76.7236
11.7592 88 72.7518
11.9486 79 65.5897
11.5922 99 81.5184
12.3725 119 97.6745
11.5633 126 103.113
11.6724 86 71.1345
11.6179 93 76.7236
11.6724 88 72.7345
12.3725 120 98.4745
11.5922 94 77.5184
11.7592 88 72.7518
12.3725 115 94.4745
11.5922 95 78.3184
11.5633 125 102.313
