12.6262 61 17.4636
12.6262 60 17.3636
12.8767 60 17.589
12.6262 61 17.4636
13.5928 57 17.9335
12.8382 63 17.8543
12.8382 63 17.8543
11.4862 74 17.7376
11.5665 73 17.7098
11.4862 75 17.8376
11.6789 71 17.611
12.4785 66 17.8306
14.1644 49 17.648
11.5665 75 17.9098
14.1644 50 17.748
11.5665 74 17.8098
11.4862 75 17.8376
11.5665 75 17.9098
11.4862 76 17.9376
11.4862 77 18.0376
11.4477 80 18.3029
11.4862 80 18.3376
11.4477 79 18.2029
11.4477 80 18.3029
11.4477 81 18.4029
11.3995 84 18.6595
11.4477 84 18.7029
11.3995 85 18.7595
11.3995 86 18.8595
11.3995 85 18.7595
11.3995 86 18.8595
11.3995 87 18.9595
11.3738 90 19.2364
11.3995 90 19.2595
11.3738 89 19.1364
11.3738 92 19.4364
11.4862 90 19.3376
11.3385 92 19.4046
11.3738 94 19.6364
11.3385 93 19.5046
11.3385 96 19.8046
11.3385 95 19.7046
11.3385 104 20.6046
11.3128 105 20.6815
11.3128 101 20.2815
11.3128 102 20.3815
11.3031 107 20.8728
11.3031 105 20.6728
11.3031 107 20.8728
11.3031 108 20.9728
11.3128 105 20.6815
11.4477 79 18.2029
11.4477 78 18.1029
14.1644 50 17.748
12.8703 59 17.4832
11.4862 77 18.0376
13.5511 61 18.296
11.5665 73 17.7098
11.3031 107 20.8728
11.5665 74 17.8098
11.3385 100 20.2046
11.3385 95 19.7046
11.8812 72 17.8931
11.3995 84 18.6595
11.5665 75 17.9098
11.3866 98 20.048
13.6346 52 17.4711
11.4477 80 18.3029
11.8812 71 17.7931
11.5665 73 17.7098
11.3128 102 20.3815
11.5665 75 17.9098
11.3738 95 19.7364
12.4785 66 17.8306
11.3031 114 21.5728
11.3031 109 21.0728
11.4862 78 18.1376
12.6262 60 17.3636
11.3031 108 20.9728
11.3385 95 19.7046
11.3995 87 18.9595
11.3031 110 21.1728
11.5729 80 18.4156
11.4477 82 18.5029
11.3738 94 19.6364
11.4862 76 17.9376
11.3031 107 20.8728
11.438 84 18.6942
11.3995 84 18.6595
11.3385 95 19.7046
12.8703 59 17.4832
11.3128 102 20.3815
11.3995 85 18.7595
11.4862 75 17.8376
11.4477 80 18.3029
11.5601 77 18.104
11.5665 71 17.5098
11.4477 83 18.6029
11.3128 99 20.0815
11.4509 94 19.7058
13.8304 58 18.2474
11.3738 94 19.6364
11.3738 93 19.5364
11.3031 115 21.6728
11.3031 113 21.4728
11.3995 85 18.7595
11.4252 100 20.2827
11.3385 96 19.8046
11.5119 83 18.6607
13.6346 53 17.5711
11.3995 86 18.8595
11.3738 90 19.2364
11.3738 90 19.2364
11.4862 76 17.9376
11.5665 74 17.8098
11.3031 113 21.4728
11.3738 89 19.1364
12.8703 64 17.9832
11.5665 74 17.8098
11.3738 92 19.4364
11.4477 78 18.1029
11.4477 78 18.1029
12.6262 60 17.3636
11.4477 82 18.5029
11.3738 93 19.5364
11.4862 78 18.1376
11.3128 101 20.2815
11.4862 76 17.9376
11.4862 77 18.0376
12.4785 64 17.6306
11.6789 72 17.711
11.3995 87 18.9595
11.3256 107 20.8931
11.3385 94 19.6046
12.5877 64 17.7289
11.4862 78 18.1376
11.3385 95 19.7046
11.4477 78 18.1029
12.4785 66 17.8306
11.4862 78 18.1376
11.3738 91 19.3364
11.4862 75 17.8376
12.6262 63 17.6636
11.3031 107 20.8728
11.3738 91 19.3364
11.3738 91 19.3364
11.3128 102 20.3815
11.3128 103 20.4815
11.3128 102 20.3815
11.4862 75 17.8376
