15.4522 40 37.5452
15.4522 41 38.4452
14.5819 42 39.2582
15.4522 42 39.3452
14.5723 47 43.7572
14.5819 53 49.1582
14.5819 45 41.9582
12.623 55 50.7623
14.5723 50 46.4572
12.623 47 43.5623
12.623 46 42.6623
12.6166 49 45.3617
12.623 52 48.0623
12.6134 53 48.9613
12.6166 50 46.2617
12.6134 54 49.8613
12.6134 52 48.0613
12.6069 53 48.9607
12.6134 53 48.9613
11.878 58 53.3878
12.3083 54 49.8308
12.6069 54 49.8607
11.5247 58 53.3525
11.4701 62 56.947
11.8491 58 53.3849
11.5247 65 59.6525
11.5247 57 52.4525
11.5247 61 56.0525
11.5215 59 54.2522
11.5247 59 54.2525
11.5151 60 55.1515
11.5215 58 53.3521
11.5151 61 56.0515
11.4252 65 59.6425
11.4701 71 65.047
11.4541 69 63.2454
11.4252 63 57.8425
11.4155 68 62.3416
11.4252 65 59.6425
11.4252 66 60.5425
11.4155 67 61.4416
11.4252 76 69.5425
11.4155 68 62.3416
11.4155 69 63.2416
11.3642 70 64.1364
11.4155 70 64.1416
11.3642 74 67.7364
11.3545 76 69.5355
11.3642 82 74.9364
11.3545 83 75.8354
11.3545 78 71.3354
11.3545 75 68.6355
11.3545 79 72.2355
11.3545 75 68.6355
11.332 81 74.0332
11.4155 69 63.2416
11.3224 83 75.8322
11.3224 84 76.7322
11.332 80 73.1332
11.332 86 78.5332
12.6134 53 48.9613
11.332 78 71.3332
11.4252 62 56.9425
11.3642 71 65.0364
12.6134 56 51.6613
11.3642 71 65.0364
12.2922 60 55.2292
13.3455 51 47.2346
11.332 82 74.9332
14.5819 42 39.2582
14.5819 45 41.9582
12.6069 54 49.8607
12.6166 50 46.2617
11.4155 71 65.0415
11.3545 76 69.5355
12.6134 51 47.1613
11.4252 73 66.8425
13.6988 49 45.4699
11.3545 77 70.4354
11.4155 78 71.3416
11.4252 72 65.9425
12.623 44 40.8623
11.5215 68 62.3521
11.4252 63 57.8425
11.5215 63 57.8521
11.4541 67 61.4454
12.623 48 44.4623
12.623 47 43.5623
11.4541 70 64.1454
11.5215 62 56.9522
15.4522 41 38.4452
14.5819 41 38.3582
11.5151 60 55.1515
11.4701 62 56.947
11.3642 80 73.1364
11.5151 59 54.2515
12.3083 56 51.6308
14.5723 47 43.7572
11.3642 74 67.7364
14.5723 46 42.8572
14.2158 48 44.6216
11.4155 67 61.4416
12.623 46 42.6623
12.6134 55 50.7613
11.5311 55 50.6531
15.4522 49 45.6452
11.5151 69 63.2515
15.4522 40 37.5452
12.2922 60 55.2292
12.623 48 44.4623
11.5151 71 65.0515
11.4155 70 64.1416
12.6134 55 50.7613
14.5819 52 48.2582
11.5151 61 56.0515
11.4252 72 65.9425
11.3545 81 74.0355
11.4155 77 70.4416
11.3545 74 67.7355
11.4155 69 63.2416
14.5819 47 43.7582
11.5151 60 55.1515
11.5151 65 59.6515
11.5151 62 56.9515
14.5723 50 46.4572
11.5247 64 58.7525
14.5819 46 42.8582
12.623 49 45.3623
12.6134 51 47.1613
11.332 78 71.3332
12.6134 54 49.8613
11.8266 61 56.0827
11.5247 66 60.5525
11.5215 63 57.8521
11.4701 62 56.947
11.3642 68 62.3364
11.5215 60 55.1522
11.332 81 74.0332
11.4252 70 64.1425
11.4155 67 61.4416
12.6134 50 46.2613
12.3083 54 49.8308
11.5247 56 51.5525
11.5311 64 58.7531
12.6134 53 48.9613
11.3642 74 67.7364
11.332 86 78.5332
14.2158 47 43.7216
11.5151 61 56.0515
11.3545 74 67.7355
