12.8703 57 21.6962
12.6262 56 21.301
12.8382 60 22.2705
12.6262 62 22.501
12.6198 63 22.6958
12.5877 63 22.6701
12.6262 58 21.701
12.4817 61 22.1854
12.6198 63 22.6958
12.4817 64 22.7854
12.4817 65 22.9854
12.4817 64 22.7854
12.5877 64 22.8701
12.4721 67 23.3777
12.4496 69 23.7597
12.4432 70 23.9545
12.4496 68 23.5597
12.4399 71 24.152
12.6134 68 23.6907
12.1124 74 24.4899
12.4175 76 25.134
11.894 79 25.3152
11.8362 76 24.669
13.0694 72 24.8555
12.4175 74 24.734
11.9229 78 25.1383
11.9486 74 24.3589
11.7816 82 25.8253
11.6724 77 24.738
11.7848 79 25.2279
11.7977 86 26.6382
11.8362 77 24.869
11.6179 84 26.0943
11.6724 81 25.538
11.6468 82 25.7174
11.8362 79 25.269
11.5922 87 26.6737
11.6114 91 27.4891
11.6468 84 26.1174
11.5729 94 28.0583
11.6114 93 27.8891
11.6179 83 25.8943
11.6179 87 26.6943
11.5922 90 27.2737
11.5922 89 27.0737
11.5922 88 26.8737
11.5922 89 27.0737
11.65 88 26.92
11.5857 99 29.0686
11.5729 93 27.8583
11.589 91 27.4712
11.5665 101 29.4532
11.5472 98 28.8378
11.5729 93 27.8583
11.5408 103 29.8326
11.5472 97 28.6378
11.4637 122 33.571
11.8362 79 25.269
12.4399 69 23.752
12.4881 60 21.9905
11.7303 83 25.9842
11.9486 75 24.5589
11.5922 88 26.8737
12.4175 74 24.734
12.6198 61 22.2958
11.6179 87 26.6943
11.6468 82 25.7174
11.9229 78 25.1383
12.8703 58 21.8962
11.7784 86 26.6227
11.6179 86 26.4943
11.6179 85 26.2943
11.8105 81 25.6484
11.6724 81 25.538
12.4496 72 24.3597
11.5922 88 26.8737
11.666 86 26.5328
11.8362 75 24.469
11.5922 88 26.8737
12.4817 66 23.1854
11.8362 76 24.669
11.6179 84 26.0943
11.5665 102 29.6532
12.6198 65 23.0958
11.6468 82 25.7174
12.4496 65 22.9597
11.8362 76 24.669
11.8362 80 25.469
11.6179 83 25.8943
11.6179 86 26.4943
11.5665 101 29.4532
11.6403 91 27.5123
12.4175 76 25.134
11.5472 97 28.6378
12.5877 64 22.8701
11.8362 76 24.669
11.5857 96 28.4686
11.5729 92 27.6583
12.6198 60 22.0958
11.5825 99 29.066
11.8362 77 24.869
12.5877 63 22.6701
11.5922 95 28.2737
12.4496 79 25.7597
11.6403 91 27.5123
12.5877 61 22.2701
12.6198 60 22.0958
11.8362 77 24.869
11.5922 88 26.8737
11.589 93 27.8712
11.5729 95 28.2583
12.4817 65 22.9854
11.5922 91 27.4737
11.7367 90 27.3893
11.6724 78 24.938
12.0706 82 26.0565
11.4637 120 33.171
12.8703 58 21.8962
12.4881 60 21.9905
11.5408 103 29.8326
12.5877 60 22.0701
12.6262 68 23.701
11.6468 83 25.9174
11.894 79 25.3152
13.0886 55 21.4709
12.5877 60 22.0701
12.8703 56 21.4962
11.5857 98 28.8686
11.5472 97 28.6378
12.4175 74 24.734
11.6403 90 27.3123
11.7816 83 26.0253
11.8105 77 24.8484
11.5922 86 26.4737
11.4637 126 34.371
11.8105 80 25.4484
11.589 92 27.6712
12.6262 62 22.501
11.5472 97 28.6378
11.5472 96 28.4378
12.4496 65 22.9597
11.5472 95 28.2378
12.6198 63 22.6958
12.6262 61 22.301
12.8703 55 21.2962
11.5922 86 26.4737
11.9358 83 26.1486
12.8703 57 21.6962
11.5729 93 27.8583
11.6468 85 26.3174
