13.2074 63 38.1037
12.8349 63 37.9175
13.2074 64 38.6037
12.2954 68 40.1477
12.8092 63 37.9046
12.3019 62 37.1509
12.2954 70 41.1477
12.3019 60 36.1509
12.3019 64 38.1509
12.0835 69 40.5417
12.2697 72 42.1349
12.1381 66 39.069
11.8362 67 39.4181
12.0642 71 41.5321
12.1381 67 39.569
11.8362 66 38.9181
11.8362 69 40.4181
11.6468 72 41.8234
11.8105 73 42.4053
11.8362 70 40.9181
11.6724 71 41.3362
11.6179 76 43.8089
11.6403 80 45.8202
11.6179 77 44.3089
11.8105 71 41.4053
11.6179 75 43.3089
11.6468 75 43.3234
11.6114 83 47.3057
11.5922 79 45.2961
11.5922 78 44.7961
11.6179 78 44.8089
11.5857 86 48.7929
11.6179 76 43.8089
11.5922 77 44.2961
11.5729 82 46.7864
11.5922 82 46.7961
11.5665 90 50.7832
11.5729 84 47.7864
11.5472 85 48.2736
11.5665 92 51.7832
11.5729 82 46.7864
11.5472 87 49.2736
11.5472 92 51.7736
11.5408 96 53.7704
11.5472 90 50.7736
11.5376 91 51.2688
11.5408 98 54.7704
11.5055 92 51.7527
11.5376 92 51.7688
11.5055 93 52.2527
11.5055 94 52.7527
11.4733 95 53.2367
11.4733 98 54.7367
11.4733 96 53.7367
11.4733 97 54.2367
11.438 100 55.719
11.3802 107 59.1901
11.4701 98 54.7351
11.5472 89 50.2736
11.5472 86 48.7736
11.6179 78 44.8089
13.2556 66 39.6278
12.0739 76 44.0369
11.6179 77 44.3089
11.6468 74 42.8234
12.7803 65 38.8902
11.5729 83 47.2864
11.4733 95 53.2367
11.5055 95 53.2527
11.6468 75 43.3234
11.6468 75 43.3234
12.2762 64 38.1381
11.4733 98 54.7367
11.4059 102 56.703
11.5055 93 52.2527
11.5922 78 44.7961
12.0835 71 41.5417
11.5922 81 46.2961
11.6468 75 43.3234
11.4701 100 55.7351
11.5922 78 44.7961
11.5472 87 49.2736
12.1124 68 40.0562
11.4701 100 55.7351
11.8362 67 39.4181
12.8349 60 36.4175
12.3019 65 38.6509
12.0931 69 40.5466
11.5472 90 50.7736
11.4701 99 55.2351
11.5055 94 52.7527
12.2762 67 39.6381
11.5472 86 48.7736
11.4733 97 54.2367
11.6114 85 48.3057
11.4733 97 54.2367
11.438 100 55.719
12.1381 65 38.569
11.5055 92 51.7527
11.4798 96 53.7399
11.5922 85 48.2961
12.8349 60 36.4175
11.4477 100 55.7238
11.5922 85 48.2961
12.2762 64 38.1381
11.4701 99 55.2351
11.4733 96 53.7367
11.8234 74 42.9117
11.8362 72 41.9181
12.1381 66 39.069
12.3019 64 38.1509
11.5729 83 47.2864
11.5472 90 50.7736
12.2762 65 38.6381
11.5922 82 46.7961
12.2954 91 51.6477
12.3019 62 37.1509
11.5922 81 46.2961
12.8285 68 40.4143
11.5472 90 50.7736
11.6724 73 42.3362
11.5472 88 49.7736
11.5055 93 52.2527
11.4477 103 57.2238
11.5729 82 46.7864
11.6468 73 42.3234
11.4733 98 54.7367
11.6468 75 43.3234
11.5472 88 49.7736
11.5922 81 46.2961
12.1381 65 38.569
13.2556 66 39.6278
11.5729 83 47.2864
12.2473 66 39.1236
11.6468 73 42.3234
11.5665 92 51.7832
11.5055 93 52.2527
11.8362 68 39.9181
11.5472 89 50.2736
11.5055 95 53.2527
11.8105 74 42.9053
11.5472 93 52.2736
11.6179 78 44.8089
12.8349 64 38.4175
11.4059 103 57.203
11.4701 104 57.7351
11.4059 103 57.203
11.4059 103 57.203
11.5922 84 47.7961
11.5954 91 51.2977
