14.5819 42 39.2582
14.5819 43 40.1582
14.5723 48 44.6572
14.5819 48 44.6582
14.5819 49 45.5582
12.6134 51 47.1613
12.7322 47 43.5732
14.5723 50 46.4572
14.5819 47 43.7582
12.623 46 42.6623
12.623 49 45.3623
12.6166 50 46.2617
12.6134 54 49.8613
12.6166 54 49.8617
12.6166 61 56.1617
12.6069 53 48.9607
12.3019 60 55.2302
12.6069 57 52.5607
11.5311 64 58.7531
12.6069 55 50.7607
11.5311 54 49.7531
11.5247 57 52.4525
11.5311 57 52.4531
11.5247 56 51.5525
11.5247 57 52.4525
11.5215 60 55.1522
11.5151 64 58.7515
11.5151 61 56.0515
11.5215 70 64.1522
11.5151 62 56.9515
11.4252 63 57.8425
11.4605 67 61.446
11.5151 63 57.8515
11.4252 64 58.7425
11.4252 74 67.7425
11.4155 70 64.1416
11.4252 67 61.4425
11.4155 68 62.3416
11.4252 68 62.3425
11.4252 63 57.8425
11.3642 70 64.1364
11.4155 73 66.8416
11.3642 71 65.0364
11.3545 76 69.5355
11.3545 77 70.4354
11.3642 77 70.4364
11.4637 67 61.4464
11.3545 76 69.5355
11.361 76 69.5361
11.3642 76 69.5364
11.3545 77 70.4354
11.3224 82 74.9322
11.3545 81 74.0355
11.3224 83 75.8322
11.332 89 81.2332
11.5247 59 54.2525
14.5819 56 51.8582
11.3545 85 77.6355
11.4155 67 61.4416
12.6069 52 48.0607
11.4155 68 62.3416
11.4252 68 62.3425
12.623 48 44.4623
11.5151 64 58.7515
11.5151 61 56.0515
11.4155 77 70.4416
11.4252 67 61.4425
11.361 76 69.5361
11.5151 63 57.8515
11.3545 86 78.5355
11.4155 71 65.0415
12.6069 53 48.9607
11.5215 64 58.7522
11.332 79 72.2332
11.4541 70 64.1454
11.5215 59 54.2522
11.4701 63 57.847
14.5819 47 43.7582
14.5819 44 41.0582
11.4155 68 62.3416
11.3545 81 74.0355
11.3642 83 75.8364
11.3545 79 72.2355
11.5151 63 57.8515
11.4252 75 68.6425
11.4252 66 60.5425
11.3642 71 65.0364
11.4252 63 57.8425
11.5151 59 54.2515
12.7322 47 43.5732
11.3545 76 69.5355
11.3545 76 69.5355
11.5311 54 49.7531
11.3642 72 65.9364
12.6134 51 47.1613
14.5819 48 44.6582
12.6166 49 45.3617
11.332 80 73.1332
11.332 78 71.3332
11.4155 77 70.4416
11.3545 80 73.1355
11.5311 56 51.5531
11.3642 70 64.1364
11.5247 58 53.3525
11.4701 62 56.947
12.6069 54 49.8607
11.3642 75 68.6364
11.3642 79 72.2364
14.5723 56 51.8572
11.4541 68 62.3454
11.5311 55 50.6531
11.3642 84 76.7364
12.6069 63 57.9607
11.3224 82 74.9322
11.5151 62 56.9515
11.4155 69 63.2416
11.5151 70 64.1515
11.3224 84 76.7322
12.6166 52 48.0617
11.4155 70 64.1416
11.4541 68 62.3454
11.3642 85 77.6364
11.4252 65 59.6425
11.5247 58 53.3525
11.4155 71 65.0415
11.5151 64 58.7515
12.6166 54 49.8617
11.4252 62 56.9425
11.5247 60 55.1525
11.332 78 71.3332
14.5723 50 46.4572
14.5723 50 46.4572
14.5819 45 41.9582
11.3545 76 69.5355
12.6166 48 44.4617
11.5311 55 50.6531
11.332 78 71.3332
14.5819 52 48.2582
14.5819 45 41.9582
13.3455 52 48.1346
11.5215 70 64.1522
12.623 48 44.4623
11.3642 85 77.6364
11.4252 64 58.7425
12.623 47 43.5623
12.623 47 43.5623
14.5819 46 42.8582
11.5151 72 65.9515
11.3642 84 76.7364
12.6069 55 50.7607
