13.262 59 36.131
12.7803 64 38.3902
13.2364 62 37.6182
12.8349 68 40.4175
12.3019 62 37.1509
13.262 59 36.131
12.3019 63 37.6509
12.2569 73 42.6285
12.1381 65 38.569
12.3019 61 36.6509
12.2473 69 40.6236
12.0963 73 42.5482
12.1188 67 39.5594
12.0963 74 43.0482
12.0578 72 42.0289
12.106 75 43.553
11.7816 73 42.3908
12.0706 76 44.0353
11.8362 70 40.9181
11.6468 73 42.3234
11.8105 73 42.4053
11.6468 74 42.8234
11.6468 80 45.8234
11.6724 77 44.3362
11.6018 83 47.3009
11.5922 79 45.2961
11.6179 76 43.8089
11.6468 76 43.8234
11.5922 79 45.2961
11.5922 78 44.7961
11.6724 72 41.8362
11.5922 79 45.2961
11.5857 87 49.2929
11.5857 88 49.7929
11.5472 84 47.7736
11.5922 86 48.7961
11.5729 83 47.2864
11.5729 84 47.7864
11.5472 85 48.2736
11.5729 85 48.2864
11.5472 86 48.7736
11.5472 87 49.2736
11.5472 86 48.7736
11.5408 96 53.7704
11.5472 90 50.7736
11.6596 88 49.8298
11.5055 92 51.7527
11.5472 90 50.7736
11.5055 93 52.2527
11.6371 85 48.3186
11.4477 98 54.7238
11.438 102 56.719
11.4733 99 55.2367
11.4059 104 57.703
11.4091 135 73.2046
12.0578 73 42.5289
12.2473 69 40.6236
11.6724 72 41.8362
12.3019 62 37.1509
12.2762 67 39.6381
11.6468 77 44.3234
11.5472 85 48.2736
11.5408 93 52.2704
11.5922 90 50.7961
13.2364 62 37.6182
11.4091 134 72.7046
11.5729 84 47.7864
12.8285 68 40.4143
11.4477 100 55.7238
11.5472 90 50.7736
11.5472 88 49.7736
12.3019 64 38.1509
11.6724 69 40.3362
12.2697 72 42.1349
11.8362 69 40.4181
11.666 78 44.833
12.0931 76 44.0466
11.5472 85 48.2736
11.5729 82 46.7864
11.5472 94 52.7736
12.1124 67 39.5562
11.5922 79 45.2961
11.4798 95 53.2399
11.5472 90 50.7736
11.5408 99 55.2704
11.5055 94 52.7527
12.2762 65 38.6381
13.262 63 38.131
11.8362 76 43.9181
12.3019 65 38.6509
12.1124 69 40.5562
11.6114 84 47.8057
11.5922 78 44.7961
11.5472 89 50.2736
11.5055 93 52.2527
11.5922 79 45.2961
11.5729 85 48.2864
12.0578 73 42.5289
11.6468 74 42.8234
11.6468 74 42.8234
11.4733 95 53.2367
12.2762 65 38.6381
11.7913 79 45.3956
11.8105 71 41.4053
12.8349 65 38.9175
11.5922 78 44.7961
11.5922 82 46.7961
12.7803 66 39.3902
12.8349 62 37.4175
12.8092 62 37.4046
11.5055 95 53.2527
12.0835 71 41.5417
11.6468 76 43.8234
11.5922 78 44.7961
11.5055 97 54.2527
12.3019 66 39.1509
11.666 78 44.833
13.2364 62 37.6182
12.2697 72 42.1349
11.6468 73 42.3234
12.3019 63 37.6509
12.2762 65 38.6381
11.5729 84 47.7864
11.5922 78 44.7961
11.4733 96 53.7367
11.8234 77 44.4117
11.4477 100 55.7238
11.6724 72 41.8362
11.5922 82 46.7961
12.2473 68 40.1236
11.5922 80 45.7961
11.5922 85 48.2961
12.8349 61 36.9175
11.5055 95 53.2527
11.5922 80 45.7961
12.1381 65 38.569
11.8234 77 44.4117
11.4091 135 73.2046
13.262 59 36.131
11.6724 71 41.3362
11.5472 89 50.2736
11.5055 92 51.7527
11.6403 81 46.3202
12.8349 61 36.9175
12.1188 68 40.0594
12.0578 73 42.5289
12.1381 65 38.569
11.6724 72 41.8362
11.6724 71 41.3362
12.0706 76 44.0353
