14.5273 58 49.3055
14.553 57 48.5106
12.7001 58 48.94
12.9473 61 51.3895
14.5273 58 49.3055
13.3776 65 54.6755
12.7001 59 49.74
12.7001 60 50.54
12.6166 59 49.7233
12.7001 59 49.74
12.6069 67 56.1214
11.8555 67 55.9711
12.3019 71 59.2604
11.5311 63 52.7062
11.6179 72 59.9236
11.878 69 57.5756
11.894 63 52.7788
11.5247 66 55.1049
11.5311 66 55.1062
11.5247 65 54.3049
11.4637 75 62.2927
11.5247 69 57.5049
11.4637 77 63.8927
11.5151 71 59.103
11.5247 69 57.5049
11.5151 72 59.903
11.5151 76 63.103
11.4252 74 61.485
11.4798 72 59.896
11.878 71 59.1756
11.4252 75 62.285
11.4252 76 63.085
11.4252 77 63.885
11.5151 70 58.303
11.4252 78 64.685
11.361 83 68.6722
11.3545 86 71.0709
11.3642 80 66.2728
11.3642 79 65.4728
11.3545 86 71.0709
11.3642 81 67.0728
11.3642 82 67.8728
11.332 85 70.2664
11.3545 85 70.2709
11.3642 85 70.2728
11.3224 90 74.2645
11.3224 91 75.0645
11.332 86 71.0664
11.3224 93 76.6645
11.3224 90 74.2645
11.332 90 74.2664
11.3224 89 73.4645
11.3224 92 75.8645
11.3224 91 75.0645
11.3224 94 77.4645
11.3224 102 83.8645
11.3224 99 81.4645
11.3224 97 79.8645
11.3224 107 87.8645
11.894 63 52.7788
11.4637 75 62.2927
11.5247 65 54.3049
14.5273 59 50.1055
11.3642 80 66.2728
12.9859 56 47.3972
11.3642 81 67.0728
11.5311 74 61.5062
11.3224 107 87.8645
11.894 62 51.9788
11.3224 91 75.0645
14.5273 58 49.3055
11.3706 82 67.8741
11.5247 68 56.7049
11.332 85 70.2664
11.8876 65 54.3775
11.5247 71 59.1049
11.894 63 52.7788
11.3642 83 68.6728
11.4155 79 65.4831
11.6403 67 55.9281
11.3224 93 76.6645
11.5311 74 61.5062
11.5247 80 66.3049
11.5311 66 55.1062
11.4252 76 63.085
11.332 86 71.0664
11.4155 80 66.2831
12.6166 62 52.1233
11.4155 78 64.6831
14.5273 59 50.1055
11.4798 72 59.896
11.3224 96 79.0645
11.5247 78 64.7049
11.4637 72 59.8927
11.3545 85 70.2709
11.3642 82 67.8728
14.553 56 47.7106
11.3834 88 72.6767
11.3642 81 67.0728
11.5247 69 57.5049
11.332 89 73.4664
11.332 84 69.4664
11.3224 101 83.0645
11.5151 73 60.703
11.4155 82 67.8831
11.5151 70 58.303
11.3224 93 76.6645
11.3224 101 83.0645
11.3224 101 83.0645
11.5408 71 59.1082
11.8844 68 56.7769
11.3899 93 76.678
12.6166 61 51.3233
11.4155 79 65.4831
11.5247 67 55.9049
11.332 87 71.8664
11.5151 75 62.303
11.332 90 74.2664
14.5273 58 49.3055
13.0083 60 50.6017
13.0083 56 47.4017
11.5151 71 59.103
12.639 61 51.3278
11.4798 72 59.896
11.8876 65 54.3775
11.332 89 73.4664
12.6166 61 51.3233
11.5247 70 58.3049
11.332 88 72.6664
11.3224 97 79.8645
11.3642 93 76.6728
11.3642 78 64.6728
11.3642 85 70.2728
11.4252 76 63.085
12.9987 62 52.1997
11.5247 69 57.5049
11.422 88 72.6844
11.332 90 74.2664
11.5311 64 53.5062
11.3224 100 82.2645
11.4798 72 59.896
11.4252 78 64.685
11.3224 92 75.8645
11.4155 79 65.4831
12.7001 58 48.94
11.5247 69 57.5049
11.4701 78 64.694
11.3706 79 65.4741
11.5215 70 58.3043
11.4798 74 61.496
