14.5273 59 32.3164
12.729 60 31.6374
14.9801 57 31.7881
13.4611 65 34.0767
12.7033 63 32.822
12.2954 69 34.9773
14.5273 61 33.1164
12.7225 69 35.2335
12.3019 63 32.5811
14.4984 64 34.299
12.2954 71 35.7773
12.106 72 36.0636
12.2762 72 36.1657
12.3019 63 32.5811
12.0642 70 35.2385
12.1188 67 34.0713
12.0514 70 35.2308
12.2762 64 32.9657
12.106 75 37.2636
12.2601 69 34.9561
12.0642 70 35.2385
12.0514 72 36.0308
11.9486 75 37.1692
12.0514 71 35.6308
12.0385 73 36.4231
11.9358 79 38.7615
11.8362 73 36.3017
11.9358 80 39.1615
11.8362 72 35.9017
11.8362 73 36.3017
11.6468 78 38.1881
11.7977 83 40.2786
11.8234 83 40.294
11.6468 79 38.5881
11.6468 78 38.1881
11.6724 78 38.2035
11.6179 79 38.5707
11.6468 81 39.3881
11.6179 80 38.9707
11.6179 81 39.3707
11.5922 82 39.7553
11.6179 80 38.9707
11.5922 81 39.3553
11.5922 84 40.5553
11.5922 85 40.9553
11.5922 86 41.3553
11.5729 87 41.7437
11.5536 89 42.5322
11.5857 94 44.5514
11.5729 88 42.1437
11.5665 96 45.3399
11.5472 93 44.1283
11.5536 99 46.5322
11.5729 90 42.9437
11.5472 91 43.3283
11.5472 90 42.9283
11.5472 93 44.1283
11.5472 97 45.7283
11.5472 95 44.9283
11.5247 97 45.7148
11.5857 91 43.3514
11.5472 104 48.5283
11.5922 84 40.5553
13.3776 67 34.8266
11.6724 78 38.2035
11.5665 95 44.9399
11.6468 79 38.5881
12.729 60 31.6374
11.6179 79 38.5707
11.5729 89 42.5437
11.8105 75 37.0863
11.5729 90 42.9437
14.4984 64 34.299
12.106 73 36.4636
12.0771 68 34.4462
11.5536 90 42.9322
11.5793 87 41.7476
11.8105 74 36.6863
11.6179 82 39.7707
12.0931 67 34.0559
12.0642 70 35.2385
11.7816 77 37.869
11.5922 85 40.9553
13.3776 65 34.0266
11.6179 78 38.1707
11.5922 81 39.3553
12.0642 70 35.2385
11.5922 86 41.3553
11.6724 77 37.8035
12.0771 68 34.4462
11.5922 85 40.9553
14.553 60 32.7318
12.1188 66 33.6713
11.7816 77 37.869
12.3019 62 32.1811
11.5665 95 44.9399
12.7225 69 35.2335
11.5857 91 43.3514
11.5922 90 42.9553
11.6179 77 37.7707
11.6468 78 38.1881
11.9229 73 36.3538
12.0771 70 35.2462
11.5922 82 39.7553
11.7816 78 38.269
11.6179 89 42.5707
11.8362 74 36.7017
12.0771 68 34.4462
12.729 60 31.6374
12.729 61 32.0374
12.0771 69 34.8462
12.3019 63 32.5811
11.6403 85 40.9842
14.5273 60 32.7164
14.4984 62 33.499
12.2762 63 32.5657
11.6114 88 42.1669
12.0514 71 35.6308
11.5472 91 43.3283
12.2473 66 33.7484
11.8362 74 36.7017
11.8234 83 40.294
14.553 59 32.3318
11.5472 89 42.5283
11.5472 91 43.3283
12.0514 70 35.2308
11.8105 76 37.4863
11.5472 95 44.9283
11.5247 96 45.3148
12.0771 68 34.4462
11.8362 77 37.9017
11.9486 79 38.7692
11.8105 76 37.4863
11.5793 87 41.7476
14.5273 59 32.3164
11.5247 96 45.3148
12.0931 75 37.2559
11.9486 71 35.5692
12.0931 69 34.8559
12.1188 65 33.2713
12.1381 72 36.0829
11.5922 82 39.7553
12.0771 68 34.4462
14.4984 63 33.899
11.8362 78 38.3017
12.3019 62 32.1811
12.106 72 36.0636
12.7033 62 32.422
11.6724 76 37.4035
12.729 66 34.0374
