12.8767 60 22.3013
12.8767 59 22.1013
12.8382 64 23.0705
12.8703 59 22.0962
12.8767 59 22.1013
12.6262 62 22.501
12.8382 66 23.4705
12.4432 75 24.9545
12.2248 78 25.3798
12.1381 77 25.1105
12.4175 78 25.534
11.8362 77 24.869
12.1381 76 24.9105
11.894 83 26.1152
12.1381 79 25.5105
11.6724 80 25.338
11.7303 86 26.5842
11.8105 80 25.4484
11.8362 80 25.469
11.6724 83 25.938
11.6724 82 25.738
11.6468 85 26.3174
11.6724 83 25.938
11.5922 90 27.2737
11.6179 87 26.6943
11.6468 87 26.7174
11.5922 90 27.2737
11.5922 89 27.0737
11.5729 98 28.8583
11.5857 97 28.6686
11.5922 89 27.0737
11.5857 99 29.0686
11.5922 93 27.8737
11.5857 101 29.4686
11.5922 98 28.8737
11.5922 94 28.0737
11.5729 97 28.6583
11.6179 93 27.8943
11.5472 105 30.2378
11.5472 97 28.6378
11.5472 98 28.8378
11.5472 99 29.0378
11.5408 109 31.0326
11.5472 101 29.4378
11.5472 102 29.6378
11.5472 103 29.8378
11.6981 103 29.9585
11.5729 102 29.6583
11.544 133 35.8352
11.6468 87 26.7174
11.4669 146 38.3735
11.5729 95 28.2583
11.6179 86 26.4943
11.5857 102 29.6686
11.6114 95 28.2891
12.4432 76 25.1545
11.6468 84 26.1174
11.5279 113 31.8223
11.5922 92 27.6737
11.7977 89 27.2382
11.7816 83 26.0253
11.7559 86 26.6048
12.8767 60 22.3013
11.7592 83 26.0073
11.5857 98 28.8686
12.1381 79 25.5105
12.6262 64 22.901
11.9358 86 26.7486
11.8105 81 25.6484
12.8382 63 22.8705
11.5922 89 27.0737
11.5729 95 28.2583
11.7559 93 28.0048
11.5922 88 26.8737
12.4432 73 24.5545
11.9358 86 26.7486
11.8362 78 25.069
12.4175 77 25.334
12.8767 59 22.1013
11.7816 86 26.6253
11.5857 98 28.8686
12.6262 66 23.301
11.8362 79 25.269
12.8703 72 24.6962
11.5408 111 31.4326
11.6179 93 27.8943
11.6724 83 25.938
11.6724 81 25.538
11.8298 96 28.6638
12.8382 66 23.4705
11.5472 99 29.0378
12.8767 60 22.3013
11.5922 91 27.4737
11.4669 146 38.3735
11.5922 91 27.4737
12.1124 79 25.4899
12.0835 83 26.2668
11.6468 87 26.7174
11.6179 87 26.6943
11.5922 89 27.0737
11.5472 98 28.8378
12.6262 75 25.101
11.7977 89 27.2382
11.7559 87 26.8048
11.5408 106 30.4326
11.5922 88 26.8737
11.5472 100 29.2378
12.1381 78 25.3105
11.5922 99 29.0737
11.5472 100 29.2378
11.6179 88 26.8943
11.6468 84 26.1174
11.4766 131 35.3812
11.5729 98 28.8583
11.7559 93 28.0048
11.5472 101 29.4378
11.5922 94 28.0737
12.0193 79 25.4154
11.7848 80 25.4279
11.5922 92 27.6737
11.6179 88 26.8943
11.8362 79 25.269
11.5408 105 30.2326
11.4766 131 35.3812
11.8362 79 25.269
11.6724 81 25.538
12.1124 81 25.8899
11.5922 89 27.0737
12.4175 77 25.334
11.5472 104 30.0378
11.8362 79 25.269
12.8767 60 22.3013
12.8382 65 23.2705
11.5922 92 27.6737
11.5857 99 29.0686
11.5408 113 31.8326
11.9486 82 25.9589
11.5922 89 27.0737
12.4432 76 25.1545
12.8382 66 23.4705
11.6179 86 26.4943
11.5344 104 30.0275
11.5922 88 26.8737
11.5472 99 29.0378
11.5408 111 31.4326
11.6724 80 25.338
11.5922 93 27.8737
11.5729 95 28.2583
11.6179 85 26.2943
12.8767 63 22.9013
