14.5819 54 50.0582
15.1985 48 44.7198
14.5819 44 41.0582
14.5819 47 43.7582
14.5819 50 46.4582
13.6924 53 49.0692
14.5819 49 45.5582
12.623 59 54.3623
12.7322 48 44.4732
14.5819 46 42.8582
12.6166 49 45.3617
12.623 54 49.8623
12.3019 59 54.3302
12.6069 57 52.5607
12.6166 54 49.8617
12.2922 62 57.0292
12.6166 53 48.9617
11.5311 59 54.2531
12.6069 65 59.7607
11.5311 57 52.4531
11.5151 62 56.9515
11.5311 58 53.3531
11.5247 57 52.4525
11.5247 60 55.1525
11.5215 61 56.0522
11.4637 68 62.3464
11.5215 62 56.9522
11.5151 61 56.0515
11.5215 63 57.8521
11.4701 67 61.447
11.483 68 62.3483
12.6069 55 50.7607
11.4252 63 57.8425
11.4701 65 59.647
11.3642 73 66.8364
11.4252 67 61.4425
11.4252 66 60.5425
11.4155 73 66.8416
11.4155 70 64.1416
12.517 61 56.1517
11.3545 78 71.3354
11.332 79 72.2332
11.4155 72 65.9416
11.3642 71 65.0364
11.3706 73 66.8371
11.3931 73 66.8393
11.3642 74 67.7364
11.3642 75 68.6364
11.3545 80 73.1355
11.361 80 73.1361
11.3642 84 76.7364
11.332 80 73.1332
11.422 69 63.2422
11.332 79 72.2332
11.332 80 73.1332
11.4316 73 66.8432
11.332 80 73.1332
11.3931 79 72.2393
11.332 89 81.2332
11.5151 72 65.9515
11.361 77 70.4361
11.3642 82 74.9364
11.5311 57 52.4531
11.4252 66 60.5425
11.332 82 74.9332
11.3642 76 69.5364
11.3545 79 72.2355
11.3931 72 65.9393
11.3642 82 74.9364
11.4252 68 62.3425
11.332 79 72.2332
12.7001 57 52.57
11.4155 69 63.2416
11.4252 71 65.0425
12.6166 55 50.7617
14.5819 50 46.4582
11.5247 63 57.8525
11.5311 56 51.5531
11.5215 72 65.9521
11.3642 72 65.9364
12.6069 55 50.7607
11.3931 73 66.8393
12.6166 61 56.1617
14.5819 48 44.6582
11.5215 63 57.8521
11.4541 70 64.1454
11.4252 76 69.5425
11.4252 73 66.8425
15.4875 45 42.0487
11.4252 68 62.3425
12.6134 54 49.8613
11.361 75 68.6361
11.5311 58 53.3531
11.4926 67 61.4493
11.5215 61 56.0522
11.5247 59 54.2525
12.7322 59 54.3732
12.6166 55 50.7617
13.702 50 46.3702
11.332 78 71.3332
11.3642 79 72.2364
13.3455 54 49.9346
14.5819 48 44.6582
11.5215 62 56.9522
11.4637 65 59.6464
12.6166 55 50.7617
11.5311 56 51.5531
12.7322 48 44.4732
11.4155 70 64.1416
14.5819 44 41.0582
11.332 89 81.2332
11.3642 85 77.6364
11.3642 85 77.6364
12.623 60 55.2623
11.332 86 78.5332
11.5215 60 55.1522
11.4155 81 74.0416
11.4701 68 62.347
12.1702 73 66.917
11.3642 84 76.7364
12.623 54 49.8623
13.702 50 46.3702
11.4155 79 72.2416
11.3642 75 68.6364
11.4252 70 64.1425
12.3083 57 52.5308
11.332 78 71.3332
11.3642 79 72.2364
11.5311 57 52.4531
12.6712 53 48.9671
11.3706 76 69.5371
13.6924 54 49.9692
12.2922 62 57.0292
11.332 80 73.1332
11.4252 68 62.3425
13.3455 55 50.8346
14.5819 51 47.3582
12.6166 53 48.9617
12.6166 61 56.1617
11.3706 73 66.8371
12.3019 62 57.0302
12.6069 55 50.7607
11.3545 77 70.4354
13.702 49 45.4702
11.5151 73 66.8515
11.4252 66 60.5425
11.5215 62 56.9522
12.6069 58 53.4607
13.702 51 47.2702
11.5247 58 53.3525
