14.553 63 33.9318
14.4984 68 35.899
13.4611 72 36.8767
14.6975 63 34.0185
14.4984 70 36.699
13.7437 76 38.6462
13.3776 71 36.4266
12.5202 74 37.1121
13.3776 69 35.6266
13.4965 73 37.2979
13.7791 73 37.4674
13.8048 69 35.8829
11.9358 82 39.9615
12.1381 76 37.6829
12.2376 77 38.1426
11.9486 76 37.5692
11.8362 77 37.9017
11.894 81 39.5364
11.8105 80 39.0863
11.6468 81 39.3881
11.8105 81 39.4863
11.6724 80 39.0035
11.6179 85 40.9707
11.6468 82 39.7881
11.6724 82 39.8035
11.6403 90 42.9842
11.6179 84 40.5707
11.6468 84 40.5881
11.5922 87 41.7553
11.6179 86 41.3707
11.5922 96 45.3553
11.6179 85 40.9707
11.5922 86 41.3553
11.5922 87 41.7553
11.5857 97 45.7514
11.5857 98 46.1514
11.6468 86 41.3881
11.8748 90 43.1249
11.5665 101 47.3399
11.5793 94 44.5476
11.7559 91 43.4536
11.5536 98 46.1322
11.6082 90 42.9649
11.6082 91 43.3649
11.5472 105 48.9283
11.5472 102 47.7283
11.6082 93 44.1649
11.5247 100 46.9148
11.5729 98 46.1437
11.5247 105 48.9148
11.5247 101 47.3148
11.5087 110 50.9052
11.6468 82 39.7881
13.3776 72 36.8266
11.5536 96 45.3322
11.6179 85 40.9707
11.5922 92 43.7553
11.8234 86 41.494
14.5273 67 35.5164
11.5536 94 44.5322
11.5536 106 49.3322
11.6179 86 41.3707
11.7816 83 40.269
12.2087 79 38.9252
11.8362 84 40.7017
11.5247 102 47.7148
11.5793 92 43.7476
11.5922 86 41.3553
11.5536 98 46.1322
11.9358 84 40.7615
11.5087 110 50.9052
11.6468 84 40.5881
13.3776 71 36.4266
11.8362 79 38.7017
11.5247 104 48.5148
11.6179 93 44.1707
14.6975 63 34.0185
13.4611 78 39.2767
11.5922 88 42.1553
11.5922 91 43.3553
11.5922 91 43.3553
11.5472 105 48.9283
11.6724 78 38.2035
13.3776 69 35.6266
13.7502 74 37.8501
11.7559 90 43.0536
12.1959 79 38.9175
11.6724 81 39.4035
13.8048 67 35.0829
11.9486 76 37.5692
11.8362 76 37.5017
14.553 63 33.9318
11.5729 101 47.3437
13.3231 75 37.9938
11.5536 94 44.5322
14.3828 66 35.0297
14.553 62 33.5318
11.6179 86 41.3707
13.8048 76 38.6829
11.666 89 42.5996
11.5536 97 45.7322
11.5922 88 42.1553
11.5922 88 42.1553
11.6179 92 43.7707
13.3776 70 36.0266
11.6468 82 39.7881
13.7502 74 37.8501
11.5922 90 42.9553
11.5922 88 42.1553
11.5922 93 44.1553
11.9229 77 37.9538
11.5793 92 43.7476
12.5459 70 35.5276
13.7791 73 37.4674
11.9004 81 39.5403
11.5472 103 48.1283
11.4573 109 50.4744
11.5793 94 44.5476
11.9486 73 36.3692
14.4984 67 35.499
11.5922 87 41.7553
14.5273 66 35.1164
14.4984 67 35.499
11.8362 78 38.3017
14.553 62 33.5318
11.7816 82 39.869
11.5247 104 48.5148
11.5536 98 46.1322
11.5729 98 46.1437
14.3571 68 35.8143
12.2505 75 37.3503
11.8234 85 41.094
11.5922 91 43.3553
11.7174 92 43.8304
11.5568 99 46.5341
11.8362 76 37.5017
11.9486 73 36.3692
11.6179 86 41.3707
11.5536 96 45.3322
11.8362 77 37.9017
11.5922 92 43.7553
13.8048 69 35.8829
11.5729 92 43.7437
11.6468 80 38.9881
11.666 94 44.5996
13.2074 72 36.7245
12.2505 73 36.5503
11.5665 101 47.3399
14.553 61 33.1318
14.5273 67 35.5164
