12.3019 58 30.5811
14.553 55 30.7318
12.2473 63 32.5484
14.4984 60 32.699
12.3019 60 31.3811
14.553 57 31.5318
12.3019 61 31.7811
14.553 54 30.3318
14.5273 60 32.7164
12.2762 62 32.1657
12.8349 58 30.901
12.2473 66 33.7484
12.3019 59 30.9811
12.0931 66 33.6559
12.2473 64 32.9484
12.1188 65 33.2713
12.1188 66 33.6713
11.8362 67 33.9017
12.0931 67 34.0559
12.1188 67 34.0713
11.8234 75 37.094
11.8362 67 33.9017
11.6468 72 35.7881
11.8105 70 35.0863
11.8362 68 34.3017
11.6468 73 36.1881
11.666 79 38.5996
11.6468 75 36.9881
11.666 80 38.9996
11.8105 71 35.4863
11.7816 72 35.869
11.6468 77 37.7881
11.5922 78 38.1553
11.6179 77 37.7707
11.5857 85 40.9514
11.6114 85 40.9669
11.6468 73 36.1881
11.5922 80 38.9553
11.8748 78 38.3249
11.5729 82 39.7437
11.6179 78 38.1707
11.5729 83 40.1437
11.5729 84 40.5437
11.5472 85 40.9283
11.5729 85 40.9437
11.5472 86 41.3283
11.5472 87 41.7283
11.5472 88 42.1283
11.5408 96 45.3245
11.5408 97 45.7245
11.5472 91 43.3283
11.711 89 42.6266
11.5408 93 44.1245
11.5472 91 43.3283
11.5472 85 40.9283
11.5665 91 43.3399
11.5408 94 44.5245
11.5408 104 48.5245
11.5408 98 46.1245
11.5857 88 42.1514
11.6179 76 37.3707
11.6468 74 36.5881
11.5922 82 39.7553
11.8362 77 37.9017
12.2473 63 32.5484
11.5472 85 40.9283
13.4611 62 32.8767
12.1188 64 32.8713
11.6724 72 35.8035
11.5729 84 40.5437
14.553 57 31.5318
11.6468 75 36.9881
11.5922 85 40.9553
11.6114 84 40.5669
11.6468 75 36.9881
11.5472 89 42.5283
11.5472 85 40.9283
11.5408 94 44.5245
12.1188 65 33.2713
11.5665 93 44.1399
11.8362 67 33.9017
11.7367 81 39.442
11.6468 73 36.1881
11.6275 79 38.5765
12.2762 66 33.7657
11.6179 75 36.9707
11.8105 70 35.0863
12.2697 70 35.3619
11.6179 75 36.9707
11.5408 99 46.5245
12.3019 63 32.5811
11.5408 94 44.5245
11.666 78 38.1996
11.5729 85 40.9437
12.0931 69 34.8559
11.666 80 38.9996
12.0803 74 36.8482
12.3019 59 30.9811
11.5729 83 40.1437
11.5665 92 43.7399
11.5472 88 42.1283
11.5472 91 43.3283
12.106 72 36.0636
11.6724 71 35.4035
12.3019 59 30.9811
11.5665 89 42.5399
14.553 57 31.5318
11.5408 93 44.1245
11.8362 67 33.9017
12.0931 66 33.6559
11.5729 85 40.9437
11.5922 78 38.1553
11.5408 95 44.9245
12.3019 60 31.3811
11.5408 94 44.5245
14.5273 58 31.9164
11.5922 87 41.7553
12.1188 65 33.2713
12.2473 63 32.5484
11.5408 97 45.7245
12.2473 66 33.7484
13.4355 65 34.0613
11.5472 85 40.9283
11.6468 75 36.9881
11.5472 85 40.9283
11.5408 94 44.5245
11.5408 96 45.3245
14.553 55 30.7318
14.5273 58 31.9164
11.5922 80 38.9553
11.5472 87 41.7283
11.5408 94 44.5245
12.1188 66 33.6713
11.5472 87 41.7283
12.2473 63 32.5484
11.6724 73 36.2035
11.6179 76 37.3707
12.2762 62 32.1657
11.8105 70 35.0863
11.5729 84 40.5437
11.666 77 37.7996
13.3776 65 34.0266
12.2473 71 35.7484
12.2762 62 32.1657
12.2762 63 32.5657
14.553 58 31.9318
14.553 56 31.1318
11.7559 78 38.2536
12.1188 68 34.4713
12.0642 71 35.6385
