14.9544 59 45.7863
14.9544 60 46.4863
14.553 57 44.2659
13.8882 66 50.3665
13.4611 67 50.9383
13.1143 68 51.5343
14.553 59 45.6659
14.264 64 49.0792
13.7502 67 51.025
14.264 65 49.7792
13.8048 64 48.9414
12.8349 65 49.3505
13.8048 65 49.6414
12.8349 71 53.5505
12.7547 71 53.5264
12.7803 71 53.5341
12.4207 68 51.3262
12.8028 75 56.3408
12.1381 69 51.9414
12.4207 69 52.0262
12.1381 70 52.6414
11.8362 71 53.2509
12.1124 73 54.7337
11.8105 74 55.3432
11.8105 75 56.0432
11.6724 74 55.3017
11.8105 74 55.3432
11.7816 78 58.1345
11.6082 73 54.5825
11.6724 75 56.0017
11.5472 79 58.7642
11.5247 76 56.6574
11.5087 77 57.3526
11.5087 80 59.4526
11.5087 79 58.7526
11.499 86 63.6497
11.4155 87 64.3247
11.5408 80 59.4622
11.4155 88 65.0247
11.4926 77 57.3478
11.4252 88 65.0275
11.3931 86 63.6179
11.4926 79 58.7478
11.3642 86 63.6092
11.5087 83 61.5526
11.5183 84 62.2555
11.3642 88 65.0092
11.332 91 67.0996
11.4252 82 60.8276
11.3931 83 61.5179
11.332 96 70.5996
11.3224 98 71.9967
11.4316 87 64.3295
11.332 99 72.6996
11.3224 97 71.2967
11.3224 101 74.0967
11.3224 96 70.5967
11.3224 99 72.6967
11.3224 98 71.9967
11.3224 101 74.0967
11.3224 110 80.3967
11.3642 88 65.0092
11.4252 83 61.5275
14.9801 56 43.694
11.3834 99 72.715
11.8105 74 55.3432
11.4252 82 60.8276
12.1606 99 72.9482
11.3642 87 64.3092
14.9801 56 43.694
11.6724 74 55.3017
12.1381 69 51.9414
11.332 94 69.1996
12.1606 99 72.9482
11.4252 84 62.2276
11.3224 111 81.0967
11.3224 98 71.9967
11.8362 71 53.2509
11.4862 88 65.0459
11.3642 100 73.4092
13.3776 68 51.6133
11.3224 98 71.9967
11.3224 100 73.3967
11.3224 108 78.9967
11.332 100 73.3996
11.332 93 68.4996
11.3224 111 81.0967
11.8105 74 55.3432
11.332 93 68.4996
11.4862 88 65.0459
11.8105 76 56.7432
12.8349 63 47.9505
11.7816 75 56.0345
14.4984 63 48.4495
13.8048 65 49.6414
11.8362 71 53.2509
11.5247 76 56.6574
12.1702 84 62.4511
12.1381 70 52.6414
12.8349 67 50.7505
11.3224 98 71.9967
11.4862 86 63.6459
11.499 86 63.6497
11.4926 80 59.4478
11.3642 89 65.7093
12.1381 69 51.9414
11.3642 96 70.6092
11.3642 87 64.3092
11.4252 88 65.0275
11.499 86 63.6497
11.4477 85 62.9343
11.3642 93 68.5092
11.4862 89 65.7459
11.5986 80 59.4796
11.332 91 67.0996
12.1381 71 53.3414
11.8105 74 55.3432
11.3642 88 65.0092
11.3642 91 67.1093
11.8362 71 53.2509
11.8362 71 53.2509
12.3661 72 54.1098
11.4862 89 65.7459
11.3931 85 62.9179
11.8105 73 54.6432
11.3224 95 69.8967
14.5273 62 47.7582
11.332 95 69.8996
11.4155 88 65.0247
11.8362 72 53.9509
13.7502 67 51.025
11.8362 72 53.9509
12.8285 73 54.9486
11.4252 79 58.7276
12.8092 67 50.7428
13.8048 65 49.6414
14.9255 61 47.1777
12.1606 94 69.4482
11.4637 83 61.5391
11.4155 89 65.7247
11.4477 85 62.9343
12.1381 71 53.3414
11.7816 78 58.1345
13.8048 64 48.9414
12.1702 88 65.2511
12.7803 70 52.8341
11.5087 79 58.7526
12.1124 73 54.7337
13.8882 64 48.9665
11.8362 70 52.5509
