12.4432 82 40.2659
12.4432 83 40.6659
11.9229 88 42.3538
12.4432 89 43.0659
11.7848 85 41.0709
11.9358 94 44.7615
11.7848 86 41.4709
11.7303 93 44.2382
11.666 97 45.7996
11.6468 93 44.1881
11.6468 92 43.7881
11.6179 129 58.5707
11.6435 128 58.1861
11.5633 133 60.138
11.5633 137 61.738
11.6179 129 58.5707
11.5633 139 62.538
11.5247 141 63.3148
11.5376 141 63.3225
11.5055 145 64.9033
11.499 149 66.4994
11.5055 155 68.9033
11.499 150 66.8994
11.499 157 69.6994
11.499 143 64.0994
11.666 97 45.7996
11.5055 145 64.9033
11.5055 149 66.5033
11.6724 88 42.2035
12.4432 84 41.0659
11.5922 98 46.1553
11.5055 149 66.5033
11.8362 88 42.3017
11.5857 132 59.7514
11.9486 84 40.7692
12.4432 84 41.0659
11.6403 101 47.3842
12.4432 86 41.8659
11.5376 141 63.3225
11.7784 96 45.4671
11.499 150 66.8994
11.5536 140 62.9322
11.5247 140 62.9148
11.499 150 66.8994
11.5376 141 63.3225
11.9486 84 40.7692
11.5055 149 66.5033
11.5376 141 63.3225
11.6468 92 43.7881
11.5633 138 62.138
11.6179 130 58.9707
11.499 151 67.2994
11.5761 140 62.9457
11.5633 133 60.138
11.6724 89 42.6035
12.4432 87 42.2659
11.5633 132 59.738
11.5311 140 62.9187
11.5633 137 61.738
11.5633 133 60.138
12.4432 82 40.2659
12.4432 82 40.2659
11.6468 92 43.7881
11.5055 149 66.5033
12.4432 84 41.0659
11.7303 91 43.4382
11.6821 138 62.2093
11.894 91 43.5364
12.4175 86 41.8505
11.7848 87 41.8709
11.5633 133 60.138
11.5536 141 63.3322
11.5055 145 64.9033
11.7848 86 41.4709
11.5633 133 60.138
11.9358 94 44.7615
12.4432 87 42.2659
11.9229 88 42.3538
11.499 151 67.2994
12.4175 88 42.6505
11.5247 141 63.3148
11.7848 87 41.8709
11.9486 84 40.7692
11.5376 149 66.5225
11.499 149 66.4994
11.5729 134 60.5437
11.5536 141 63.3322
11.6724 89 42.6035
12.4432 85 41.4659
11.605 131 59.363
11.499 150 66.8994
11.5247 141 63.3148
11.7303 91 43.4382
12.4432 83 40.6659
11.5633 137 61.738
12.4175 86 41.8505
11.7848 88 42.2709
11.5311 136 61.3187
11.894 91 43.5364
11.5247 141 63.3148
11.5055 145 64.9033
11.5376 141 63.3225
11.499 143 64.0994
12.3725 130 59.4235
11.5633 139 62.538
12.2505 82 40.1503
11.499 149 66.4994
11.6724 89 42.6035
11.7848 85 41.0709
12.4271 122 56.2563
11.9454 130 59.1672
11.5633 136 61.338
11.5055 145 64.9033
11.7848 86 41.4709
12.6358 124 57.1815
11.7592 91 43.4555
11.6468 92 43.7881
11.9229 88 42.3538
11.6468 93 44.1881
11.6179 129 58.5707
11.6724 90 43.0035
12.4432 82 40.2659
11.499 149 66.4994
12.4432 86 41.8659
12.4432 83 40.6659
11.6403 101 47.3842
12.4432 84 41.0659
11.499 151 67.2994
11.499 150 66.8994
11.6724 89 42.6035
11.5055 149 66.5033
11.5247 141 63.3148
11.5055 145 64.9033
11.6468 92 43.7881
11.7784 96 45.4671
11.7303 91 43.4382
11.5729 134 60.5437
12.4432 84 41.0659
11.9486 85 41.1692
11.5633 139 62.538
11.5633 140 62.938
11.6724 89 42.6035
11.7848 86 41.4709
11.9358 93 44.3615
11.6179 129 58.5707
11.6468 92 43.7881
11.6724 89 42.6035
11.9486 84 40.7692
11.9358 94 44.7615
11.6468 92 43.7881
