12.6904 58 53.469
12.7001 53 48.97
12.7001 56 51.67
12.639 60 55.2639
12.6166 58 53.4617
12.7001 58 53.47
11.6403 59 54.264
12.9794 56 51.6979
11.6403 58 53.364
11.5311 61 56.0531
11.6403 61 56.064
11.5247 65 59.6525
11.4701 69 63.247
11.5247 63 57.8525
11.5247 62 56.9525
11.5151 69 63.2515
11.5247 69 63.2525
11.5215 65 59.6522
12.6166 58 53.4617
11.5151 68 62.3515
11.5215 71 65.0521
11.5151 78 71.3515
11.4637 70 64.1464
11.4701 70 64.147
11.5151 73 66.8515
11.4252 71 65.0425
11.4637 74 67.7464
11.4252 72 65.9425
11.4252 73 66.8425
11.4252 74 67.7425
11.4252 75 68.6425
11.3706 79 72.2371
11.3642 83 75.8364
11.3642 77 70.4364
11.3706 77 70.4371
11.3545 82 74.9354
11.3642 88 80.3364
11.361 83 75.8361
11.3642 80 73.1364
11.332 81 74.0332
11.361 84 76.7361
11.332 85 77.6332
11.3224 87 79.4322
11.332 82 74.9332
11.3224 85 77.6322
11.332 94 85.7332
11.3224 89 81.2322
12.1606 78 71.4161
11.3224 97 88.4322
11.3224 89 81.2322
11.3224 90 82.1322
11.3224 100 91.1322
11.332 86 78.5332
11.3224 93 84.8322
11.3224 92 83.9322
11.3224 97 88.4322
11.3224 101 92.0322
11.3642 78 71.3364
11.5215 66 60.5522
11.4252 73 66.8425
11.3642 80 73.1364
11.332 88 80.3332
11.4252 76 69.5425
11.332 83 75.8332
11.3642 77 70.4364
11.3224 86 78.5322
11.3224 95 86.6322
11.332 84 76.7332
11.5247 69 63.2525
11.5247 66 60.5525
11.3642 78 71.3364
11.5247 59 54.2525
11.4252 74 67.7425
11.4252 74 67.7425
11.332 81 74.0332
12.639 58 53.4639
11.3224 84 76.7322
12.6069 62 57.0607
11.3642 80 73.1364
11.3642 83 75.8364
11.4637 71 65.0464
11.5151 69 63.2515
11.4252 76 69.5425
11.3224 91 83.0322
11.3706 81 74.0371
11.5247 65 59.6525
11.4637 70 64.1464
11.3706 75 68.6371
11.3642 82 74.9364
11.332 83 75.8332
12.668 65 59.7668
11.3706 77 70.4371
11.3224 86 78.5322
11.361 80 73.1361
11.3642 85 77.6364
11.4701 70 64.147
11.3224 85 77.6322
11.3642 80 73.1364
11.4252 73 66.8425
12.6069 62 57.0607
11.5311 64 58.7531
11.4637 70 64.1464
11.3642 76 69.5364
12.668 61 56.1668
11.6403 59 54.264
11.361 78 71.3361
12.668 62 57.0668
11.422 93 84.8422
11.332 84 76.7332
11.3224 101 92.0322
11.3224 100 91.1322
11.6403 61 56.064
11.3642 82 74.9364
11.361 88 80.3361
11.5215 65 59.6522
11.361 79 72.2361
11.422 83 75.8422
11.3706 75 68.6371
11.4637 74 67.7464
11.3224 85 77.6322
11.332 80 73.1332
11.4701 68 62.347
11.361 81 74.0361
11.3706 76 69.5371
11.5215 68 62.3521
11.8876 64 58.7888
11.5247 72 65.9525
11.4605 74 67.746
11.5247 62 56.9525
11.3642 80 73.1364
11.332 87 79.4332
11.5215 68 62.3521
12.6904 61 56.169
11.3642 83 75.8364
11.5215 77 70.4521
11.4637 70 64.1464
11.5247 65 59.6525
11.3642 78 71.3364
11.4155 77 70.4416
12.668 63 57.9668
11.361 83 75.8361
11.3706 75 68.6371
11.4252 73 66.8425
11.4316 74 67.7432
11.4701 70 64.147
11.3224 84 76.7322
11.5247 68 62.3525
11.3642 77 70.4364
11.332 88 80.3332
11.3545 81 74.0355
