11.7592 33 13.8832
11.7592 34 13.9832
11.7592 33 13.8832
12.9955 27 14.396
11.7592 39 14.4832
12.9955 25 14.196
11.7367 40 14.563
11.7592 37 14.2832
12.9955 29 14.596
11.5633 37 14.1069
11.5761 47 15.1185
12.6551 28 14.1896
12.79 36 15.111
11.5633 40 14.4069
11.7367 39 14.463
12.973 28 14.4757
12.6551 34 14.7896
12.9955 31 14.796
11.5633 41 14.5069
12.6326 32 14.5694
12.973 29 14.5757
11.5408 42 14.5867
12.6551 32 14.5896
11.5633 42 14.6069
12.6326 31 14.4694
12.973 30 14.6757
11.7367 37 14.263
11.7367 38 14.363
11.3802 54 15.6422
11.5408 44 14.7867
11.5408 47 15.0867
11.4027 49 15.1624
11.5408 48 15.1867
11.4027 50 15.2624
11.5408 49 15.2867
11.4027 51 15.3624
11.5633 41 14.5069
11.3802 53 15.5422
11.4027 51 15.3624
11.3802 57 15.9422
11.3802 58 16.0422
11.3802 56 15.8422
11.3802 57 15.9422
11.3802 58 16.0422
11.5408 48 15.1867
11.3802 60 16.2422
11.3802 61 16.3422
11.3256 62 16.3931
11.3481 62 16.4133
11.3577 65 16.722
11.3802 62 16.4422
11.3256 66 16.7931
11.3256 67 16.8931
11.3256 68 16.9931
11.3256 66 16.7931
11.3256 67 16.8931
12.4175 59 17.0757
11.3256 67 16.8931
11.4862 59 16.2376
11.3256 69 17.0931
11.3256 70 17.1931
11.5408 45 14.8867
11.7592 34 13.9832
11.3802 57 15.9422
12.9955 27 14.396
12.9955 25 14.196
11.4027 52 15.4624
12.9955 26 14.296
12.973 28 14.4757
12.973 30 14.6757
12.6326 32 14.5694
12.9955 27 14.396
11.5408 46 14.9867
11.3802 56 15.8422
11.5408 47 15.0867
12.6326 33 14.6694
11.3256 64 16.5931
11.3802 58 16.0422
11.3256 64 16.5931
11.5761 48 15.2185
11.3256 65 16.6931
11.3256 74 17.5931
11.3802 66 16.8422
11.4027 52 15.4624
12.973 30 14.6757
12.6326 36 14.9694
11.5633 41 14.5069
11.7367 39 14.463
11.5633 38 14.2069
11.5633 40 14.4069
11.3256 63 16.4931
12.6326 33 14.6694
11.3802 57 15.9422
11.4027 55 15.7624
11.3256 68 16.9931
11.3256 68 16.9931
11.3802 65 16.7422
11.5408 42 14.5867
12.973 28 14.4757
11.3256 67 16.8931
11.5408 48 15.1867
12.973 33 14.9757
11.7592 34 13.9832
12.6551 31 14.4896
12.9955 27 14.396
11.3802 52 15.4422
11.3802 56 15.8422
11.4862 51 15.4376
12.6551 32 14.5896
12.973 30 14.6757
11.3256 65 16.6931
11.7592 35 14.0832
11.5633 41 14.5069
11.4027 54 15.6624
11.5408 47 15.0867
11.4027 51 15.3624
11.3256 67 16.8931
11.2807 79 18.0526
11.5183 51 15.4665
11.7367 38 14.363
11.5408 42 14.5867
11.3577 59 16.122
11.5408 44 14.7867
11.4862 58 16.1376
11.7367 41 14.663
11.5087 52 15.5578
11.3802 70 17.2422
11.7592 33 13.8832
11.3802 52 15.4422
11.3802 53 15.5422
11.3256 69 17.0931
11.7367 37 14.263
11.7367 36 14.163
11.3802 60 16.2422
11.4027 55 15.7624
12.9955 27 14.396
11.5633 40 14.4069
12.9955 25 14.196
11.3802 57 15.9422
12.6551 35 14.8896
11.3802 54 15.6422
11.4027 51 15.3624
12.973 30 14.6757
11.3256 64 16.5931
12.6101 39 15.2491
12.4175 53 16.4757
12.6326 32 14.5694
12.9955 24 14.096
11.3802 59 16.1422
11.7592 34 13.9832
