11.7592 36 14.1832
11.7592 37 14.2832
12.9955 23 13.996
11.7592 38 14.3832
12.9955 24 14.096
11.7592 39 14.4832
12.6551 28 14.1896
12.9955 25 14.196
11.5633 41 14.5069
11.7367 40 14.563
11.7592 35 14.0832
12.6551 29 14.2896
12.9955 26 14.296
11.5633 39 14.3069
11.7367 38 14.363
12.973 27 14.3757
12.9955 24 14.096
12.9955 27 14.396
12.6551 31 14.4896
12.973 31 14.7757
12.6551 31 14.4896
11.5633 41 14.5069
12.6326 32 14.5694
11.5408 42 14.5867
12.9955 26 14.296
11.5633 40 14.4069
12.6326 33 14.6694
11.5408 43 14.6867
11.4958 53 15.6462
11.5408 54 15.7867
11.5408 49 15.2867
11.4027 48 15.0624
11.5408 47 15.0867
11.4027 49 15.1624
11.4958 52 15.5462
11.5408 48 15.1867
11.4027 50 15.2624
11.3577 60 16.222
11.5633 41 14.5069
11.3802 53 15.5422
11.4027 57 15.9624
11.5408 43 14.6867
11.3802 55 15.7422
11.3802 56 15.8422
11.3802 57 15.9422
11.3802 56 15.8422
11.3353 62 16.4017
11.3802 63 16.5422
11.3577 60 16.222
11.3577 59 16.122
11.3256 60 16.1931
11.5087 51 15.4578
11.3577 71 17.322
11.3256 63 16.4931
11.3256 64 16.5931
11.3256 65 16.6931
11.3256 66 16.7931
11.4862 56 15.9376
11.3256 68 16.9931
11.3256 69 17.0931
11.3256 70 17.1931
11.3256 69 17.0931
11.3031 72 17.3728
11.3256 70 17.1931
11.4862 61 16.4376
11.5408 46 14.9867
11.5408 44 14.7867
11.4862 59 16.2376
11.5087 51 15.4578
11.4059 68 17.0653
11.5408 49 15.2867
11.3256 62 16.3931
11.3802 52 15.4422
11.3256 69 17.0931
11.3256 69 17.0931
11.3256 63 16.4931
11.5408 46 14.9867
11.5408 45 14.8867
11.3802 63 16.5422
12.9955 23 13.996
11.3802 58 16.0422
11.4027 50 15.2624
12.9955 23 13.996
11.3802 58 16.0422
11.3802 54 15.6422
11.5633 42 14.6069
11.7592 36 14.1832
11.3577 63 16.522
11.3577 62 16.422
12.6551 31 14.4896
11.5633 39 14.3069
11.5633 39 14.3069
12.6551 31 14.4896
11.7592 35 14.0832
11.5408 42 14.5867
11.7592 36 14.1832
11.4027 49 15.1624
12.4175 61 17.2757
12.79 32 14.711
12.6551 31 14.4896
12.4175 56 16.7757
11.5408 47 15.0867
12.9955 25 14.196
11.5633 43 14.7069
11.5408 41 14.4867
12.9955 24 14.096
12.9409 35 15.1468
12.9955 25 14.196
11.5633 38 14.2069
12.4496 51 16.3046
11.5761 46 15.0185
12.6551 27 14.0896
12.6551 29 14.2896
12.9955 26 14.296
11.3256 66 16.7931
11.3256 70 17.1931
11.4027 51 15.3624
11.4862 60 16.3376
11.3577 58 16.022
11.5633 42 14.6069
11.7592 35 14.0832
11.3481 62 16.4133
11.3802 53 15.5422
11.7592 37 14.2832
11.4862 53 15.6376
11.7367 41 14.663
12.973 27 14.3757
12.6551 30 14.3896
11.7592 37 14.2832
12.9955 30 14.696
11.3802 57 15.9422
11.7592 34 13.9832
11.5183 50 15.3665
11.3481 62 16.4133
12.973 28 14.4757
11.5633 39 14.3069
11.3256 66 16.7931
12.6326 33 14.6694
12.6551 34 14.7896
11.5633 37 14.1069
11.7592 37 14.2832
11.5408 44 14.7867
11.4027 59 16.1624
11.4027 48 15.0624
11.3802 55 15.7422
11.4958 54 15.7462
11.5408 46 14.9867
12.973 25 14.1757
12.6326 33 14.6694
11.7592 33 13.8832
