12.8349 68 40.4175
12.7033 70 41.3516
12.729 72 42.3645
12.3019 70 41.1509
12.6744 74 43.3372
12.3019 71 41.6509
12.0642 76 44.0321
12.2473 76 44.1236
12.0931 75 43.5466
12.0771 77 44.5385
11.8105 77 44.4053
12.1188 75 43.5594
11.8362 74 42.9181
11.666 84 47.833
11.8362 75 43.4181
11.7848 75 43.3924
11.6724 79 45.3362
11.5922 84 47.7961
11.6724 80 45.8362
11.6468 81 46.3234
11.6179 82 46.8089
11.6468 80 45.8234
11.5922 85 48.2961
11.6179 84 47.8089
11.5922 85 48.2961
11.6179 85 48.3089
11.5922 89 50.2961
11.5922 87 49.2961
11.5922 88 49.7961
11.5922 91 51.2961
11.5536 92 51.7768
11.6468 84 47.8234
11.5536 91 51.2768
11.5793 91 51.2897
11.5536 90 50.7768
11.5536 91 51.2768
11.5536 94 52.7768
11.666 92 51.833
11.5536 96 53.7768
11.8362 94 52.9181
11.5472 96 53.7736
11.5536 98 54.7768
11.4798 102 56.7399
11.5247 99 55.2624
11.5376 97 54.2688
11.5472 97 54.2736
11.5055 100 55.7527
11.4733 103 57.2367
11.5055 102 56.7527
11.499 104 57.7495
11.438 110 60.719
11.5055 100 55.7527
11.499 105 58.2495
11.5055 102 56.7527
11.3802 113 62.1901
11.4733 104 57.7367
11.3802 114 62.6901
11.3802 115 63.1901
11.4733 104 57.7367
11.438 109 60.219
11.4477 111 61.2238
12.106 79 45.553
11.5247 100 55.7624
11.4477 104 57.7238
12.106 81 46.553
11.6179 81 46.3089
11.4477 109 60.2238
11.6468 83 47.3234
11.6082 91 51.3041
11.5922 85 48.2961
11.6724 80 45.8362
11.4733 102 56.7367
11.4733 104 57.7367
11.5793 89 50.2897
11.499 101 56.2495
11.3802 115 63.1901
11.5922 89 50.2961
12.729 67 39.8645
11.5536 96 53.7768
11.5055 99 55.2527
11.4733 105 58.2367
11.5472 99 55.2736
11.5729 91 51.2864
11.5472 97 54.2736
11.5536 91 51.2768
11.7559 87 49.378
11.4733 103 57.2367
11.5376 97 54.2688
11.8105 78 44.9053
11.5055 100 55.7527
11.5055 102 56.7527
11.7592 79 45.3796
11.7431 101 56.3715
11.666 88 49.833
11.8362 75 43.4181
12.729 69 40.8645
11.3802 114 62.6901
11.666 84 47.833
11.5922 84 47.7961
11.5536 94 52.7768
11.5729 94 52.7864
11.5922 87 49.2961
11.5922 86 48.7961
11.5536 92 51.7768
11.8362 75 43.4181
11.8362 76 43.9181
11.7559 85 48.378
11.5472 102 56.7736
11.8362 77 44.4181
12.0931 76 44.0466
11.6082 86 48.8041
12.106 81 46.553
11.4733 102 56.7367
11.6917 103 57.3459
11.4477 107 59.2238
11.5922 88 49.7961
11.6724 79 45.3362
11.5472 96 53.7736
11.6468 79 45.3234
11.5536 100 55.7768
11.6179 85 48.3089
12.7033 71 41.8516
12.8349 68 40.4175
11.6468 82 46.8234
11.5536 94 52.7768
11.8362 75 43.4181
11.5922 84 47.7961
11.5922 90 50.7961
11.5793 90 50.7897
11.5055 100 55.7527
12.0642 76 44.0321
12.106 82 47.053
11.6403 89 50.3202
11.5793 90 50.7897
11.4573 106 58.7286
11.5536 94 52.7768
11.4733 101 56.2367
12.1188 73 42.5594
11.6179 83 47.3089
11.4798 105 58.2399
11.5922 85 48.2961
11.3802 114 62.6901
12.1188 72 42.0594
11.6468 83 47.3234
11.438 110 60.719
12.729 66 39.3645
11.5055 99 55.2527
11.6179 83 47.3089
11.5536 94 52.7768
12.3019 69 40.6509
