12.7033 66 39.3516
12.729 63 37.8645
12.2762 69 40.6381
12.3019 69 40.6509
12.729 64 38.3645
12.2762 67 39.6381
12.3019 64 38.1509
12.2762 68 40.1381
12.1188 69 40.5594
12.1188 70 41.0594
12.0771 74 43.0385
11.8362 72 41.9181
11.9358 79 45.4679
12.0771 72 42.0385
12.0803 79 45.5401
12.3019 68 40.1509
11.7816 77 44.3908
11.6179 78 44.8089
11.8362 74 42.9181
11.6468 77 44.3234
11.6468 79 45.3234
11.6724 76 43.8362
11.8105 74 42.9053
11.6179 78 44.8089
11.6468 76 43.8234
11.6724 73 42.3362
11.5922 82 46.7961
11.6179 77 44.3089
11.6179 88 49.8089
11.5922 82 46.7961
11.5922 83 47.2961
11.5922 84 47.7961
11.5344 94 52.7672
11.5922 85 48.2961
11.5793 93 52.2897
11.7431 84 47.8715
11.5536 95 53.2768
11.5793 88 49.7897
11.5536 89 50.2768
11.5087 99 55.2543
11.5472 91 51.2736
11.5536 91 51.2768
11.5472 101 56.2736
11.5472 96 53.7736
11.5055 94 52.7527
11.5376 94 52.7688
11.5472 92 51.7736
11.5055 95 53.2527
11.7335 93 52.3667
11.5055 97 54.2527
11.4059 105 58.203
11.5055 99 55.2527
11.4733 99 55.2367
11.4477 103 57.2238
11.4701 102 56.7351
11.4059 109 60.203
11.438 103 57.219
11.4477 103 57.2238
11.438 106 58.719
11.438 104 57.719
11.5183 100 55.7592
11.6179 79 45.3089
11.4733 100 55.7367
11.666 82 46.833
11.4733 99 55.2367
11.4123 107 59.2062
12.106 75 43.553
12.0385 76 44.0193
12.3019 67 39.6509
12.2697 73 42.6349
11.7335 94 52.8667
11.5922 85 48.2961
11.5793 88 49.7897
11.5472 91 51.2736
12.2762 66 39.1381
11.5472 92 51.7736
11.5536 88 49.7768
12.7033 68 40.3516
11.5472 91 51.2736
11.6724 72 41.8362
12.3019 65 38.6509
11.5055 96 53.7527
11.5793 87 49.2897
11.5922 81 46.2961
11.4733 97 54.2367
11.5922 82 46.7961
11.5055 97 54.2527
11.5472 97 54.2736
12.7225 72 42.3613
11.438 103 57.219
12.1188 70 41.0594
11.5087 100 55.7543
12.2697 75 43.6349
11.438 103 57.219
12.729 65 38.8645
11.4059 106 58.703
11.4733 102 56.7367
11.438 104 57.719
12.1188 68 40.0594
11.4477 103 57.2238
11.4733 98 54.7367
11.5055 98 54.7527
11.5922 84 47.7961
11.5922 84 47.7961
11.5922 81 46.2961
11.5922 85 48.2961
12.106 77 44.553
12.729 73 42.8645
11.5793 88 49.7897
11.5536 91 51.2768
12.0771 72 42.0385
11.7559 79 45.378
11.5922 89 50.2961
11.4798 99 55.2399
11.5055 96 53.7527
12.0931 72 42.0466
11.6468 76 43.8234
11.5922 83 47.2961
11.4733 100 55.7367
12.0931 73 42.5466
11.666 83 47.333
11.4123 106 58.7062
12.5973 85 48.7987
11.6114 88 49.8057
11.4733 96 53.7367
11.5793 88 49.7897
11.6403 83 47.3202
11.5793 83 47.2897
11.5536 88 49.7768
11.6179 80 45.8089
11.5922 82 46.7961
11.6724 76 43.8362
12.0578 79 45.5289
11.4477 102 56.7238
11.5055 94 52.7527
11.5472 94 52.7736
11.6724 74 42.8362
11.5055 96 53.7527
11.7174 85 48.3587
11.5279 99 55.264
11.7431 84 47.8715
11.438 104 57.719
11.8362 73 42.4181
11.4123 106 58.7062
11.5922 82 46.7961
11.4477 104 57.7238
12.2762 65 38.6381
11.5793 85 48.2897
11.5922 83 47.2961
11.4059 107 59.203
