13.6924 40 16.3231
13.6185 44 16.6566
13.702 36 15.9318
13.6185 46 16.8566
13.8915 42 16.7023
13.6185 47 16.9566
14.2254 34 16.2029
13.702 39 16.2318
13.641 40 16.2769
13.641 41 16.3769
13.6089 49 17.148
13.368 49 16.9312
12.6262 56 16.9636
11.5665 65 16.9098
13.368 49 16.9312
11.438 73 17.5942
13.6185 47 16.9566
12.6262 56 16.9636
12.8767 54 16.989
11.5665 66 17.0098
13.3584 54 17.4225
11.4862 67 17.0376
13.6185 46 16.8566
12.6262 60 17.3636
12.8703 55 17.0832
12.6262 58 17.1636
12.4785 57 16.9306
13.368 51 17.1312
11.4862 71 17.4376
12.5877 59 17.2289
12.5877 60 17.3289
12.6262 58 17.1636
12.8703 59 17.4832
12.4785 60 17.2306
13.368 50 17.0312
12.578 60 17.3202
12.6198 59 17.2578
12.4721 59 17.1249
12.4785 61 17.3306
11.4862 70 17.3376
12.4399 65 17.696
12.4721 62 17.4249
11.4862 71 17.4376
12.4399 66 17.796
11.4477 70 17.3029
11.4862 72 17.5376
12.4399 64 17.596
11.4477 73 17.6029
12.4399 65 17.696
11.4477 74 17.7029
11.4477 75 17.8029
11.4541 81 18.4087
11.438 75 17.7942
11.4477 77 18.0029
11.3995 78 18.0595
11.422 78 18.0798
11.5183 75 17.8665
11.3995 79 18.1595
11.3995 80 18.2595
11.3995 79 18.1595
11.3995 80 18.2595
13.6185 46 16.8566
11.4477 76 17.9029
13.702 35 15.8318
13.6185 46 16.8566
12.4399 65 17.696
13.641 40 16.2769
11.422 76 17.8798
12.6262 56 16.9636
12.8767 56 17.189
11.5665 66 17.0098
11.422 76 17.8798
12.6262 59 17.2636
12.4785 60 17.2306
11.5665 66 17.0098
11.4862 68 17.1376
13.6185 44 16.6566
11.4509 84 18.7058
11.4862 68 17.1376
12.4399 65 17.696
12.8382 57 17.2543
12.6262 56 16.9636
12.8382 59 17.4543
13.6089 51 17.348
11.438 77 17.9942
12.6262 60 17.3636
13.641 39 16.1769
12.4721 65 17.7249
13.702 35 15.8318
12.6262 56 16.9636
11.4862 65 16.8376
12.4785 57 16.9306
11.438 76 17.8942
11.5729 70 17.4156
12.8382 54 16.9543
11.3995 81 18.3595
13.6924 43 16.6231
11.4862 68 17.1376
11.422 78 18.0798
13.6185 46 16.8566
11.438 77 17.9942
11.5665 65 16.9098
13.6185 47 16.9566
13.6313 46 16.8682
11.4477 72 17.5029
11.4862 69 17.2376
12.4785 64 17.6306
11.3995 82 18.4595
12.4721 59 17.1249
13.6185 48 17.0566
12.4399 68 17.996
13.702 37 16.0318
12.4785 57 16.9306
12.8767 54 16.989
11.4862 67 17.0376
12.8382 56 17.1543
12.4785 59 17.1306
11.4862 67 17.0376
11.3995 81 18.3595
11.4477 72 17.5029
11.422 78 18.0798
11.4862 67 17.0376
13.641 41 16.3769
12.6262 61 17.4636
12.4399 63 17.496
12.4399 65 17.696
12.8382 54 16.9543
12.4399 65 17.696
12.6262 57 17.0636
12.6262 60 17.3636
13.641 42 16.4769
13.6185 46 16.8566
12.4785 64 17.6306
11.4862 67 17.0376
11.5665 66 17.0098
12.4785 59 17.1306
11.438 78 18.0942
11.3995 81 18.3595
12.578 59 17.2202
12.8703 56 17.1832
13.8915 43 16.8023
11.4862 64 16.7376
12.4721 61 17.3249
12.8703 54 16.9832
12.6262 55 16.8636
11.3995 81 18.3595
11.499 77 18.0491
11.4862 66 16.9376
11.4862 67 17.0376
11.4477 83 18.6029
