13.7437 79 65.9487
13.7502 77 64.35
12.806 77 64.1612
12.8478 73 60.9696
12.2505 74 61.6501
12.8478 74 61.7696
11.894 81 67.1788
12.1188 75 62.4238
12.1381 78 64.8276
11.9486 78 64.7897
11.8362 77 63.9672
11.9486 79 65.5897
11.7848 78 64.757
11.8234 87 71.9647
11.7848 82 67.957
11.666 90 74.3332
12.0835 79 65.6167
11.6724 84 69.5345
11.6724 78 64.7345
11.6468 82 67.9294
11.7848 81 67.157
11.6179 85 70.3236
11.5729 95 78.3146
11.5922 85 70.3184
11.7816 84 69.5563
11.5922 89 73.5184
11.5857 97 79.9171
11.5922 89 73.5184
11.7046 89 73.5409
11.6179 89 73.5236
11.5857 101 83.1171
11.5922 95 78.3184
11.5536 96 79.1107
11.5922 99 81.5184
11.5536 106 87.1107
11.5472 105 86.3094
11.5472 106 87.1094
11.5472 100 82.3094
11.8362 97 79.9672
11.5472 102 83.9094
11.5472 105 86.3094
11.5472 104 85.5094
11.483 106 87.0966
11.5215 106 87.1043
11.5729 101 83.1146
11.483 105 86.2966
11.4733 109 89.4947
11.4509 108 88.6902
11.4733 108 88.6947
11.4412 109 89.4883
11.4412 119 97.4883
11.4733 109 89.4947
11.4733 109 89.4947
11.7174 94 77.5435
11.6179 85 70.3236
12.8221 77 64.1644
11.894 83 68.7788
11.4412 110 90.2882
11.7816 83 68.7563
11.5729 98 80.7146
11.6179 83 68.7236
11.5536 100 82.3107
11.6468 84 69.5294
11.5922 94 77.5184
11.5536 94 77.5107
11.6179 88 72.7236
11.6468 81 67.1294
11.6114 93 76.7223
11.5922 92 75.9184
11.7592 82 67.9518
11.5536 101 83.1107
12.806 83 68.9612
11.5922 87 71.9184
11.5922 90 74.3184
11.4926 112 91.8985
12.806 82 68.1612
11.6724 83 68.7345
11.5922 95 78.3184
11.5311 102 83.9062
11.5087 108 88.7017
11.483 105 86.2966
11.5536 102 83.9107
11.5408 111 91.1082
11.5729 99 81.5146
11.955 81 67.191
11.6724 83 68.7345
11.6468 82 67.9294
12.0642 81 67.2128
11.711 99 81.5422
11.5472 105 86.3094
11.483 106 87.0966
11.9358 85 70.3872
11.9004 82 67.9801
11.8362 78 64.7672
11.5311 102 83.9062
11.6179 89 73.5236
11.9486 78 64.7897
11.5729 100 82.3146
13.3776 73 61.0755
11.6179 92 75.9236
12.4207 75 62.4841
11.6724 81 67.1345
11.6179 86 71.1236
11.8748 86 71.175
11.7848 82 67.957
11.5472 103 84.7094
11.5922 91 75.1184
11.6179 89 73.5236
11.7816 83 68.7563
11.4412 111 91.0882
11.8362 78 64.7672
11.7688 90 74.3538
11.9486 78 64.7897
12.7932 79 65.7586
11.7174 93 76.7435
11.9229 79 65.5846
11.4733 108 88.6947
11.5697 111 91.1139
11.8362 78 64.7672
11.5793 92 75.9159
11.8234 86 71.1647
11.5087 108 88.7017
11.5954 93 76.7191
11.5536 96 79.1107
11.5922 87 71.9184
12.1188 75 62.4238
11.5472 98 80.7094
11.894 83 68.7788
11.4412 110 90.2882
11.8362 80 66.3672
11.5472 103 84.7094
11.5922 94 77.5184
11.5922 89 73.5184
11.5472 105 86.3094
13.3776 73 61.0755
11.7816 83 68.7563
11.5857 98 80.7171
12.8221 78 64.9644
11.483 105 86.2966
11.4509 109 89.4902
11.5922 90 74.3184
12.0642 81 67.2128
11.5472 104 85.5094
11.6724 83 68.7345
11.5536 98 80.7107
11.6179 92 75.9236
11.955 81 67.191
11.5922 95 78.3184
11.4733 107 87.8947
11.894 82 67.9788
