11.7367 36 14.163
11.7592 37 14.2832
12.9955 23 13.996
11.7592 35 14.0832
12.9955 24 14.096
11.7592 34 13.9832
12.6551 28 14.1896
12.9955 25 14.196
11.5633 38 14.2069
11.7367 37 14.263
12.973 26 14.2757
11.7592 35 14.0832
12.6551 29 14.2896
12.9955 29 14.596
11.7592 33 13.8832
11.7367 38 14.363
12.973 30 14.6757
12.6551 30 14.3896
11.5633 40 14.4069
12.5877 40 15.3289
12.973 31 14.7757
12.6551 31 14.4896
11.5087 51 15.4578
12.6326 32 14.5694
11.5408 42 14.5867
11.5633 42 14.6069
12.973 27 14.3757
11.5633 38 14.2069
11.5408 42 14.5867
11.5408 45 14.8867
11.5408 46 14.9867
11.5633 37 14.1069
11.5408 50 15.3867
12.4945 40 15.2451
11.5311 48 15.178
11.5408 48 15.1867
11.4027 48 15.0624
11.4027 49 15.1624
11.3802 52 15.4422
11.4027 50 15.2624
11.4027 48 15.0624
12.4721 45 15.7249
11.3353 64 16.6017
11.3802 59 16.1422
11.3802 55 15.7422
11.3577 58 16.022
11.3802 58 16.0422
11.5183 48 15.1665
11.3577 60 16.222
11.3256 61 16.2931
11.5183 50 15.3665
11.3256 62 16.3931
11.3256 63 16.4931
11.3256 64 16.5931
11.3256 65 16.6931
11.3256 66 16.7931
11.3256 70 17.1931
11.4862 57 16.0376
11.3256 69 17.0931
11.3256 70 17.1931
11.3256 71 17.2931
11.5408 44 14.7867
11.3256 67 16.8931
11.4027 48 15.0624
11.7367 37 14.263
11.5311 51 15.478
11.4027 48 15.0624
11.3256 61 16.2931
11.7592 33 13.8832
11.3802 56 15.8422
11.5633 37 14.1069
12.973 27 14.3757
11.3802 55 15.7422
11.4027 52 15.4624
11.3256 64 16.5931
11.3256 61 16.2931
12.4496 52 16.4046
12.973 26 14.2757
11.4027 51 15.3624
11.3802 53 15.5422
11.5633 42 14.6069
11.5408 42 14.5867
11.3256 61 16.2931
11.3256 65 16.6931
11.5408 46 14.9867
11.4027 50 15.2624
11.7592 36 14.1832
11.5408 47 15.0867
12.9955 23 13.996
11.4862 59 16.2376
11.5633 44 14.8069
12.9955 23 13.996
11.3802 53 15.5422
12.6326 31 14.4694
11.4027 49 15.1624
11.3256 61 16.2931
11.3256 65 16.6931
11.7592 36 14.1832
11.4027 52 15.4624
11.3256 65 16.6931
11.3256 66 16.7931
11.5761 46 15.0185
12.9955 23 13.996
11.5408 48 15.1867
11.3577 58 16.022
12.9955 24 14.096
12.6326 32 14.5694
11.4958 52 15.5462
11.7592 33 13.8832
11.5633 38 14.2069
11.7367 38 14.363
11.5408 42 14.5867
11.5408 45 14.8867
11.7592 35 14.0832
12.6551 31 14.4896
11.3256 69 17.0931
11.3802 60 16.2422
11.5408 45 14.8867
11.3577 63 16.522
11.4862 50 15.3376
11.5408 43 14.6867
12.973 29 14.5757
11.3256 60 16.1931
12.6551 28 14.1896
11.5408 43 14.6867
11.5633 51 15.5069
11.4862 57 16.0376
11.5408 42 14.5867
11.4027 48 15.0624
11.4027 51 15.3624
12.973 28 14.4757
11.4958 51 15.4462
11.4027 53 15.5624
11.5408 47 15.0867
11.5633 37 14.1069
12.6326 38 15.1694
11.3802 50 15.2422
11.5633 42 14.6069
12.9955 25 14.196
11.3256 65 16.6931
12.6326 36 14.9694
12.973 26 14.2757
11.5408 42 14.5867
11.3256 67 16.8931
11.5408 47 15.0867
11.3577 59 16.122
11.3256 70 17.1931
12.6551 32 14.5896
11.5408 42 14.5867
11.5183 47 15.0665
