12.4432 84 76.8443
11.7592 91 83.0759
11.6339 135 122.663
11.5376 149 135.254
12.4175 90 82.2417
11.6339 135 122.663
11.5376 149 135.254
11.7848 87 79.4785
11.7784 96 87.5778
11.6339 138 125.363
11.5376 149 135.254
11.817 137 124.482
11.5376 149 135.254
11.5055 152 137.951
11.6339 138 125.363
11.7848 87 79.4785
11.7848 87 79.4785
11.5633 140 127.156
12.4432 86 78.6443
12.4432 86 78.6443
11.7303 93 84.873
11.7592 91 83.0759
11.7848 87 79.4785
11.7592 91 83.0759
11.7592 91 83.0759
11.5055 152 137.951
11.5376 149 135.254
11.7303 93 84.873
11.6339 138 125.363
11.7848 87 79.4785
11.6339 141 128.063
11.5376 148 134.354
11.5376 149 135.254
11.6339 135 122.663
11.955 131 119.095
12.4175 90 82.2417
11.7784 96 87.5778
11.6339 138 125.363
11.7848 87 79.4785
11.817 137 124.482
12.4432 86 78.6443
11.7848 87 79.4785
11.7303 93 84.873
11.5376 149 135.254
12.4432 86 78.6443
11.5376 149 135.254
12.4432 86 78.6443
11.7848 87 79.4785
11.6339 141 128.063
12.4432 86 78.6443
11.7784 96 87.5778
11.5055 152 137.951
11.6724 129 117.267
11.5922 140 127.159
12.4432 86 78.6443
11.5376 149 135.254
11.6339 138 125.363
11.5376 149 135.254
12.4432 86 78.6443
11.7784 96 87.5778
12.4432 86 78.6443
11.6339 138 125.363
12.4175 90 82.2417
12.4432 86 78.6443
11.7592 91 83.0759
11.5376 148 134.354
12.4175 90 82.2417
11.6339 138 125.363
11.7848 87 79.4785
11.7848 87 79.4785
12.4175 90 82.2417
11.9486 86 78.5949
11.7945 134 121.779
11.7848 87 79.4785
12.4432 85 77.7443
11.817 137 124.482
12.4432 86 78.6443
12.4175 90 82.2417
11.5376 149 135.254
11.5729 147 133.457
11.6724 90 82.1672
11.6724 90 82.1672
11.7945 134 121.779
11.5633 140 127.156
12.4432 86 78.6443
11.6339 135 122.663
11.6339 138 125.363
11.817 137 124.482
11.6339 138 125.363
11.5376 149 135.254
11.5376 148 134.354
11.6339 138 125.363
11.6724 90 82.1672
12.4432 86 78.6443
11.817 137 124.482
11.955 131 119.095
11.5376 148 134.354
11.817 137 124.482
12.4432 86 78.6443
12.4432 86 78.6443
12.411 89 81.3411
11.6724 90 82.1672
11.7848 87 79.4785
11.7945 134 121.779
11.6339 138 125.363
11.7784 96 87.5778
11.7592 91 83.0759
11.5376 149 135.254
11.7848 87 79.4785
12.4432 86 78.6443
11.7592 91 83.0759
11.5729 147 133.457
11.7592 91 83.0759
11.5376 149 135.254
11.7784 96 87.5778
11.6724 90 82.1672
11.6339 141 128.063
12.4432 86 78.6443
12.4432 86 78.6443
12.4432 86 78.6443
11.499 152 137.95
11.5376 149 135.254
11.6339 138 125.363
12.4432 86 78.6443
11.5376 149 135.254
11.7303 93 84.873
11.5376 144 130.754
11.6339 138 125.363
11.5376 149 135.254
11.5376 149 135.254
11.6339 141 128.063
11.5376 148 134.354
12.4432 86 78.6443
11.5376 149 135.254
11.6339 138 125.363
11.5376 149 135.254
12.4432 86 78.6443
11.5376 149 135.254
11.6339 135 122.663
11.6339 141 128.063
11.5376 149 135.254
11.5376 149 135.254
12.4432 86 78.6443
11.6724 90 82.1672
11.5376 148 134.354
11.6339 141 128.063
11.6339 141 128.063
11.7592 91 83.0759
11.6339 138 125.363
11.955 131 119.095
