11.7592 32 13.7832
11.7592 33 13.8832
11.7592 34 13.9832
12.9955 23 13.996
11.7592 35 14.0832
12.9955 27 14.396
11.5633 37 14.1069
11.7367 36 14.163
11.7592 39 14.4832
12.9955 22 13.896
12.9955 25 14.196
11.5633 38 14.2069
11.7367 37 14.263
12.973 26 14.2757
12.6005 39 15.2405
12.9955 26 14.296
11.5183 48 15.1665
12.973 27 14.3757
12.6551 30 14.3896
11.5633 40 14.4069
12.6326 31 14.4694
12.973 28 14.4757
11.5408 39 14.2867
12.6101 40 15.3491
11.5633 41 14.5069
12.6326 32 14.5694
11.5408 42 14.5867
11.7367 37 14.263
11.5408 44 14.7867
11.5311 48 15.178
11.5408 48 15.1867
11.5311 46 14.978
11.5633 37 14.1069
11.5183 47 15.0665
11.5311 50 15.378
11.4027 49 15.1624
11.5183 48 15.1665
11.3802 53 15.5422
11.4027 50 15.2624
11.3802 54 15.6422
11.3802 52 15.4422
11.3802 53 15.5422
11.3802 54 15.6422
11.5408 44 14.7867
11.3802 65 16.7422
11.3577 60 16.222
11.3802 60 16.2422
11.3577 58 16.022
11.3481 59 16.1133
11.5183 48 15.1665
11.3353 60 16.2017
11.5087 49 15.2578
11.3256 61 16.2931
11.4958 50 15.3462
11.3256 60 16.1931
12.4175 54 16.5757
11.3256 62 16.3931
11.3256 65 16.6931
11.3256 66 16.7931
11.3256 65 16.6931
11.3256 68 16.9931
11.2807 75 17.6526
11.5408 45 14.8867
11.7367 37 14.263
11.3481 59 16.1133
12.6551 31 14.4896
12.6551 29 14.2896
11.3577 59 16.122
11.7367 37 14.263
11.7592 37 14.2832
11.5633 43 14.7069
11.3802 54 15.6422
11.5633 38 14.2069
11.5183 46 14.9665
11.5183 48 15.1665
11.5633 37 14.1069
12.973 26 14.2757
12.9955 23 13.996
11.5408 43 14.6867
12.6551 29 14.2896
11.7592 36 14.1832
11.7592 34 13.9832
11.3256 67 16.8931
11.5408 41 14.4867
11.4862 56 15.9376
12.9955 29 14.596
11.5408 44 14.7867
11.3256 61 16.2931
11.5183 48 15.1665
12.973 27 14.3757
11.5633 44 14.8069
11.5633 40 14.4069
11.5183 48 15.1665
12.4721 48 16.0249
11.5311 45 14.878
11.7367 37 14.263
11.7367 36 14.163
11.3802 58 16.0422
12.4496 50 16.2046
12.6551 30 14.3896
11.5408 44 14.7867
11.7592 38 14.3832
11.4862 54 15.7376
11.3256 61 16.2931
11.5183 47 15.0665
11.5311 45 14.878
11.3256 66 16.7931
11.3256 68 16.9931
11.4027 48 15.0624
12.6551 34 14.7896
12.9955 25 14.196
11.3802 54 15.6422
12.6326 32 14.5694
12.9955 24 14.096
11.3256 62 16.3931
11.5408 41 14.4867
12.6551 30 14.3896
12.6551 31 14.4896
11.5633 38 14.2069
11.4862 51 15.4376
11.3802 52 15.4422
11.5408 54 15.7867
11.5633 38 14.2069
11.4862 51 15.4376
11.7367 37 14.263
11.3802 52 15.4422
11.3256 65 16.6931
12.9955 24 14.096
12.6326 31 14.4694
11.3802 52 15.4422
11.5183 48 15.1665
11.2807 75 17.6526
11.3802 51 15.3422
12.7675 36 15.0908
11.4862 50 15.3376
11.5311 45 14.878
11.4862 54 15.7376
11.3481 59 16.1133
12.6326 32 14.5694
12.6326 35 14.8694
11.7592 39 14.4832
11.4637 57 16.0173
11.5536 43 14.6983
11.5183 50 15.3665
11.4027 50 15.2624
11.3256 67 16.8931
11.3256 62 16.3931
11.3256 62 16.3931
12.6326 31 14.4694
11.7592 33 13.8832
