13.5222 69 57.9044
14.4984 67 56.4997
14.4984 68 57.2997
13.3776 72 60.2755
13.3776 73 61.0755
13.3776 68 57.0755
14.4984 67 56.4997
13.3776 69 57.8755
12.4207 70 58.4841
13.4676 73 61.0935
13.3776 70 58.6755
12.8349 66 55.367
12.806 77 64.1612
12.3661 75 62.4732
12.1381 72 60.0276
13.3776 69 57.8755
11.8362 73 60.7672
12.0835 77 64.0167
11.8105 76 63.1621
11.7913 84 69.5583
11.8362 73 60.7672
11.8362 76 63.1672
11.666 84 69.5332
11.6468 78 64.7294
11.6724 78 64.7345
11.5922 83 68.7184
11.6403 87 71.9281
11.6179 81 67.1236
11.6403 88 72.7281
11.6179 89 73.5236
11.6179 83 68.7236
11.5922 84 69.5184
11.6179 84 69.5236
11.5922 85 70.3184
11.5922 86 71.1184
11.5472 96 79.1094
11.5857 95 78.3171
11.5922 89 73.5184
11.5793 99 81.5159
11.7559 87 71.9512
11.4155 89 73.4831
11.5729 89 73.5146
11.5793 95 78.3159
11.3834 92 75.8767
11.3931 87 71.8786
11.8362 74 61.5672
14.553 64 54.1106
11.3224 99 81.4645
11.7559 87 71.9512
11.5922 84 69.5184
13.7437 74 61.9487
11.3931 86 71.0786
11.8105 76 63.1621
11.5472 93 76.7094
14.9801 58 49.396
14.553 63 53.3106
13.8048 67 56.361
13.4676 73 61.0935
11.6468 77 63.9294
11.8362 75 62.3672
12.0835 77 64.0167
11.4155 89 73.4831
13.5222 69 57.9044
12.395 73 60.879
11.5472 93 76.7094
11.6179 80 66.3236
11.5857 97 79.9171
14.553 63 53.3106
11.5922 88 72.7184
13.4066 74 61.8813
11.5922 84 69.5184
13.7437 74 61.9487
11.5922 82 67.9184
11.5793 89 73.5159
11.5793 89 73.5159
11.5922 90 74.3184
11.8362 75 62.3672
13.4611 76 63.4922
11.3834 91 75.0767
11.8362 73 60.7672
11.4155 92 75.8831
12.3661 74 61.6732
11.6468 79 65.5294
11.6179 80 66.3236
12.1124 74 61.6225
11.5922 85 70.3184
11.6403 85 70.3281
11.6468 80 66.3294
14.4984 67 56.4997
12.3661 74 61.6732
14.4984 67 56.4997
11.8362 74 61.5672
14.9255 64 54.1851
12.0835 77 64.0167
11.5922 88 72.7184
13.5222 69 57.9044
14.4984 70 58.8997
11.5922 85 70.3184
11.6724 74 61.5345
13.8048 74 61.961
13.3776 70 58.6755
13.3231 74 61.8646
11.8362 72 59.9672
11.6724 76 63.1345
14.5273 67 56.5055
11.6724 77 63.9345
11.6468 79 65.5294
11.5922 84 69.5184
11.5922 84 69.5184
11.5922 84 69.5184
12.8349 66 55.367
11.7559 82 67.9512
11.5729 98 80.7146
11.5857 95 78.3171
13.5222 69 57.9044
12.3789 77 64.0758
11.8362 76 63.1672
11.5922 90 74.3184
11.5793 90 74.3159
11.5922 84 69.5184
13.7437 74 61.9487
13.4611 70 58.6922
13.4965 71 59.4993
11.8362 75 62.3672
11.8105 76 63.1621
14.553 63 53.3106
11.5472 96 79.1094
11.6179 80 66.3236
11.3834 91 75.0767
13.7791 71 59.5558
11.5793 91 75.1159
13.4611 69 57.8922
11.6468 76 63.1293
12.3661 76 63.2732
11.6468 82 67.9294
11.5922 83 68.7184
11.5922 89 73.5184
12.4207 71 59.2841
12.0963 80 66.4193
11.5922 84 69.5184
11.3834 96 79.0767
11.6468 83 68.7294
11.8362 75 62.3672
13.3776 72 60.2755
11.6468 80 66.3294
11.5922 87 71.9184
12.4207 72 60.0841
13.3776 70 58.6755
11.5922 89 73.5184
13.3776 69 57.8755
