13.6795 44 22.7757
13.6699 50 24.5689
13.6699 47 23.6689
13.6699 51 24.8689
13.6699 48 23.9689
13.6635 49 24.2644
13.6699 47 23.6689
13.6635 50 24.5644
13.6635 49 24.2644
13.6635 61 27.8644
13.5125 51 24.7588
13.6699 57 26.6689
13.6635 48 23.9644
13.0405 59 26.8283
13.5061 55 25.9543
12.7771 60 26.944
13.4804 56 26.2363
13.5061 54 25.6543
12.7771 61 27.244
12.7771 59 26.644
13.0405 59 26.8283
12.3019 61 26.9113
12.7771 60 26.944
12.3019 62 27.2113
12.7771 64 28.144
11.9004 67 28.4303
12.2473 67 28.6731
11.9294 66 28.1505
11.9486 72 29.964
11.9294 66 28.1505
11.9004 70 29.3303
11.8362 67 28.3854
11.9294 67 28.4505
11.8362 68 28.6854
11.8362 69 28.9854
11.7559 74 30.4292
11.8362 70 29.2854
11.6724 71 29.4707
11.8105 69 28.9674
11.6724 72 29.7707
11.6724 73 30.0707
11.6468 74 30.3527
11.6724 72 29.7707
11.6403 82 32.7482
11.6179 83 33.0325
11.6468 76 30.9527
11.6179 77 31.2325
11.5922 87 34.2145
11.6179 78 31.5325
11.5922 79 31.8145
11.5922 80 32.1145
11.5922 81 32.4145
11.5729 82 32.701
11.5857 89 34.81
11.5665 90 35.0965
11.5729 84 33.301
11.5472 85 33.583
11.5729 85 33.601
11.5472 86 33.883
11.5472 94 36.283
11.5408 95 36.5786
11.5472 105 39.583
13.6635 49 24.2644
12.2954 70 29.6068
11.6468 76 30.9527
12.7771 61 27.244
13.6795 47 23.6757
13.5061 56 26.2543
11.8105 69 28.9674
13.0405 59 26.8283
11.6403 81 32.4482
13.6538 55 26.0577
11.8362 70 29.2854
11.5408 95 36.5786
13.6795 44 22.7757
11.5922 79 31.8145
11.5472 86 33.883
11.6179 75 30.6325
11.9294 67 28.4505
13.0405 59 26.8283
11.7913 76 31.0539
11.9294 74 30.5505
11.8105 71 29.5674
13.0405 56 25.9283
13.6795 47 23.6757
13.6699 50 24.5689
11.6468 76 30.9527
11.6468 74 30.3527
13.6635 51 24.8644
12.2473 66 28.3731
11.5729 85 33.601
13.6635 49 24.2644
12.3019 62 27.2113
13.6699 46 23.3689
11.8362 67 28.3854
13.6699 49 24.2689
13.0405 59 26.8283
11.8234 76 31.0764
12.7771 61 27.244
11.5857 87 34.21
11.5665 89 34.7965
13.6795 46 23.3757
11.5665 92 35.6965
12.2473 67 28.6731
11.5472 87 34.183
11.5729 85 33.601
13.6635 53 25.4644
11.5922 80 32.1145
11.955 66 28.1685
11.6468 78 31.5527
13.6635 49 24.2644
13.6795 44 22.7757
13.5061 54 25.6543
11.8362 70 29.2854
13.6635 53 25.4644
13.0405 57 26.2283
11.6179 77 31.2325
11.5922 82 32.7145
11.5472 85 33.583
11.6179 78 31.5325
13.6635 48 23.9644
11.6179 76 30.9325
11.5922 81 32.4145
11.8362 70 29.2854
11.5729 82 32.701
13.0405 61 27.4283
11.6724 71 29.4707
13.6635 51 24.8644
11.5472 89 34.783
13.6795 53 25.4757
11.711 83 33.0977
11.6724 71 29.4707
13.5222 50 24.4655
11.7559 78 31.6292
13.6699 47 23.6689
11.5472 87 34.183
11.6179 77 31.2325
13.4611 59 27.1228
11.5922 78 31.5145
13.0405 55 25.6283
11.5472 86 33.883
11.5729 83 33.001
13.0405 59 26.8283
13.6635 47 23.6644
11.9294 67 28.4505
12.7771 64 28.144
12.7771 62 27.544
13.6635 51 24.8644
12.7771 60 26.944
13.6635 50 24.5644
