12.4785 65 17.7306
12.8767 60 17.589
11.5665 72 17.6098
11.5665 74 17.8098
11.5665 73 17.7098
11.6789 72 17.711
13.8304 59 18.3474
11.5665 76 18.0098
11.5665 75 17.9098
11.5119 78 18.1607
11.4862 77 18.0376
11.6243 76 18.0618
12.2505 73 18.3254
11.4477 81 18.4029
11.5665 78 18.2098
11.4477 80 18.3029
12.6262 61 17.4636
12.5395 74 18.6855
12.8221 68 18.3399
11.4477 84 18.7029
11.3995 83 18.5595
11.4477 83 18.6029
11.3995 86 18.8595
11.3995 84 18.6595
11.3995 86 18.8595
11.3995 89 19.1595
11.4509 92 19.5058
11.3738 90 19.2364
11.3995 91 19.3595
11.3738 89 19.1364
11.3738 91 19.3364
11.3738 92 19.4364
11.3385 95 19.7046
11.3738 95 19.7364
11.4509 93 19.6058
11.3385 95 19.7046
11.3128 101 20.2815
11.3128 102 20.3815
11.3031 107 20.8728
11.3031 106 20.7728
11.3031 112 21.3728
11.5119 77 18.0607
11.3385 94 19.6046
11.3738 89 19.1364
11.4252 101 20.3827
11.5119 77 18.0607
11.5119 77 18.0607
11.5119 82 18.5607
11.4862 91 19.4376
12.8703 60 17.5832
11.3513 106 20.8162
11.3995 84 18.6595
11.5665 74 17.8098
12.5909 72 18.5318
12.8767 57 17.289
11.3385 94 19.6046
11.3738 92 19.4364
11.3995 85 18.7595
11.3031 106 20.7728
12.8767 57 17.289
11.3128 101 20.2815
11.3995 91 19.3595
11.3995 83 18.5595
11.4477 87 19.0029
12.5909 81 19.4318
11.3738 97 19.9364
11.5665 75 17.9098
11.5665 74 17.8098
11.4477 82 18.5029
11.4477 80 18.3029
11.5665 75 17.9098
11.5183 84 18.7665
11.3995 90 19.2595
11.6789 71 17.611
11.5665 74 17.8098
11.3995 92 19.4595
11.4477 80 18.3029
11.4477 82 18.5029
13.6346 53 17.5711
11.5665 74 17.8098
12.8221 67 18.2399
11.6789 73 17.811
11.3738 90 19.2364
11.3738 93 19.5364
11.3995 86 18.8595
11.3738 90 19.2364
11.3995 85 18.7595
11.4477 81 18.4029
11.5119 78 18.1607
11.5601 82 18.604
12.5909 75 18.8318
11.4477 81 18.4029
11.4862 77 18.0376
11.3128 103 20.4815
12.6262 62 17.5636
11.3738 90 19.2364
11.3995 89 19.1595
11.5665 75 17.9098
11.3128 101 20.2815
11.5665 74 17.8098
11.3995 88 19.0595
11.6789 72 17.711
11.3995 83 18.5595
11.6243 76 18.0618
11.4862 77 18.0376
11.3995 86 18.8595
11.3385 100 20.2046
11.3995 87 18.9595
11.3031 107 20.8728
11.4862 76 17.9376
11.3738 95 19.7364
11.4477 81 18.4029
11.5119 78 18.1607
11.3995 87 18.9595
11.5665 75 17.9098
12.1766 88 19.759
11.4862 79 18.2376
11.3738 92 19.4364
11.4862 77 18.0376
11.3738 95 19.7364
11.4862 79 18.2376
11.3995 89 19.1595
12.8767 63 17.889
11.3995 88 19.0595
11.3995 84 18.6595
11.5665 75 17.9098
11.4862 77 18.0376
11.4477 79 18.2029
11.4926 86 18.9434
11.5119 77 18.0607
11.3995 84 18.6595
11.3031 109 21.0728
12.4432 76 18.7988
11.5665 72 17.6098
11.5119 79 18.2607
11.3738 90 19.2364
11.3995 88 19.0595
11.5665 75 17.9098
11.4477 81 18.4029
11.3738 91 19.3364
12.2087 80 18.9879
11.5665 74 17.8098
14.1644 50 17.748
11.5119 87 19.0607
11.3738 93 19.5364
11.4862 79 18.2376
11.3995 83 18.5595
11.5665 75 17.9098
11.5665 74 17.8098
11.3385 93 19.5046
