13.7855 67 29.7498
13.7052 68 29.9936
12.8221 68 29.3755
13.6635 69 30.2644
13.8176 66 29.4723
13.5832 66 29.3082
13.9043 66 29.533
13.5382 74 31.6768
12.7771 72 30.544
12.5909 71 30.1136
12.4432 74 30.9102
12.8221 69 29.6755
12.4432 73 30.6102
12.0996 76 31.2697
12.0739 79 32.1517
11.7592 80 32.2314
12.2505 74 30.7753
12.0996 78 31.8697
12.0996 76 31.2697
11.7303 84 33.4112
11.6724 81 32.4707
11.6724 82 32.7707
11.6724 82 32.7707
11.7592 80 32.2314
11.6179 87 34.2325
11.5922 88 34.5145
11.9294 82 32.9505
11.5922 88 34.5145
11.6468 86 33.9527
11.5729 96 36.901
11.6179 84 33.3325
11.6179 88 34.5325
11.5922 89 34.8145
11.5857 97 37.21
11.5857 98 37.51
11.5922 92 35.7145
11.5922 93 36.0145
11.7046 91 35.4932
11.5857 93 36.01
11.5922 93 36.0145
11.5857 99 37.81
11.5729 97 37.201
11.5793 95 36.6055
11.7431 94 36.4202
11.5665 105 39.5965
11.6082 93 36.0258
11.7367 96 37.0157
11.7174 97 37.3022
11.5408 108 40.4785
11.666 98 37.5662
11.5472 102 38.683
11.711 100 38.1977
11.5408 111 41.3786
11.5472 105 39.583
11.5472 104 39.283
11.5279 114 42.2696
13.6635 70 30.5644
11.5857 102 38.71
11.5922 94 36.3145
11.6724 81 32.4707
11.5536 97 37.1875
11.5857 102 38.71
11.7303 85 33.7112
11.5472 101 38.383
11.5922 90 35.1145
11.5472 105 39.583
11.5857 98 37.51
12.045 80 32.4315
11.5922 90 35.1145
11.6468 84 33.3527
13.5832 69 30.2082
11.7816 83 33.1471
11.5922 93 36.0145
11.5729 104 39.301
11.6724 82 32.7707
11.5793 95 36.6055
11.5344 107 40.1741
11.5408 112 41.6786
12.8221 69 29.6755
11.5857 101 38.41
11.5857 97 37.21
11.5536 98 37.4875
11.7848 76 31.0494
13.6827 76 32.3779
12.4432 73 30.6102
11.6179 84 33.3325
12.4432 78 32.1102
12.8221 73 30.8755
12.4175 76 31.4922
11.6179 95 36.6325
11.5922 89 34.8145
13.7052 67 29.6936
11.7592 80 32.2314
11.5857 101 38.41
11.7046 89 34.8932
11.5857 95 36.61
11.7592 81 32.5314
11.7848 78 31.6494
11.6403 90 35.1482
11.6179 88 34.5325
11.5087 108 40.4561
11.5729 97 37.201
13.7052 68 29.9936
12.5909 73 30.7136
11.8362 79 31.9854
13.5832 70 30.5082
11.6179 88 34.5325
11.6724 79 31.8707
13.6956 66 29.3869
11.6082 94 36.3258
11.5472 102 38.683
11.5729 97 37.201
11.5857 95 36.61
11.5408 110 41.0785
11.5922 91 35.4145
11.7559 88 34.6292
11.6724 82 32.7707
11.5922 90 35.1145
11.5922 91 35.4145
12.0996 76 31.2697
11.6468 81 32.4527
11.5954 93 36.0168
12.045 82 33.0315
11.6179 86 33.9325
11.5922 90 35.1145
11.5922 93 36.0145
11.5472 100 38.083
11.5922 90 35.1145
11.5857 96 36.91
11.7559 88 34.6292
11.6468 84 33.3527
12.0931 83 33.3652
11.7848 80 32.2494
11.8105 82 32.8674
11.6724 82 32.7707
11.6114 92 35.728
11.7559 86 34.0292
12.8221 68 29.3755
11.5922 92 35.7145
11.7592 82 32.8314
11.5922 88 34.5145
11.5922 93 36.0145
11.5793 97 37.2055
11.6468 104 39.3527
11.7848 78 31.6494
11.6179 87 34.2325
12.0996 78 31.8697
11.5857 95 36.61
13.5511 70 30.4857
11.5472 105 39.583
