15.4875 47 43.8487
15.4875 46 42.9487
14.5819 47 43.7582
15.0026 47 43.8003
15.4875 47 43.8487
13.702 48 44.5702
13.702 54 49.9702
12.6166 52 48.0617
12.7001 52 48.07
13.6924 56 51.7692
12.6166 51 47.1617
12.3019 61 56.1302
12.6166 64 58.8617
11.5311 56 51.5531
12.3019 63 57.9302
11.5311 66 60.5531
11.5311 56 51.5531
11.5247 62 56.9525
11.5311 59 54.2531
11.5247 60 55.1525
11.5247 59 54.2525
11.5215 62 56.9522
11.5247 62 56.9525
11.5215 63 57.8521
11.5151 73 66.8515
11.5215 62 56.9522
11.5151 63 57.8515
11.5247 58 53.3525
11.4316 66 60.5432
11.4701 66 60.547
11.4926 66 60.5493
11.5151 66 60.5515
11.4252 76 69.5425
11.4155 72 65.9416
11.3642 76 69.5364
11.4252 70 64.1425
11.5215 63 57.8521
11.4155 75 68.6416
11.4155 79 72.2416
11.361 79 72.2361
11.3706 80 73.1371
11.3931 73 66.8393
11.4252 67 61.4425
11.3642 74 67.7364
11.3706 74 67.7371
11.3642 84 76.7364
11.3642 79 72.2364
11.3642 80 73.1364
11.361 81 74.0361
12.2023 69 63.3202
11.332 79 72.2332
11.361 81 74.0361
11.332 87 79.4332
11.332 81 74.0332
11.332 80 73.1332
11.332 83 75.8332
11.3224 84 76.7322
11.332 84 76.7332
11.422 77 70.4422
11.332 84 76.7332
11.3706 73 66.8371
11.5215 67 61.4522
11.3224 84 76.7322
12.6166 61 56.1617
11.3706 74 67.7371
12.6166 53 48.9617
11.332 90 82.1332
11.361 78 71.3361
12.1702 72 66.017
11.5247 68 62.3525
12.3019 63 57.9302
11.4252 76 69.5425
11.3706 76 69.5371
11.5311 56 51.5531
11.422 72 65.9422
11.5247 71 65.0525
12.6166 63 57.9617
11.3224 87 79.4322
11.361 79 72.2361
11.332 84 76.7332
11.3642 76 69.5364
11.5151 62 56.9515
11.3706 80 73.1371
12.3019 59 54.3302
11.5311 61 56.0531
11.332 84 76.7332
11.3224 85 77.6322
12.6166 54 49.8617
11.332 79 72.2332
12.7001 61 56.17
13.702 51 47.2702
11.3545 80 73.1355
11.4252 69 63.2425
12.6166 52 48.0617
12.1702 73 66.917
11.4605 70 64.146
11.5311 59 54.2531
11.332 83 75.8332
13.702 52 48.1702
12.3019 62 57.0302
12.6166 54 49.8617
11.5151 74 67.7515
11.361 85 77.6361
11.332 78 71.3332
11.361 77 70.4361
11.4605 70 64.146
11.5247 63 57.8525
11.4316 75 68.6432
11.483 70 64.1483
15.0026 45 42.0003
11.332 91 83.0332
11.5215 62 56.9522
11.4541 73 66.8454
11.3224 84 76.7322
11.4701 66 60.547
11.361 79 72.2361
11.361 79 72.2361
11.4316 75 68.6432
15.4875 47 43.8487
12.2023 67 61.5202
11.3931 71 65.0393
12.6166 50 46.2617
11.3642 76 69.5364
11.5215 63 57.8521
11.5215 65 59.6522
11.4155 72 65.9416
11.332 79 72.2332
11.3642 83 75.8364
11.4926 66 60.5493
12.6166 50 46.2617
11.332 78 71.3332
11.3931 73 66.8393
11.3642 76 69.5364
11.4252 69 63.2425
11.3545 80 73.1355
11.5151 64 58.7515
11.5215 63 57.8521
13.702 54 49.9702
11.5311 57 52.4531
11.3224 86 78.5322
12.4656 59 54.3466
12.6166 59 54.3617
11.5215 62 56.9522
11.3706 74 67.7371
12.6166 55 50.7617
11.3642 76 69.5364
11.4252 71 65.0425
14.2511 54 50.0251
11.5247 63 57.8525
11.3642 75 68.6364
