13.6346 53 17.5711
12.8767 56 17.189
13.6024 53 17.5422
12.8767 57 17.289
11.5665 69 17.3098
12.6198 60 17.3578
12.6262 58 17.1636
13.6346 49 17.1711
13.6442 49 17.1798
12.6262 61 17.4636
11.5665 78 18.2098
11.6789 67 17.211
11.4862 71 17.4376
12.8382 59 17.4543
14.1644 51 17.848
12.5877 63 17.6289
13.6346 50 17.2711
12.8703 59 17.4832
12.8767 62 17.789
11.5665 69 17.3098
12.5877 62 17.5289
11.4862 72 17.5376
13.5928 57 17.9335
14.1227 51 17.8104
12.8382 60 17.5543
14.1644 52 17.948
12.6198 65 17.8578
13.6346 53 17.5711
12.5877 66 17.9289
12.4785 67 17.9306
11.4926 78 18.1434
14.1741 46 17.3566
11.4477 74 17.7029
12.5877 64 17.7289
12.4785 63 17.5306
11.4862 72 17.5376
13.5928 59 18.1335
12.4399 69 18.096
11.4477 75 17.8029
12.4399 68 17.996
12.4785 66 17.8306
13.9139 53 17.8225
12.4399 70 18.196
11.4477 76 17.9029
12.4399 71 18.296
11.4477 77 18.0029
12.4399 67 17.896
11.4477 76 17.9029
11.4541 84 18.7087
11.438 78 18.0942
11.4477 78 18.1029
11.4862 72 17.5376
11.438 82 18.4942
11.3995 81 18.3595
11.3995 84 18.6595
11.3866 85 18.748
11.3995 85 18.7595
12.4399 72 18.396
12.8767 57 17.289
13.6346 50 17.2711
11.4477 74 17.7029
12.4721 64 17.6249
12.8767 62 17.789
11.438 80 18.2942
13.3905 62 18.2514
12.6262 59 17.2636
13.5928 60 18.2335
12.5395 68 18.0855
11.4477 76 17.9029
11.4862 71 17.4376
11.4477 77 18.0029
13.8401 55 17.9561
12.8703 59 17.4832
12.6198 60 17.3578
11.5954 79 18.3358
12.8767 59 17.489
12.5877 64 17.7289
11.4477 82 18.5029
13.5511 59 18.096
14.1741 48 17.5566
11.5665 69 17.3098
13.5928 56 17.8335
12.8382 60 17.5543
14.1227 52 17.9104
12.6262 61 17.4636
12.4399 66 17.796
11.4862 72 17.5376
11.3995 83 18.5595
12.4399 67 17.896
12.4785 69 18.1306
13.8304 56 18.0474
12.6262 60 17.3636
11.4477 75 17.8029
11.438 78 18.0942
14.1644 52 17.948
12.8767 62 17.789
13.3295 62 18.1965
11.5665 68 17.2098
13.3295 60 17.9965
11.5601 73 17.704
11.3995 94 19.6595
12.8382 59 17.4543
11.6789 69 17.411
13.6346 50 17.2711
12.6262 62 17.5636
12.6262 58 17.1636
11.4862 74 17.7376
11.438 80 18.2942
13.0886 56 17.3798
11.5665 70 17.4098
12.8382 57 17.2543
12.4399 69 18.096
11.3995 81 18.3595
11.4477 77 18.0029
11.6789 67 17.211
12.6262 63 17.6636
14.1644 52 17.948
11.438 80 18.2942
11.4862 72 17.5376
12.5877 64 17.7289
11.4477 87 19.0029
11.438 82 18.4942
13.6442 48 17.0798
12.6262 59 17.2636
11.5665 69 17.3098
12.4399 68 17.996
11.4477 78 18.1029
11.3995 83 18.5595
11.5119 81 18.4607
12.4399 66 17.796
12.4399 67 17.896
11.438 78 18.0942
12.4399 70 18.196
11.3995 81 18.3595
12.4785 67 17.9306
11.5665 67 17.1098
13.6024 51 17.3422
14.1644 52 17.948
12.6198 59 17.2578
11.3866 83 18.548
12.5877 64 17.7289
11.4862 74 17.7376
11.4862 72 17.5376
11.4862 71 17.4376
12.8382 60 17.5543
12.6262 58 17.1636
11.438 82 18.4942
13.6346 55 17.7711
14.1323 50 17.7191
13.6346 52 17.4711
