13.702 35 15.8318
13.6185 45 16.7566
13.6185 46 16.8566
13.6924 44 16.7231
14.2158 40 16.7942
13.6313 46 16.8682
13.368 50 17.0312
13.6185 44 16.6566
13.6313 46 16.8682
12.8382 55 17.0543
13.368 49 16.9312
13.6185 45 16.7566
12.6262 65 17.8636
12.8767 57 17.289
11.5665 66 17.0098
13.368 48 16.8312
11.4862 67 17.0376
13.6185 46 16.8566
12.6262 60 17.3636
12.8703 58 17.3832
12.8382 57 17.2543
11.5665 67 17.1098
11.5986 67 17.1387
11.4862 68 17.1376
12.6262 58 17.1636
12.8703 59 17.4832
12.4785 60 17.2306
11.4862 67 17.0376
12.6198 57 17.0578
12.6262 59 17.2636
12.6262 56 16.9636
12.4399 63 17.496
11.5376 72 17.5838
12.6198 58 17.1578
12.4399 65 17.696
12.4721 60 17.2249
12.4785 62 17.4306
11.4862 71 17.4376
12.4785 59 17.1306
12.5395 63 17.5855
11.4862 72 17.5376
12.4399 73 18.496
11.4477 71 17.4029
12.5877 60 17.3289
11.4477 74 17.7029
12.4399 68 17.996
11.4477 75 17.8029
11.4477 81 18.4029
11.438 77 17.9942
11.5022 69 17.252
11.3995 78 18.0595
11.422 78 18.0798
11.438 78 18.0942
11.4059 84 18.6653
11.3995 80 18.2595
11.4509 83 18.6058
11.3995 80 18.2595
11.5119 80 18.3607
11.7303 68 17.3572
11.3995 81 18.3595
11.3995 78 18.0595
12.4721 62 17.4249
12.4785 62 17.4306
12.4399 62 17.396
12.6262 57 17.0636
12.6198 59 17.2578
12.4399 67 17.896
13.702 39 16.2318
12.4399 66 17.796
12.4785 70 18.2306
11.3995 78 18.0595
11.4862 68 17.1376
12.5877 61 17.4289
11.4862 72 17.5376
12.4785 65 17.7306
11.3995 80 18.2595
11.4477 73 17.6029
11.4477 76 17.9029
13.702 37 16.0318
12.4399 66 17.796
12.4785 63 17.5306
13.641 42 16.4769
11.5119 79 18.2607
12.6262 56 16.9636
11.422 78 18.0798
12.8767 54 16.989
13.702 40 16.3318
13.6185 44 16.6566
11.5665 67 17.1098
12.4785 63 17.5306
11.3995 78 18.0595
11.5665 64 16.8098
11.3995 77 17.9595
12.6262 56 16.9636
11.4477 75 17.8029
12.6262 56 16.9636
11.3995 80 18.2595
12.6262 61 17.4636
12.6262 60 17.3636
11.4862 68 17.1376
11.438 77 17.9942
13.702 39 16.2318
11.4862 67 17.0376
12.8382 57 17.2543
11.4477 73 17.6029
11.499 76 17.9491
13.368 51 17.1312
12.6198 58 17.1578
12.6198 59 17.2578
12.8382 55 17.0543
11.3995 84 18.6595
11.422 78 18.0798
13.6185 45 16.7566
11.4059 86 18.8653
11.3995 79 18.1595
14.2254 34 16.2029
13.702 37 16.0318
11.3995 83 18.5595
13.702 40 16.3318
12.8382 58 17.3543
11.4862 65 16.8376
11.3995 78 18.0595
12.4785 61 17.3306
13.6185 45 16.7566
11.4862 67 17.0376
11.5665 66 17.0098
12.6198 59 17.2578
14.2254 37 16.5029
11.4477 81 18.4029
12.4399 63 17.496
12.4785 58 17.0306
12.6262 62 17.5636
12.6198 60 17.3578
12.4399 65 17.696
11.4862 66 16.9376
13.6089 52 17.448
11.5729 72 17.6156
11.3995 78 18.0595
12.6262 57 17.0636
11.4477 75 17.8029
13.702 36 15.9318
11.4862 67 17.0376
11.4862 70 17.3376
12.8767 54 16.989
11.4862 67 17.0376
11.4862 69 17.2376
12.8767 53 16.889
13.6089 51 17.348
13.6089 52 17.448
12.8767 54 16.989
