12.4432 88 27.5545
11.7848 86 26.6279
12.4432 84 26.7545
11.7848 87 26.8279
12.4432 85 26.9545
13.596 84 27.6768
11.6724 89 27.138
12.4432 86 27.1545
11.6724 131 35.538
11.5729 143 37.8583
11.6339 137 36.7071
11.6339 141 37.5071
11.5633 139 37.0506
11.5922 139 37.0737
11.5376 143 37.8301
11.5376 147 38.6301
11.5376 147 38.6301
11.5922 140 37.2737
11.5376 150 39.2301
11.5055 146 38.4044
11.7784 96 28.6227
11.5376 148 38.8301
11.5922 139 37.0737
11.7848 86 26.6279
12.3147 88 27.4518
11.5376 142 37.6301
11.7303 93 27.9842
11.5376 149 39.0301
11.7848 86 26.6279
11.5376 147 38.6301
12.4432 85 26.9545
11.65 137 36.72
11.7784 96 28.6227
11.6724 125 34.338
12.4432 85 26.9545
11.5376 154 40.0301
11.7592 91 27.6073
12.4432 88 27.5545
12.4175 90 27.934
11.6179 95 28.2943
11.5376 146 38.4301
11.6339 141 37.5071
11.7303 92 27.7842
11.6179 95 28.2943
11.5376 147 38.6301
11.5376 148 38.8301
11.5536 142 37.6429
12.4432 85 26.9545
11.7848 86 26.6279
11.5376 143 37.8301
11.666 98 28.9328
11.5376 149 39.0301
11.6339 141 37.5071
11.5055 151 39.4044
11.5247 142 37.6198
12.4432 86 27.1545
13.5832 87 28.2665
11.7848 86 26.6279
12.4432 85 26.9545
11.499 151 39.3992
11.6339 134 36.1071
11.6724 125 34.338
12.4432 86 27.1545
11.6821 145 38.3457
11.8555 131 35.6844
11.5311 142 37.6249
11.7848 86 26.6279
12.4432 84 26.7545
12.4432 85 26.9545
12.4432 88 27.5545
11.6339 134 36.1071
11.5601 142 37.648
11.7784 96 28.6227
11.5633 134 36.0506
11.5376 148 38.8301
11.5055 151 39.4044
12.4432 88 27.5545
12.4432 86 27.1545
11.7848 87 26.8279
12.4432 84 26.7545
12.4432 84 26.7545
12.4432 84 26.7545
11.6339 141 37.5071
13.596 84 27.6768
11.5922 139 37.0737
11.6724 125 34.338
11.5633 134 36.0506
11.6724 129 35.138
12.4432 84 26.7545
11.6724 125 34.338
11.6339 139 37.1071
11.955 131 35.764
11.5376 148 38.8301
11.6339 134 36.1071
11.5922 139 37.0737
13.5157 84 27.6126
11.5922 139 37.0737
11.6339 137 36.7071
11.6339 140 37.3071
11.5376 148 38.8301
11.6339 134 36.1071
11.5633 139 37.0506
11.6885 131 35.5508
11.5247 142 37.6198
12.4175 89 27.734
11.5376 149 39.0301
11.7848 87 26.8279
11.5633 140 37.2506
13.5832 87 28.2665
11.5055 151 39.4044
11.6724 129 35.138
12.4432 86 27.1545
11.7592 90 27.4073
12.4175 88 27.534
12.4432 84 26.7545
11.6179 95 28.2943
11.6339 138 36.9071
11.5376 148 38.8301
11.5376 149 39.0301
13.7919 78 26.6335
12.4432 84 26.7545
11.5055 146 38.4044
11.5376 149 39.0301
11.5633 139 37.0506
11.6724 128 34.938
13.5832 87 28.2665
11.6339 134 36.1071
11.7848 86 26.6279
11.5376 143 37.8301
11.5633 134 36.0506
11.6339 139 37.1071
11.5376 147 38.6301
12.4432 85 26.9545
11.955 130 35.564
12.4432 86 27.1545
11.7848 86 26.6279
12.4432 86 27.1545
11.7848 87 26.8279
11.499 151 39.3992
11.5633 139 37.0506
12.4175 88 27.534
11.6339 137 36.7071
11.6724 129 35.138
11.5633 138 36.8506
11.6339 138 36.9071
11.5633 138 36.8506
11.6724 89 27.138
11.5376 143 37.8301
11.7784 96 28.6227
11.817 137 36.8536
