14.5273 58 31.9164
12.3019 60 31.3811
14.4984 61 33.099
12.729 60 31.6374
12.3019 61 31.7811
13.3776 65 34.0266
12.3019 62 32.1811
14.5273 59 32.3164
14.5273 61 33.1164
12.2762 63 32.5657
12.3019 63 32.5811
14.5273 60 32.7164
12.1188 64 32.8713
12.2762 64 32.9657
12.1188 65 33.2713
12.0642 70 35.2385
12.0482 76 37.6289
12.0931 69 34.8559
12.0771 68 34.4462
12.0803 75 37.2482
12.0514 76 37.6308
12.0225 73 36.4135
11.8362 71 35.5017
12.0385 72 36.0231
11.666 78 38.1996
11.9486 71 35.5692
11.6468 74 36.5881
11.6275 82 39.7765
11.8105 71 35.4863
11.6468 76 37.3881
11.6468 75 36.9881
11.6468 76 37.3881
11.6179 77 37.7707
11.6468 77 37.7881
11.5922 80 38.9553
11.5922 79 38.5553
11.6179 79 38.5707
11.5857 87 41.7514
11.5922 83 40.1553
11.5922 82 39.7553
11.5857 90 42.9514
11.5922 84 40.5553
11.5922 83 40.1553
11.5472 88 42.1283
11.5729 93 44.1437
11.7559 83 40.2536
11.5665 94 44.5399
11.5472 88 42.1283
11.5729 88 42.1437
11.5472 98 46.1283
11.5472 90 42.9283
11.5472 91 43.3283
11.5472 90 42.9283
11.5472 93 44.1283
11.5472 92 43.7283
11.5472 95 44.9283
13.4355 67 34.8613
11.6468 79 38.5881
12.2954 69 34.9773
11.5922 81 39.3553
11.6468 76 37.3881
11.6724 73 36.2035
11.7816 74 36.669
11.5922 80 38.9553
11.6724 73 36.2035
12.0771 67 34.0462
14.4984 60 32.699
11.6179 75 36.9707
11.5922 84 40.5553
11.5729 87 41.7437
14.5273 60 32.7164
11.6179 78 38.1707
11.9486 70 35.1692
12.0642 70 35.2385
12.0514 71 35.6308
11.6468 75 36.9881
11.5472 88 42.1283
12.729 60 31.6374
11.666 81 39.3996
11.6468 76 37.3881
12.0385 71 35.6231
12.3019 63 32.5811
11.5472 97 45.7283
14.553 57 31.5318
11.6724 72 35.8035
11.5922 84 40.5553
11.6468 77 37.7881
12.0771 69 34.8462
12.3019 65 33.3811
12.0642 70 35.2385
11.5922 83 40.1553
11.6179 78 38.1707
11.5472 90 42.9283
13.4611 64 33.6767
13.4611 65 34.0767
12.2473 66 33.7484
12.0642 70 35.2385
13.4611 65 34.0767
12.0931 67 34.0559
12.2216 68 34.5329
11.5922 83 40.1553
12.0803 75 37.2482
11.6724 72 35.8035
12.3019 60 31.3811
11.6468 79 38.5881
11.5472 88 42.1283
12.0771 69 34.8462
12.3019 63 32.5811
11.5922 77 37.7553
11.5922 80 38.9553
11.5729 88 42.1437
11.5472 91 43.3283
11.5922 79 38.5553
12.0642 70 35.2385
11.5922 80 38.9553
11.5922 84 40.5553
11.5472 91 43.3283
12.0642 69 34.8385
11.5472 91 43.3283
12.729 63 32.8374
11.5857 88 42.1514
11.5922 80 38.9553
12.1188 67 34.0713
12.0931 67 34.0559
12.0642 70 35.2385
11.9486 70 35.1692
11.9486 68 34.3692
11.5472 88 42.1283
11.6179 77 37.7707
11.6179 79 38.5707
11.5793 84 40.5476
14.5273 63 33.9164
11.5472 93 44.1283
12.0931 67 34.0559
14.553 57 31.5318
11.894 75 37.1364
12.2954 69 34.9773
14.4727 63 33.8836
11.6724 80 39.0035
11.9358 78 38.3615
11.5922 84 40.5553
12.7033 62 32.422
12.2954 68 34.5773
12.0771 69 34.8462
11.6724 73 36.2035
11.7559 82 39.8536
12.3019 63 32.5811
14.5273 61 33.1164
13.3776 63 33.2266
14.5273 60 32.7164
