13.2364 67 40.1182
12.729 66 39.3645
13.2364 68 40.6182
12.2762 69 40.6381
12.729 65 38.8645
12.2762 68 40.1381
12.3019 66 39.1509
12.3019 65 38.6509
12.0642 74 43.0321
12.2216 74 43.1108
12.1188 71 41.5594
12.1188 72 42.0594
12.1188 71 41.5594
11.6724 74 42.8362
11.8362 74 42.9181
12.0225 77 44.5112
12.0385 78 45.0193
12.0996 74 43.0498
12.1188 72 42.0594
11.6275 84 47.8137
11.666 83 47.333
11.666 84 47.833
11.6468 76 43.8234
11.6724 78 44.8362
11.6179 83 47.3089
11.6468 79 45.3234
11.6179 80 45.8089
11.6179 81 46.3089
11.5922 84 47.7961
11.5922 83 47.2961
11.6179 81 46.3089
11.5922 93 52.2961
11.5922 85 48.2961
11.5857 93 52.2929
11.5793 85 48.2897
11.5857 94 52.7929
11.5536 88 49.7768
11.6917 85 48.3459
11.5472 96 53.7736
11.5536 90 50.7768
11.5536 91 51.2768
11.5472 99 55.2736
11.5408 100 55.7704
11.5536 91 51.2768
11.5472 94 52.7736
11.5472 95 53.2736
11.5055 94 52.7527
11.5472 96 53.7736
11.438 104 57.719
11.438 105 58.219
11.4733 99 55.2367
11.499 102 56.7495
11.4798 102 56.7399
11.4477 103 57.2238
11.4733 101 56.2367
11.7013 99 55.3507
11.4059 110 60.703
12.5652 95 53.7826
11.438 103 57.219
11.4477 103 57.2238
11.4701 105 58.2351
11.4059 108 59.703
11.3931 142 76.6965
12.2473 71 41.6236
11.4059 109 60.203
12.0642 78 45.0321
11.5055 105 58.2527
11.4733 102 56.7367
11.6179 80 45.8089
11.6468 79 45.3234
13.2556 72 42.6278
12.2697 76 44.1349
12.7225 73 42.8613
11.6179 79 45.3089
11.5922 87 49.2961
12.0771 72 42.0385
11.4798 101 56.2399
11.5087 100 55.7543
12.0642 74 43.0321
11.5922 86 48.7961
11.6179 83 47.3089
11.4477 103 57.2238
12.1188 70 41.0594
11.7174 89 50.3587
12.1188 74 43.0594
12.5652 93 52.7826
11.5472 97 54.2736
11.5922 87 49.2961
12.3019 68 40.1509
11.5536 92 51.7768
11.4477 103 57.2238
11.6724 77 44.3362
12.0578 81 46.5289
11.6179 80 45.8089
11.6403 86 48.8202
12.7033 66 39.3516
11.711 91 51.3555
12.2762 68 40.1381
11.4027 141 76.2013
12.2762 68 40.1381
11.5922 84 47.7961
13.2364 67 40.1182
11.6724 74 42.8362
11.5922 83 47.2961
11.6468 78 44.8234
11.5055 97 54.2527
11.5472 92 51.7736
12.0931 77 44.5466
11.666 85 48.333
11.4477 103 57.2238
11.5055 98 54.7527
11.4733 100 55.7367
11.5472 96 53.7736
11.438 106 58.719
11.7559 82 46.878
13.2074 70 41.6037
11.4733 100 55.7367
12.3019 68 40.1509
11.5793 88 49.7897
11.4733 102 56.7367
11.5055 96 53.7527
11.5922 85 48.2961
12.1188 71 41.5594
11.4123 109 60.2062
11.438 108 59.719
11.5922 87 49.2961
12.2762 68 40.1381
11.6339 82 46.817
11.5472 92 51.7736
12.3019 67 39.6509
11.666 88 49.833
12.0642 77 44.5321
12.3019 67 39.6509
11.4733 100 55.7367
11.5472 100 55.7736
11.6468 81 46.3234
11.5536 88 49.7768
11.6468 79 45.3234
11.5536 90 50.7768
11.4733 100 55.7367
12.0514 77 44.5257
11.6179 80 45.8089
11.5055 97 54.2527
13.2364 67 40.1182
11.6179 79 45.3089
12.0514 76 44.0257
12.6744 70 41.3372
12.106 80 46.053
11.666 84 47.833
11.5536 89 50.2768
