11.5536 43 14.6983
11.7592 38 14.3832
12.9955 24 14.096
11.7592 36 14.1832
12.9955 28 14.496
11.7367 37 14.263
11.7592 40 14.5832
12.9955 26 14.296
11.5633 39 14.3069
11.7592 33 13.8832
12.6551 30 14.3896
12.9955 27 14.396
11.5633 40 14.4069
11.7367 39 14.463
12.7675 37 15.1908
12.6551 31 14.4896
12.9955 28 14.496
11.5633 44 14.8069
12.973 29 14.5757
11.5408 45 14.8867
12.6551 30 14.3896
11.5633 40 14.4069
12.6326 33 14.6694
12.973 28 14.4757
11.5408 43 14.6867
12.6551 33 14.6896
12.6326 34 14.7694
11.5408 44 14.7867
11.5633 40 14.4069
11.5408 49 15.2867
11.5408 45 14.8867
11.4027 49 15.1624
11.5408 46 14.9867
11.4027 50 15.2624
11.5408 52 15.5867
11.4027 51 15.3624
11.4027 52 15.4624
11.5408 42 14.5867
11.4027 53 15.5624
11.3353 63 16.5017
11.3802 53 15.5422
12.4721 47 15.9249
11.5408 46 14.9867
11.3802 58 16.0422
11.3802 59 16.1422
11.3802 60 16.2422
11.3802 61 16.3422
11.3256 62 16.3931
11.5087 51 15.4578
11.3577 65 16.722
11.3802 66 16.8422
11.3256 63 16.4931
11.3256 64 16.5931
11.4862 54 15.7376
11.3256 75 17.6931
11.4862 56 15.9376
11.4862 57 16.0376
11.4862 58 16.1376
11.3256 70 17.1931
11.3256 69 17.0931
11.2807 72 17.3526
11.2807 81 18.2526
12.3725 64 17.5353
11.3256 63 16.4931
11.3256 65 16.6931
11.7592 37 14.2832
11.4958 56 15.9462
12.6326 31 14.4694
11.2807 72 17.3526
11.5408 51 15.4867
11.5408 42 14.5867
11.3256 68 16.9931
11.3256 70 17.1931
11.7592 39 14.4832
11.3802 57 15.9422
12.6551 32 14.5896
11.7367 37 14.263
11.3802 62 16.4422
11.5408 50 15.3867
11.2807 73 17.4526
11.4027 51 15.3624
11.2807 72 17.3526
11.3256 63 16.4931
11.7592 36 14.1832
11.3802 61 16.3422
12.973 28 14.4757
11.5633 40 14.4069
11.5408 45 14.8867
11.2807 74 17.5526
11.4027 57 15.9624
11.2807 77 17.8526
11.4862 59 16.2376
11.3802 55 15.7422
11.3802 57 15.9422
11.4412 61 16.3971
11.5408 42 14.5867
11.3577 71 17.322
12.6326 34 14.7694
11.3256 69 17.0931
11.4027 55 15.7624
11.5633 40 14.4069
11.5408 48 15.1867
11.3802 53 15.5422
12.9955 26 14.296
11.4027 51 15.3624
11.5633 44 14.8069
11.5408 48 15.1867
11.3802 56 15.8422
11.4412 62 16.4971
11.2807 77 17.8526
11.3802 57 15.9422
11.5408 52 15.5867
11.3256 65 16.6931
12.6326 32 14.5694
11.3802 56 15.8422
11.4027 51 15.3624
11.3256 62 16.3931
11.3577 62 16.422
11.3256 70 17.1931
11.4862 53 15.6376
11.5408 43 14.6867
11.3256 65 16.6931
11.3802 61 16.3422
12.9955 24 14.096
11.4027 49 15.1624
11.5408 46 14.9867
11.3802 57 15.9422
12.9955 28 14.496
12.9955 25 14.196
11.4958 58 16.1462
11.4412 62 16.4971
12.9955 23 13.996
12.8349 33 14.8514
11.4027 54 15.6624
12.973 28 14.4757
11.4027 56 15.8624
11.3481 62 16.4133
11.3256 63 16.4931
12.6551 31 14.4896
11.3802 61 16.3422
11.3802 58 16.0422
11.3256 69 17.0931
12.9955 28 14.496
11.4958 57 16.0462
11.5633 44 14.8069
11.3256 66 16.7931
12.9955 27 14.396
11.7592 32 13.7832
11.3353 63 16.5017
11.3256 67 16.8931
