14.5819 51 40.0746
14.5723 47 37.2717
14.5723 48 37.9717
14.5819 48 37.9746
13.3455 53 41.1037
12.623 50 38.7869
12.7225 51 39.5168
14.5723 47 37.2717
14.5819 47 37.2746
12.6134 52 40.184
12.6069 53 40.8821
12.623 49 38.0869
12.3019 57 43.5906
12.6166 51 39.485
12.6134 50 38.784
12.6069 56 42.9821
12.2922 60 45.6877
12.6069 57 43.6821
11.5311 55 41.9593
12.2922 62 47.0877
11.5311 56 42.6593
11.4637 64 48.2391
11.5311 66 49.6593
11.5247 67 50.3574
11.5151 63 47.5545
11.5151 60 45.4545
11.5215 60 45.4565
11.5247 60 45.4574
11.4541 68 51.0362
11.5151 62 46.8545
11.4252 63 47.5275
11.5311 54 41.2593
11.5151 72 53.8545
11.4252 64 48.2276
11.3642 72 53.8092
11.4252 66 49.6276
11.3642 74 55.2092
11.4252 62 46.8276
11.4252 77 57.3276
11.4155 78 58.0247
11.3642 70 52.4092
11.4155 70 52.4247
11.3642 71 53.1092
11.4637 64 48.2391
11.3642 82 60.8092
11.3642 72 53.8092
11.3642 75 55.9092
11.3545 85 62.9064
11.361 76 56.6083
11.3642 85 62.9092
11.3545 86 63.6064
11.332 78 57.9996
11.3545 78 58.0064
11.332 79 58.6996
11.332 80 59.3996
11.332 81 60.0996
11.3224 92 67.7967
11.3224 84 62.1967
11.3224 83 61.4967
12.3019 58 44.2906
11.361 76 56.6083
11.5151 62 46.8545
12.6069 52 40.1821
11.4252 74 55.2276
11.3642 71 53.1092
11.3545 78 58.0064
11.3224 94 69.1967
11.878 58 44.1634
12.6069 54 41.5821
12.6134 52 40.184
11.5311 56 42.6593
11.3545 79 58.7064
12.623 45 35.2869
11.4155 69 51.7247
11.332 81 60.0996
11.4701 62 46.841
11.4637 65 48.9391
12.6134 51 39.484
11.3224 84 62.1967
11.4252 77 57.3276
11.5311 55 41.9593
11.5311 55 41.9593
12.6166 49 38.085
13.3359 54 41.8008
12.6069 55 42.2821
11.3224 83 61.4967
11.3642 69 51.7092
11.3642 71 53.1092
11.332 86 63.5996
11.332 89 65.6996
14.5819 45 35.8746
11.3642 75 55.9092
11.4637 66 49.6391
11.5311 56 42.6593
11.5151 61 46.1545
12.6166 50 38.785
12.3083 56 42.8925
11.4701 61 46.141
11.3642 73 54.5092
11.5151 61 46.1545
11.3545 79 58.7064
12.6134 51 39.484
11.5311 56 42.6593
11.332 81 60.0996
11.4605 68 51.0381
11.5311 59 44.7593
12.6134 55 42.284
11.5151 60 45.4545
11.5151 60 45.4545
12.6069 53 40.8821
12.6069 53 40.8821
11.3545 76 56.6064
11.3642 72 53.8092
11.5247 58 44.0574
11.3224 88 64.9967
11.332 79 58.6996
11.5151 69 51.7545
11.3642 71 53.1092
11.3642 72 53.8092
11.5311 56 42.6593
11.4155 70 52.4247
11.3545 77 57.3064
12.623 52 40.1869
12.3083 56 42.8925
12.6069 56 42.9821
11.4155 78 58.0247
11.5247 58 44.0574
11.5151 64 48.2545
12.2922 60 45.6877
12.6166 48 37.385
14.5819 51 40.0746
14.5819 45 35.8746
11.5247 57 43.3574
11.5247 57 43.3574
14.5819 45 35.8746
12.6166 49 38.085
11.4155 68 51.0247
12.6069 52 40.1821
11.332 78 57.9996
12.6166 50 38.785
11.4155 68 51.0247
12.623 57 43.6869
14.5723 46 36.5717
12.6166 53 40.885
11.3642 74 55.2092
13.3455 49 38.3037
12.6166 49 38.085
14.5819 44 35.1746
11.3642 75 55.9092
11.332 79 58.6996
