14.553 55 38.8212
14.9801 55 38.992
13.3776 63 43.1511
14.553 61 42.4212
14.553 53 37.6212
14.553 58 40.6212
13.7502 63 43.3001
14.264 61 42.3056
13.7502 64 43.9001
13.3231 65 44.3292
13.8048 59 40.9219
12.8349 65 44.134
13.262 62 42.5048
13.3166 69 46.7267
12.8349 63 42.934
12.8092 67 45.3237
12.8349 64 43.534
12.8092 63 42.9237
12.1124 68 45.645
12.7547 70 47.1019
12.0835 71 47.4334
11.8362 68 45.5345
12.0835 72 48.0334
11.7816 73 48.5127
11.6724 70 46.669
11.8362 70 46.7345
11.8362 68 45.5345
11.6724 70 46.669
11.6468 73 48.4587
11.6724 73 48.469
11.6468 74 49.0587
11.6179 75 49.6471
11.8105 72 47.9242
11.6179 76 50.2471
11.5922 79 52.0369
11.5922 78 51.4369
11.6179 85 55.6471
11.5922 88 57.4369
11.7559 77 50.9024
11.7559 78 51.5024
11.5472 91 59.2189
11.5729 83 54.4292
11.6179 79 52.0471
11.5729 93 60.4292
11.5729 85 55.6292
11.5215 86 56.2086
11.5729 93 60.4292
11.5151 88 57.406
11.5215 91 59.2086
11.5151 96 62.206
11.5151 90 58.606
11.5151 89 58.006
11.5151 93 60.406
11.483 93 60.3932
11.5151 93 60.406
11.483 102 65.7932
11.5151 94 61.006
11.6403 89 58.0561
13.0951 64 43.638
11.6468 75 49.6587
11.6468 75 49.6587
11.8105 72 47.9242
11.8362 70 46.7345
11.5857 85 55.6343
11.5151 97 62.806
13.8048 59 40.9219
11.6114 85 55.6446
11.5922 82 53.8369
12.7803 66 44.7121
11.6179 76 50.2471
12.0835 71 47.4334
11.483 91 59.1932
11.5022 94 61.0009
11.5215 88 57.4086
13.3776 62 42.5511
13.3776 62 42.5511
14.2351 62 42.894
11.483 94 60.9932
12.8092 64 43.5237
11.6468 73 48.4587
11.9069 69 46.1628
12.8092 65 44.1237
13.2364 64 43.6945
11.5665 91 59.2266
12.8349 62 42.334
11.5022 94 61.0009
12.8349 69 46.534
11.5151 97 62.806
11.483 96 62.1932
11.6179 75 49.6471
11.5665 90 58.6266
11.6468 74 49.0587
12.8028 71 47.7211
11.6179 77 50.8471
11.8234 77 50.9294
13.7437 67 45.6975
11.5922 78 51.4369
13.1978 65 44.2791
14.2351 63 43.494
14.5273 60 41.8109
11.483 94 60.9932
11.5922 77 50.8369
14.9801 53 37.792
11.5472 88 57.4189
11.7816 73 48.5127
11.8105 71 47.3242
13.4611 63 43.1845
11.6468 73 48.4587
11.6724 72 47.869
11.8362 68 45.5345
12.8092 64 43.5237
13.1143 65 44.2457
11.5215 88 57.4086
11.666 79 52.0664
11.5215 88 57.4086
12.1381 72 48.0552
11.5922 88 57.4369
12.1381 66 44.4552
11.5922 77 50.8369
11.5922 78 51.4369
11.5151 94 61.006
12.8285 71 47.7314
11.6724 70 46.669
14.264 61 42.3056
11.5215 84 55.0086
11.5151 90 58.606
11.6179 75 49.6471
11.6724 70 46.669
13.2364 64 43.6945
11.483 95 61.5932
11.5087 90 58.6035
13.3776 61 41.9511
11.5922 81 53.2369
11.5151 88 57.406
11.483 96 62.1932
11.6724 70 46.669
12.1381 67 45.0552
12.8349 61 41.734
12.8092 64 43.5237
13.7502 63 43.3001
11.5922 80 52.6369
11.6468 74 49.0587
12.7803 66 44.7121
11.5151 96 62.206
13.352 64 43.7408
12.0835 70 46.8334
12.8092 64 43.5237
13.352 63 43.1408
11.6724 72 47.869
11.5729 86 56.2292
