13.6795 43 22.4757
13.6795 44 22.7757
13.6699 48 23.9689
13.6699 49 24.2689
13.6795 45 23.0757
13.0951 47 23.2665
13.6699 44 22.7689
13.0951 51 24.4665
13.6699 51 24.8689
13.0565 49 23.8396
13.0565 50 24.1396
12.806 51 24.2642
13.0565 54 25.3396
12.806 55 25.4642
12.7675 54 25.1373
12.7675 55 25.4373
12.7675 58 26.3373
12.3019 61 26.9113
12.2762 64 27.7933
11.955 63 27.2685
12.3019 63 27.5113
11.9486 71 29.664
11.9294 67 28.4505
11.9294 66 28.1505
11.955 66 28.1685
11.8362 67 28.3854
11.9294 67 28.4505
11.8234 75 30.7764
11.7816 73 30.1471
11.6724 70 29.1707
11.7656 79 31.9359
11.8362 68 28.6854
11.666 78 31.5662
11.6724 72 29.7707
11.5922 77 31.2145
11.6179 77 31.2325
11.8105 71 29.5674
11.5729 84 33.301
11.6468 75 30.6527
11.6179 76 30.9325
11.6114 84 33.328
11.5922 78 31.5145
11.6179 78 31.5325
11.5857 86 33.91
11.5922 80 32.1145
11.5922 81 32.4145
11.5729 82 32.701
11.5922 82 32.7145
11.5729 87 34.201
11.5729 91 35.401
11.5472 88 34.483
11.5472 87 34.183
11.5408 93 35.9785
11.5472 87 34.183
11.5408 95 36.5786
11.5472 89 34.783
11.5472 90 35.083
11.5472 87 34.183
11.5408 92 35.6786
11.5408 100 38.0786
11.6468 75 30.6527
12.806 54 25.1642
11.5857 86 33.91
11.8362 67 28.3854
11.5729 83 33.001
11.5472 90 35.083
13.7116 43 22.4981
11.5408 92 35.6786
13.0951 50 24.1665
12.2762 64 27.7933
11.6179 75 30.6325
11.5729 82 32.701
12.7675 53 24.8373
11.6724 69 28.8707
11.6179 78 31.5325
11.5472 89 34.783
11.5408 97 37.1786
11.8362 67 28.3854
11.5472 91 35.383
13.6699 47 23.6689
13.0565 51 24.4396
13.6795 44 22.7757
13.6699 45 23.0689
11.8748 71 29.6123
11.6724 70 29.1707
11.6179 75 30.6325
11.5472 87 34.183
11.5408 93 35.9785
11.8105 70 29.2674
12.3019 61 26.9113
11.5408 93 35.9785
13.6795 43 22.4757
11.666 79 31.8662
11.6179 78 31.5325
11.955 63 27.2685
11.955 64 27.5685
11.8105 72 29.8674
11.955 63 27.2685
13.0565 51 24.4396
11.7559 77 31.3292
11.666 77 31.2662
11.5922 78 31.5145
11.9486 72 29.964
11.5922 80 32.1145
12.7675 53 24.8373
13.6795 45 23.0757
11.8234 77 31.3764
13.0951 46 22.9665
11.955 64 27.5685
11.8362 68 28.6854
12.806 51 24.2642
11.8362 67 28.3854
11.955 64 27.5685
13.0565 50 24.1396
11.5472 86 33.883
11.5472 85 33.583
11.6179 77 31.2325
11.6179 75 30.6325
11.5729 84 33.301
13.6795 44 22.7757
11.5408 95 36.5786
11.6179 75 30.6325
13.6795 44 22.7757
11.8362 69 28.9854
12.7675 54 25.1373
12.3019 67 28.7113
11.5729 84 33.301
11.5472 87 34.183
11.8105 72 29.8674
11.5472 87 34.183
11.6724 74 30.3707
11.5472 86 33.883
11.7816 72 29.8471
11.5857 86 33.91
11.6179 75 30.6325
11.6179 75 30.6325
11.6114 83 33.028
13.6699 47 23.6689
11.5922 80 32.1145
13.6795 43 22.4757
11.8105 70 29.2674
11.5472 86 33.883
11.8362 67 28.3854
11.6179 75 30.6325
11.5408 95 36.5786
12.7675 52 24.5373
11.955 65 27.8685
11.6468 73 30.0527
11.5922 79 31.8145
13.6699 45 23.0689
