14.553 52 37.0212
13.4611 60 41.3845
14.4984 58 40.5994
12.8349 56 38.734
13.4355 62 42.5742
13.3776 62 42.5511
13.1978 63 43.0791
12.7803 61 41.7121
14.5273 56 39.4109
12.7803 62 42.3121
12.8349 59 40.534
12.8092 62 42.3237
12.7739 68 45.9096
12.8285 68 45.9314
12.5716 65 44.0286
12.517 65 44.0068
12.5716 63 42.8286
12.5716 68 45.8286
12.1381 65 43.8552
12.5716 63 42.8286
12.1381 66 44.4552
12.1381 67 45.0552
11.8362 68 45.5345
12.1124 68 45.645
12.1381 68 45.6552
11.8362 69 46.1345
11.6724 70 46.669
11.8234 77 50.9294
11.666 78 51.4664
11.6179 76 50.2471
11.6468 73 48.4587
11.6468 75 49.6587
11.6468 74 49.0587
11.5922 77 50.8369
11.6403 82 53.8561
11.6179 76 50.2471
11.6179 77 50.8471
11.5922 81 53.2369
11.6179 76 50.2471
11.5922 79 52.0369
11.5922 89 58.0369
11.5922 90 58.6369
11.5729 82 53.8292
11.6179 78 51.4471
11.5215 84 55.0086
11.5729 83 54.4292
11.5215 85 55.6086
11.5215 85 55.6086
11.5151 86 56.206
11.5215 93 60.4086
11.5215 83 54.4086
11.5087 88 57.4035
11.5151 89 58.006
11.483 89 57.9932
11.5215 83 54.4086
11.483 90 58.5932
11.483 91 59.1932
11.483 92 59.7932
11.5151 88 57.406
11.5151 88 57.406
11.6179 77 50.8471
11.5215 85 55.6086
11.6018 82 53.8407
12.8285 65 44.1314
12.5459 64 43.4184
11.6468 75 49.6587
11.5151 88 57.406
11.8105 72 47.9242
11.6179 78 51.4471
14.5273 59 41.2109
12.0835 70 46.8334
11.8105 71 47.3242
12.8285 64 43.5314
11.7367 79 52.0947
11.5151 86 56.206
12.8349 63 42.934
11.6179 78 51.4471
11.483 89 57.9932
11.5151 93 60.406
12.8349 61 41.734
11.6179 77 50.8471
12.5459 67 45.2184
12.8349 58 39.934
14.5273 58 40.6109
12.7803 62 42.3121
11.5922 77 50.8369
11.7816 74 49.1127
11.5665 90 58.6266
11.8362 68 45.5345
12.8349 60 41.134
11.6724 72 47.869
11.483 98 63.3932
14.553 56 39.4212
14.553 53 37.6212
14.553 52 37.0212
14.264 58 40.5056
11.6114 83 54.4446
11.5215 86 56.2086
11.8362 69 46.1345
14.5273 54 38.2109
11.5151 93 60.406
11.5922 78 51.4369
11.6179 75 49.6471
11.483 91 59.1932
11.7816 72 47.9127
12.0835 71 47.4334
14.5273 56 39.4109
12.8092 59 40.5237
12.517 67 45.2068
11.5215 82 53.8086
12.0835 71 47.4334
11.483 92 59.7932
14.5273 55 38.8109
11.7816 72 47.9127
11.483 90 58.5932
12.8285 63 42.9314
11.5215 92 59.8086
12.0706 75 49.8283
11.5151 87 56.806
12.1124 67 45.045
11.6179 74 49.0471
12.517 69 46.4068
12.8349 58 39.934
11.8362 70 46.7345
12.0835 71 47.4334
14.264 59 41.1056
11.8362 69 46.1345
11.5151 86 56.206
11.5151 88 57.406
11.5087 91 59.2035
11.5151 93 60.406
11.5857 89 58.0343
11.6403 80 52.6561
12.1381 68 45.6552
11.6403 81 53.2561
11.5151 89 58.006
11.5729 83 54.4292
11.6179 75 49.6471
11.5151 93 60.406
12.8349 56 38.734
12.8349 56 38.734
12.7803 62 42.3121
11.483 96 62.1932
12.5716 64 43.4286
11.6468 74 49.0587
11.5922 82 53.8369
12.0963 73 48.6385
12.5716 63 42.8286
14.4984 59 41.1994
14.4984 58 40.5994
