13.3776 72 66.1378
13.4611 73 67.0461
13.7502 72 66.175
13.8048 69 63.4805
13.3776 70 64.3378
13.8048 70 64.3805
14.553 62 57.2553
12.8478 68 62.4848
12.5234 80 73.2523
12.1188 75 68.7119
11.8362 75 68.6836
12.106 82 75.0106
12.2087 82 75.0209
12.2376 77 70.5238
11.8105 78 71.3811
11.666 84 76.7666
11.8362 77 70.4836
11.666 85 77.6666
11.6179 83 75.8618
11.6403 87 79.464
11.6179 84 76.7618
11.5922 85 77.6592
11.5922 84 76.7592
11.6468 89 81.2647
11.6179 83 75.8618
11.6179 82 74.9618
11.5922 85 77.6592
11.5922 87 79.4592
11.5922 86 78.5592
11.5922 85 77.6592
11.5922 88 80.3592
11.7559 86 78.5756
11.6179 83 75.8618
11.5857 97 88.4586
11.5729 98 89.3573
11.6179 85 77.6618
11.5536 95 86.6554
11.5536 103 93.8554
11.5472 96 87.5547
11.5793 92 83.9579
11.5472 95 86.6547
11.5536 95 86.6554
11.5472 96 87.5547
11.5729 93 84.8573
11.8298 95 86.683
11.5311 97 88.4531
11.5408 106 96.5541
11.4926 100 91.1493
11.5311 98 89.3531
11.483 101 92.0483
11.483 102 92.9483
11.483 109 99.2483
11.483 100 91.1483
11.483 104 94.7483
11.4733 102 92.9473
11.483 102 92.9483
11.6724 79 72.2672
11.4733 103 93.8473
11.666 86 78.5666
11.4926 108 98.3493
11.6468 80 73.1647
14.4984 69 63.5498
11.6179 83 75.8618
11.6468 79 72.2647
11.4733 104 94.7473
11.4733 104 94.7473
11.7174 92 83.9717
12.1381 76 69.6138
11.5793 90 82.1579
11.7913 84 76.7791
11.7816 82 74.9782
11.4926 101 92.0493
11.5922 92 83.9592
11.5311 98 89.3531
11.7816 80 73.1782
12.5106 76 69.6511
11.8362 75 68.6836
11.6179 82 74.9618
11.4926 101 92.0493
11.5729 99 90.2573
11.483 110 100.148
12.2633 75 68.7263
11.7559 83 75.8756
12.0642 79 72.3064
13.3776 70 64.3378
11.5793 92 83.9579
11.5857 94 85.7586
13.3231 75 68.8323
11.5922 84 76.7592
12.7097 91 83.171
14.553 65 59.9553
11.5472 96 87.5547
11.483 101 92.0483
12.1188 75 68.7119
13.3776 70 64.3378
11.5408 104 94.7541
12.2376 76 69.6238
11.5922 87 79.4592
11.5793 94 85.7579
11.5922 85 77.6592
11.5536 96 87.5554
11.8105 77 70.481
11.8362 77 70.4836
12.7001 92 84.07
11.5729 92 83.9573
11.7431 88 80.3743
14.5273 68 62.6527
11.483 101 92.0483
13.7791 71 65.2779
11.5922 90 82.1592
11.7913 86 78.5791
14.5273 68 62.6527
11.5922 88 80.3592
11.5408 105 95.6541
11.4733 103 93.8473
11.5793 91 83.0579
12.5395 74 67.854
11.5922 86 78.5592
11.5408 102 92.9541
11.5922 85 77.6592
11.8234 84 76.7823
11.5472 95 86.6547
12.2633 74 67.8263
11.5311 107 97.4531
11.483 99 90.2483
11.483 101 92.0483
11.6468 80 73.1647
11.5215 100 91.1522
11.5857 92 83.9586
13.7437 76 69.7744
11.6724 77 70.4672
11.483 99 90.2483
12.2633 73 66.9263
11.5793 90 82.1579
11.5922 87 79.4592
11.5472 93 84.8547
11.483 103 93.8483
11.5922 86 78.5592
11.5536 94 85.7554
13.3776 73 67.0378
11.5311 99 90.2531
11.6082 88 80.3608
11.5472 96 87.5547
11.666 87 79.4666
12.2505 81 74.1251
11.6114 89 81.2611
11.5472 96 87.5547
12.1381 73 66.9138
11.4926 107 97.4493
11.5922 86 78.5592
