14.4984 67 45.9994
14.5273 67 46.0109
13.3776 73 49.1511
13.3776 68 46.1511
12.806 75 50.1224
13.8048 66 45.1219
12.7932 73 48.9173
12.4207 71 47.5683
12.0963 78 51.6385
12.5234 78 51.8094
12.8221 71 47.7288
12.1381 72 48.0552
12.1124 76 50.445
11.7816 79 52.1127
12.1124 75 49.845
12.1188 82 54.0475
11.6724 76 50.269
11.8362 76 50.3345
11.6468 79 52.0587
11.666 85 55.6664
11.6403 86 56.2561
11.6724 79 52.069
11.6468 82 53.8587
11.6403 88 57.4561
11.6179 82 53.8471
11.6724 78 51.469
11.5922 92 59.8369
11.6179 83 54.4471
11.5857 91 59.2343
11.5922 85 55.6369
11.5922 86 56.2369
11.5857 94 61.0343
11.5922 88 57.4369
11.5922 87 56.8369
11.7431 87 56.8972
11.5922 88 57.4369
11.5729 98 63.4292
11.5665 99 64.0266
11.5793 92 59.8317
11.5472 95 61.6189
11.5729 93 60.4292
11.5472 94 61.0189
11.5472 93 60.4189
11.5472 96 62.2189
11.483 98 63.3932
11.5215 95 61.6086
11.5472 97 62.8189
11.483 99 63.9932
11.483 97 62.7932
11.483 100 64.5932
11.4605 103 66.3842
11.4733 110 70.5893
11.483 108 69.3932
11.4733 103 66.3893
11.4733 101 65.1893
11.4733 102 65.7893
11.4733 103 66.3893
11.4605 108 69.3842
11.5922 85 55.6369
11.6468 81 53.2587
11.5922 86 56.2369
11.6179 82 53.8471
11.6724 79 52.069
11.483 101 65.1932
11.6468 81 53.2587
11.4701 100 64.5881
11.5793 90 58.6317
11.483 102 65.7932
11.8234 83 54.5294
11.4605 108 69.3842
11.5922 89 58.0369
11.6179 82 53.8471
13.4611 72 48.5845
11.5922 88 57.4369
11.5922 83 54.4369
11.4733 103 66.3893
12.8478 68 45.9391
11.6468 81 53.2587
11.6724 78 51.469
11.5536 92 59.8215
11.6114 89 58.0446
14.553 65 44.8212
11.5857 96 62.2343
12.1124 74 49.245
11.5729 90 58.6292
11.4733 112 71.7893
12.4207 69 46.3683
11.8812 78 51.5525
11.4733 102 65.7893
11.6179 83 54.4471
11.6179 82 53.8471
11.6179 83 54.4471
11.483 100 64.5932
11.5472 96 62.2189
11.6724 83 54.469
12.7932 74 49.5173
11.5922 86 56.2369
11.483 101 65.1932
13.7437 75 50.4975
11.5408 100 64.6163
11.5729 91 59.2292
11.5922 86 56.2369
11.4733 111 71.1893
11.5922 88 57.4369
12.8221 72 48.3288
11.6468 81 53.2587
11.5922 88 57.4369
13.7791 69 46.9116
11.5472 94 61.0189
11.5472 96 62.2189
11.5729 92 59.8292
11.4733 109 69.9893
11.483 98 63.3932
12.4207 69 46.3683
12.8478 67 45.3391
11.666 85 55.6664
14.4984 70 47.7994
14.553 66 45.4212
11.7431 87 56.8972
14.4984 67 45.9994
11.6179 83 54.4471
11.4733 103 66.3893
11.6724 78 51.469
11.8362 75 49.7345
11.5729 90 58.6292
11.5922 84 55.0369
11.6468 79 52.0587
11.8105 77 50.9242
11.5922 83 54.4369
11.8362 83 54.5345
11.483 99 63.9932
11.4733 101 65.1893
11.483 99 63.9932
11.483 100 64.5932
11.5922 95 61.6369
11.5472 97 62.8189
12.8478 68 45.9391
11.4733 112 71.7893
11.4926 99 63.997
11.4926 95 61.597
11.5472 94 61.0189
11.6468 79 52.0587
11.5472 93 60.4189
11.6179 81 53.2471
11.6179 89 58.0471
11.5729 92 59.8292
11.5311 95 61.6125
11.5857 90 58.6343
11.5922 87 56.8369
12.1188 82 54.0475
