13.6956 60 27.5869
13.6891 67 29.6824
13.7759 61 27.9431
13.6956 61 27.8869
13.5832 62 28.1082
13.6635 63 28.4644
13.4419 65 28.9093
13.0405 64 28.3283
13.5511 64 28.6857
13.4419 66 29.2093
12.8221 67 29.0755
13.0405 70 30.1283
13.0405 65 28.6283
12.6134 69 29.5294
12.5909 72 30.4136
12.4432 70 29.7102
12.5877 72 30.4114
12.4432 74 30.9102
12.2248 74 30.7574
11.955 73 30.2685
12.4432 75 31.2102
12.1381 74 30.6967
11.9486 74 30.564
12.045 78 31.8315
12.1381 74 30.6967
12.2505 81 32.8753
11.9486 75 30.864
11.7592 78 31.6314
11.8105 77 31.3674
11.894 80 32.3258
11.7592 79 31.9314
11.6468 80 32.1527
11.7046 82 32.7932
11.7848 76 31.0494
11.6468 79 31.8527
11.6724 77 31.2707
11.5922 84 33.3145
11.6403 88 34.5482
11.6468 82 32.7527
11.6468 83 33.0527
11.5922 82 32.7145
11.6179 82 32.7325
11.6468 82 32.7527
11.5922 85 33.6145
11.5922 88 34.5145
11.5857 94 36.31
11.5922 88 34.5145
11.7559 86 34.0292
11.5922 90 35.1145
11.5922 89 34.8145
11.7431 89 34.9202
11.5922 90 35.1145
11.5857 91 35.41
11.5408 141 50.3786
11.6403 91 35.4482
13.6956 59 27.2869
11.5922 89 34.8145
11.5857 92 35.71
13.0405 65 28.6283
13.5832 71 30.8082
11.8362 76 31.0854
13.6506 65 29.0554
11.6468 81 32.4527
11.894 80 32.3258
12.1959 76 31.3371
11.5857 94 36.31
12.5909 71 30.1136
11.6179 84 33.3325
13.5511 63 28.3857
13.5511 63 28.3857
13.6506 66 29.3554
13.2042 67 29.343
12.7964 71 30.2575
12.7964 70 29.9575
11.5408 101 38.3785
12.1381 74 30.6967
13.4676 66 29.2273
11.894 80 32.3258
11.6724 80 32.1707
11.5922 86 33.9145
13.763 64 28.8341
13.4676 64 28.6273
12.4432 74 30.9102
11.5922 89 34.8145
12.0996 72 30.0697
12.1959 77 31.6371
12.4432 70 29.7102
11.7848 74 30.4494
13.0148 69 29.8103
11.6468 83 33.0527
11.6468 80 32.1527
11.5408 132 47.6786
11.5857 99 37.81
12.3757 79 32.363
11.9486 76 31.164
11.6179 82 32.7325
11.9486 75 30.864
13.6635 62 28.1644
12.2505 72 30.1753
11.7784 84 33.4449
12.1381 81 32.7967
11.6468 83 33.0527
11.6403 90 35.1482
11.5922 86 33.9145
11.5857 99 37.81
11.5857 93 36.01
12.2505 72 30.1753
13.5832 62 28.1082
11.6724 77 31.2707
12.6134 72 30.4294
11.6468 84 33.3527
11.5922 87 34.2145
11.6468 82 32.7527
11.9229 76 31.1461
13.6956 61 27.8869
13.0405 64 28.3283
11.5472 100 38.083
12.1959 76 31.3371
11.6468 81 32.4527
13.4676 66 29.2273
12.7771 70 29.944
11.5922 85 33.6145
11.9229 76 31.1461
12.0835 78 31.8584
12.3757 79 32.363
12.6134 72 30.4294
13.6956 60 27.5869
11.7559 84 33.4292
11.6468 79 31.8527
11.6403 87 34.2482
11.9229 76 31.1461
13.808 58 27.0656
12.1381 74 30.6967
12.0996 74 30.6697
13.6635 62 28.1644
12.3757 79 32.363
12.2505 71 29.8753
11.5922 86 33.9145
12.0739 76 31.2517
12.8221 67 29.0755
13.6635 62 28.1644
11.7303 82 32.8112
12.2505 72 30.1753
13.6956 70 30.5869
12.7771 67 29.044
12.2087 80 32.5461
11.894 79 32.0258
13.6956 59 27.2869
13.6859 65 29.0802
11.7848 76 31.0494
