11.5633 51 15.5069
13.641 35 15.7769
11.7367 50 15.563
13.702 33 15.6318
11.7367 51 15.663
14.0167 39 16.515
11.7367 52 15.763
13.641 35 15.7769
14.1644 33 16.048
13.702 33 15.6318
13.641 36 15.8769
11.5408 58 16.1867
13.702 32 15.5318
13.641 35 15.7769
11.5408 56 15.9867
14.1644 35 16.248
13.641 33 15.5769
11.7367 50 15.563
13.641 36 15.8769
11.5408 60 16.3867
13.5864 39 16.1277
13.2942 47 16.6647
11.5408 59 16.2867
13.5767 45 16.7191
13.368 43 16.3312
13.2203 49 16.7983
13.368 42 16.2312
11.4862 59 16.2376
11.5408 59 16.2867
13.2203 50 16.8983
13.368 45 16.5312
11.4862 62 16.5376
13.2203 54 17.2983
13.3584 50 17.0225
11.5408 55 15.8867
13.2845 51 17.0561
13.368 54 17.4312
11.4862 64 16.7376
11.4862 68 17.1376
11.4766 66 16.9289
11.4862 64 16.7376
11.4766 72 17.5289
11.4766 71 17.4289
11.4477 69 17.2029
11.4766 67 17.0289
11.438 70 17.2942
11.4477 68 17.1029
11.438 71 17.3942
11.3256 73 17.4931
11.438 72 17.4942
11.3256 74 17.5931
11.438 71 17.3942
11.4862 66 16.9376
11.3256 73 17.4931
13.2203 54 17.2983
13.2107 51 16.9896
11.438 69 17.1942
11.5408 56 15.9867
13.2203 49 16.7983
13.368 43 16.3312
11.4766 66 16.9289
11.4766 66 16.9289
13.641 37 15.9769
11.3256 71 17.2931
13.2203 47 16.5983
11.4862 61 16.4376
13.3584 48 16.8225
11.6821 56 16.1139
11.5408 61 16.4867
13.5864 39 16.1277
11.7367 50 15.563
11.4862 64 16.7376
11.438 71 17.3942
14.1098 39 16.5988
11.438 73 17.5942
13.2203 46 16.4983
13.641 37 15.9769
11.3256 87 18.8931
11.7367 52 15.763
11.7592 47 15.2832
13.368 45 16.5312
13.368 43 16.3312
11.7592 45 15.0832
13.368 45 16.5312
13.5864 40 16.2277
13.2942 47 16.6647
13.2203 49 16.7983
13.3584 49 16.9225
14.2254 31 15.9029
14.1644 34 16.148
11.7592 47 15.2832
13.641 37 15.9769
11.3256 77 17.8931
13.641 42 16.4769
11.4766 67 17.0289
13.5864 38 16.0277
13.6924 37 16.0231
13.368 46 16.6312
14.1644 34 16.148
11.4862 62 16.5376
11.3256 78 17.9931
14.2254 32 16.0029
11.4862 63 16.6376
11.3256 74 17.5931
11.7367 50 15.563
11.438 71 17.3942
13.368 47 16.7312
13.702 33 15.6318
11.4477 70 17.3029
11.7367 49 15.463
13.2203 45 16.3983
11.4862 65 16.8376
13.5864 43 16.5277
13.2203 47 16.5983
13.368 52 17.2312
14.2254 31 15.9029
13.368 45 16.5312
13.6185 39 16.1566
11.4477 67 17.0029
11.7367 54 15.963
11.5408 56 15.9867
13.641 37 15.9769
11.7367 55 16.063
11.4862 67 17.0376
13.1818 55 17.3636
13.702 30 15.3318
13.5864 42 16.4277
11.7592 47 15.2832
11.7367 50 15.563
12.578 56 16.9202
11.3481 71 17.3133
13.6924 36 15.9231
13.702 33 15.6318
11.4766 69 17.2289
13.641 35 15.7769
11.4862 66 16.9376
11.3256 78 17.9931
11.7367 49 15.463
11.3802 64 16.6422
11.438 70 17.2942
13.5767 42 16.4191
13.6924 38 16.1231
11.438 74 17.6942
13.368 42 16.2312
11.4862 68 17.1376
13.5767 44 16.6191
11.5408 55 15.8867
13.368 45 16.5312
13.5864 41 16.3277
14.2254 34 16.2029
