11.7592 34 13.9832
11.7592 35 14.0832
12.9955 27 14.396
12.9955 23 13.996
11.7592 35 14.0832
12.6551 30 14.3896
11.7592 38 14.3832
12.9955 25 14.196
11.7592 39 14.4832
13.1079 25 14.2971
11.5633 41 14.5069
11.7367 43 14.863
12.973 29 14.5757
11.7592 40 14.5832
12.6551 35 14.8896
12.9955 29 14.596
11.5633 51 15.5069
11.7367 39 14.463
12.973 33 14.9757
12.6551 33 14.6896
11.5408 46 14.9867
12.973 31 14.7757
11.5408 44 14.7867
12.6551 37 15.0896
11.5633 47 15.1069
12.7675 41 15.5908
11.5408 45 14.8867
11.5408 44 14.7867
11.5408 56 15.9867
11.5408 51 15.4867
11.5408 52 15.5867
11.5408 50 15.3867
11.5633 41 14.5069
11.7367 45 15.063
11.4862 52 15.5376
11.4027 53 15.5624
11.3802 61 16.3422
11.5633 43 14.7069
11.4027 50 15.2624
11.5633 44 14.8069
11.4027 51 15.3624
11.3353 66 16.8017
11.5408 47 15.0867
11.3802 59 16.1422
11.3802 55 15.7422
11.3802 59 16.1422
11.3256 62 16.3931
11.3802 62 16.4422
11.3256 63 16.4931
11.3256 64 16.5931
11.3256 65 16.6931
11.3256 64 16.5931
11.4862 56 15.9376
11.3256 68 16.9931
11.3256 72 17.3931
11.4862 59 16.2376
11.4862 60 16.3376
11.3256 70 17.1931
11.2807 73 17.4526
11.3256 76 17.7931
11.2807 74 17.5526
11.5408 44 14.7867
11.4862 55 15.8376
11.7592 40 14.5832
11.5408 44 14.7867
11.5408 52 15.5867
11.4862 54 15.7376
11.3256 69 17.0931
11.5408 49 15.2867
11.3256 67 16.8931
12.6551 33 14.6896
12.6326 36 14.9694
12.973 32 14.8757
12.973 33 14.9757
11.4862 52 15.5376
12.6551 29 14.2896
11.5633 42 14.6069
12.6551 34 14.7896
11.3256 72 17.3931
11.5408 44 14.7867
11.4027 53 15.5624
11.5408 44 14.7867
11.2807 72 17.3526
12.9955 25 14.196
11.3256 75 17.6931
11.7592 37 14.2832
11.5408 42 14.5867
11.4862 59 16.2376
11.3802 53 15.5422
12.9955 26 14.296
11.4027 53 15.5624
12.4175 62 17.3757
11.3802 60 16.2422
11.7592 39 14.4832
11.7592 36 14.1832
12.9955 26 14.296
11.5408 46 14.9867
11.3256 70 17.1931
11.3256 73 17.4931
12.973 29 14.5757
11.3802 56 15.8422
11.5633 43 14.7069
11.5408 44 14.7867
12.9409 37 15.3468
11.3802 60 16.2422
11.7367 43 14.863
11.5633 41 14.5069
12.4175 63 17.4757
11.4862 52 15.5376
11.7592 42 14.7832
12.973 35 15.1757
12.973 33 14.9757
11.5408 49 15.2867
11.5633 44 14.8069
12.973 31 14.7757
11.5408 45 14.8867
11.5408 45 14.8867
11.3802 61 16.3422
11.7592 37 14.2832
11.4862 52 15.5376
11.2807 74 17.5526
11.3256 70 17.1931
11.3802 59 16.1422
11.4926 56 15.9434
12.9955 29 14.596
11.3802 61 16.3422
11.3256 68 16.9931
11.3256 65 16.6931
11.4027 58 16.0624
11.3256 64 16.5931
11.2807 73 17.4526
11.5633 43 14.7069
11.5633 45 14.9069
11.4027 53 15.5624
11.5408 46 14.9867
11.3256 63 16.4931
11.3256 65 16.6931
11.4027 58 16.0624
11.3256 66 16.7931
11.5408 44 14.7867
11.3256 63 16.4931
12.973 32 14.8757
11.3802 61 16.3422
11.7367 44 14.963
11.5633 47 15.1069
11.7592 37 14.2832
11.3256 62 16.3931
11.5536 44 14.7983
11.3256 67 16.8931
12.9955 26 14.296
