11.7592 43 14.8832
11.7592 47 15.2832
11.7592 45 15.0832
11.7592 44 14.9832
13.6185 36 15.8566
11.7367 47 15.263
11.7592 50 15.5832
13.6185 37 15.9566
11.7367 48 15.363
13.5864 34 15.6277
11.5633 48 15.2069
13.6185 38 16.0566
11.7367 47 15.263
13.368 39 15.9312
11.5633 47 15.1069
11.7367 50 15.563
13.641 33 15.5769
11.5633 52 15.6069
13.641 34 15.6769
11.5633 51 15.5069
12.973 41 15.7757
13.5286 43 16.4757
11.5408 54 15.7867
11.5633 54 15.8069
12.8125 51 16.6312
13.641 39 16.1769
11.5408 55 15.8867
13.6185 37 15.9566
12.973 41 15.7757
13.5864 40 16.2277
11.5408 54 15.7867
13.5767 42 16.4191
13.368 40 16.0312
11.5408 57 16.0867
13.5767 43 16.5191
13.368 39 15.9312
11.4862 58 16.1376
11.5311 58 16.178
11.5408 56 15.9867
13.641 35 15.7769
11.4862 62 16.5376
11.4862 63 16.6376
11.4862 61 16.4376
11.4862 62 16.5376
11.4862 63 16.6376
11.4862 64 16.7376
11.3802 65 16.7422
11.4862 65 16.8376
11.5408 55 15.8867
11.5408 56 15.9867
11.3802 67 16.9422
11.3256 70 17.1931
11.3802 68 17.0422
11.3256 74 17.5931
11.3256 75 17.6931
11.3256 73 17.4931
11.3256 72 17.3931
11.3256 75 17.6931
11.7592 43 14.8832
13.6089 41 16.348
12.973 44 16.0757
11.7367 48 15.363
11.4862 68 17.1376
12.973 43 15.9757
11.5633 50 15.4069
11.4862 59 16.2376
11.4862 61 16.4376
13.3584 45 16.5225
13.2203 45 16.3983
13.368 44 16.4312
11.5633 50 15.4069
11.7592 45 15.0832
11.7592 45 15.0832
13.5767 43 16.5191
11.3802 65 16.7422
11.5633 51 15.5069
13.5864 38 16.0277
11.7592 43 14.8832
11.4027 62 16.4624
11.4862 59 16.2376
13.5286 43 16.4757
11.5633 51 15.5069
11.3256 78 17.9931
11.7367 53 15.863
13.702 31 15.4318
13.702 30 15.3318
11.4862 62 16.5376
11.4412 74 17.6971
13.368 41 16.1312
11.4027 64 16.6624
11.7367 48 15.363
11.4862 65 16.8376
11.3353 78 18.0017
11.3256 77 17.8931
13.641 34 15.6769
11.3802 70 17.2422
11.5408 56 15.9867
11.7592 48 15.3832
13.641 37 15.9769
13.6185 36 15.8566
13.5864 38 16.0277
13.5864 38 16.0277
13.5896 39 16.1306
11.5408 58 16.1867
13.641 33 15.5769
11.3256 73 17.4931
11.4862 63 16.6376
11.5408 58 16.1867
11.7592 44 14.9832
13.368 41 16.1312
11.7367 49 15.463
11.5633 51 15.5069
11.4862 58 16.1376
11.7367 52 15.763
11.5408 57 16.0867
11.4027 65 16.7624
13.6185 38 16.0566
11.3256 75 17.6931
11.5408 52 15.5867
11.3802 65 16.7422
11.3802 70 17.2422
13.641 34 15.6769
11.4862 58 16.1376
11.5408 57 16.0867
12.973 45 16.1757
11.3802 65 16.7422
13.6185 37 15.9566
11.3256 72 17.3931
11.4862 59 16.2376
11.3256 74 17.5931
11.3802 69 17.1422
11.7592 47 15.2832
11.5408 56 15.9867
11.7592 46 15.1832
11.4862 58 16.1376
11.5311 58 16.178
11.7592 45 15.0832
11.5633 51 15.5069
11.4027 59 16.1624
11.3256 74 17.5931
11.5408 56 15.9867
11.5633 60 16.4069
11.7592 45 15.0832
13.368 38 15.8312
13.641 34 15.6769
12.973 42 15.8757
13.641 32 15.4769
11.5408 56 15.9867
11.5183 63 16.6665
11.5087 61 16.4578
