13.8048 66 60.7805
14.5273 64 59.0527
14.553 61 56.3553
13.3776 71 65.2378
14.4984 69 63.5498
14.2897 69 63.529
12.8285 74 67.8829
13.8048 74 67.9805
13.3231 74 67.9323
12.3789 77 70.5379
12.4207 78 71.4421
12.1381 72 66.0138
12.4207 70 64.2421
11.8362 71 65.0836
12.1381 73 66.9138
11.8362 72 65.9836
11.666 82 74.9666
11.8362 73 66.8836
11.6179 80 73.1618
11.5922 81 74.0592
11.6724 75 68.6672
11.5922 82 74.9592
11.6468 79 72.2647
11.6468 78 71.3647
11.6179 79 72.2618
11.6468 81 74.0647
11.6724 76 69.5672
11.5922 83 75.8592
11.6179 81 74.0618
11.5922 86 78.5592
11.5922 85 77.6592
11.5857 93 84.8586
11.3834 91 83.0383
11.5922 89 81.2592
11.3931 91 83.0393
11.3834 90 82.1383
11.3834 91 83.0383
11.3834 95 86.6383
11.3224 103 93.8322
11.5857 94 85.7586
12.395 73 66.9395
12.0963 79 72.3096
11.6179 82 74.9618
11.6724 75 68.6672
11.3931 86 78.5393
14.553 60 55.4553
11.5922 83 75.8592
11.9069 75 68.6907
11.3834 95 86.6383
14.9255 63 58.1925
11.6724 77 70.4672
13.8882 66 60.7888
11.3931 86 78.5393
11.5857 91 83.0586
11.6724 77 70.4672
11.4252 85 77.6425
13.8048 65 59.8805
14.5273 66 60.8527
11.8362 73 66.8836
12.1124 74 67.8112
11.3834 95 86.6383
11.6468 79 72.2647
11.5922 87 79.4592
11.3834 91 83.0383
12.1381 72 66.0138
13.8048 66 60.7805
11.3931 86 78.5393
14.5273 68 62.6527
12.1606 91 83.1161
13.3776 71 65.2378
11.5857 90 82.1586
12.395 73 66.9395
14.5273 66 60.8527
12.1381 73 66.9138
11.8234 81 74.0823
11.6179 83 75.8618
13.3776 71 65.2378
11.422 92 83.9422
14.9801 57 52.798
13.4611 69 63.4461
11.7559 80 73.1756
12.1381 73 66.9138
14.4984 66 60.8498
12.1381 72 66.0138
14.4984 69 63.5498
11.6468 79 72.2647
12.8349 67 61.5835
13.8882 66 60.7888
12.1124 75 68.7112
11.6179 81 74.0618
12.395 74 67.8395
11.3224 98 89.3322
13.4611 72 66.1461
11.4252 85 77.6425
11.3834 95 86.6383
13.5222 72 66.1522
11.6468 78 71.3647
11.6403 85 77.664
12.4753 88 80.4475
11.6468 78 71.3647
11.8362 73 66.8836
11.6114 89 81.2611
11.5922 87 79.4592
11.8362 75 68.6836
11.5857 91 83.0586
11.3834 95 86.6383
12.8285 74 67.8829
11.6468 79 72.2647
11.3834 96 87.5383
11.4252 85 77.6425
11.6403 87 79.464
11.8105 75 68.6811
12.395 72 66.0395
12.1381 73 66.9138
11.6468 81 74.0647
13.4611 70 64.3461
11.6468 79 72.2647
11.5922 86 78.5592
14.553 63 58.1553
13.8048 66 60.7805
14.553 64 59.0553
14.553 64 59.0553
14.9544 61 56.3954
12.4753 88 80.4475
11.6179 80 73.1618
11.6179 79 72.2618
14.4984 67 61.7498
12.1381 70 64.2138
12.8349 67 61.5835
11.5922 84 76.7592
11.5922 84 76.7592
12.8349 66 60.6835
14.4984 70 64.4498
11.8362 73 66.8836
11.6179 89 81.2618
11.332 95 86.6332
11.8234 81 74.0823
11.6468 78 71.3647
11.8362 75 68.6836
13.3776 70 64.3378
11.666 82 74.9666
11.5922 92 83.9592
14.4984 69 63.5498
11.5922 85 77.6592
14.4984 70 64.4498
11.5922 84 76.7592
11.5857 90 82.1586
11.5922 85 77.6592
12.0963 79 72.3096
11.6724 76 69.5672
