12.6262 51 20.301
12.8767 49 20.1013
12.8382 52 20.6705
12.7001 51 20.3601
12.8382 51 20.4705
12.6262 52 20.501
12.8767 54 21.1013
12.7001 55 21.1601
12.6262 56 21.301
12.6262 54 20.901
12.6198 64 22.8958
12.6262 55 21.101
12.4881 56 21.1905
12.6262 52 20.501
12.6198 54 20.8958
12.4785 60 21.9828
12.4496 59 21.7597
12.4496 56 21.1597
12.4785 61 22.1828
12.4399 59 21.752
12.4496 62 22.3597
12.4399 60 21.952
12.4399 61 22.152
12.4399 65 22.952
12.4399 66 23.152
12.4399 64 22.752
12.4399 65 22.952
12.1381 74 24.5105
12.4399 66 23.152
12.2505 67 23.2004
12.4399 65 22.952
11.8362 70 23.469
11.8362 71 23.669
11.7559 76 24.6048
11.8362 72 23.869
11.7977 80 25.4382
11.7816 74 24.2253
11.7303 78 24.9842
11.7559 78 25.0048
11.6724 75 24.338
12.0642 72 24.0514
11.6468 76 24.5174
11.6724 76 24.538
11.6724 73 23.938
11.6468 80 25.3174
11.6468 79 25.1174
11.5922 84 26.0737
11.5922 81 25.4737
11.6114 88 26.8891
11.6403 88 26.9123
11.5922 82 25.6737
11.7046 80 25.3636
11.5857 91 27.4686
11.5922 83 25.8737
11.4733 181 45.3787
12.4496 58 21.5597
12.6262 52 20.501
12.4881 57 21.3905
12.6262 50 20.101
11.5922 83 25.8737
12.4399 64 22.752
12.8382 51 20.4705
12.8767 57 21.7013
12.8767 49 20.1013
12.4399 64 22.752
11.4733 180 45.1787
11.6724 75 24.338
11.5922 81 25.4737
11.7848 74 24.2279
12.6198 58 21.6958
12.4881 56 21.1905
12.6262 55 21.101
11.7816 74 24.2253
12.4785 55 20.9828
11.8105 73 24.0484
12.6198 56 21.2958
11.6468 80 25.3174
11.5922 83 25.8737
11.6724 74 24.138
12.4399 59 21.752
12.5877 59 21.8701
12.6198 55 21.0958
11.5922 82 25.6737
11.8362 70 23.469
11.6724 73 23.938
12.2087 74 24.567
11.6179 79 25.0943
11.8362 70 23.469
11.6468 80 25.3174
11.7688 82 25.815
11.9069 70 23.5255
12.7001 51 20.3601
11.6468 77 24.7174
12.6198 59 21.8958
11.6468 80 25.3174
11.4733 172 43.5787
12.4399 59 21.752
12.4399 69 23.752
11.5922 81 25.4737
11.8105 77 24.8484
12.4399 65 22.952
11.6724 76 24.538
11.6468 79 25.1174
11.6468 78 24.9174
11.8105 74 24.2484
12.6262 53 20.701
12.7001 51 20.3601
12.4399 67 23.352
11.6468 80 25.3174
11.5922 81 25.4737
11.6724 77 24.738
12.8382 51 20.4705
11.6403 85 26.3123
11.7559 76 24.6048
12.4399 64 22.752
12.4399 69 23.752
12.6262 51 20.301
12.8767 50 20.3013
12.8382 54 21.0705
11.6468 76 24.5174
11.6179 80 25.2943
12.4785 58 21.5828
11.8105 72 23.8484
12.4399 68 23.552
12.4399 62 22.352
12.8703 50 20.2962
12.4399 62 22.352
12.4496 59 21.7597
11.8105 74 24.2484
11.7559 82 25.8048
12.6615 53 20.7292
11.5857 90 27.2686
11.8234 77 24.8587
11.8105 72 23.8484
11.7688 82 25.815
12.8767 53 20.9013
11.6468 76 24.5174
11.8362 70 23.469
11.8362 71 23.669
11.8234 78 25.0587
12.6198 58 21.6958
12.5877 59 21.8701
12.4399 65 22.952
12.6262 51 20.301
11.7592 77 24.8073
11.6468 79 25.1174
12.4399 66 23.152
11.6468 79 25.1174
11.5922 81 25.4737
12.4496 59 21.7597
