14.5819 42 36.5164
15.4522 45 39.0904
14.5723 47 40.5145
14.5819 44 38.1164
14.5819 43 37.3164
12.623 46 39.3246
14.5819 55 46.9164
12.623 47 40.1246
12.623 51 43.3246
12.6166 49 41.7233
12.623 49 41.7246
12.6166 50 42.5233
12.6134 49 41.7227
12.6166 60 50.5233
12.6134 55 46.5227
12.2922 60 50.4584
12.6134 53 44.9227
11.8491 57 47.9698
12.6069 63 52.9214
11.5311 58 48.7062
11.878 59 49.5756
11.5247 56 47.1049
11.5311 59 49.5062
11.5247 57 47.9049
11.5247 58 48.7049
11.5247 68 56.7049
11.5151 63 52.703
12.6134 51 43.3227
11.5247 69 57.5049
11.5151 70 58.303
11.5247 54 45.5049
11.4701 62 51.894
11.5151 62 51.903
11.4252 66 55.085
11.4252 67 55.885
11.4252 65 54.285
11.4155 70 58.2831
11.4252 62 51.885
11.4155 68 56.6831
11.4252 71 59.085
12.5074 60 50.5015
11.4252 61 51.085
11.3545 77 63.8709
11.3642 80 66.2728
11.3642 72 59.8728
12.2023 64 53.6405
11.3545 78 64.6709
11.3545 84 69.4709
11.3642 78 64.6728
11.3642 70 58.2728
11.3545 86 71.0709
11.332 78 64.6664
11.3545 81 67.0709
11.3706 75 62.2741
11.332 80 66.2664
11.332 81 67.0664
11.4316 74 61.4863
11.3224 83 68.6645
11.332 83 68.6664
11.3224 84 69.4645
11.3224 94 77.4645
11.422 115 94.2844
11.3545 76 63.0709
11.3224 88 72.6645
11.8876 54 45.5775
11.4252 70 58.285
11.3545 76 63.0709
14.5819 44 38.1164
12.623 46 39.3246
12.623 57 48.1246
11.5247 62 51.9049
11.5247 56 47.1049
12.6069 53 44.9214
11.4252 68 56.685
12.2987 58 48.8597
11.5151 61 51.103
11.3545 87 71.8709
12.6134 56 47.3227
11.4541 69 57.4908
11.3642 78 64.6728
12.6166 49 41.7233
11.332 83 68.6664
11.3642 69 57.4728
11.4252 77 63.885
11.3545 76 63.0709
11.8876 53 44.7775
12.6134 50 42.5227
15.4522 40 35.0904
11.878 59 49.5756
12.6166 60 50.5233
11.3545 79 65.4709
11.3545 78 64.6709
11.332 80 66.2664
11.4155 69 57.4831
11.3642 71 59.0728
12.623 47 40.1246
12.623 51 43.3246
12.6166 51 43.3233
12.623 49 41.7246
12.2987 59 49.6597
11.4252 67 55.885
11.4252 64 53.485
11.5151 60 50.303
11.4637 64 53.4927
12.623 46 39.3246
11.4155 73 60.6831
12.3019 57 48.0604
11.422 75 62.2844
11.332 83 68.6664
11.3545 75 62.2709
11.3642 70 58.2728
14.5819 55 46.9164
11.5247 59 49.5049
12.3083 54 45.6617
11.3545 75 62.2709
11.5151 64 53.503
11.5215 69 57.5043
11.3224 83 68.6645
11.5215 60 50.3043
11.3224 83 68.6645
12.3019 56 47.2604
12.6134 55 46.5227
11.3545 76 63.0709
11.3192 121 99.0638
11.3545 75 62.2709
11.5247 56 47.1049
12.623 50 42.5246
11.332 85 70.2664
11.3545 77 63.8709
12.6069 53 44.9214
14.5819 46 39.7164
11.5247 55 46.3049
11.3545 85 70.2709
11.4252 69 57.485
12.6134 50 42.5227
11.3545 78 64.6709
12.6134 55 46.5227
12.2987 59 49.6597
11.3545 75 62.2709
12.623 49 41.7246
11.332 77 63.8664
11.5247 58 48.7049
12.6134 61 51.3227
11.4701 62 51.894
11.4605 66 55.0921
11.3224 90 74.2645
11.3224 87 71.8645
11.3224 86 71.0645
11.3224 83 68.6645
11.5151 62 51.903
