15.4875 45 42.0487
12.4656 58 53.4466
14.1227 51 47.3123
12.7001 52 48.07
12.4656 59 54.3466
12.7001 53 48.97
12.6166 52 48.0617
12.639 57 52.5639
12.6166 55 50.7617
12.6166 59 54.3617
12.6166 60 55.2617
11.6403 58 53.364
12.6166 61 56.1617
11.5247 59 54.2525
11.6307 63 57.8631
11.5247 60 55.1525
11.5247 61 56.0525
11.5215 62 56.9522
11.5247 71 65.0525
11.5311 57 52.4531
11.5151 64 58.7515
11.5215 67 61.4522
11.5151 65 59.6515
11.4316 66 60.5432
11.4701 68 62.347
11.4316 73 66.8432
11.5151 69 63.2515
11.4155 71 65.0415
11.422 71 65.0422
11.4252 75 68.6425
11.4252 76 69.5425
11.3642 77 70.4364
11.422 80 73.1422
11.4252 71 65.0425
11.4155 72 65.9416
11.422 72 65.9422
11.3834 77 70.4383
11.4155 73 66.8416
11.3706 74 67.7371
11.3931 74 67.7393
11.3642 82 74.9364
11.3706 75 68.6371
11.3545 80 73.1355
11.3545 81 74.0355
11.361 78 71.3361
11.3545 82 74.9354
11.332 82 74.9332
11.361 86 78.5361
11.3224 84 76.7322
11.4316 73 66.8432
11.3224 86 78.5322
11.332 83 75.8332
11.422 76 69.5422
11.332 82 74.9332
11.3224 85 77.6322
11.3224 89 81.2322
11.332 81 74.0332
11.361 84 76.7361
11.5151 63 57.8515
11.4605 69 63.246
11.422 72 65.9422
11.422 72 65.9422
11.4252 73 66.8425
12.3019 62 57.0302
11.4252 73 66.8425
12.6904 56 51.669
11.3931 73 66.8393
11.3224 84 76.7322
11.3706 72 65.9371
12.6166 58 53.4617
11.4155 73 66.8416
11.5151 65 59.6515
11.5151 74 67.7515
12.4656 58 53.4466
12.6904 56 51.669
11.5311 57 52.4531
11.4252 78 71.3425
12.6166 56 51.6617
11.3224 83 75.8322
12.4656 59 54.3466
11.3224 86 78.5322
13.702 51 47.2702
11.4252 65 59.6425
12.6166 58 53.4617
11.5151 64 58.7515
11.4155 73 66.8416
11.332 84 76.7332
11.422 72 65.9422
11.4252 66 60.5425
13.7662 55 50.8766
11.332 78 71.3332
12.639 55 50.7639
11.4316 65 59.6432
11.483 70 64.1483
12.7001 52 48.07
11.332 83 75.8332
11.5151 64 58.7515
11.3931 74 67.7393
11.3642 78 71.3364
11.3224 87 79.4322
11.332 82 74.9332
11.5247 70 64.1525
11.5247 60 55.1525
13.702 52 48.1702
11.5247 62 56.9525
11.5247 71 65.0525
11.4637 67 61.4464
11.332 80 73.1332
11.4316 66 60.5432
12.639 55 50.7639
11.332 84 76.7332
11.5151 67 61.4515
13.702 55 50.8702
11.6307 63 57.8631
11.4605 71 65.0461
11.4316 69 63.2432
11.4155 73 66.8416
12.6166 55 50.7617
13.7662 55 50.8766
11.5247 68 62.3525
12.6166 54 49.8617
11.3224 87 79.4322
12.6166 53 48.9617
11.3642 75 68.6364
11.6403 56 51.564
12.6166 56 51.6617
11.5151 63 57.8515
11.4252 70 64.1425
11.332 86 78.5332
12.6166 59 54.3617
11.4637 68 62.3464
11.4155 72 65.9416
11.5151 69 63.2515
11.422 71 65.0422
11.4701 66 60.547
12.4849 64 58.8485
11.4252 67 61.4425
11.3224 85 77.6322
11.5247 60 55.1525
11.3224 91 83.0322
11.4316 73 66.8432
11.5247 68 62.3525
11.5215 63 57.8521
11.332 79 72.2332
11.5151 73 66.8515
11.4252 71 65.0425
11.5793 61 56.0579
11.361 84 76.7361
11.3706 75 68.6371
11.6403 58 53.364
