13.352 46 36.2056
14.5883 43 34.4765
14.5819 44 35.1746
14.5883 41 33.0765
13.3455 49 38.3037
14.5819 41 33.0746
12.623 44 34.5869
13.7084 47 37.0125
14.5723 48 37.9717
12.623 45 35.2869
12.623 49 38.0869
12.6134 51 39.484
12.6166 57 43.685
12.3083 55 42.1925
12.6134 49 38.084
12.6166 58 44.385
12.2987 57 43.5896
12.3083 51 39.3925
12.2987 58 44.2896
12.3083 50 38.6925
11.5311 53 40.5593
12.3083 56 42.8925
11.5247 54 41.2574
11.5311 54 41.2593
11.5247 55 41.9574
11.5247 65 48.9574
11.5151 61 46.1545
11.5247 58 44.0574
11.5151 68 51.0545
11.5215 59 44.7565
11.5247 62 46.8574
11.5151 60 45.4545
11.4701 61 46.141
11.5151 61 46.1545
11.4252 65 48.9276
11.4637 62 46.8391
11.4701 62 46.841
11.4252 63 47.5275
11.4252 64 48.2276
11.4252 63 47.5275
11.5247 58 44.0574
11.4155 67 50.3247
11.3642 74 55.2092
11.4155 68 51.0247
11.3642 69 51.7092
11.4155 69 51.7247
11.3642 70 52.4092
11.3642 71 53.1092
11.3642 72 53.8092
11.3642 73 54.5092
11.3545 74 55.2064
11.3545 78 58.0064
11.3642 69 51.7092
11.332 83 61.4996
11.3545 79 58.7064
11.332 86 63.5996
11.332 80 59.3996
11.3224 81 60.0967
11.332 81 60.0996
11.3224 85 62.8967
11.4252 63 47.5275
11.3545 76 56.6064
12.6166 51 39.485
11.4252 66 49.6276
11.4316 69 51.7295
11.5247 65 48.9574
13.6988 48 37.7096
11.3642 75 55.9092
12.6166 52 40.185
11.3642 70 52.4092
11.5247 54 41.2574
12.3083 52 40.0925
11.3642 71 53.1092
14.5883 50 39.3765
11.4155 68 51.0247
11.5247 55 41.9574
11.5247 66 49.6574
11.5311 53 40.5593
11.4252 66 49.6276
12.6134 49 38.084
12.6134 51 39.484
11.3545 74 55.2064
11.3545 75 55.9064
12.623 44 34.5869
11.5247 58 44.0574
11.4316 68 51.0295
11.3545 79 58.7064
11.4252 64 48.2276
11.4155 67 50.3247
11.3224 85 62.8967
11.3642 76 56.6092
13.7084 44 34.9125
11.3642 71 53.1092
14.5819 41 33.0746
11.3642 74 55.2092
11.4155 68 51.0247
12.2987 56 42.8896
11.3642 69 51.7092
11.5311 54 41.2593
11.4252 62 46.8276
11.5247 61 46.1574
11.3642 70 52.4092
11.4155 71 53.1247
12.623 44 34.5869
11.4155 67 50.3247
12.6134 49 38.084
11.5247 63 47.5574
14.5883 40 32.3765
11.5247 59 44.7574
14.5819 41 33.0746
14.5819 53 41.4746
11.4252 67 50.3276
11.4252 75 55.9276
11.332 75 55.8996
11.4252 66 49.6276
11.3224 81 60.0967
11.4155 67 50.3247
11.5247 60 45.4574
11.4637 62 46.8391
12.3083 53 40.7925
12.2987 58 44.2896
11.5247 64 48.2574
12.3083 51 39.3925
11.3224 81 60.0967
12.6134 51 39.484
11.3224 81 60.0967
11.4701 61 46.141
11.4252 66 49.6276
11.5311 53 40.5593
11.332 80 59.3996
14.5723 46 36.5717
14.5883 41 33.0765
11.4252 69 51.7276
11.4252 74 55.2276
14.5883 49 38.6765
12.6166 52 40.185
11.332 81 60.0996
11.5311 54 41.2593
12.6134 52 40.184
11.5151 59 44.7545
12.3083 51 39.3925
12.6134 49 38.084
14.5819 50 39.3746
11.332 79 58.6996
14.5883 40 32.3765
12.517 58 44.3551
11.332 77 57.2996
11.4252 65 48.9276
14.5883 43 34.4765
11.5247 59 44.7574
