14.4984 67 56.4997
14.553 65 54.9106
13.3776 73 61.0755
13.7437 75 62.7487
12.7932 73 60.9586
13.8048 69 57.961
12.5652 70 58.513
12.5234 80 66.5047
12.0835 78 64.8167
12.2633 74 61.6527
11.7816 79 65.5563
12.1188 75 62.4238
11.8362 74 61.5672
11.666 84 69.5332
11.8362 75 62.3672
11.6724 78 64.7345
11.6724 79 65.5345
11.6403 87 71.9281
11.6724 80 66.3345
11.6468 83 68.7294
11.6179 82 67.9236
11.6403 89 73.5281
11.6179 83 68.7236
11.6179 91 75.1236
11.5922 87 71.9184
11.5922 87 71.9184
11.5857 93 76.7171
11.7559 84 69.5512
11.6179 84 69.5236
11.5922 89 73.5184
11.5344 99 81.5069
11.8748 87 71.975
11.5729 98 80.7146
11.6339 86 71.1268
11.5665 100 82.3133
11.5536 95 78.3107
11.5472 94 77.5094
11.5536 97 79.9107
11.5729 92 75.9146
11.5472 95 78.3094
11.5472 105 86.3094
11.5472 97 79.9094
11.5311 98 80.7062
11.5729 94 77.5146
11.5215 100 82.3043
11.483 104 85.4966
11.4926 97 79.8985
11.5215 101 83.1043
11.483 99 81.4966
11.483 109 89.4966
11.4733 110 90.2947
11.483 103 84.6966
11.483 101 83.0966
11.4733 103 84.6947
11.6179 83 68.7236
11.5472 96 79.1094
11.6179 81 67.1236
12.5395 74 61.7079
11.6179 92 75.9236
11.5408 102 83.9082
11.5729 91 75.1146
11.483 99 81.4966
11.5472 96 79.1094
13.4611 72 60.2922
14.4984 69 58.0997
11.8362 76 63.1672
11.483 104 85.4966
13.4611 70 58.6922
11.6724 77 63.9345
11.483 101 83.0966
11.6724 76 63.1345
11.5922 85 70.3184
11.6403 87 71.9281
11.6403 88 72.7281
11.5408 104 85.5082
11.5793 90 74.3159
11.5857 94 77.5172
12.8221 71 59.3644
11.483 100 82.2966
11.483 110 90.2966
11.8362 83 68.7672
11.6468 80 66.3294
11.483 101 83.0966
11.4926 100 82.2985
12.1124 76 63.2225
11.8234 84 69.5647
11.5729 91 75.1146
11.7816 80 66.3563
11.6114 89 73.5223
11.6403 89 73.5281
11.6114 91 75.1223
11.6724 79 65.5345
11.5922 90 74.3184
11.6724 75 62.3345
11.6468 82 67.9294
11.5793 89 73.5159
11.5215 97 79.9043
11.5922 90 74.3184
11.5793 91 75.1159
12.7932 73 60.9586
11.6114 92 75.9223
12.1381 71 59.2276
12.7482 89 73.7496
13.3776 70 58.6755
11.5922 89 73.5184
11.5922 89 73.5184
11.6179 83 68.7236
11.6468 81 67.1294
11.483 100 82.2966
11.4733 101 83.0947
11.5793 91 75.1159
11.6114 91 75.1223
12.2087 78 64.8418
11.5922 83 68.7184
11.8234 84 69.5647
11.5729 99 81.5146
11.5408 102 83.9082
11.8362 73 60.7672
11.8105 77 63.9621
11.6468 82 67.9294
11.5311 107 87.9062
11.711 94 77.5422
11.5472 96 79.1094
11.5922 94 77.5184
11.6179 83 68.7236
11.6179 84 69.5236
14.2897 69 58.0579
12.5652 71 59.313
12.1188 73 60.8238
11.483 100 82.2966
11.5922 87 71.9184
11.4733 103 84.6947
12.334 76 63.2668
11.6724 76 63.1345
12.4207 70 58.4841
12.6904 95 78.5381
12.5395 74 61.7079
12.8221 71 59.3644
11.5536 94 77.5107
11.6724 78 64.7345
11.5215 99 81.5043
11.7816 80 66.3563
13.8048 68 57.161
12.8478 69 57.7696
11.5408 101 83.1082
11.7431 89 73.5486
13.5222 70 58.7044
11.5472 101 83.1094
11.5472 98 80.7094
11.6468 78 64.7294
