14.9801 57 44.394
13.4611 65 49.5383
14.9544 60 46.4863
14.4984 63 48.4495
14.553 60 46.3659
14.264 63 48.3792
14.553 59 45.6659
14.2897 62 47.6869
13.7437 70 53.1231
14.2897 63 48.3869
12.8092 66 50.0428
13.7502 68 51.725
12.7803 69 52.1341
12.8349 66 50.0505
12.8028 74 55.6408
12.7803 71 53.5341
12.4207 66 49.9262
12.7547 72 54.2264
12.1381 69 51.9414
12.4207 67 50.6262
12.1381 70 52.6414
11.8105 73 54.6432
12.1124 73 54.7337
11.8362 72 53.9509
11.8362 71 53.2509
11.6082 74 55.2825
11.6468 76 56.694
11.8105 74 55.3432
11.8105 76 56.7432
11.6082 73 54.5825
11.6082 74 55.2825
11.5151 81 60.1545
11.483 82 60.8449
11.4477 81 60.1343
11.5247 76 56.6574
11.5247 72 53.8574
11.4926 83 61.5478
11.4252 81 60.1276
12.4849 75 56.2455
11.5247 76 56.6574
11.332 92 67.7996
11.3931 84 62.2179
11.3545 91 67.1064
11.3931 90 66.4179
11.3642 86 63.6092
11.4637 81 60.1391
11.3642 93 68.5092
11.3224 95 69.8967
11.3642 98 72.0092
11.332 95 69.8996
11.332 95 69.8996
11.332 92 67.7996
11.4862 90 66.4459
11.3224 103 75.4967
11.332 94 69.1996
14.2897 61 46.9869
12.1124 71 53.3337
14.4984 62 47.7495
11.332 92 67.7996
12.7803 68 51.4341
12.1381 67 50.5414
11.5857 81 60.1757
11.3642 85 62.9092
11.3642 91 67.1093
11.332 95 69.8996
11.332 92 67.7996
11.3642 93 68.5092
11.4637 84 62.2391
12.8285 73 54.9486
14.553 60 46.3659
11.332 92 67.7996
11.4862 91 67.1459
11.7816 78 58.1345
11.4155 87 64.3247
11.332 91 67.0996
11.4252 83 61.5275
11.4926 78 58.0478
13.4611 66 50.2383
11.3224 96 70.5967
12.8285 74 55.6486
11.4155 84 62.2247
11.5857 82 60.8757
11.4862 85 62.9459
11.4926 78 58.0478
14.2897 62 47.6869
11.3834 91 67.115
11.332 93 68.4996
11.6724 74 55.3017
11.5151 81 60.1545
11.8362 73 54.6509
11.4926 83 61.5478
12.1702 83 61.7511
11.4926 78 58.0478
12.8092 66 50.0428
11.6082 74 55.2825
11.5151 82 60.8545
11.4155 87 64.3247
13.8048 64 48.9414
11.332 93 68.4996
11.4155 87 64.3247
12.7803 71 53.5341
11.3545 95 69.9064
11.8362 72 53.9509
11.3931 85 62.9179
11.6403 73 54.5921
14.553 61 47.0659
13.8048 64 48.9414
11.3224 96 70.5967
11.332 95 69.8996
11.4862 89 65.7459
14.553 58 44.9659
12.4207 69 52.0262
11.5857 81 60.1757
11.7816 75 56.0345
14.553 58 44.9659
11.8555 75 56.0566
14.2897 63 48.3869
11.3642 85 62.9092
14.5273 61 47.0582
11.8105 74 55.3432
11.3224 105 76.8967
11.6179 78 58.0854
12.1124 73 54.7337
11.4252 78 58.0275
11.8362 72 53.9509
11.5151 82 60.8545
14.553 58 44.9659
13.4611 68 51.6383
11.3642 90 66.4092
11.3931 88 65.0179
11.3931 90 66.4179
14.553 59 45.6659
11.5151 82 60.8545
11.4862 91 67.1459
11.4155 87 64.3247
11.332 94 69.1996
14.2897 59 45.5869
11.4252 80 59.4276
11.4155 87 64.3247
11.3642 88 65.0092
11.5247 80 59.4574
11.3931 93 68.5179
14.2897 63 48.3869
14.553 58 44.9659
13.4611 67 50.9383
14.2351 67 51.1705
11.4477 81 60.1343
13.4611 65 49.5383
11.3834 88 65.015
11.8362 71 53.2509
