14.553 52 37.0212
13.4611 60 41.3845
14.4984 58 40.5994
14.5273 55 38.8109
13.4611 62 42.5845
14.2897 56 39.3159
14.5273 56 39.4109
14.2351 61 42.294
14.2351 62 42.894
13.8048 59 40.9219
14.264 59 41.1056
14.264 61 42.3056
12.8349 60 41.134
13.262 60 41.3048
13.352 62 42.5408
13.8048 60 41.5219
12.8092 63 42.9237
12.8092 64 43.5237
12.8092 63 42.9237
12.8092 65 44.1237
12.5716 64 43.4286
12.7547 68 45.9019
12.1381 65 43.8552
12.517 69 46.4068
12.0835 70 46.8334
12.1124 69 46.245
11.8105 70 46.7242
12.0963 75 49.8385
11.7816 73 48.5127
11.6724 70 46.669
11.8362 70 46.7345
11.8362 68 45.5345
11.6468 74 49.0587
11.5922 77 50.8369
11.6468 75 49.6587
11.6468 74 49.0587
11.6179 75 49.6471
11.6468 75 49.6587
11.6179 76 50.2471
11.6179 75 49.6471
11.5922 78 51.4369
11.6179 78 51.4471
11.5922 79 52.0369
11.7559 77 50.9024
11.5922 81 53.2369
11.5922 82 53.8369
11.5665 90 58.6266
11.5857 90 58.6343
11.5215 85 55.6086
11.5729 82 53.8292
11.5215 85 55.6086
11.5215 86 56.2086
11.5151 88 57.406
11.5215 94 61.0086
11.5151 88 57.406
11.5151 89 58.006
11.5215 84 55.0086
11.5151 90 58.606
11.5087 91 59.2035
14.5273 56 39.4109
12.5716 65 44.0286
11.5215 86 56.2086
11.6724 71 47.269
11.7367 80 52.6947
11.8362 69 46.1345
11.8362 73 48.5345
12.8349 59 40.534
11.5215 84 55.0086
14.553 53 37.6212
13.262 63 43.1048
13.1978 64 43.6791
11.6179 76 50.2471
11.6724 70 46.669
14.2897 56 39.3159
11.5215 85 55.6086
12.5652 72 48.2261
14.219 68 46.4876
13.8048 60 41.5219
12.8349 60 41.134
11.5472 90 58.6189
11.5729 83 54.4292
12.517 69 46.4068
11.5215 88 57.4086
13.3776 60 41.3511
11.6724 73 48.469
11.6179 74 49.0471
11.7559 75 49.7024
12.0835 70 46.8334
11.8105 72 47.9242
11.8362 70 46.7345
11.666 80 52.6664
11.5215 91 59.2086
11.7816 72 47.9127
14.2351 63 43.494
11.6468 74 49.0587
14.553 52 37.0212
11.6114 85 55.6446
14.508 62 43.0032
11.5151 88 57.406
11.5729 83 54.4292
13.3776 60 41.3511
14.2897 57 39.9159
12.5716 65 44.0286
11.5215 84 55.0086
12.8349 60 41.134
12.8028 70 47.1211
12.8349 64 43.534
12.1381 65 43.8552
11.666 80 52.6664
11.6724 73 48.469
12.8349 63 42.934
12.1381 67 45.0552
14.553 54 38.2212
14.4727 60 41.7891
11.6179 74 49.0471
11.5922 80 52.6369
11.6114 84 55.0446
12.1381 67 45.0552
14.2897 55 38.7159
13.7437 67 45.6975
14.553 52 37.0212
11.5922 82 53.8369
14.5273 57 40.0109
12.1381 68 45.6552
14.553 53 37.6212
11.5857 87 56.8343
12.1381 66 44.4552
11.5922 79 52.0369
11.5922 81 53.2369
11.8234 75 49.7294
11.6403 80 52.6561
14.4984 59 41.1994
11.5922 77 50.8369
14.5273 55 38.8109
11.5151 88 57.406
11.5215 85 55.6086
12.5716 64 43.4286
13.8048 59 40.9219
12.8285 69 46.5314
11.5087 94 61.0035
11.5922 85 55.6369
11.6468 73 48.4587
12.1124 68 45.645
11.5215 86 56.2086
11.5922 84 55.0369
14.264 58 40.5056
11.6468 74 49.0587
11.8362 67 44.9345
11.6179 77 50.8471
11.5922 79 52.0369
