12.8767 50 20.3013
12.8767 51 20.5013
12.8767 52 20.7013
12.8382 53 20.8705
12.4785 57 21.3828
12.8382 55 21.2705
12.8382 54 21.0705
12.4496 59 21.7597
12.6198 57 21.4958
12.6262 55 21.101
12.4881 58 21.5905
12.4881 62 22.3905
12.4496 60 21.9597
12.4496 62 22.3597
12.4496 61 22.1597
12.4496 60 21.9597
12.4881 59 21.7905
12.6615 59 21.9292
12.4496 65 22.9597
12.4496 66 23.1597
12.4496 67 23.3597
12.5877 63 22.6701
12.4496 66 23.1597
12.2505 67 23.2004
11.8362 71 23.669
12.4399 69 23.752
12.2505 70 23.8004
11.8362 72 23.869
12.1381 71 23.9105
12.1381 72 24.1105
11.7977 80 25.4382
11.8105 75 24.4484
11.6724 75 24.338
11.8105 74 24.2484
11.7848 75 24.4279
11.6724 76 24.538
11.6724 77 24.738
11.666 85 26.3328
11.6403 86 26.5123
11.6468 81 25.5174
11.6403 87 26.7123
11.6114 88 26.8891
11.5922 85 26.2737
11.5922 84 26.0737
11.5857 90 27.2686
11.6179 83 25.8943
11.6468 78 24.9174
11.6468 79 25.1174
11.6468 80 25.3174
11.5922 85 26.2737
11.7046 85 26.3636
11.7559 86 26.6048
11.5472 92 27.6378
11.5922 88 26.8737
11.5665 98 28.8532
11.5665 98 28.8532
11.4701 165 42.1761
11.4701 168 42.7761
11.4701 160 41.1761
11.377 172 43.5016
11.4701 165 42.1761
11.4701 156 40.3761
11.6179 83 25.8943
12.1381 70 23.7105
12.6615 57 21.5292
11.8234 78 25.0587
12.8767 52 20.7013
11.4444 163 41.7556
12.4496 60 21.9597
12.4496 66 23.1597
12.2505 71 24.0004
12.6262 57 21.501
11.5729 90 27.2583
11.4894 154 39.9915
12.4496 63 22.5597
11.5729 91 27.4583
12.4881 56 21.1905
12.4881 62 22.3905
11.377 172 43.5016
11.7816 75 24.4253
11.6468 79 25.1174
11.6179 81 25.4943
11.5857 94 28.0686
11.5922 86 26.4737
12.4881 61 22.1905
12.2087 77 25.167
11.6403 88 26.9123
11.6179 83 25.8943
12.4881 60 21.9905
12.4399 68 23.552
11.6468 79 25.1174
12.8767 49 20.1013
12.6262 66 23.301
12.4496 66 23.1597
11.7816 75 24.4253
12.4881 59 21.7905
11.6724 77 24.738
12.2505 68 23.4004
12.4496 62 22.3597
11.5922 93 27.8737
11.6468 83 25.9174
11.6724 75 24.338
11.7816 80 25.4253
11.8362 71 23.669
11.6724 76 24.538
11.5922 85 26.2737
12.5877 62 22.4701
11.6179 82 25.6943
12.6198 60 22.0958
12.6262 57 21.501
11.5922 88 26.8737
11.6468 77 24.7174
11.6468 78 24.9174
11.6724 76 24.538
12.4399 68 23.552
11.5922 85 26.2737
11.5922 90 27.2737
11.5665 98 28.8532
11.7592 77 24.8073
12.8382 54 21.0705
12.6198 60 22.0958
12.6262 57 21.501
12.8767 53 20.9013
12.5877 62 22.4701
11.9069 74 24.3255
11.8362 71 23.669
12.1381 71 23.9105
12.6262 57 21.501
11.6179 82 25.6943
11.6468 81 25.5174
11.5729 92 27.6583
12.6615 57 21.5292
12.4496 65 22.9597
12.4496 66 23.1597
11.6468 80 25.3174
11.5922 82 25.6737
12.4881 59 21.7905
11.6179 84 26.0943
12.2505 69 23.6004
12.4496 64 22.7597
12.8767 53 20.9013
12.6262 60 22.101
11.7559 85 26.4048
11.6468 77 24.7174
11.5922 86 26.4737
12.4881 57 21.3905
11.8362 72 23.869
11.666 85 26.3328
12.8382 57 21.6705
11.5729 91 27.4583
