12.8767 44 19.1013
12.8382 49 20.0705
12.6262 49 19.901
12.8767 46 19.5013
12.8382 49 20.0705
12.6262 53 20.701
12.8767 52 20.7013
12.6262 51 20.301
12.4881 52 20.3905
12.5877 52 20.4701
12.6262 55 21.101
12.4785 56 21.1828
12.4881 56 21.1905
12.4496 54 20.7597
12.4399 56 21.152
12.4399 55 20.952
12.4496 53 20.5597
12.4785 52 20.3828
12.4399 55 20.952
12.4399 61 22.152
12.4399 62 22.352
12.4399 60 21.952
12.4399 61 22.152
12.4399 62 22.352
12.4399 63 22.552
12.4399 64 22.752
12.1381 66 22.9105
12.4399 63 22.552
11.8362 68 23.069
12.0963 74 24.4771
12.4399 66 23.152
11.7816 73 24.0253
12.1381 68 23.3105
11.7816 74 24.2253
11.8362 67 22.869
11.8105 73 24.0484
11.6724 72 23.738
11.8105 72 23.8484
11.666 80 25.3328
11.666 81 25.5328
11.5922 79 25.0737
11.6724 75 24.338
11.6179 76 24.4943
11.6018 85 26.2814
11.6114 84 26.0891
11.7816 75 24.4253
11.6114 86 26.4891
11.6179 80 25.2943
11.5922 81 25.4737
11.6179 79 25.0943
11.5857 89 27.0686
11.6179 79 25.0943
11.5922 84 26.0737
11.6179 81 25.4943
11.6179 82 25.6943
11.6468 81 25.5174
11.5922 86 26.4737
11.5922 87 26.6737
11.5857 90 27.2686
11.5922 99 29.0737
11.5729 89 27.0583
11.5922 87 26.6737
12.8767 47 19.7013
12.4496 54 20.7597
11.6403 82 25.7123
12.4399 60 21.952
12.4496 54 20.7597
12.4399 64 22.752
11.6724 75 24.338
12.4399 65 22.952
12.8382 49 20.0705
12.5877 54 20.8701
12.4881 51 20.1905
11.5922 83 25.8737
11.8105 72 23.8484
12.4496 54 20.7597
11.6179 80 25.2943
11.5922 79 25.0737
12.5877 52 20.4701
12.8767 48 19.9013
12.8767 47 19.7013
12.6262 52 20.501
11.5922 78 24.8737
12.0963 74 24.4771
12.4399 55 20.952
11.8362 70 23.469
12.5877 52 20.4701
12.6262 52 20.501
11.8362 68 23.069
12.4399 66 23.152
12.4399 69 23.752
12.8382 51 20.4705
12.1381 66 22.9105
11.8362 68 23.069
12.4399 58 21.552
12.4881 52 20.3905
11.5472 98 28.8378
11.8105 73 24.0484
12.4399 64 22.752
11.8105 72 23.8484
12.8767 51 20.5013
11.6179 76 24.4943
11.6179 77 24.6943
12.4399 58 21.552
12.1124 68 23.2899
12.1381 66 22.9105
11.8234 77 24.8587
12.4881 51 20.1905
12.6262 50 20.101
11.6179 77 24.6943
12.4399 56 21.152
12.5877 52 20.4701
11.5922 86 26.4737
12.8767 49 20.1013
11.6275 82 25.702
12.4496 54 20.7597
11.8105 71 23.6484
11.5922 82 25.6737
12.4399 63 22.552
12.8767 47 19.7013
12.4399 58 21.552
11.5922 84 26.0737
12.4785 54 20.7828
11.6179 78 24.8943
12.0963 75 24.6771
12.1124 69 23.4899
11.5922 85 26.2737
11.8362 68 23.069
12.8767 48 19.9013
12.4399 63 22.552
12.8767 46 19.5013
12.4881 50 19.9905
11.5729 91 27.4583
11.7559 86 26.6048
12.4399 65 22.952
12.4399 67 23.352
12.4399 66 23.152
12.6262 50 20.101
11.6724 74 24.138
12.0835 72 24.0668
11.5922 80 25.2737
11.5922 90 27.2737
11.6724 75 24.338
11.5922 79 25.0737
11.5922 88 26.8737
12.4399 59 21.752
11.8748 83 26.0998
12.1381 68 23.3105
12.6262 48 19.701
12.4399 58 21.552
