11.7592 38 14.3832
12.9955 30 14.696
11.7592 37 14.2832
12.9955 31 14.796
11.7592 40 14.5832
12.9955 29 14.596
11.5408 45 14.8867
11.7592 44 14.9832
12.6551 33 14.6896
12.9955 28 14.496
11.5633 46 15.0069
11.7367 45 15.063
12.6005 44 15.7405
12.8349 40 15.5514
11.5633 44 14.8069
11.7367 43 14.863
12.973 32 14.8757
12.6551 35 14.8896
12.9955 32 14.896
11.5633 45 14.9069
13.702 26 14.9318
12.973 31 14.7757
12.6551 40 15.3896
11.5183 55 15.8665
13.6185 34 15.6566
11.5408 47 15.0867
12.6551 37 15.0896
11.5633 47 15.1069
11.5408 46 14.9867
12.6551 41 15.4896
11.5408 49 15.2867
11.5408 50 15.3867
11.5408 49 15.2867
11.5633 42 14.6069
11.5633 47 15.1069
11.4862 51 15.4376
11.4027 52 15.4624
11.5183 56 15.9665
11.5408 53 15.6867
11.4027 53 15.5624
11.3577 65 16.722
11.3802 60 16.2422
11.4027 57 15.9624
11.3802 58 16.0422
11.3802 62 16.4422
11.5408 49 15.2867
11.3802 61 16.3422
11.3802 65 16.7422
11.3256 67 16.8931
11.3577 63 16.522
11.3802 61 16.3422
11.3256 62 16.3931
11.4862 54 15.7376
11.3256 66 16.7931
11.3256 67 16.8931
11.3256 71 17.2931
11.3256 69 17.0931
11.3256 70 17.1931
11.3256 74 17.5931
11.2807 81 18.2526
12.4175 64 17.5757
11.3256 77 17.8931
11.3256 73 17.4931
11.2036 154 25.4832
12.9409 39 15.5468
11.3802 59 16.1422
11.3802 57 15.9422
11.7592 41 14.6832
12.9955 29 14.596
12.6551 40 15.3896
11.5183 53 15.6665
11.3256 68 16.9931
12.9955 26 14.296
11.7367 41 14.663
11.5633 44 14.8069
12.9409 37 15.3468
11.5408 48 15.1867
11.4862 53 15.6376
11.4862 56 15.9376
11.4862 53 15.6376
12.4175 61 17.2757
11.3802 56 15.8422
11.3802 58 16.0422
11.3256 70 17.1931
11.3802 60 16.2422
11.2036 151 25.1832
12.6551 33 14.6896
12.973 30 14.6757
11.3256 61 16.2931
12.9955 31 14.796
11.3802 58 16.0422
12.9955 29 14.596
11.5408 45 14.8867
11.7592 39 14.4832
11.4027 56 15.8624
11.7367 42 14.763
11.3802 60 16.2422
12.9955 32 14.896
11.4027 54 15.6624
11.3256 68 16.9931
11.5408 48 15.1867
11.3256 72 17.3931
11.3802 58 16.0422
11.3802 62 16.4422
11.1811 163 26.363
11.3256 71 17.2931
11.4862 52 15.5376
11.5408 47 15.0867
12.6551 36 14.9896
11.5408 53 15.6867
12.9955 30 14.696
12.6551 36 14.9896
12.6551 35 14.8896
11.5408 48 15.1867
11.7367 43 14.863
12.9955 25 14.196
11.3802 59 16.1422
13.702 30 15.3318
11.7592 39 14.4832
11.5408 51 15.4867
11.3802 61 16.3422
11.3802 61 16.3422
11.4027 53 15.5624
11.4862 59 16.2376
11.3256 63 16.4931
11.5087 53 15.6578
11.7592 35 14.0832
11.5408 48 15.1867
11.5408 48 15.1867
11.4027 55 15.7624
13.702 26 14.9318
12.6551 33 14.6896
12.973 30 14.6757
11.3642 145 24.7277
11.3256 67 16.8931
11.7367 41 14.663
11.4862 59 16.2376
11.4027 54 15.6624
11.5408 49 15.2867
12.6551 36 14.9896
11.5311 52 15.578
11.3802 59 16.1422
11.3802 63 16.5422
11.3802 60 16.2422
12.6551 37 15.0896
11.3256 73 17.4931
11.4027 56 15.8624
11.7367 41 14.663
13.702 26 14.9318
11.5633 43 14.7069
