12.3019 59 30.9811
13.4611 63 33.2767
12.3019 60 31.3811
14.553 57 31.5318
12.2762 63 32.5657
13.352 65 34.0112
14.553 58 31.9318
12.2697 69 34.9618
12.3019 62 32.1811
14.5273 59 32.3164
12.2473 63 32.5484
12.2697 70 35.3619
12.0642 68 34.4385
12.2473 64 32.9484
12.1188 65 33.2713
12.0642 70 35.2385
11.8105 69 34.6863
12.1188 63 32.4713
12.1188 65 33.2713
11.8234 75 37.094
11.7816 73 36.269
11.6724 70 35.0035
11.8105 70 35.0863
11.8362 70 35.1017
11.6724 71 35.4035
11.6179 76 37.3707
11.6468 73 36.1881
11.6724 71 35.4035
11.6468 74 36.5881
11.6179 75 36.9707
11.6468 75 36.9881
11.6724 70 35.0035
11.7816 74 36.669
11.5922 78 38.1553
11.6179 78 38.1707
11.5857 86 41.3514
11.5922 80 38.9553
11.5857 88 42.1514
11.5922 82 39.7553
11.5472 85 40.9283
11.7559 80 39.0536
11.5729 84 40.5437
11.5472 85 40.9283
11.5729 85 40.9437
11.5472 88 42.1283
11.5408 94 44.5245
11.5472 88 42.1283
11.5472 98 46.1283
11.5408 97 45.7245
11.5472 91 43.3283
11.5472 90 42.9283
11.5408 93 44.1245
11.5472 93 44.1283
11.5408 94 44.5245
11.5408 95 44.9245
11.5408 94 44.5245
11.5408 95 44.9245
11.5408 102 47.7245
11.5472 90 42.9283
11.6981 97 45.8189
11.5408 108 50.1245
11.5665 98 46.1399
11.5665 101 47.3399
11.5022 127 57.7013
12.2473 64 32.9484
11.5729 83 40.1437
11.5472 92 43.7283
11.5857 89 42.5514
11.6724 71 35.4035
14.5273 58 31.9164
11.6179 78 38.1707
11.6179 76 37.3707
11.5729 85 40.9437
14.553 56 31.1318
11.6724 73 36.2035
11.6179 78 38.1707
11.5729 89 42.5437
13.4611 64 33.6767
11.5922 79 38.5553
11.5408 92 43.7245
11.5408 95 44.9245
11.5697 127 57.7418
11.6468 77 37.7881
11.5408 99 46.5245
12.2216 66 33.7329
12.2216 66 33.7329
12.2473 65 33.3484
12.3019 62 32.1811
11.5922 78 38.1553
11.5408 102 47.7245
11.7816 74 36.669
11.5408 100 46.9245
11.5922 82 39.7553
11.5922 79 38.5553
14.4727 62 33.4836
11.5729 84 40.5437
14.5273 58 31.9164
11.5408 96 45.3245
12.1188 66 33.6713
11.5922 82 39.7553
11.5311 104 48.5187
11.5408 99 46.5245
13.3776 64 33.6266
11.5408 93 44.1245
11.5408 100 46.9245
11.5922 79 38.5553
12.1188 67 34.0713
11.5729 83 40.1437
11.5922 78 38.1553
11.5472 90 42.9283
12.0803 74 36.8482
11.7816 74 36.669
11.5472 88 42.1283
11.5472 88 42.1283
12.1188 67 34.0713
11.5408 102 47.7245
11.5408 94 44.5245
11.8105 70 35.0863
11.5408 105 48.9245
11.666 79 38.5996
11.8234 75 37.094
11.5922 79 38.5553
11.7816 73 36.269
11.5408 97 45.7245
11.5408 104 48.5245
11.6468 74 36.5881
11.5922 79 38.5553
14.5273 58 31.9164
11.8362 67 33.9017
11.5729 88 42.1437
11.5922 81 39.3553
12.2473 64 32.9484
11.5922 78 38.1553
11.5857 90 42.9514
11.5408 98 46.1245
11.666 78 38.1996
12.2312 71 35.7387
12.2216 67 34.1329
11.4605 143 64.0763
11.5922 85 40.9553
11.5472 92 43.7283
12.0385 71 35.6231
12.3019 59 30.9811
11.5472 86 41.3283
11.5022 132 59.7013
12.1188 67 34.0713
11.5472 86 41.3283
11.5472 100 46.9283
11.5922 83 40.1553
11.5729 83 40.1437
