12.8382 46 19.4705
12.8767 45 19.3013
12.8382 48 19.8705
12.8382 47 19.6705
12.6262 48 19.701
12.6262 50 20.101
12.8382 51 20.4705
12.5877 51 20.2701
12.4881 50 19.9905
12.6262 50 20.101
12.4881 54 20.7905
12.4785 55 20.9828
12.4881 52 20.3905
12.4496 53 20.5597
12.4785 56 21.1828
12.4881 50 19.9905
12.4399 55 20.952
12.4881 51 20.1905
12.4399 56 21.152
12.4399 57 21.352
12.4399 58 21.552
12.4399 62 22.352
12.6037 57 21.483
12.4399 61 22.152
12.5877 57 21.4701
12.4399 63 22.552
12.0835 69 23.4668
12.4399 67 23.352
11.8362 71 23.669
12.1381 66 22.9105
12.4399 63 22.552
11.8362 71 23.669
12.1381 67 23.1105
11.7816 73 24.0253
11.6468 72 23.7174
11.8105 70 23.4484
11.8105 72 23.8484
11.6724 71 23.538
11.6724 72 23.738
11.5922 77 24.6737
11.6179 77 24.6943
11.6403 81 25.5123
11.6114 82 25.6891
11.6724 71 23.538
11.5922 78 24.8737
11.6114 84 26.0891
11.6179 74 24.0943
11.5922 80 25.2737
11.5922 86 26.4737
11.5922 78 24.8737
11.5857 88 26.8686
11.5922 82 25.6737
11.5922 83 25.8737
11.5922 84 26.0737
11.5665 92 27.6532
11.5922 83 25.8737
11.5729 86 26.4583
11.5472 87 26.6378
11.5472 89 27.0378
11.5408 95 28.2326
12.4399 65 22.952
11.5472 88 26.8378
11.6468 73 23.9174
12.4399 54 20.752
12.4881 55 20.9905
13.0951 63 23.076
11.6179 76 24.4943
11.6468 73 23.9174
12.1381 67 23.1105
12.4496 55 20.9597
12.4785 55 20.9828
12.1381 65 22.7105
11.8234 76 24.6587
11.5857 91 27.4686
11.6468 74 24.1174
11.6179 84 26.0943
12.4399 58 21.552
12.4399 64 22.752
11.7816 72 23.8253
11.7913 78 25.033
11.5729 85 26.2583
12.6262 48 19.701
12.4399 62 22.352
12.6262 51 20.301
11.666 80 25.3328
11.6468 77 24.7174
11.5922 81 25.4737
11.5922 85 26.2737
11.6114 84 26.0891
11.5922 83 25.8737
12.0835 69 23.4668
12.6262 52 20.501
11.6468 75 24.3174
11.5729 86 26.4583
12.4399 63 22.552
11.5472 88 26.8378
12.4496 58 21.5597
12.6262 50 20.101
11.8105 70 23.4484
11.5922 80 25.2737
12.4399 59 21.752
11.6724 72 23.738
12.6262 49 19.901
11.5922 82 25.6737
12.4399 62 22.352
11.6179 75 24.2943
11.8362 68 23.069
11.5857 85 26.2686
12.6262 49 19.901
11.5472 88 26.8378
12.4399 60 21.952
11.5472 87 26.6378
12.4785 56 21.1828
11.6179 87 26.6943
11.5729 87 26.6583
11.5729 85 26.2583
12.4399 60 21.952
11.6468 74 24.1174
11.5922 83 25.8737
11.5472 88 26.8378
12.4399 63 22.552
12.4881 50 19.9905
12.8382 48 19.8705
12.4881 50 19.9905
11.5729 84 26.0583
12.4399 62 22.352
12.6262 48 19.701
12.4496 53 20.5597
12.4399 63 22.552
11.8105 70 23.4484
11.5665 92 27.6532
11.6724 70 23.338
12.4881 51 20.1905
12.8767 45 19.3013
12.4399 64 22.752
11.6179 74 24.0943
11.6403 81 25.5123
11.7367 83 25.9893
12.4399 56 21.152
11.6468 75 24.3174
11.6468 79 25.1174
11.6179 77 24.6943
11.8362 67 22.869
12.6262 53 20.701
12.4399 57 21.352
12.4399 63 22.552
11.5922 83 25.8737
11.6468 74 24.1174
11.5472 89 27.0378
11.5922 79 25.0737
