13.262 59 36.131
12.8349 67 39.9175
13.2364 62 37.6182
12.8092 63 37.9046
12.3019 62 37.1509
12.8092 64 38.4046
12.3019 66 39.1509
12.3019 64 38.1509
12.1381 65 38.569
12.2762 72 42.1381
12.2762 67 39.6381
12.1381 66 39.069
11.7816 71 41.3908
12.0931 69 40.5466
12.0963 74 43.0482
11.8362 68 39.9181
11.8362 69 40.4181
11.6724 70 40.8362
11.8105 70 40.9053
11.7816 74 42.8908
11.6724 75 43.3362
11.6724 72 41.8362
11.6468 73 42.3234
11.6179 77 44.3089
11.5922 78 44.7961
11.6179 75 43.3089
11.5922 79 45.2961
11.6114 83 47.3057
11.6179 77 44.3089
11.5922 87 49.2961
11.5922 80 45.7961
11.6468 73 42.3234
11.6179 76 43.8089
11.5922 81 46.2961
11.5729 86 48.7864
11.5922 82 46.7961
11.5729 83 47.2864
11.5729 84 47.7864
11.5472 85 48.2736
11.5729 83 47.2864
11.5472 86 48.7736
11.5472 87 49.2736
11.5408 95 53.2704
11.5472 89 50.2736
11.5408 97 54.2704
11.5055 93 52.2527
11.5408 98 54.7704
11.5055 95 53.2527
11.5376 92 51.7688
11.5055 93 52.2527
11.5055 94 52.7527
11.5055 91 51.2527
11.5055 95 53.2527
11.4733 96 53.7367
11.4733 97 54.2367
11.3802 105 58.1901
11.4477 101 56.2238
11.4477 99 55.2238
11.3802 107 59.1901
11.4733 96 53.7367
11.6371 85 48.3186
11.5922 83 47.2961
11.8362 68 39.9181
11.9069 70 40.9534
12.106 74 43.053
11.7816 74 42.8908
12.1188 67 39.5594
11.4477 98 54.7238
11.5922 79 45.2961
12.8349 60 36.4175
11.6179 77 44.3089
11.4733 98 54.7367
11.5729 82 46.7864
11.5408 96 53.7704
11.4733 96 53.7367
11.5472 90 50.7736
11.4798 95 53.2399
11.5055 96 53.7527
11.5665 91 51.2832
11.4733 98 54.7367
11.4733 99 55.2367
12.1381 67 39.569
12.7803 66 39.3902
11.438 99 55.219
11.8105 70 40.9053
11.666 77 44.333
11.5922 82 46.7961
11.5922 78 44.7961
11.5055 95 53.2527
11.5055 94 52.7527
11.6179 77 44.3089
11.5055 92 51.7527
11.8105 72 41.9053
11.5472 87 49.2736
12.8349 61 36.9175
11.5729 83 47.2864
12.7803 65 38.8902
11.6724 71 41.3362
11.5922 82 46.7961
11.6179 76 43.8089
11.6724 72 41.8362
12.8349 62 37.4175
11.5472 88 49.7736
12.3019 67 39.6509
11.4733 98 54.7367
11.6468 79 45.3234
11.4477 98 54.7238
11.5729 86 48.7864
12.0835 71 41.5417
11.5922 79 45.2961
11.5472 86 48.7736
12.729 62 37.3645
11.5055 92 51.7527
11.5729 85 48.2864
11.3802 107 59.1901
12.3019 67 39.6509
12.8349 62 37.4175
11.5472 85 48.2736
11.5472 86 48.7736
12.8349 61 36.9175
11.6724 71 41.3362
11.9069 68 39.9534
11.5055 94 52.7527
11.5055 95 53.2527
11.438 99 55.219
11.4477 97 54.2238
11.5922 78 44.7961
11.4477 98 54.7238
11.8234 77 44.4117
12.3019 65 38.6509
11.6179 78 44.8089
11.5729 86 48.7864
11.8105 70 40.9053
12.2762 65 38.6381
11.3802 105 58.1901
11.8105 69 40.4053
11.5922 84 47.7961
11.4733 95 53.2367
11.4637 105 58.2319
11.4798 97 54.2399
11.6468 75 43.3234
11.6468 76 43.8234
13.262 60 36.631
11.8105 70 40.9053
11.6724 73 42.3362
12.8285 69 40.9143
11.5922 78 44.7961
11.5922 79 45.2961
11.5055 93 52.2527
12.2473 69 40.6236
