13.4965 79 52.7986
12.4207 79 52.3683
12.1381 80 52.8552
12.5106 83 54.8042
11.9486 80 52.7794
12.2248 82 54.0899
11.8362 82 53.9345
11.894 86 56.3576
11.9486 81 53.3794
11.6724 85 55.669
11.7592 87 56.9037
11.6724 93 60.469
11.7848 84 55.1139
11.6724 87 56.869
11.6468 90 58.6587
11.6468 91 59.2587
11.6403 97 62.8561
11.6724 88 57.469
11.7303 88 57.4921
11.6403 98 63.4561
11.5729 102 65.8292
11.5922 96 62.2369
11.6468 89 58.0587
11.6179 93 60.4471
11.5472 105 67.6189
11.5922 97 62.8369
11.5922 96 62.2369
11.5472 108 69.4189
11.5922 98 63.4369
11.5922 99 64.0369
11.7046 99 64.0818
11.5729 102 65.8292
11.5857 102 65.8343
11.5633 118 75.4253
11.5633 119 76.0253
11.5536 126 80.2215
11.5408 131 83.2163
12.3725 117 75.149
11.711 118 75.4844
11.5633 124 79.0253
11.5633 127 80.8253
11.5633 128 81.4253
11.5408 129 82.0163
11.5633 127 80.8253
11.5633 129 82.0253
12.4721 124 79.3888
11.5022 140 88.6009
11.438 129 81.9752
12.4721 125 79.9888
12.2184 132 84.0873
11.4284 137 86.7714
11.3963 150 94.5585
11.6468 93 60.4587
11.8748 95 61.7499
12.2505 77 51.1002
11.5633 118 75.4253
11.6468 96 62.2587
11.6179 91 59.2471
11.5922 99 64.0369
11.5408 128 81.4163
11.5633 124 79.0253
11.6468 89 58.0587
12.2248 81 53.4899
11.7848 84 55.1139
11.5408 128 81.4163
11.5408 133 84.4163
11.894 87 56.9576
11.6468 90 58.6587
11.6468 88 57.4587
11.5247 130 82.6099
11.5633 122 77.8253
11.8748 94 61.1499
11.6468 94 61.0587
11.5247 131 83.2099
11.5633 124 79.0253
11.6532 138 87.4613
11.9358 88 57.5743
11.7592 88 57.5037
11.5633 121 77.2253
11.7559 95 61.7024
11.6468 91 59.2587
11.5472 106 68.2189
11.6724 88 57.469
11.6724 95 61.669
12.2505 80 52.9002
11.4027 141 89.1611
11.4155 125 79.5662
12.3725 114 73.349
11.6179 91 59.2471
11.5922 95 61.6369
11.4669 128 81.3868
11.5922 96 62.2369
11.7303 90 58.6921
11.3449 141 89.138
11.6179 118 75.4471
12.1381 80 52.8552
11.9486 83 54.5795
11.5857 103 66.4343
11.6724 85 55.669
11.6917 131 83.2767
11.6468 88 57.4587
11.5922 100 64.6369
11.4123 132 83.7649
11.5247 130 82.6099
13.4611 84 55.7845
11.6724 86 56.269
11.5633 122 77.8253
11.9486 79 52.1795
11.5922 97 62.8369
11.5857 104 67.0343
11.7848 84 55.1139
11.4412 132 83.7765
11.9358 87 56.9743
11.5922 96 62.2369
11.5633 124 79.0253
12.3725 117 75.149
11.3353 149 93.9341
11.5633 119 76.0253
11.5922 95 61.6369
11.6724 84 55.069
11.5633 123 78.4253
11.6724 85 55.669
11.5633 125 79.6253
12.5652 77 51.2261
11.5408 131 83.2163
12.2248 81 53.4899
12.1959 84 55.2784
11.6917 130 82.6767
12.2087 86 56.4835
11.3963 153 96.3585
11.6468 92 59.8587
11.6179 89 58.0471
13.2074 77 51.483
11.666 95 61.6664
11.5633 126 80.2253
11.8362 82 53.9345
11.5472 105 67.6189
11.5857 108 69.4343
11.711 120 76.6844
11.5922 101 65.2369
11.5922 100 64.6369
11.4027 139 87.9611
12.5106 82 54.2042
11.6179 90 58.6471
13.4676 81 53.987
11.5633 129 82.0253
11.4669 129 81.9868
11.4027 139 87.9611
11.3963 148 93.3585
11.6179 94 61.0471
