11.0976 164 41.6781
11.3449 157 40.4759
11.3353 158 40.6682
11.5472 101 29.4378
11.5472 100 29.2378
11.5472 98 28.8378
11.5472 100 29.2378
11.5472 101 29.4378
11.5087 110 31.2069
11.5472 97 28.6378
11.5472 99 29.0378
11.5472 101 29.4378
11.5087 108 30.8069
11.5087 109 31.0069
11.3449 114 31.8759
11.3449 117 32.4759
11.5472 97 28.6378
11.5472 98 28.8378
11.5472 99 29.0378
11.5472 100 29.2378
11.5472 101 29.4378
11.5344 105 30.2275
11.5087 109 31.0069
11.5472 97 28.6378
11.5472 98 28.8378
11.5472 99 29.0378
11.5472 100 29.2378
11.5472 101 29.4378
11.5344 104 30.0275
11.5472 98 28.8378
11.5472 99 29.0378
11.5472 100 29.2378
11.5344 103 29.8275
11.5344 105 30.2275
11.5922 87 26.6737
11.5472 96 28.4378
11.5472 97 28.6378
11.5472 98 28.8378
11.5472 99 29.0378
11.5472 100 29.2378
11.5472 101 29.4378
11.5344 102 29.6275
11.5344 104 30.0275
11.5344 105 30.2275
11.5087 107 30.6069
11.5087 108 30.8069
11.5472 95 28.2378
11.5472 97 28.6378
11.5472 98 28.8378
11.5472 99 29.0378
11.5472 100 29.2378
11.5344 101 29.4275
11.5472 101 29.4378
11.5344 105 30.2275
11.5087 108 30.8069
11.5922 87 26.6737
11.5472 94 28.0378
11.5472 95 28.2378
11.5472 96 28.4378
11.5472 97 28.6378
11.5472 98 28.8378
11.5472 100 29.2378
11.5344 101 29.4275
11.5344 102 29.6275
11.5344 103 29.8275
11.5087 105 30.2069
11.5922 86 26.4737
11.5922 87 26.6737
11.5729 92 27.6583
11.5472 94 28.0378
11.5472 95 28.2378
11.5472 96 28.4378
11.5472 97 28.6378
11.5472 99 29.0378
11.5472 100 29.2378
11.4348 110 31.1479
11.5922 86 26.4737
11.5922 87 26.6737
11.5729 92 27.6583
11.5472 95 28.2378
11.5472 96 28.4378
11.5472 97 28.6378
11.5472 98 28.8378
11.5922 85 26.2737
11.5922 86 26.4737
11.5922 87 26.6737
11.5729 91 27.4583
11.5729 92 27.6583
11.5472 93 27.8378
11.5472 95 28.2378
11.5472 96 28.4378
11.5472 97 28.6378
11.5922 86 26.4737
11.5922 87 26.6737
11.5729 90 27.2583
11.5472 94 28.0378
11.5472 95 28.2378
11.5408 101 29.4326
11.5922 85 26.2737
11.5922 86 26.4737
11.5922 87 26.6737
11.5729 91 27.4583
11.5729 92 27.6583
11.5472 94 28.0378
11.5472 96 28.4378
11.6179 80 25.2943
11.5922 85 26.2737
11.5922 86 26.4737
11.5729 90 27.2583
11.5729 91 27.4583
11.5472 95 28.2378
11.5472 99 29.0378
11.5922 85 26.2737
11.5922 86 26.4737
11.5922 87 26.6737
11.5729 91 27.4583
11.5729 92 27.6583
11.5472 95 28.2378
11.6724 75 24.338
11.5922 85 26.2737
11.5922 86 26.4737
11.5729 89 27.0583
11.5729 90 27.2583
11.5729 91 27.4583
11.5729 92 27.6583
11.5472 93 27.8378
11.5472 94 28.0378
11.5472 96 28.4378
11.8362 70 23.469
11.8105 72 23.8484
11.5922 83 25.8737
11.5922 84 26.0737
11.5922 85 26.2737
11.5922 86 26.4737
11.5729 90 27.2583
11.5729 91 27.4583
11.5472 92 27.6378
11.5729 92 27.6583
11.5472 94 28.0378
11.5472 95 28.2378
11.5472 96 28.4378
11.5472 101 29.4378
11.6179 80 25.2943
11.5922 82 25.6737
11.5922 83 25.8737
11.5922 84 26.0737
11.5922 85 26.2737
11.5922 86 26.4737
11.5729 90 27.2583
11.6724 75 24.338
11.6468 77 24.7174
11.5922 82 25.6737
11.5922 84 26.0737
11.5922 85 26.2737
11.5922 86 26.4737
11.5729 90 27.2583
11.5729 91 27.4583
11.5472 92 27.6378
11.5729 92 27.6583
12.6262 52 20.501
12.4399 60 21.952
11.8362 70 23.469
11.8105 72 23.8484
11.6724 75 24.338
11.6468 76 24.5174
11.5922 83 25.8737
11.5922 84 26.0737
11.5922 85 26.2737
11.5922 86 26.4737
11.5922 87 26.6737
11.5729 89 27.0583
11.5729 91 27.4583
12.8767 48 19.9013
12.4399 61 22.152
12.4399 64 22.752
11.8362 69 23.269
11.6468 75 24.3174
11.6724 75 24.338
11.6468 77 24.7174
11.6179 80 25.2943
11.5922 82 25.6737
11.5922 83 25.8737
11.5922 84 26.0737
11.5922 85 26.2737
11.5922 87 26.6737
11.5729 91 27.4583
12.6262 52 20.501
12.4399 59 21.752
12.4399 60 21.952
12.4399 62 22.352
12.4399 64 22.752
11.8362 69 23.269
11.8362 70 23.469
11.8105 71 23.6484
11.6468 77 24.7174
11.5922 83 25.8737
11.5922 84 26.0737
11.5922 85 26.2737
11.5922 86 26.4737
11.5729 90 27.2583
11.5729 91 27.4583
11.5729 92 27.6583
11.5472 93 27.8378
12.8767 47 19.7013
12.4399 58 21.552
12.4399 59 21.752
12.4399 60 21.952
12.4399 61 22.152
12.4399 63 22.552
12.4399 65 22.952
11.8362 69 23.269
11.8105 72 23.8484
11.6724 75 24.338
11.6468 76 24.5174
11.6468 77 24.7174
11.6179 80 25.2943
11.5922 81 25.4737
11.5922 82 25.6737
11.5922 83 25.8737
11.5922 84 26.0737
11.5922 86 26.4737
11.5922 87 26.6737
11.5729 90 27.2583
11.5729 91 27.4583
11.5472 93 27.8378
12.8767 48 19.9013
12.6262 51 20.301
12.4399 59 21.752
12.4399 60 21.952
12.4399 62 22.352
12.4399 63 22.552
12.4399 64 22.752
12.4399 65 22.952
11.8362 69 23.269
11.8362 70 23.469
11.8105 72 23.8484
11.7816 73 24.0253
11.6468 76 24.5174
11.6468 77 24.7174
11.6179 80 25.2943
11.5922 81 25.4737
11.5922 82 25.6737
11.5922 83 25.8737
11.5922 84 26.0737
11.5922 85 26.2737
11.5922 86 26.4737
11.5922 87 26.6737
11.5729 89 27.0583
12.8767 47 19.7013
12.8767 48 19.9013
12.6262 52 20.501
12.4399 60 21.952
12.4399 61 22.152
12.4399 62 22.352
12.4399 64 22.752
12.1381 66 22.9105
11.8362 70 23.469
11.8105 72 23.8484
11.6724 74 24.138
11.6468 76 24.5174
11.6468 77 24.7174
11.5922 80 25.2737
11.5922 82 25.6737
11.5922 83 25.8737
11.5922 84 26.0737
11.5922 85 26.2737
11.5922 86 26.4737
11.5922 87 26.6737
12.6262 50 20.101
12.6262 51 20.301
12.6262 52 20.501
12.4785 55 20.9828
12.4496 56 21.1597
12.4399 59 21.752
12.4399 60 21.952
12.4399 61 22.152
12.4399 62 22.352
12.4399 64 22.752
12.4399 65 22.952
11.8362 70 23.469
11.8105 72 23.8484
11.6724 73 23.938
11.6724 74 24.138
11.6724 75 24.338
11.6468 76 24.5174
11.6468 77 24.7174
11.6179 79 25.0943
11.6179 80 25.2943
11.5922 81 25.4737
11.5922 82 25.6737
11.5922 83 25.8737
11.5922 84 26.0737
12.8767 47 19.7013
12.6262 49 19.901
12.8767 48 19.9013
12.7001 49 19.9601
12.6262 52 20.501
12.4496 56 21.1597
12.4399 57 21.352
12.4399 59 21.752
12.4399 60 21.952
12.4399 61 22.152
12.4399 62 22.352
12.4399 63 22.552
12.4399 64 22.752
12.4399 65 22.952
12.1381 67 23.1105
11.8362 69 23.269
11.8105 71 23.6484
11.7816 72 23.8253
11.8105 72 23.8484
11.6724 74 24.138
11.6724 75 24.338
11.6468 76 24.5174
11.6468 77 24.7174
11.6179 78 24.8943
11.6179 79 25.0943
11.6179 80 25.2943
11.5922 81 25.4737
11.5922 82 25.6737
11.5922 83 25.8737
11.5922 84 26.0737
11.5922 85 26.2737
11.5857 89 27.0686
12.8767 48 19.9013
12.6262 50 20.101
12.6262 51 20.301
12.6262 52 20.501
12.4496 55 20.9597
12.4496 56 21.1597
12.4399 57 21.352
12.4399 59 21.752
12.4399 60 21.952
12.4399 61 22.152
12.4399 62 22.352
12.4399 63 22.552
12.4399 64 22.752
12.4399 65 22.952
12.1381 67 23.1105
11.8362 69 23.269
12.1381 68 23.3105
11.8362 70 23.469
11.8105 71 23.6484
11.8105 72 23.8484
11.7816 73 24.0253
11.6724 74 24.138
11.6724 75 24.338
11.6468 76 24.5174
11.6468 77 24.7174
11.6179 78 24.8943
11.6179 79 25.0943
11.6179 80 25.2943
11.5922 81 25.4737
11.5922 82 25.6737
11.5922 83 25.8737
11.5922 84 26.0737
11.5922 85 26.2737
11.5922 86 26.4737
11.5857 88 26.8686
11.5857 89 27.0686
12.8767 48 19.9013
12.6262 50 20.101
12.6262 51 20.301
12.4399 56 21.152
12.4496 56 21.1597
12.4399 58 21.552
12.4399 59 21.752
12.4399 60 21.952
12.4399 61 22.152
12.4399 62 22.352
12.4399 63 22.552
11.8362 68 23.069
12.1381 67 23.1105
12.1381 68 23.3105
11.8105 70 23.4484
11.8362 70 23.469
11.8105 71 23.6484
11.8105 72 23.8484
11.7816 73 24.0253
11.6724 75 24.338
11.6468 76 24.5174
11.6468 77 24.7174
11.6179 79 25.0943
11.6179 80 25.2943
11.5922 81 25.4737
11.5922 83 25.8737
11.5922 84 26.0737
11.5922 85 26.2737
11.5922 86 26.4737
11.5922 87 26.6737
11.5857 89 27.0686
12.6262 49 19.901
12.8767 48 19.9013
12.6262 51 20.301
12.6262 52 20.501
12.4881 53 20.5905
12.4399 56 21.152
12.4399 57 21.352
12.4399 58 21.552
12.4399 59 21.752
12.4399 60 21.952
12.4399 61 22.152
12.4399 62 22.352
12.4399 63 22.552
12.1381 65 22.7105
12.4399 64 22.752
12.4399 65 22.952
12.1381 67 23.1105
11.8362 69 23.269
12.1381 68 23.3105
11.8105 70 23.4484
11.8362 70 23.469
11.8105 71 23.6484
11.8105 72 23.8484
11.7816 73 24.0253
11.6724 74 24.138
11.6724 75 24.338
11.6468 76 24.5174
11.6468 77 24.7174
11.6179 78 24.8943
11.6179 79 25.0943
11.5922 80 25.2737
11.6179 80 25.2943
11.5922 81 25.4737
11.5922 82 25.6737
11.5922 83 25.8737
11.5922 84 26.0737
11.5922 86 26.4737
11.5729 89 27.0583
11.5857 89 27.0686
12.8767 45 19.3013
12.8767 48 19.9013
12.6262 50 20.101
12.6262 51 20.301
12.4881 52 20.3905
12.5877 52 20.4701
12.6262 52 20.501
12.4785 53 20.5828
12.4881 53 20.5905
12.4496 56 21.1597
12.4399 57 21.352
12.4399 60 21.952
12.4399 61 22.152
12.4399 62 22.352
12.4399 63 22.552
12.4399 64 22.752
12.1381 66 22.9105
12.4399 65 22.952
12.1381 67 23.1105
11.8362 69 23.269
12.1381 68 23.3105
11.8105 70 23.4484
11.8362 70 23.469
11.8105 71 23.6484
11.8105 72 23.8484
11.6724 73 23.938
11.7816 73 24.0253
11.6724 74 24.138
11.6724 75 24.338
11.6468 76 24.5174
11.6468 77 24.7174
11.6179 78 24.8943
11.5922 80 25.2737
11.5922 81 25.4737
11.5922 82 25.6737
11.5922 83 25.8737
11.5922 84 26.0737
11.5922 85 26.2737
11.5922 86 26.4737
11.5857 87 26.6686
11.5922 87 26.6737
11.5857 88 26.8686
11.5729 90 27.2583
11.5472 92 27.6378
12.8767 46 19.5013
12.8382 48 19.8705
12.6262 50 20.101
12.6262 51 20.301
12.4881 52 20.3905
12.5877 52 20.4701
12.6262 52 20.501
12.4881 53 20.5905
12.4785 54 20.7828
12.4496 56 21.1597
12.4399 57 21.352
12.4399 58 21.552
12.4399 60 21.952
12.4399 61 22.152
12.4399 62 22.352
12.4399 63 22.552
12.4399 64 22.752
12.1381 66 22.9105
12.4399 65 22.952
12.1381 67 23.1105
11.8362 69 23.269
12.1124 68 23.2899
12.1381 68 23.3105
11.8105 70 23.4484
11.8362 70 23.469
11.8105 71 23.6484
11.8105 72 23.8484
11.6724 73 23.938
11.7816 73 24.0253
11.6724 74 24.138
11.6724 75 24.338
11.6468 76 24.5174
11.6179 77 24.6943
11.6468 77 24.7174
11.6179 78 24.8943
11.6179 79 25.0943
11.5922 80 25.2737
11.6179 80 25.2943
11.5922 81 25.4737
11.5922 82 25.6737
11.5922 83 25.8737
11.5922 84 26.0737
11.5922 85 26.2737
11.5922 86 26.4737
11.5922 87 26.6737
11.3706 112 31.4965
