11.2775 132 107.855
11.3224 99 81.4645
11.3224 98 80.6645
11.3224 103 84.6645
11.3224 98 80.6645
11.3224 99 81.4645
11.3224 100 82.2645
11.3224 102 83.8645
11.3224 103 84.6645
11.3224 97 79.8645
11.3224 98 80.6645
11.3224 99 81.4645
11.3224 101 83.0645
11.3224 102 83.8645
11.3224 97 79.8645
11.3224 98 80.6645
11.3224 99 81.4645
11.3224 100 82.2645
11.3224 105 86.2645
11.3224 108 88.6645
11.3224 96 79.0645
11.3224 98 80.6645
11.3224 99 81.4645
11.3224 102 83.8645
11.3224 96 79.0645
11.3224 97 79.8645
11.3224 98 80.6645
11.3224 99 81.4645
11.3224 100 82.2645
11.3224 102 83.8645
11.3224 98 80.6645
11.3224 99 81.4645
11.3224 102 83.8645
11.3224 107 87.8645
11.3224 95 78.2645
11.3224 96 79.0645
11.3224 97 79.8645
11.3224 98 80.6645
11.3224 99 81.4645
11.3224 100 82.2645
11.3224 101 83.0645
11.3224 108 88.6645
11.3224 110 90.2645
11.3224 111 91.0645
11.3224 95 78.2645
11.3224 96 79.0645
11.3224 103 84.6645
11.3224 105 86.2645
11.3224 98 80.6645
11.3224 96 79.0645
11.3224 97 79.8645
11.3224 95 78.2645
11.0687 150 122.214
11.3224 99 81.4645
11.0687 143 116.614
11.0687 148 120.614
11.0623 151 123.012
11.0302 153 124.606
11.3224 94 77.4645
11.3224 96 79.0645
11.3224 99 81.4645
11.3224 100 82.2645
11.3224 93 76.6645
11.3224 94 77.4645
11.3224 95 78.2645
11.3224 98 80.6645
11.3224 99 81.4645
11.3224 100 82.2645
11.3224 93 76.6645
11.3224 94 77.4645
11.3224 97 79.8645
11.3224 98 80.6645
11.3224 99 81.4645
11.3224 100 82.2645
11.3224 94 77.4645
11.3224 95 78.2645
11.3224 96 79.0645
11.3224 97 79.8645
11.3224 98 80.6645
11.3224 99 81.4645
11.3224 100 82.2645
11.3224 109 89.4645
11.3224 110 90.2645
11.3224 92 75.8645
11.3224 94 77.4645
11.3224 95 78.2645
11.3224 96 79.0645
11.3224 97 79.8645
11.3224 98 80.6645
11.3224 106 87.0645
11.3224 91 75.0645
11.3224 93 76.6645
11.3224 94 77.4645
11.3224 95 78.2645
11.3224 96 79.0645
11.3224 97 79.8645
11.3224 100 82.2645
11.3224 101 83.0645
11.3224 89 73.4645
11.3224 90 74.2645
11.3224 92 75.8645
11.3224 93 76.6645
11.3224 95 78.2645
11.3224 96 79.0645
11.3224 98 80.6645
11.3224 99 81.4645
11.3224 100 82.2645
11.3224 102 83.8645
11.3224 103 84.6645
11.3224 105 86.2645
11.3224 106 87.0645
11.3224 90 74.2645
11.3224 91 75.0645
11.3224 92 75.8645
11.3224 93 76.6645
11.3224 94 77.4645
11.3224 95 78.2645
11.3224 96 79.0645
11.3224 97 79.8645
11.3224 98 80.6645
11.3224 99 81.4645
11.3224 104 85.4645
11.3224 89 73.4645
11.3224 90 74.2645
11.3224 91 75.0645
11.3224 92 75.8645
11.3224 93 76.6645
11.3224 94 77.4645
11.3224 96 79.0645
11.3224 97 79.8645
11.3224 99 81.4645
11.3224 100 82.2645
11.3224 101 83.0645
11.3224 102 83.8645
11.3224 107 87.8645
11.3224 89 73.4645
11.3224 90 74.2645
11.3224 91 75.0645
11.3224 92 75.8645
11.3224 93 76.6645
11.3224 97 79.8645
11.3224 98 80.6645
11.3224 106 87.0645
11.3224 89 73.4645
11.3224 90 74.2645
11.3224 91 75.0645
11.3224 92 75.8645
11.3224 93 76.6645
11.3224 94 77.4645
11.3224 95 78.2645
11.3224 96 79.0645
11.3224 97 79.8645
11.3224 98 80.6645
11.3224 102 83.8645
11.332 81 67.0664
11.3224 87 71.8645
11.3224 88 72.6645
11.3224 89 73.4645
11.3224 91 75.0645
11.3224 93 76.6645
11.3224 94 77.4645
11.3224 95 78.2645
11.3224 97 79.8645
11.3224 99 81.4645
11.3224 100 82.2645
11.3224 101 83.0645
11.3224 102 83.8645
11.332 82 67.8664
11.3224 86 71.0645
11.3224 87 71.8645
11.3224 88 72.6645
11.3224 90 74.2645
11.3224 91 75.0645
11.3224 92 75.8645
11.3224 93 76.6645
11.3224 95 78.2645
11.3224 101 83.0645
11.332 82 67.8664
11.3224 85 70.2645
11.3224 86 71.0645
11.3224 87 71.8645
11.3224 89 73.4645
11.3224 90 74.2645
11.3224 91 75.0645
11.3224 93 76.6645
11.3224 94 77.4645
11.3224 95 78.2645
11.3224 96 79.0645
11.3224 97 79.8645
11.3224 100 82.2645
11.3224 101 83.0645
11.3224 105 86.2645
11.332 80 66.2664
11.332 81 67.0664
11.332 82 67.8664
11.3224 84 69.4645
11.3224 86 71.0645
11.3224 87 71.8645
11.3224 88 72.6645
11.3224 89 73.4645
11.3224 90 74.2645
11.3224 91 75.0645
11.3224 93 76.6645
11.3224 96 79.0645
11.3224 100 82.2645
11.5247 59 49.5049
11.332 80 66.2664
11.332 81 67.0664
11.332 82 67.8664
11.3224 84 69.4645
11.3224 85 70.2645
11.3224 86 71.0645
11.3224 87 71.8645
11.3224 89 73.4645
11.3224 90 74.2645
11.3224 91 75.0645
11.3224 92 75.8645
11.3224 93 76.6645
11.3224 95 78.2645
11.3224 97 79.8645
11.3224 100 82.2645
11.3224 101 83.0645
11.332 82 67.8664
11.3224 84 69.4645
11.3224 86 71.0645
11.3224 87 71.8645
11.3224 88 72.6645
11.3224 90 74.2645
11.3224 91 75.0645
11.3224 92 75.8645
11.3224 94 77.4645
11.3224 95 78.2645
11.3224 96 79.0645
11.3224 97 79.8645
11.3224 98 80.6645
11.3224 99 81.4645
11.3224 100 82.2645
11.3224 101 83.0645
11.3224 102 83.8645
11.5247 60 50.3049
11.3642 75 62.2728
11.332 79 65.4664
11.332 81 67.0664
11.332 82 67.8664
11.3224 85 70.2645
11.3224 86 71.0645
11.3224 87 71.8645
11.3224 88 72.6645
11.3224 89 73.4645
11.3224 90 74.2645
11.3224 92 75.8645
11.3224 93 76.6645
11.3224 94 77.4645
11.3224 96 79.0645
11.5247 59 49.5049
11.5247 60 50.3049
11.3642 75 62.2728
11.332 80 66.2664
11.332 81 67.0664
11.3224 85 70.2645
11.3224 86 71.0645
11.3224 87 71.8645
11.3224 88 72.6645
11.3224 89 73.4645
11.3224 90 74.2645
11.3224 91 75.0645
11.3224 92 75.8645
11.3224 93 76.6645
11.3224 97 79.8645
11.3224 103 84.6645
11.5247 60 50.3049
11.4252 67 55.885
11.332 79 65.4664
11.332 80 66.2664
11.332 81 67.0664
11.332 82 67.8664
11.3224 85 70.2645
11.3224 86 71.0645
11.3224 87 71.8645
11.3224 88 72.6645
11.3224 89 73.4645
11.3224 90 74.2645
11.3224 91 75.0645
11.3224 92 75.8645
11.3224 94 77.4645
11.3224 95 78.2645
11.3224 96 79.0645
11.3224 98 80.6645
11.3224 102 83.8645
11.5247 60 50.3049
11.3642 75 62.2728
11.332 78 64.6664
11.332 81 67.0664
11.3224 84 69.4645
11.3224 85 70.2645
11.3224 87 71.8645
11.3224 88 72.6645
11.3224 89 73.4645
11.3224 91 75.0645
11.3224 92 75.8645
11.3224 93 76.6645
11.3224 94 77.4645
11.3224 101 83.0645
11.5247 60 50.3049
11.332 79 65.4664
11.332 80 66.2664
11.332 81 67.0664
11.332 82 67.8664
11.3224 85 70.2645
11.3224 86 71.0645
11.3224 87 71.8645
11.3224 88 72.6645
11.3224 89 73.4645
11.3224 91 75.0645
11.3224 92 75.8645
11.3224 93 76.6645
11.3224 94 77.4645
11.3224 95 78.2645
11.3224 97 79.8645
11.3224 99 81.4645
11.3224 102 83.8645
11.5247 60 50.3049
11.3642 75 62.2728
11.332 80 66.2664
11.3224 83 68.6645
11.3224 85 70.2645
11.3224 87 71.8645
11.3224 88 72.6645
11.3224 89 73.4645
11.3224 90 74.2645
11.3224 91 75.0645
11.3224 96 79.0645
11.3224 100 82.2645
11.2261 136 111.045
11.5247 60 50.3049
11.4252 66 55.085
11.3642 74 61.4728
11.3642 75 62.2728
11.332 78 64.6664
11.332 79 65.4664
11.332 80 66.2664
11.332 81 67.0664
11.332 82 67.8664
11.3224 83 68.6645
11.3224 84 69.4645
11.3224 85 70.2645
11.3224 86 71.0645
11.3224 87 71.8645
11.3224 90 74.2645
11.3224 92 75.8645
11.3224 93 76.6645
11.3224 94 77.4645
11.3224 97 79.8645
11.3224 98 80.6645
11.5247 58 48.7049
11.5247 60 50.3049
11.4252 66 55.085
11.4252 67 55.885
11.3642 74 61.4728
11.3642 75 62.2728
11.332 78 64.6664
11.332 79 65.4664
11.332 81 67.0664
11.332 82 67.8664
11.3224 83 68.6645
11.3224 84 69.4645
11.3224 85 70.2645
11.3224 87 71.8645
11.3224 88 72.6645
11.3224 89 73.4645
11.3224 90 74.2645
11.3224 94 77.4645
11.3224 96 79.0645
12.6166 52 44.1233
11.5311 57 47.9062
11.5247 59 49.5049
11.5247 60 50.3049
11.4252 65 54.285
11.4252 66 55.085
11.4252 67 55.885
11.3642 75 62.2728
11.332 78 64.6664
11.332 79 65.4664
11.332 80 66.2664
11.332 81 67.0664
11.332 82 67.8664
11.3224 83 68.6645
11.3224 84 69.4645
11.3224 85 70.2645
11.3224 86 71.0645
11.3224 87 71.8645
11.3224 89 73.4645
11.3224 91 75.0645
11.5311 56 47.1062
11.5247 58 48.7049
11.5247 60 50.3049
11.4252 65 54.285
11.4252 66 55.085
11.3642 73 60.6728
11.3642 74 61.4728
11.3642 75 62.2728
11.332 78 64.6664
11.332 79 65.4664
11.332 80 66.2664
11.332 82 67.8664
11.3224 84 69.4645
11.3224 85 70.2645
11.3224 86 71.0645
11.3224 88 72.6645
11.3224 90 74.2645
11.3224 91 75.0645
14.5819 46 39.7164
12.6166 51 43.3233
11.5311 55 46.3062
11.5311 56 47.1062
11.5311 57 47.9062
11.5247 59 49.5049
11.5247 60 50.3049
11.4252 66 55.085
11.4252 67 55.885
11.3642 74 61.4728
11.3642 75 62.2728
11.332 78 64.6664
11.332 79 65.4664
11.332 80 66.2664
11.332 81 67.0664
11.332 82 67.8664
11.3224 84 69.4645
11.3224 85 70.2645
11.3224 86 71.0645
11.3224 87 71.8645
11.3224 88 72.6645
11.3224 89 73.4645
11.3224 91 75.0645
11.3224 96 79.0645
11.3224 98 80.6645
14.5819 47 40.5164
12.6166 50 42.5233
12.6166 51 43.3233
12.6166 52 44.1233
11.5311 56 47.1062
11.5311 57 47.9062
11.5247 58 48.7049
11.5247 59 49.5049
11.5247 60 50.3049
11.5151 62 51.903
11.4252 67 55.885
11.3642 74 61.4728
11.3642 75 62.2728
11.332 78 64.6664
11.332 79 65.4664
11.332 80 66.2664
11.332 81 67.0664
11.3224 84 69.4645
11.3224 85 70.2645
11.3224 86 71.0645
11.3224 87 71.8645
14.5819 45 38.9164
14.5819 47 40.5164
12.623 49 41.7246
12.6166 51 43.3233
12.6069 55 46.5214
11.5311 56 47.1062
11.5311 57 47.9062
11.5247 60 50.3049
11.4155 70 58.2831
11.3642 73 60.6728
11.3642 74 61.4728
11.332 79 65.4664
11.332 80 66.2664
11.332 82 67.8664
11.3224 85 70.2645
11.3224 86 71.0645
14.5819 45 38.9164
14.5819 46 39.7164
14.5819 47 40.5164
12.6166 51 43.3233
12.6166 52 44.1233
12.6069 54 45.7214
12.6069 55 46.5214
11.5311 56 47.1062
11.5247 57 47.9049
11.5311 57 47.9062
11.5247 58 48.7049
11.5247 59 49.5049
11.5215 60 50.3043
11.5247 60 50.3049
11.4252 64 53.485
11.4252 66 55.085
11.4252 67 55.885
11.4155 70 58.2831
11.3642 74 61.4728
11.332 79 65.4664
11.332 80 66.2664
11.332 82 67.8664
11.3224 83 68.6645
14.5819 44 38.1164
14.5819 46 39.7164
14.5819 47 40.5164
12.6166 50 42.5233
12.6166 51 43.3233
12.6166 52 44.1233
12.6069 54 45.7214
11.5311 55 46.3062
12.6069 55 46.5214
11.5311 56 47.1062
11.5247 57 47.9049
11.5311 57 47.9062
11.5247 58 48.7049
11.5247 59 49.5049
11.5247 60 50.3049
11.4252 65 54.285
11.4252 67 55.885
11.4155 69 57.4831
11.4155 70 58.2831
11.3642 73 60.6728
11.361 76 63.0722
11.332 77 63.8664
11.332 78 64.6664
11.332 79 65.4664
11.332 81 67.0664
11.3224 83 68.6645
11.3224 84 69.4645
14.5819 45 38.9164
14.5819 46 39.7164
14.5819 47 40.5164
12.6166 51 43.3233
12.6166 52 44.1233
12.6069 54 45.7214
11.5311 56 47.1062
11.5247 57 47.9049
11.5311 57 47.9062
11.5247 58 48.7049
11.5247 59 49.5049
11.5215 60 50.3043
11.5151 62 51.903
11.4701 63 52.694
11.4252 65 54.285
11.4252 67 55.885
11.3642 72 59.8728
11.3642 73 60.6728
11.3642 74 61.4728
11.3642 75 62.2728
11.332 78 64.6664
11.332 79 65.4664
11.332 81 67.0664
14.5819 44 38.1164
14.5819 46 39.7164
14.5819 47 40.5164
12.6166 49 41.7233
12.6069 55 46.5214
11.5311 56 47.1062
11.5247 57 47.9049
11.5311 57 47.9062
11.5247 58 48.7049
11.5247 59 49.5049
11.5215 60 50.3043
11.5247 60 50.3049
11.5151 61 51.103
11.5151 62 51.903
11.4252 63 52.685
11.4252 66 55.085
11.4252 67 55.885
11.4155 69 57.4831
11.4155 70 58.2831
11.3642 71 59.0728
11.3642 72 59.8728
11.3642 73 60.6728
11.3642 74 61.4728
11.361 75 62.2722
11.3642 75 62.2728
11.3545 77 63.8709
11.332 78 64.6664
11.332 79 65.4664
11.332 80 66.2664
11.332 82 67.8664
15.4522 42 36.6904
14.5819 44 38.1164
14.5819 46 39.7164
14.5819 47 40.5164
12.623 48 40.9246
12.623 49 41.7246
12.6069 53 44.9214
11.5311 56 47.1062
11.5247 57 47.9049
11.5247 58 48.7049
11.5215 60 50.3043
11.5151 62 51.903
11.4252 64 53.485
11.4252 65 54.285
11.4252 66 55.085
11.4155 68 56.6831
11.4155 70 58.2831
11.3642 71 59.0728
11.3642 72 59.8728
11.3642 73 60.6728
11.3642 75 62.2728
11.361 76 63.0722
11.332 78 64.6664
11.332 79 65.4664
11.332 80 66.2664
11.332 81 67.0664
11.3224 82 67.8645
11.3224 83 68.6645
11.3224 84 69.4645
11.3224 87 71.8645
11.3224 91 75.0645
14.5819 43 37.3164
15.4522 43 37.4904
14.5819 45 38.9164
12.623 47 40.1246
12.7322 47 40.1464
13.702 47 40.3404
13.7084 47 40.3417
12.6166 50 42.5233
12.6166 51 43.3233
12.6069 52 44.1214
12.6166 52 44.1233
12.6069 53 44.9214
12.6069 54 45.7214
11.8876 55 46.3775
12.6069 55 46.5214
11.5311 56 47.1062
11.5247 58 48.7049
11.5247 59 49.5049
11.5151 60 50.303
11.5215 60 50.3043
11.5247 60 50.3049
11.4701 62 51.894
11.5151 62 51.903
11.4252 64 53.485
11.4252 65 54.285
11.4252 66 55.085
11.4155 67 55.8831
11.4155 68 56.6831
11.4155 69 57.4831
11.3642 70 58.2728
11.3706 70 58.2741
11.4155 70 58.2831
11.3642 71 59.0728
11.3642 72 59.8728
11.3642 73 60.6728
11.3642 74 61.4728
11.3545 76 63.0709
11.361 76 63.0722
11.3545 77 63.8709
11.332 78 64.6664
11.332 79 65.4664
11.332 81 67.0664
11.3224 83 68.6645
