11.2839 143 77.1419
11.2742 146 78.6371
11.2742 151 81.1371
11.3481 130 70.674
11.3481 131 71.174
11.5922 83 47.2961
11.3802 110 60.6901
11.3481 111 61.1741
11.6179 79 45.3089
11.6724 74 42.8362
11.5922 83 47.2961
11.5536 88 49.7768
12.2762 67 39.6381
11.6724 74 42.8362
11.6468 77 44.3234
11.6179 78 44.8089
11.5922 82 46.7961
11.5536 88 49.7768
11.6468 77 44.3234
11.6179 79 45.3089
11.5922 82 46.7961
11.5922 83 47.2961
11.5055 95 53.2527
11.4733 99 55.2367
12.2762 67 39.6381
11.6724 73 42.3362
11.5922 82 46.7961
11.5922 83 47.2961
11.5793 86 48.7897
11.5536 87 49.2768
11.5472 92 51.7736
11.4059 107 59.203
11.6724 74 42.8362
11.6468 77 44.3234
11.6179 79 45.3089
11.5922 83 47.2961
11.5536 87 49.2768
11.5536 88 49.7768
11.5472 92 51.7736
11.5055 95 53.2527
11.4733 98 54.7367
11.6724 74 42.8362
11.6468 76 43.8234
11.6179 79 45.3089
11.5922 83 47.2961
11.5793 85 48.2897
11.5536 88 49.7768
11.5472 92 51.7736
11.5055 94 52.7527
11.4733 99 55.2367
11.438 103 57.219
12.2762 67 39.6381
12.1188 68 40.0594
11.6724 74 42.8362
11.6179 77 44.3089
11.6468 77 44.3234
11.6179 79 45.3089
11.5922 81 46.2961
11.5922 82 46.7961
11.5922 83 47.2961
11.5536 88 49.7768
11.5472 91 51.2736
11.5472 92 51.7736
11.5376 93 52.2688
11.5055 95 53.2527
11.438 102 56.719
12.2762 66 39.1381
12.1188 67 39.5594
12.2762 67 39.6381
12.1188 68 40.0594
11.6724 73 42.3362
11.6724 74 42.8362
11.6468 75 43.3234
11.6468 77 44.3234
11.6179 79 45.3089
11.5922 80 45.7961
11.5922 82 46.7961
11.5922 83 47.2961
11.5793 84 47.7897
11.5793 86 48.7897
11.5536 88 49.7768
11.5472 91 51.2736
11.5472 92 51.7736
11.5055 95 53.2527
11.4733 99 55.2367
11.438 101 56.219
11.438 103 57.219
12.2762 65 38.6381
12.1188 67 39.5594
12.1188 68 40.0594
11.8362 71 41.4181
11.6724 74 42.8362
11.6468 76 43.8234
11.6468 77 44.3234
11.6179 78 44.8089
11.6179 79 45.3089
11.5922 80 45.7961
11.5922 81 46.2961
11.5922 82 46.7961
11.5922 83 47.2961
11.5793 85 48.2897
11.5793 86 48.7897
11.5536 88 49.7768
11.5472 90 50.7736
11.5472 91 51.2736
11.5472 92 51.7736
11.5055 93 52.2527
11.4733 97 54.2367
11.4733 98 54.7367
11.4733 99 55.2367
11.438 102 56.719
11.438 103 57.219
11.4059 106 58.703
11.4059 107 59.203
12.3019 64 38.1509
12.2762 65 38.6381
12.2762 66 39.1381
12.2762 67 39.6381
12.1188 68 40.0594
11.6724 72 41.8362
11.6724 73 42.3362
11.6724 74 42.8362
11.6468 76 43.8234
11.6179 77 44.3089
11.6468 77 44.3234
11.6179 78 44.8089
11.6179 79 45.3089
11.5922 81 46.2961
11.5922 82 46.7961
11.5793 83 47.2897
11.5922 83 47.2961
11.5793 85 48.2897
11.5536 88 49.7768
11.5472 91 51.2736
11.5472 92 51.7736
11.5055 94 52.7527
11.5055 95 53.2527
11.4733 96 53.7367
11.4733 97 54.2367
11.4733 98 54.7367
11.4733 99 55.2367
11.438 103 57.219
11.4059 105 58.203
11.4059 106 58.703
11.4059 107 59.203
12.3019 64 38.1509
12.2762 66 39.1381
12.2762 67 39.6381
12.1188 68 40.0594
11.8362 71 41.4181
11.6724 73 42.3362
11.6468 75 43.3234
11.6468 76 43.8234
11.6468 77 44.3234
11.5922 80 45.7961
11.5922 81 46.2961
11.5922 82 46.7961
11.5922 83 47.2961
11.5793 84 47.7897
11.5793 85 48.2897
11.5793 86 48.7897
11.5536 87 49.2768
11.5536 88 49.7768
11.5472 91 51.2736
11.5472 92 51.7736
11.5055 94 52.7527
11.4733 97 54.2367
11.4733 98 54.7367
11.4733 99 55.2367
11.4477 100 55.7238
13.262 61 37.131
12.3019 62 37.1509
12.3019 63 37.6509
12.3019 64 38.1509
12.2762 65 38.6381
12.2762 66 39.1381
12.2762 67 39.6381
12.1188 68 40.0594
11.6724 73 42.3362
11.6724 74 42.8362
11.6468 76 43.8234
11.6468 77 44.3234
11.6179 78 44.8089
11.6179 79 45.3089
11.5922 80 45.7961
11.5922 81 46.2961
11.5922 82 46.7961
11.5922 83 47.2961
11.5793 84 47.7897
11.5793 85 48.2897
11.5793 86 48.7897
11.5472 89 50.2736
11.5472 91 51.2736
11.5472 92 51.7736
11.5055 95 53.2527
11.4733 96 53.7367
11.4733 97 54.2367
11.4733 98 54.7367
11.4059 106 58.703
11.3802 110 60.6901
11.2871 131 71.1435
11.2871 136 73.6435
12.3019 63 37.6509
12.2762 64 38.1381
12.2762 66 39.1381
12.1188 67 39.5594
12.2762 67 39.6381
12.1188 68 40.0594
11.8362 70 40.9181
11.6724 72 41.8362
11.6724 73 42.3362
11.6724 74 42.8362
11.6468 76 43.8234
11.6468 77 44.3234
11.6179 78 44.8089
11.6179 79 45.3089
11.5922 81 46.2961
11.5922 82 46.7961
11.5922 83 47.2961
11.5793 85 48.2897
11.5536 86 48.7768
11.5536 87 49.2768
11.5472 88 49.7736
11.5536 88 49.7768
11.5472 90 50.7736
11.5472 91 51.2736
11.5472 92 51.7736
11.5055 93 52.2527
11.5344 93 52.2672
11.5055 94 52.7527
11.5055 95 53.2527
11.4733 96 53.7367
11.4733 97 54.2367
11.4733 99 55.2367
11.438 101 56.219
11.4059 106 58.703
11.4059 107 59.203
13.262 62 37.631
12.3019 63 37.6509
12.3019 64 38.1509
12.2762 65 38.6381
12.1188 67 39.5594
12.2762 67 39.6381
11.8362 70 40.9181
11.8362 71 41.4181
11.6724 72 41.8362
11.6724 74 42.8362
11.6468 76 43.8234
11.6179 77 44.3089
11.6468 77 44.3234
11.6179 78 44.8089
11.5922 79 45.2961
11.6179 79 45.3089
11.5922 81 46.2961
11.5922 82 46.7961
11.5922 83 47.2961
11.5793 85 48.2897
11.5536 87 49.2768
11.5536 88 49.7768
11.5472 89 50.2736
11.5472 90 50.7736
11.5472 91 51.2736
11.5472 92 51.7736
11.5055 93 52.2527
11.5055 95 53.2527
11.4733 96 53.7367
11.4733 97 54.2367
11.4733 98 54.7367
11.4733 99 55.2367
11.4477 100 55.7238
11.438 101 56.219
11.438 102 56.719
11.438 103 57.219
11.4059 104 57.703
11.4059 105 58.203
11.4059 107 59.203
11.3802 109 60.1901
12.3019 63 37.6509
12.3019 64 38.1509
12.2762 65 38.6381
12.2762 66 39.1381
12.2762 67 39.6381
12.1188 68 40.0594
11.8362 71 41.4181
11.6724 73 42.3362
11.6468 74 42.8234
11.6724 74 42.8362
11.6468 76 43.8234
11.6179 77 44.3089
11.6468 77 44.3234
11.6179 78 44.8089
11.6179 79 45.3089
11.5922 80 45.7961
11.5922 81 46.2961
11.5793 83 47.2897
11.5922 83 47.2961
11.5793 84 47.7897
11.5793 85 48.2897
11.5536 86 48.7768
11.5793 86 48.7897
11.5536 87 49.2768
11.5536 88 49.7768
11.5472 89 50.2736
11.5472 90 50.7736
11.5472 91 51.2736
11.5472 92 51.7736
11.5376 93 52.2688
11.5055 94 52.7527
11.5055 95 53.2527
11.4733 97 54.2367
11.4733 98 54.7367
11.4477 99 55.2238
11.438 100 55.719
11.4477 100 55.7238
11.438 103 57.219
11.4059 105 58.203
11.4059 106 58.703
11.4059 107 59.203
11.3802 108 59.6901
11.3802 109 60.1901
12.3019 62 37.1509
13.262 62 37.631
12.3019 63 37.6509
12.2762 66 39.1381
12.2762 67 39.6381
12.1188 68 40.0594
11.8362 69 40.4181
11.8362 70 40.9181
11.6724 71 41.3362
11.8362 71 41.4181
11.6724 73 42.3362
11.6468 74 42.8234
11.6468 75 43.3234
11.6468 76 43.8234
11.6468 77 44.3234
11.6179 78 44.8089
11.6179 79 45.3089
11.5922 80 45.7961
11.5922 81 46.2961
11.5922 82 46.7961
11.5922 83 47.2961
11.5793 84 47.7897
11.5793 85 48.2897
11.5793 86 48.7897
11.5536 87 49.2768
11.5536 88 49.7768
11.5472 89 50.2736
11.5472 90 50.7736
11.5472 91 51.2736
11.5376 92 51.7688
11.5472 92 51.7736
11.5055 94 52.7527
11.4733 95 53.2367
11.5055 95 53.2527
11.4733 96 53.7367
11.4733 98 54.7367
11.4733 99 55.2367
11.4477 100 55.7238
11.438 101 56.219
12.3019 63 37.6509
12.3019 64 38.1509
12.2762 65 38.6381
12.2473 67 39.6236
12.2762 67 39.6381
11.8362 68 39.9181
11.8362 69 40.4181
11.8362 70 40.9181
11.8362 71 41.4181
11.6724 72 41.8362
11.6724 73 42.3362
11.6724 74 42.8362
11.6468 75 43.3234
11.6468 77 44.3234
11.6179 78 44.8089
11.5922 79 45.2961
11.6179 79 45.3089
11.5922 80 45.7961
11.5922 81 46.2961
11.5922 82 46.7961
11.5793 83 47.2897
11.5793 84 47.7897
11.5793 85 48.2897
11.5729 86 48.7864
11.5536 87 49.2768
11.5472 89 50.2736
11.5472 91 51.2736
11.5472 92 51.7736
11.5055 93 52.2527
11.5376 93 52.2688
11.5055 94 52.7527
11.5055 95 53.2527
11.4733 96 53.7367
11.4733 97 54.2367
11.4733 98 54.7367
11.4733 99 55.2367
11.4477 100 55.7238
11.438 101 56.219
11.4059 103 57.203
11.4059 105 58.203
11.4059 106 58.703
11.3802 107 59.1901
