11.5922 93 44.1553
11.5922 92 43.7553
11.5922 93 44.1553
11.3802 131 59.2281
11.3481 132 59.6089
11.5922 91 43.3553
11.5922 92 43.7553
11.5922 93 44.1553
11.3995 126 57.2397
11.5922 92 43.7553
11.5922 93 44.1553
11.8362 78 38.3017
11.6724 81 39.4035
11.5922 90 42.9553
11.5922 92 43.7553
11.5793 93 44.1476
11.5922 93 44.1553
11.5536 97 45.7322
11.5055 108 50.1033
11.4059 126 57.2435
13.8048 69 35.8829
11.6724 80 39.0035
11.6724 81 39.4035
11.6179 86 41.3707
11.5922 90 42.9553
11.5922 91 43.3553
11.5793 93 44.1476
11.5922 93 44.1553
11.5536 96 45.3322
11.5536 98 46.1322
11.5055 107 49.7033
11.5055 108 50.1033
11.4059 119 54.4435
11.4059 125 56.8435
11.2775 132 59.5665
11.2518 135 60.7511
14.553 63 33.9318
13.8048 70 36.2829
12.2633 74 36.958
11.9486 76 37.5692
11.6724 79 38.6035
11.6724 80 39.0035
11.6179 86 41.3707
11.5922 90 42.9553
11.5922 91 43.3553
11.5922 92 43.7553
11.5922 93 44.1553
11.5536 95 44.9322
11.5536 96 45.3322
11.5536 98 46.1322
11.5055 108 50.1033
11.4733 109 50.484
11.438 115 52.8628
11.438 116 53.2628
11.4059 119 54.4435
11.4059 122 55.6435
14.553 64 34.3318
14.553 65 34.7318
13.8048 69 35.8829
13.5222 70 36.1133
11.8362 78 38.3017
11.6724 80 39.0035
11.6468 82 39.7881
11.6468 83 40.1881
11.6179 84 40.5707
11.6179 85 40.9707
11.6179 86 41.3707
11.5922 90 42.9553
11.5922 91 43.3553
11.5922 92 43.7553
11.5536 95 44.9322
11.5536 96 45.3322
11.5536 97 45.7322
11.5536 98 46.1322
11.5087 105 48.9052
11.5055 106 49.3033
11.4733 108 50.084
11.5055 108 50.1033
11.4733 109 50.484
11.4573 113 52.0744
11.438 115 52.8628
14.553 62 33.5318
14.553 65 34.7318
13.8048 70 36.2829
13.3776 71 36.4266
11.6724 78 38.2035
11.8362 78 38.3017
11.6724 80 39.0035
11.6724 81 39.4035
11.6468 83 40.1881
11.6179 84 40.5707
11.6179 85 40.9707
11.6179 86 41.3707
11.5922 87 41.7553
11.5922 88 42.1553
11.5922 89 42.5553
11.5922 90 42.9553
11.5922 91 43.3553
11.5922 92 43.7553
11.5922 93 44.1553
11.5536 95 44.9322
11.5536 96 45.3322
11.5536 97 45.7322
11.5536 98 46.1322
11.5247 102 47.7148
11.5247 103 48.1148
11.5087 104 48.5052
11.5055 105 48.9033
11.5055 107 49.7033
11.5055 108 50.1033
11.4573 112 51.6744
11.438 114 52.4628
11.4059 116 53.2435
14.553 62 33.5318
14.553 64 34.3318
14.553 65 34.7318
13.3776 70 36.0266
12.2505 74 36.9503
11.9486 75 37.1692
11.8362 76 37.5017
11.8362 77 37.9017
11.6724 78 38.2035
11.6724 79 38.6035
11.6179 83 40.1707
11.6468 83 40.1881
11.6179 84 40.5707
11.6179 86 41.3707
11.5922 87 41.7553
11.5922 88 42.1553
11.5922 89 42.5553
11.5922 90 42.9553
11.5922 91 43.3553
11.5922 92 43.7553
11.5536 96 45.3322
11.5536 97 45.7322
11.5536 98 46.1322
11.5247 101 47.3148
11.5344 101 47.3206
11.5472 101 47.3283
11.5087 103 48.1052
11.5087 105 48.9052
14.553 64 34.3318
14.3828 65 34.6297
14.553 65 34.7318
13.8048 68 35.4829
12.5459 71 35.9276
13.3776 70 36.0266
13.5222 70 36.1133
13.3776 71 36.4266
11.9486 74 36.7692
12.2505 74 36.9503
11.6724 78 38.2035
11.6724 79 38.6035
11.6724 80 39.0035
11.6468 81 39.3881
11.6724 81 39.4035
11.6468 82 39.7881
11.6179 83 40.1707
11.6179 84 40.5707
11.6179 85 40.9707
11.5922 86 41.3553
11.5922 87 41.7553
11.5922 88 42.1553
11.5922 89 42.5553
11.5922 90 42.9553
11.5922 91 43.3553
11.5729 93 44.1437
11.5922 93 44.1553
11.5536 94 44.5322
11.5536 96 45.3322
11.5536 97 45.7322
11.5472 98 46.1283
11.5536 98 46.1322
11.5472 101 47.3283
11.5247 102 47.7148
11.4573 109 50.4744
