11.4059 119 54.4435
11.2518 135 60.7511
11.438 115 52.8628
11.438 116 53.2628
11.4059 119 54.4435
11.4573 113 52.0744
11.438 115 52.8628
11.4573 112 51.6744
11.438 114 52.4628
11.4059 116 53.2435
11.4573 109 50.4744
11.4573 109 50.4744
11.4573 108 50.0744
11.4573 109 50.4744
11.4573 110 50.8744
11.4573 112 51.6744
11.5247 98 46.1148
11.4894 105 48.8936
11.4573 107 49.6744
11.4573 108 50.0744
11.4573 109 50.4744
11.4573 110 50.8744
11.4573 112 51.6744
11.5247 97 45.7148
11.5247 99 46.5148
11.4894 104 48.4936
11.4573 108 50.0744
11.4573 110 50.8744
11.3866 120 54.832
11.5247 97 45.7148
11.5247 99 46.5148
11.499 101 47.2994
11.4573 105 48.8744
11.4573 107 49.6744
11.4573 108 50.0744
11.5472 95 44.9283
11.5247 97 45.7148
11.5247 99 46.5148
11.499 102 47.6994
11.4573 106 49.2744
11.4573 107 49.6744
11.4573 108 50.0744
11.5247 98 46.1148
11.5247 99 46.5148
11.4573 106 49.2744
11.4573 107 49.6744
11.5922 84 40.5553
11.5472 95 44.9283
11.5247 98 46.1148
11.5247 99 46.5148
11.4573 107 49.6744
11.4573 108 50.0744
11.5922 83 40.1553
11.5922 84 40.5553
11.5472 95 44.9283
11.5247 97 45.7148
11.5247 99 46.5148
11.4573 109 50.4744
11.4573 111 51.2744
11.5922 82 39.7553
11.5922 83 40.1553
11.5922 84 40.5553
11.5472 94 44.5283
11.5472 95 44.9283
11.5247 98 46.1148
11.5247 99 46.5148
11.4573 106 49.2744
11.4573 107 49.6744
11.4573 108 50.0744
11.5922 83 40.1553
11.5922 84 40.5553
11.5472 93 44.1283
11.5472 95 44.9283
11.5247 98 46.1148
11.5247 99 46.5148
11.499 102 47.6994
11.4573 107 49.6744
12.1188 66 33.6713
11.5922 83 40.1553
11.5922 84 40.5553
11.5472 94 44.5283
11.5472 95 44.9283
11.5247 98 46.1148
11.5247 99 46.5148
11.499 101 47.2994
12.1188 66 33.6713
11.5922 83 40.1553
11.5922 84 40.5553
11.5472 93 44.1283
11.5472 94 44.5283
11.5472 95 44.9283
11.499 101 47.2994
11.5922 83 40.1553
11.5922 84 40.5553
11.5472 92 43.7283
11.5472 94 44.5283
11.5472 95 44.9283
11.499 100 46.8994
11.499 102 47.6994
11.4573 105 48.8744
11.4573 106 49.2744
12.1188 65 33.2713
11.5922 83 40.1553
11.5922 84 40.5553
11.5472 92 43.7283
11.5472 93 44.1283
11.5472 94 44.5283
11.5472 95 44.9283
11.5247 98 46.1148
11.5247 99 46.5148
11.4573 105 48.8744
14.553 58 31.9318
12.1188 64 32.8713
11.5922 84 40.5553
11.5472 94 44.5283
11.5472 95 44.9283
11.5247 98 46.1148
11.5247 99 46.5148
11.499 101 47.2994
11.4573 105 48.8744
12.1188 65 33.2713
12.1188 66 33.6713
11.5922 83 40.1553
11.5472 91 43.3283
11.5472 92 43.7283
11.5472 93 44.1283
11.5472 94 44.5283
11.5472 95 44.9283
11.5247 99 46.5148
11.4573 105 48.8744
14.553 58 31.9318
12.1188 65 33.2713
12.1188 66 33.6713
11.5922 83 40.1553
11.5922 84 40.5553
11.5472 90 42.9283
11.5472 91 43.3283
11.5472 93 44.1283
11.5472 94 44.5283
11.5472 95 44.9283
11.5247 96 45.3148
11.5247 97 45.7148
11.5247 98 46.1148
11.5247 99 46.5148
14.553 57 31.5318
12.3019 62 32.1811
12.1188 65 33.2713
11.5922 81 39.3553
11.5922 82 39.7553
11.5922 83 40.1553
11.5922 84 40.5553
11.5729 87 41.7437
11.5472 91 43.3283
11.5472 92 43.7283
11.5472 93 44.1283
11.5472 94 44.5283
11.5247 95 44.9148
11.5247 97 45.7148
14.553 56 31.1318
14.553 58 31.9318
12.1188 66 33.6713
12.0931 67 34.0559
12.0771 68 34.4462
11.5922 82 39.7553
11.5922 83 40.1553
11.5922 84 40.5553
11.5472 89 42.5283
11.5472 91 43.3283
11.5472 93 44.1283
11.5472 94 44.5283
11.5472 95 44.9283
11.5247 96 45.3148
12.729 59 31.2374
14.553 57 31.5318
12.3019 61 31.7811
14.553 58 31.9318
12.3019 62 32.1811
12.1188 65 33.2713
12.1188 66 33.6713
11.5922 82 39.7553
11.5922 83 40.1553
11.5922 84 40.5553
11.5472 89 42.5283
11.5472 90 42.9283
11.5472 91 43.3283
11.5472 92 43.7283
11.5472 93 44.1283
11.5472 94 44.5283
11.5472 95 44.9283
11.5247 96 45.3148
11.5247 97 45.7148
11.5247 99 46.5148
14.553 56 31.1318
14.553 57 31.5318
14.553 58 31.9318
12.3019 62 32.1811
12.0771 67 34.0462
12.0931 67 34.0559
11.9486 70 35.1692
11.5922 82 39.7553
11.5922 83 40.1553
11.5922 84 40.5553
11.5729 86 41.3437
11.5472 90 42.9283
11.5472 91 43.3283
11.5472 93 44.1283
11.5472 94 44.5283
11.5247 96 45.3148
11.5087 99 46.5052
12.3019 61 31.7811
14.553 58 31.9318
12.3019 62 32.1811
12.1188 65 33.2713
12.1188 66 33.6713
12.0771 68 34.4462
11.5922 82 39.7553
11.5922 83 40.1553
11.5922 84 40.5553
11.5729 87 41.7437
11.5472 89 42.5283
11.5472 90 42.9283
11.5472 91 43.3283
11.5472 92 43.7283
11.5472 93 44.1283
11.5472 94 44.5283
11.5247 96 45.3148
11.5247 97 45.7148
11.499 99 46.4994
11.271 130 58.7626
11.2807 130 58.7684
12.3019 62 32.1811
14.5273 59 32.3164
12.2762 63 32.5657
12.1188 65 33.2713
12.1188 66 33.6713
12.0931 67 34.0559
12.0771 68 34.4462
11.6179 77 37.7707
11.5922 81 39.3553
11.5922 82 39.7553
11.5922 84 40.5553
11.5729 87 41.7437
11.5472 89 42.5283
11.5472 90 42.9283
11.5472 91 43.3283
11.5472 93 44.1283
11.5472 95 44.9283
11.5247 96 45.3148
11.5247 97 45.7148
12.3019 60 31.3811
14.553 57 31.5318
12.3019 61 31.7811
14.553 58 31.9318
12.3019 62 32.1811
12.1188 65 33.2713
12.1188 66 33.6713
11.5922 80 38.9553
11.5922 81 39.3553
11.5922 82 39.7553
11.5922 83 40.1553
11.5729 87 41.7437
11.5472 89 42.5283
11.5472 90 42.9283
11.5472 91 43.3283
11.5472 92 43.7283
11.5472 93 44.1283
11.5472 95 44.9283
12.729 59 31.2374
14.553 57 31.5318
12.3019 61 31.7811
14.553 58 31.9318
12.3019 62 32.1811
14.5273 59 32.3164
12.1188 66 33.6713
12.0931 67 34.0559
12.0771 68 34.4462
11.9486 70 35.1692
11.6179 77 37.7707
11.5922 81 39.3553
11.5922 82 39.7553
11.5922 83 40.1553
11.5922 84 40.5553
11.5729 86 41.3437
11.5729 87 41.7437
11.5472 90 42.9283
11.5472 91 43.3283
14.553 56 31.1318
14.553 57 31.5318
12.3019 61 31.7811
14.5273 58 31.9164
14.553 58 31.9318
12.3019 62 32.1811
12.1188 64 32.8713
12.1188 66 33.6713
12.0771 68 34.4462
11.6179 77 37.7707
11.5922 79 38.5553
11.5922 80 38.9553
11.5922 81 39.3553
11.5922 82 39.7553
11.5922 83 40.1553
11.5922 84 40.5553
11.5793 85 40.9476
11.5729 87 41.7437
11.5472 88 42.1283
11.5472 90 42.9283
11.5472 91 43.3283
11.3866 125 56.832
11.3513 129 58.4108
12.729 59 31.2374
14.553 57 31.5318
12.3019 61 31.7811
14.553 58 31.9318
12.3019 62 32.1811
14.5273 59 32.3164
12.1188 65 33.2713
12.1188 66 33.6713
12.0771 67 34.0462
12.0642 68 34.4385
12.0771 68 34.4462
11.9486 70 35.1692
11.6724 73 36.2035
11.6468 74 36.5881
11.5922 80 38.9553
11.5922 81 39.3553
11.5922 82 39.7553
11.5922 83 40.1553
11.5793 85 40.9476
11.5729 86 41.3437
11.5729 87 41.7437
11.5472 89 42.5283
11.5472 90 42.9283
11.5472 91 43.3283
11.5472 92 43.7283
11.5472 93 44.1283
12.3019 61 31.7811
14.553 58 31.9318
12.3019 62 32.1811
14.5273 59 32.3164
12.2762 63 32.5657
12.1188 65 33.2713
12.0771 68 34.4462
11.6724 71 35.4035
11.6468 73 36.1881
11.5922 80 38.9553
11.5922 81 39.3553
11.5922 82 39.7553
11.5922 84 40.5553
11.5729 85 40.9437
11.5793 85 40.9476
11.5472 88 42.1283
11.5472 89 42.5283
11.5472 90 42.9283
11.5472 91 43.3283
11.5472 92 43.7283
11.5472 93 44.1283
11.3224 129 58.3935
14.553 55 30.7318
12.3019 59 30.9811
12.729 59 31.2374
12.3019 61 31.7811
14.553 58 31.9318
12.3019 62 32.1811
14.5273 59 32.3164
12.1188 63 32.4713
12.2762 63 32.5657
12.1188 65 33.2713
12.1188 66 33.6713
11.6724 70 35.0035
11.6724 72 35.8035
11.6179 76 37.3707
11.6179 77 37.7707
11.5922 78 38.1553
11.5922 79 38.5553
11.5922 80 38.9553
11.5922 81 39.3553
11.5922 82 39.7553
11.5922 83 40.1553
11.5729 86 41.3437
11.5729 87 41.7437
11.5472 88 42.1283
11.5472 89 42.5283
11.5472 91 43.3283
11.5472 92 43.7283
11.5472 94 44.5283
11.5344 95 44.9206
14.553 56 31.1318
12.3019 60 31.3811
14.553 57 31.5318
12.3019 61 31.7811
14.5273 58 31.9164
12.2762 62 32.1657
12.3019 62 32.1811
14.5273 59 32.3164
12.1188 63 32.4713
12.1188 64 32.8713
12.1188 65 33.2713
12.0931 66 33.6559
12.0931 67 34.0559
12.0771 68 34.4462
11.9486 69 34.7692
11.6724 71 35.4035
11.6724 72 35.8035
11.6468 73 36.1881
11.6724 73 36.2035
11.6468 74 36.5881
11.6179 77 37.7707
11.5922 78 38.1553
11.5922 79 38.5553
11.5922 80 38.9553
11.5922 81 39.3553
11.5922 83 40.1553
11.5922 84 40.5553
11.5729 85 40.9437
11.5729 86 41.3437
11.5472 87 41.7283
11.5729 87 41.7437
11.5472 89 42.5283
11.5472 90 42.9283
11.5472 91 43.3283
11.5472 92 43.7283
11.5472 93 44.1283
11.5472 94 44.5283
12.3019 60 31.3811
14.553 57 31.5318
12.3019 61 31.7811
14.5273 58 31.9164
12.3019 62 32.1811
14.5273 59 32.3164
12.2762 63 32.5657
12.1188 64 32.8713
12.1188 65 33.2713
12.0771 67 34.0462
12.0931 67 34.0559
11.9486 68 34.3692
12.0771 68 34.4462
11.9486 70 35.1692
11.6724 72 35.8035
11.6724 73 36.2035
11.6468 74 36.5881
11.6179 75 36.9707
11.5922 77 37.7553
11.6179 77 37.7707
11.5922 79 38.5553
11.5922 80 38.9553
11.5922 81 39.3553
11.5922 82 39.7553
11.5922 83 40.1553
11.5793 84 40.5476
11.5922 84 40.5553
11.5729 87 41.7437
11.5472 88 42.1283
11.5472 90 42.9283
11.5472 91 43.3283
11.5472 92 43.7283
11.5472 93 44.1283
11.5472 95 44.9283
14.553 56 31.1318
12.3019 60 31.3811
12.3019 61 31.7811
14.553 58 31.9318
12.2762 62 32.1657
12.3019 62 32.1811
14.5273 59 32.3164
12.1188 63 32.4713
12.2762 63 32.5657
12.1188 65 33.2713
12.1188 66 33.6713
12.0931 67 34.0559
12.0642 68 34.4385
12.0771 68 34.4462
11.9486 69 34.7692
11.9486 70 35.1692
11.6724 72 35.8035
11.6179 74 36.5707
11.6468 74 36.5881
11.6179 76 37.3707
11.6179 77 37.7707
11.5922 78 38.1553
11.5922 79 38.5553
11.5922 80 38.9553
11.5922 82 39.7553
11.5922 83 40.1553
11.5922 84 40.5553
11.5729 85 40.9437
11.5793 85 40.9476
11.5729 86 41.3437
11.5472 87 41.7283
11.5536 87 41.7322
11.5729 87 41.7437
11.5472 88 42.1283
11.5472 89 42.5283
11.5472 90 42.9283
11.5472 92 43.7283
11.5472 93 44.1283
11.5472 94 44.5283
11.5472 95 44.9283
