11.5922 98 72.0776
11.5922 97 71.3776
11.9486 81 60.2846
11.7848 83 61.6355
11.5922 96 70.6776
11.5922 97 71.3776
11.9486 80 59.5846
11.9486 81 60.2846
11.6724 85 63.0017
11.5922 95 69.9776
11.5922 96 70.6776
11.5922 97 71.3776
12.2505 78 58.2751
11.9486 79 58.8846
11.7848 83 61.6355
11.6724 86 63.7017
11.6179 90 66.4854
11.5922 94 69.2776
11.5922 95 69.9776
11.5922 96 70.6776
11.5922 97 71.3776
11.5922 98 72.0776
11.5922 99 72.7776
12.2505 77 57.5751
11.9486 79 58.8846
11.9486 80 59.5846
11.9486 81 60.2846
11.8362 82 60.9509
11.6724 84 62.3017
11.6724 85 63.0017
11.6724 86 63.7017
11.6179 89 65.7854
11.6179 90 66.4854
11.6179 91 67.1854
11.5922 95 69.9776
11.5922 96 70.6776
11.5922 97 71.3776
11.5922 98 72.0776
11.5922 99 72.7776
11.5472 105 76.9642
11.5472 106 77.6642
11.5472 108 79.0642
11.4155 125 90.9247
11.4123 132 95.8237
11.3449 141 102.103
11.3353 149 107.701
12.8478 74 55.6543
12.5652 76 56.9696
12.2505 77 57.5751
12.2505 78 58.2751
11.9486 79 58.8846
11.9486 80 59.5846
11.8362 82 60.9509
11.8362 83 61.6509
11.6724 85 63.0017
11.6724 86 63.7017
11.6179 88 65.0854
11.6179 90 66.4854
11.6179 91 67.1854
11.5922 92 67.8776
11.5922 93 68.5776
11.5922 95 69.9776
11.5922 96 70.6776
11.5922 97 71.3776
11.5922 98 72.0776
11.5922 99 72.7776
11.5472 104 76.2642
11.5472 105 76.9642
11.5472 107 78.3642
11.5472 108 79.0642
11.5408 112 81.8622
11.4155 124 90.2247
11.3449 140 101.403
11.3449 141 102.103
11.3353 147 106.301
11.3353 148 107.001
11.3353 149 107.701
12.2505 76 56.8751
11.9486 78 58.1846
12.2505 78 58.2751
11.9486 79 58.8846
11.8362 81 60.2509
11.9486 81 60.2846
11.8362 82 60.9509
11.6724 83 61.6017
11.8362 83 61.6509
11.6724 85 63.0017
11.6179 86 63.6854
11.6724 86 63.7017
11.6179 89 65.7854
11.6179 90 66.4854
11.5922 91 67.1777
11.6179 91 67.1854
11.5922 92 67.8776
11.5922 93 68.5776
11.5922 94 69.2776
11.5922 95 69.9776
11.5922 96 70.6776
11.5922 97 71.3776
11.5922 98 72.0776
11.5536 99 72.7661
11.5922 99 72.7776
11.5472 104 76.2642
11.5472 105 76.9642
11.5472 106 77.6642
11.5472 107 78.3642
11.5472 108 79.0642
11.5408 111 81.1622
11.5408 113 82.5622
11.5408 115 83.9622
11.5408 116 84.6622
11.4669 118 86.0401
11.4669 119 86.7401
11.4155 123 89.5247
11.4155 124 90.2247
11.3481 132 95.8044
11.4123 132 95.8237
11.3449 140 101.403
11.3449 141 102.103
11.3353 147 106.301
11.3353 148 107.001
11.3353 151 109.101
