12.5909 75 18.8318
12.8221 74 18.9399
12.8221 71 18.6399
12.5909 74 18.7318
12.2505 78 18.8254
12.8221 73 18.8399
12.8221 74 18.9399
11.5119 87 19.0607
12.8221 70 18.5399
12.8221 71 18.6399
11.6243 82 18.6618
12.2505 77 18.7254
12.5909 74 18.7318
12.8221 72 18.7399
11.9486 80 18.7538
12.4207 76 18.7786
12.4432 76 18.7988
12.1381 79 18.8243
12.5909 75 18.8318
12.8221 73 18.8399
12.8221 74 18.9399
11.5119 86 18.9607
13.6346 67 18.9711
11.5119 87 19.0607
11.5022 88 19.152
11.3995 94 19.6595
11.3899 98 20.0509
11.3899 100 20.2509
11.2582 118 21.9324
12.8221 69 18.4399
11.6243 81 18.5618
11.7848 80 18.6064
12.2505 76 18.6254
11.8362 80 18.6526
11.9486 79 18.6538
12.4432 75 18.6988
12.1381 78 18.7243
12.5909 74 18.7318
12.8221 72 18.7399
11.9486 80 18.7538
11.5119 84 18.7607
12.4207 76 18.7786
11.5568 84 18.8012
12.1381 79 18.8243
12.2505 78 18.8254
12.5909 75 18.8318
12.8221 73 18.8399
11.5119 85 18.8607
11.6243 84 18.8619
13.6346 66 18.8711
12.8221 74 18.9399
13.6346 67 18.9711
11.5022 87 19.052
11.3995 88 19.0595
11.5119 87 19.0607
11.4477 88 19.1029
11.4605 88 19.1145
13.6024 69 19.1422
14.1644 65 19.248
11.3995 91 19.3595
11.3995 93 19.5595
11.3899 97 19.9509
11.3899 98 20.0509
11.3866 100 20.248
11.3899 100 20.2509
11.3642 102 20.4277
11.3288 111 21.296
11.2582 115 21.6324
11.2582 117 21.8324
11.2582 118 21.9324
