11.6179 90 42.9707
11.6179 89 42.5707
11.6179 90 42.9707
11.6179 88 42.1707
11.6179 89 42.5707
11.6179 90 42.9707
11.5922 93 44.1553
11.5472 104 48.5283
11.6179 89 42.5707
11.6179 90 42.9707
11.5922 92 43.7553
11.5922 93 44.1553
11.5472 103 48.1283
11.5472 104 48.5283
11.3802 131 59.2281
11.3481 132 59.6089
11.9486 78 38.3692
11.8362 79 38.7017
11.6724 82 39.8035
11.6179 88 42.1707
11.6179 90 42.9707
11.5922 91 43.3553
11.5922 92 43.7553
11.5922 93 44.1553
11.5472 102 47.7283
11.5472 104 48.5283
11.3995 126 57.2397
13.5222 72 36.9133
12.2505 76 37.7503
11.9486 77 37.9692
11.9486 78 38.3692
11.6179 87 41.7707
11.6179 88 42.1707
11.6179 89 42.5707
11.6179 90 42.9707
11.5922 92 43.7553
11.5922 93 44.1553
11.5793 94 44.5476
11.5793 95 44.9476
11.5472 102 47.7283
11.5472 103 48.1283
11.5472 104 48.5283
12.2633 75 37.358
13.3776 74 37.6266
12.2505 76 37.7503
11.8362 78 38.3017
11.9486 78 38.3692
11.8362 79 38.7017
11.6724 81 39.4035
11.6179 88 42.1707
11.6179 89 42.5707
11.5922 90 42.9553
11.5922 92 43.7553
11.5793 93 44.1476
11.5922 93 44.1553
11.5793 94 44.5476
11.5536 97 45.7322
11.5472 103 48.1283
11.5344 104 48.5206
11.5055 108 50.1033
11.438 117 53.6628
11.4059 126 57.2435
14.553 66 35.1318
13.8048 69 35.8829
13.3776 72 36.8266
13.3776 73 37.2266
12.2505 75 37.3503
13.3776 74 37.6266
12.2505 76 37.7503
11.9486 78 38.3692
11.8362 79 38.7017
11.6724 80 39.0035
11.6724 81 39.4035
11.6179 86 41.3707
11.6179 88 42.1707
11.6179 89 42.5707
11.5922 90 42.9553
11.5922 91 43.3553
11.5793 93 44.1476
11.5922 93 44.1553
11.5793 94 44.5476
11.5793 95 44.9476
11.5536 96 45.3322
11.5536 98 46.1322
11.5536 100 46.9322
11.5472 102 47.7283
11.5472 103 48.1283
11.5055 107 49.7033
11.5055 108 50.1033
11.4733 111 51.284
11.438 117 53.6628
11.4059 119 54.4435
11.4059 125 56.8435
11.2775 132 59.5665
11.2518 135 60.7511
14.553 63 33.9318
13.8048 70 36.2829
13.3776 72 36.8266
13.5222 72 36.9133
12.2633 74 36.958
12.2633 75 37.358
11.9486 76 37.5692
13.3776 74 37.6266
12.2505 76 37.7503
11.6724 79 38.6035
11.8362 79 38.7017
11.6724 80 39.0035
11.6468 84 40.5881
11.6179 86 41.3707
11.6179 87 41.7707
11.6179 89 42.5707
11.5922 90 42.9553
11.6179 90 42.9707
11.5922 91 43.3553
11.5922 92 43.7553
11.5922 93 44.1553
11.5793 94 44.5476
11.5536 95 44.9322
11.5793 95 44.9476
11.5536 96 45.3322
11.5536 98 46.1322
11.5536 99 46.5322
11.5472 102 47.7283
11.5472 103 48.1283
11.5344 104 48.5206
11.5472 104 48.5283
11.5247 105 48.9148
11.5055 108 50.1033
11.4733 109 50.484
11.4733 110 50.884
11.438 115 52.8628
11.438 116 53.2628
11.4059 119 54.4435
11.4059 122 55.6435
14.553 64 34.3318
14.553 65 34.7318
13.8048 69 35.8829
13.5222 70 36.1133
14.5273 69 36.3164
13.3776 72 36.8266
13.3776 73 37.2266
12.2633 75 37.358
13.3776 74 37.6266
12.1381 76 37.6829
12.2505 76 37.7503
11.8362 78 38.3017
11.9486 78 38.3692
11.8362 79 38.7017
11.6724 80 39.0035
11.6468 82 39.7881
11.6468 83 40.1881
11.6179 84 40.5707
11.6468 84 40.5881
11.6179 85 40.9707
11.6179 86 41.3707
11.6179 89 42.5707
11.5922 90 42.9553
11.6179 90 42.9707
11.5922 91 43.3553
11.5922 92 43.7553
11.5793 94 44.5476
11.5536 95 44.9322
11.5536 96 45.3322
11.5536 97 45.7322
11.5536 98 46.1322
11.5536 99 46.5322
11.5472 103 48.1283
11.5247 104 48.5148
11.5344 104 48.5206
11.5087 105 48.9052
11.5247 105 48.9148
11.5055 106 49.3033
11.4733 108 50.084
11.5055 108 50.1033
11.4733 109 50.484
11.4733 110 50.884
11.4701 112 51.6821
11.4573 113 52.0744
11.438 115 52.8628
