11.5922 97 62.8369
11.7848 83 54.5139
11.5922 96 62.2369
11.5922 97 62.8369
11.5922 95 61.6369
11.5922 96 62.2369
11.5922 97 62.8369
12.2505 78 51.7002
11.9486 79 52.1795
11.7848 83 54.5139
11.5922 94 61.0369
11.5922 95 61.6369
11.5922 96 62.2369
11.5922 97 62.8369
12.2505 77 51.1002
11.9486 79 52.1795
11.8362 82 53.9345
11.6724 84 55.069
11.6179 89 58.0471
11.5922 95 61.6369
11.5922 96 62.2369
11.5922 97 62.8369
11.3449 141 89.138
11.3353 149 93.9341
12.8478 74 49.5391
12.5652 76 50.6261
12.2505 77 51.1002
12.2505 78 51.7002
11.9486 79 52.1795
11.8362 82 53.9345
11.6179 88 57.4471
11.5922 92 59.8369
11.5922 93 60.4369
11.5922 95 61.6369
11.5922 96 62.2369
11.5922 97 62.8369
11.5472 104 67.0189
11.4155 124 78.9662
11.3449 140 88.538
11.3449 141 89.138
11.3353 147 92.7341
11.3353 148 93.3341
11.3353 149 93.9341
12.2505 76 50.5002
11.9486 78 51.5795
12.2505 78 51.7002
11.9486 79 52.1795
11.8362 81 53.3345
11.8362 82 53.9345
11.6724 83 54.469
11.6179 86 56.2471
11.6179 89 58.0471
11.5922 91 59.2369
11.5922 92 59.8369
11.5922 93 60.4369
11.5922 94 61.0369
11.5922 95 61.6369
11.5922 96 62.2369
11.5922 97 62.8369
11.5536 99 64.0215
11.5472 104 67.0189
11.4669 118 75.3868
11.4669 119 75.9868
11.4155 123 78.3662
11.4155 124 78.9662
11.3481 132 83.7393
11.3449 140 88.538
11.3449 141 89.138
11.3353 147 92.7341
11.3353 148 93.3341
11.3353 151 95.1341
12.8478 73 48.9391
12.8478 75 50.1391
12.2505 77 51.1002
11.9486 78 51.5795
11.9486 79 52.1795
11.8362 80 52.7345
11.7848 82 53.9139
11.8362 82 53.9345
11.6724 84 55.069
11.6179 85 55.6471
11.6179 88 57.4471
11.6179 89 58.0471
11.5922 91 59.2369
11.5922 92 59.8369
11.5922 93 60.4369
11.5922 94 61.0369
11.5922 95 61.6369
11.5922 96 62.2369
11.5922 97 62.8369
11.5536 98 63.4215
11.5536 102 65.8214
11.5472 104 67.0189
11.4669 116 74.1868
11.4669 118 75.3868
11.4412 120 76.5765
11.4155 122 77.7662
11.4155 123 78.3662
11.4155 124 78.9662
11.3481 131 83.1393
11.3481 132 83.7393
11.3449 140 88.538
11.3353 145 91.5341
11.3353 147 92.7341
11.3353 148 93.3341
11.3353 152 95.7341
12.8478 74 49.5391
12.1188 78 51.6475
12.1381 78 51.6552
11.8362 79 52.1345
11.9486 79 52.1795
11.8362 80 52.7345
11.8362 81 53.3345
11.6724 83 54.469
11.7848 83 54.5139
11.6179 84 55.0471
11.6724 84 55.069
11.6179 86 56.2471
11.6179 88 57.4471
11.5922 89 58.0369
11.6179 89 58.0471
11.5922 91 59.2369
11.5922 92 59.8369
11.5922 93 60.4369
11.5922 95 61.6369
11.5922 96 62.2369
11.5536 97 62.8215
11.5536 98 63.4215
11.5536 99 64.0215
11.5536 101 65.2215
11.5472 103 66.4189
11.5215 104 67.0086
11.5472 104 67.0189
11.483 107 68.7932
11.5119 107 68.8048
11.4669 117 74.7868
11.4669 118 75.3868
11.4412 119 75.9765
11.4669 119 75.9868
11.4412 121 77.1765
11.4412 122 77.7765
11.4155 123 78.3662
11.3995 124 78.9598
11.4155 124 78.9662
11.3995 127 80.7598
11.3481 130 82.5392
11.3481 133 84.3392
11.3449 137 86.738
11.3449 139 87.938
11.3449 140 88.538
11.3353 144 90.9341
11.3353 146 92.1341
11.3353 147 92.7341
11.3353 149 93.9341
11.3353 153 96.3341
