11.2775 132 107.855
11.3224 99 81.4645
11.3224 98 80.6645
11.3224 103 84.6645
11.3224 98 80.6645
11.3224 99 81.4645
11.3224 100 82.2645
11.3224 102 83.8645
11.3224 103 84.6645
11.3224 97 79.8645
11.3224 98 80.6645
11.3224 99 81.4645
11.3224 101 83.0645
11.3224 102 83.8645
11.332 92 75.8664
11.3224 97 79.8645
11.3224 98 80.6645
11.3224 99 81.4645
11.3224 100 82.2645
11.3224 105 86.2645
11.3224 108 88.6645
11.332 91 75.0664
11.3224 96 79.0645
11.3224 98 80.6645
11.3224 99 81.4645
11.3224 102 83.8645
11.332 90 74.2664
11.332 92 75.8664
11.3224 96 79.0645
11.3224 97 79.8645
11.3224 98 80.6645
11.3224 99 81.4645
11.3224 100 82.2645
11.3224 102 83.8645
11.332 90 74.2664
11.3224 98 80.6645
11.3224 99 81.4645
11.3224 102 83.8645
11.3224 107 87.8645
14.553 57 48.5106
11.332 91 75.0664
11.3224 95 78.2645
11.3224 96 79.0645
11.3224 97 79.8645
11.3224 98 80.6645
11.3224 99 81.4645
11.3224 100 82.2645
11.3224 101 83.0645
11.3224 108 88.6645
11.3224 110 90.2645
11.3224 111 91.0645
11.5247 72 59.9049
11.4252 78 64.685
11.3642 85 70.2728
11.332 91 75.0664
11.332 92 75.8664
11.3224 95 78.2645
11.3224 96 79.0645
11.3224 103 84.6645
11.3224 105 86.2645
11.5247 71 59.1049
11.4252 77 63.885
11.3642 84 69.4728
11.3642 85 70.2728
11.332 92 75.8664
11.3224 98 80.6645
14.553 56 47.7106
14.553 57 48.5106
11.5247 71 59.1049
11.5247 72 59.9049
11.4252 76 63.085
11.4252 77 63.885
11.4252 78 64.685
11.3642 84 69.4728
11.3642 85 70.2728
11.332 90 74.2664
11.332 91 75.0664
11.332 92 75.8664
11.3224 96 79.0645
11.3224 97 79.8645
14.553 57 48.5106
12.7001 62 52.14
11.5247 70 58.3049
11.5247 72 59.9049
11.4252 77 63.885
11.4252 78 64.685
11.3642 83 68.6728
11.3642 84 69.4728
11.3642 85 70.2728
11.332 91 75.0664
11.332 92 75.8664
11.3224 95 78.2645
11.0687 150 122.214
14.553 55 46.9106
14.553 56 47.7106
14.553 57 48.5106
11.5247 69 57.5049
11.5247 70 58.3049
11.5247 71 59.1049
11.5247 72 59.9049
11.4252 76 63.085
11.4252 78 64.685
11.3642 82 67.8728
11.3642 84 69.4728
11.3642 85 70.2728
11.332 89 73.4664
11.332 90 74.2664
11.332 91 75.0664
11.3224 99 81.4645
11.0687 143 116.614
11.0687 148 120.614
11.0623 151 123.012
11.0302 153 124.606
14.553 55 46.9106
14.553 56 47.7106
14.553 57 48.5106
12.7001 62 52.14
12.6166 63 52.9233
11.5247 70 58.3049
11.5247 72 59.9049
11.4252 75 62.285
11.4252 77 63.885
11.4252 78 64.685
11.3642 82 67.8728
11.3642 83 68.6728
11.3642 84 69.4728
11.3642 85 70.2728
11.332 89 73.4664
11.332 91 75.0664
11.3224 94 77.4645
11.3224 96 79.0645
11.3224 99 81.4645
11.3224 100 82.2645
14.553 55 46.9106
14.553 56 47.7106
14.553 57 48.5106
14.5273 58 49.3055
13.0083 60 50.6017
11.6403 65 54.3281
11.5247 68 56.7049
11.5247 70 58.3049
11.5247 71 59.1049
11.5247 72 59.9049
11.4252 74 61.485
11.4252 76 63.085
11.4252 77 63.885
11.4252 78 64.685
11.3642 81 67.0728
11.3642 83 68.6728
11.3642 84 69.4728
11.3642 85 70.2728
11.3545 86 71.0709
11.332 89 73.4664
11.332 90 74.2664
11.332 91 75.0664
11.332 92 75.8664
11.3224 93 76.6645
11.3224 94 77.4645
11.3224 95 78.2645
11.3224 98 80.6645
11.3224 99 81.4645
11.3224 100 82.2645
14.553 56 47.7106
14.553 57 48.5106
13.0083 59 49.8017
12.7001 61 51.34
12.7001 62 52.14
12.6166 63 52.9233
12.6166 64 53.7233
11.6403 65 54.3281
11.5247 67 55.9049
11.5247 69 57.5049
11.5247 70 58.3049
11.5247 71 59.1049
11.5247 72 59.9049
11.4252 75 62.285
11.4252 77 63.885
11.4252 78 64.685
11.3642 82 67.8728
11.3642 83 68.6728
11.3642 84 69.4728
11.3642 85 70.2728
11.3545 86 71.0709
11.332 88 72.6664
11.332 89 73.4664
11.332 90 74.2664
11.332 91 75.0664
11.3224 93 76.6645
11.3224 94 77.4645
11.3224 97 79.8645
11.3224 98 80.6645
11.3224 99 81.4645
11.3224 100 82.2645
14.553 56 47.7106
14.5273 57 48.5055
14.553 57 48.5106
12.7001 60 50.54
13.0083 60 50.6017
12.7001 61 51.34
12.7001 62 52.14
12.6166 63 52.9233
11.5247 69 57.5049
11.5247 70 58.3049
11.5247 71 59.1049
11.5215 72 59.9043
11.5247 72 59.9049
11.4252 73 60.685
11.4252 76 63.085
11.4252 77 63.885
11.4252 78 64.685
11.4155 79 65.4831
11.3642 80 66.2728
11.3642 81 67.0728
11.3642 82 67.8728
11.3642 84 69.4728
11.3545 86 71.0709
11.332 87 71.8664
11.332 89 73.4664
11.332 92 75.8664
11.3224 94 77.4645
11.3224 95 78.2645
11.3224 96 79.0645
11.3224 97 79.8645
11.3224 98 80.6645
11.3224 99 81.4645
11.3224 100 82.2645
11.3224 109 89.4645
11.3224 110 90.2645
14.553 56 47.7106
14.553 57 48.5106
13.0083 58 49.0017
14.5273 58 49.3055
12.7001 60 50.54
13.0083 60 50.6017
12.7001 61 51.34
12.6166 62 52.1233
12.7001 62 52.14
12.6166 64 53.7233
11.5311 65 54.3062
11.5247 66 55.1049
11.5247 68 56.7049
11.5247 69 57.5049
11.5247 70 58.3049
11.5247 72 59.9049
11.5215 73 60.7043
11.4252 74 61.485
11.4252 75 62.285
11.4252 76 63.085
11.4155 78 64.6831
11.4252 78 64.685
11.3642 79 65.4728
11.3642 81 67.0728
11.3642 82 67.8728
11.3642 83 68.6728
11.3642 84 69.4728
11.3545 85 70.2709
11.361 85 70.2722
11.3642 85 70.2728
11.332 86 71.0664
11.332 87 71.8664
11.332 88 72.6664
11.332 89 73.4664
11.332 90 74.2664
11.332 91 75.0664
11.3224 92 75.8645
11.332 92 75.8664
11.3224 94 77.4645
11.3224 95 78.2645
11.3224 96 79.0645
11.3224 97 79.8645
11.3224 98 80.6645
11.3224 106 87.0645
