11.2582 118 21.9324
11.2582 115 21.6324
11.2582 117 21.8324
11.2582 118 21.9324
11.2678 113 21.441
11.2582 114 21.5324
11.2582 116 21.7324
11.2582 117 21.8324
11.2582 118 21.9324
11.2582 126 22.7324
11.2389 138 23.915
11.2357 145 24.6121
11.1394 148 24.8254
11.1394 151 25.1254
11.2807 83 18.4526
11.3256 72 17.3931
11.3256 71 17.2931
11.3256 72 17.3931
11.3256 70 17.1931
11.3256 72 17.3931
11.2807 84 18.5526
11.2807 98 19.9526
11.3256 70 17.1931
11.3256 71 17.2931
11.3256 72 17.3931
11.2807 85 18.6526
11.2807 88 18.9526
11.3256 69 17.0931
11.3256 71 17.2931
11.3256 72 17.3931
11.3256 70 17.1931
11.3256 72 17.3931
11.5408 51 15.4867
11.3256 70 17.1931
11.3256 71 17.2931
11.5408 51 15.4867
11.3802 61 16.3422
11.3256 68 16.9931
11.3256 70 17.1931
11.3256 71 17.2931
11.3256 72 17.3931
11.5408 50 15.3867
11.3256 67 16.8931
11.3256 68 16.9931
11.3256 69 17.0931
11.3256 70 17.1931
11.3256 71 17.2931
11.3256 72 17.3931
11.5408 49 15.2867
11.5408 50 15.3867
11.5408 51 15.4867
11.3802 60 16.2422
11.3802 61 16.3422
11.3256 66 16.7931
11.3256 67 16.8931
11.3256 68 16.9931
11.3256 70 17.1931
11.3256 71 17.2931
11.3256 72 17.3931
11.5408 49 15.2867
11.5408 50 15.3867
11.3802 59 16.1422
11.3256 65 16.6931
11.3256 67 16.8931
11.3256 68 16.9931
11.3256 69 17.0931
11.3256 71 17.2931
11.3256 72 17.3931
11.5408 50 15.3867
11.5408 51 15.4867
11.3802 59 16.1422
11.3802 60 16.2422
11.3802 61 16.3422
11.3256 66 16.7931
11.3256 67 16.8931
11.3256 69 17.0931
11.3256 70 17.1931
11.3256 72 17.3931
11.2807 79 18.0526
11.5408 49 15.2867
11.5408 50 15.3867
11.3802 61 16.3422
11.3256 66 16.7931
11.3256 67 16.8931
11.3256 69 17.0931
11.3256 70 17.1931
11.3256 71 17.2931
11.7592 39 14.4832
11.5633 43 14.7069
11.5408 48 15.1867
11.5408 50 15.3867
11.5408 51 15.4867
11.3802 60 16.2422
11.3256 64 16.5931
11.3256 66 16.7931
11.3256 67 16.8931
11.3256 68 16.9931
11.3256 69 17.0931
11.3256 72 17.3931
11.5408 50 15.3867
11.3802 60 16.2422
11.3256 64 16.5931
11.3256 65 16.6931
11.3256 67 16.8931
11.3256 68 16.9931
11.3256 69 17.0931
11.3256 70 17.1931
11.3256 71 17.2931
11.3256 72 17.3931
11.7592 38 14.3832
11.5408 49 15.2867
11.5408 50 15.3867
11.5408 51 15.4867
11.3802 58 16.0422
11.3802 60 16.2422
11.3256 63 16.4931
11.3256 65 16.6931
11.3256 66 16.7931
11.3256 67 16.8931
11.3256 68 16.9931
11.3256 69 17.0931
11.3256 70 17.1931
11.3256 71 17.2931
11.3256 72 17.3931
11.7592 37 14.2832
11.7592 39 14.4832
11.5408 48 15.1867
11.5408 49 15.2867
11.5408 51 15.4867
11.4027 53 15.5624
11.4027 54 15.6624
11.4027 55 15.7624
11.3802 61 16.3422
11.3256 62 16.3931
11.3256 64 16.5931
11.3256 65 16.6931
11.3256 66 16.7931
11.3256 67 16.8931
11.3256 68 16.9931
11.3256 71 17.2931
11.3256 72 17.3931
11.7592 38 14.3832
11.7592 39 14.4832
11.5408 48 15.1867
11.5408 49 15.2867
11.5408 50 15.3867
11.5408 51 15.4867
11.4027 54 15.6624
11.4027 55 15.7624
11.3802 59 16.1422
11.3802 61 16.3422
11.3256 63 16.4931
11.3256 64 16.5931
11.3256 65 16.6931
11.3256 66 16.7931
11.3256 67 16.8931
11.3256 68 16.9931
11.3256 69 17.0931
11.3256 70 17.1931
11.3256 71 17.2931
11.2807 78 17.9526
11.7592 38 14.3832
11.7592 39 14.4832
11.5633 42 14.6069
11.5633 43 14.7069
11.5408 48 15.1867
11.5408 49 15.2867
11.5408 50 15.3867
11.4027 52 15.4624
11.5408 51 15.4867
11.4027 53 15.5624
11.4027 54 15.6624
11.4027 55 15.7624
11.3802 57 15.9422
11.3802 58 16.0422
11.3802 59 16.1422
11.3802 60 16.2422
11.3802 61 16.3422
11.3256 63 16.4931
11.3256 64 16.5931
11.3256 65 16.6931
11.3256 66 16.7931
11.3256 67 16.8931
11.3256 68 16.9931
11.3256 69 17.0931
11.3256 70 17.1931
11.3256 72 17.3931
11.2807 77 17.8526
11.2807 79 18.0526
11.7592 38 14.3832
11.7592 39 14.4832
12.9955 28 14.496
11.5633 43 14.7069
12.6551 34 14.7896
11.5408 47 15.0867
11.5408 48 15.1867
11.5408 49 15.2867
11.5408 50 15.3867
11.5408 51 15.4867
11.4027 53 15.5624
11.4027 54 15.6624
11.4027 55 15.7624
11.3802 56 15.8422
11.3802 58 16.0422
11.3802 60 16.2422
11.3802 61 16.3422
11.3256 62 16.3931
11.3256 63 16.4931
11.3256 64 16.5931
11.3256 65 16.6931
11.3256 66 16.7931
11.3256 67 16.8931
11.3256 68 16.9931
11.3256 70 17.1931
11.3256 72 17.3931
11.2807 78 17.9526
11.2807 79 18.0526
11.2807 82 18.3526
11.2807 84 18.5526
11.7592 37 14.2832
11.7592 38 14.3832
12.9955 27 14.396
11.7592 39 14.4832
12.6551 33 14.6896
11.5408 46 14.9867
11.5408 49 15.2867
11.5408 50 15.3867
11.4027 52 15.4624
11.5408 51 15.4867
11.4027 53 15.5624
11.3802 56 15.8422
11.3802 57 15.9422
11.3802 58 16.0422
11.3802 60 16.2422
11.3802 61 16.3422
11.3256 63 16.4931
11.3256 64 16.5931
11.3256 65 16.6931
11.3256 66 16.7931
11.3256 68 16.9931
11.3256 69 17.0931
11.3256 70 17.1931
11.3256 71 17.2931
11.3256 72 17.3931
11.2807 79 18.0526
11.7592 37 14.2832
12.9955 26 14.296
11.7592 38 14.3832
12.9955 28 14.496
12.6551 32 14.5896
11.5633 42 14.6069
11.5633 43 14.7069
12.6551 34 14.7896
11.5408 46 14.9867
11.5408 47 15.0867
11.5408 48 15.1867
11.5408 49 15.2867
11.5408 50 15.3867
11.4027 53 15.5624
11.4027 54 15.6624
11.3802 57 15.9422
11.3802 59 16.1422
11.3802 60 16.2422
11.3802 61 16.3422
11.3256 63 16.4931
11.3256 64 16.5931
11.3256 65 16.6931
11.3256 66 16.7931
11.3256 67 16.8931
11.3256 68 16.9931
11.3256 70 17.1931
11.3256 71 17.2931
11.3256 72 17.3931
11.2807 80 18.1526
11.2807 83 18.4526
11.7592 38 14.3832
12.9955 27 14.396
11.7592 39 14.4832
12.9955 28 14.496
11.7367 40 14.563
11.5633 42 14.6069
12.6551 33 14.6896
11.5633 43 14.7069
12.973 31 14.7757
12.6551 34 14.7896
13.702 25 14.8318
11.5408 46 14.9867
11.5408 47 15.0867
11.5408 48 15.1867
11.5408 49 15.2867
11.5408 50 15.3867
11.5408 51 15.4867
11.4027 53 15.5624
11.4027 54 15.6624
11.4027 55 15.7624
11.3802 56 15.8422
11.3802 57 15.9422
11.3802 59 16.1422
11.3802 60 16.2422
11.3802 61 16.3422
11.3256 63 16.4931
11.3256 64 16.5931
11.3256 65 16.6931
11.3256 66 16.7931
11.3256 67 16.8931
11.3256 69 17.0931
11.3256 71 17.2931
11.3256 72 17.3931
11.7592 35 14.0832
12.9955 25 14.196
11.7592 37 14.2832
12.9955 26 14.296
11.7592 38 14.3832
11.7592 39 14.4832
12.9955 28 14.496
11.5633 42 14.6069
12.973 30 14.6757
12.6551 33 14.6896
11.5633 43 14.7069
12.973 31 14.7757
11.5408 45 14.8867
11.5408 46 14.9867
11.5408 47 15.0867
11.5408 48 15.1867
11.5408 49 15.2867
11.5408 50 15.3867
11.4862 51 15.4376
11.4027 52 15.4624
11.5408 51 15.4867
11.4027 53 15.5624
11.4027 54 15.6624
11.4027 55 15.7624
11.3802 56 15.8422
11.3802 57 15.9422
11.3802 58 16.0422
11.3802 59 16.1422
11.3802 60 16.2422
11.3256 61 16.2931
11.3802 61 16.3422
11.3256 62 16.3931
11.3256 63 16.4931
11.3256 66 16.7931
11.3256 67 16.8931
11.3256 68 16.9931
11.3256 69 17.0931
11.3256 70 17.1931
11.3256 71 17.2931
11.3256 72 17.3931
11.2807 81 18.2526
11.7592 36 14.1832
12.9955 25 14.196
11.7592 37 14.2832
12.9955 26 14.296
11.7592 38 14.3832
12.9955 27 14.396
11.7592 39 14.4832
12.6551 31 14.4896
12.9955 28 14.496
12.6551 32 14.5896
12.6551 33 14.6896
11.5633 43 14.7069
12.973 31 14.7757
11.5408 44 14.7867
12.6551 34 14.7896
11.5408 45 14.8867
11.5408 46 14.9867
11.5408 47 15.0867
11.5408 48 15.1867
11.5408 49 15.2867
11.5408 50 15.3867
11.4862 51 15.4376
11.4027 52 15.4624
11.5408 51 15.4867
11.4027 53 15.5624
11.4027 55 15.7624
11.3802 56 15.8422
11.3802 57 15.9422
11.3802 59 16.1422
11.3802 60 16.2422
11.3802 61 16.3422
11.3256 62 16.3931
11.3256 63 16.4931
11.3256 64 16.5931
11.3256 65 16.6931
11.3256 66 16.7931
11.3256 67 16.8931
11.3256 68 16.9931
11.3256 69 17.0931
11.3256 70 17.1931
11.3256 71 17.2931
11.2807 72 17.3526
11.3256 72 17.3931
11.7592 36 14.1832
11.7592 37 14.2832
12.9955 27 14.396
11.5633 40 14.4069
11.7367 39 14.463
11.7592 39 14.4832
12.6551 31 14.4896
11.5633 41 14.5069
12.973 29 14.5757
12.6551 32 14.5896
12.973 30 14.6757
12.6551 33 14.6896
11.5633 43 14.7069
12.973 31 14.7757
12.6551 34 14.7896
11.5408 45 14.8867
11.5408 46 14.9867
11.5408 48 15.1867
11.5408 49 15.2867
11.5408 50 15.3867
11.4862 51 15.4376
11.5408 51 15.4867
11.4027 53 15.5624
11.4027 54 15.6624
11.4027 55 15.7624
11.3802 56 15.8422
11.3802 58 16.0422
11.3802 59 16.1422
11.3802 60 16.2422
11.3802 61 16.3422
11.3256 62 16.3931
11.3256 63 16.4931
11.3256 64 16.5931
11.3256 65 16.6931
11.3256 67 16.8931
11.3256 68 16.9931
11.3256 69 17.0931
11.3256 70 17.1931
11.3256 71 17.2931
11.3256 72 17.3931
11.2807 73 17.4526
11.2807 76 17.7526
11.7592 34 13.9832
11.7592 36 14.1832
11.7592 37 14.2832
11.7592 38 14.3832
11.7367 39 14.463
12.973 28 14.4757
11.7592 39 14.4832
12.9955 28 14.496
11.5633 41 14.5069
11.7367 40 14.563
12.973 29 14.5757
12.6551 32 14.5896
11.5633 42 14.6069
12.973 30 14.6757
11.5408 43 14.6867
12.6551 33 14.6896
11.5633 43 14.7069
12.6551 34 14.7896
11.5408 47 15.0867
11.5408 48 15.1867
11.5408 49 15.2867
11.4027 51 15.3624
11.5408 50 15.3867
11.4027 52 15.4624
11.5408 51 15.4867
11.4027 53 15.5624
11.4027 54 15.6624
11.3802 55 15.7422
11.4027 55 15.7624
11.3802 56 15.8422
11.3802 57 15.9422
11.3802 58 16.0422
11.3802 59 16.1422
11.3802 60 16.2422
11.3256 61 16.2931
11.3256 62 16.3931
11.3256 63 16.4931
11.3256 64 16.5931
11.3256 65 16.6931
11.3256 66 16.7931
11.3256 68 16.9931
11.3256 69 17.0931
11.3256 70 17.1931
11.3256 71 17.2931
11.2807 72 17.3526
11.2807 73 17.4526
11.2807 74 17.5526
11.2807 76 17.7526
