11.5922 97 88.4592
11.7848 83 75.8785
11.5922 96 87.5592
11.5922 97 88.4592
11.5922 95 86.6592
11.5922 96 87.5592
11.5922 97 88.4592
12.2505 78 71.425
11.9486 79 72.2949
11.7848 83 75.8785
11.5922 94 85.7592
11.5922 95 86.6592
11.5922 96 87.5592
11.5922 97 88.4592
12.2505 77 70.525
11.9486 79 72.2949
11.8362 82 74.9836
11.6724 84 76.7672
11.6179 89 81.2618
11.5922 95 86.6592
11.5922 96 87.5592
11.5922 97 88.4592
11.3449 141 128.034
11.3353 149 135.234
12.8478 74 67.8848
12.5652 76 69.6565
12.2505 77 70.525
12.2505 78 71.425
11.9486 79 72.2949
11.8362 82 74.9836
11.6179 88 80.3618
11.5922 92 83.9592
11.5922 93 84.8592
11.5922 95 86.6592
11.5922 96 87.5592
11.5922 97 88.4592
11.5472 104 94.7547
11.4155 124 112.742
11.3449 140 127.134
11.3449 141 128.034
11.3353 147 133.434
11.3353 148 134.334
11.3353 149 135.234
12.2505 76 69.6251
11.9486 78 71.3949
12.2505 78 71.425
11.9486 79 72.2949
11.8362 81 74.0836
11.8362 82 74.9836
11.6724 83 75.8672
11.6179 86 78.5618
11.6179 89 81.2618
11.5922 91 83.0592
11.5922 92 83.9592
11.5922 93 84.8592
11.5922 94 85.7592
11.5922 95 86.6592
11.5922 96 87.5592
11.5922 97 88.4592
11.5536 99 90.2554
11.5472 104 94.7547
11.4669 118 107.347
11.4669 119 108.247
11.4155 123 111.842
11.4155 124 112.742
11.3481 132 119.935
11.3449 140 127.134
11.3449 141 128.034
11.3353 147 133.434
11.3353 148 134.334
11.3353 151 137.034
12.8478 73 66.9848
12.8478 75 68.7848
12.2505 77 70.525
11.9486 78 71.3949
11.9486 79 72.2949
11.8362 80 73.1836
11.7848 82 74.9785
11.8362 82 74.9836
11.6724 84 76.7672
11.6179 85 77.6618
11.6179 88 80.3618
11.6179 89 81.2618
11.5922 91 83.0592
11.5922 92 83.9592
11.5922 93 84.8592
11.5922 94 85.7592
11.5922 95 86.6592
11.5922 96 87.5592
11.5922 97 88.4592
11.5536 98 89.3554
11.5536 102 92.9554
11.5472 104 94.7547
11.4669 116 105.547
11.4669 118 107.347
11.4412 120 109.144
11.4155 122 110.942
11.4155 123 111.842
11.4155 124 112.742
11.3481 131 119.035
11.3481 132 119.935
11.3449 140 127.134
11.3353 145 131.634
11.3353 147 133.434
11.3353 148 134.334
11.3353 152 137.934
12.8478 74 67.8848
12.1188 78 71.4119
12.1381 78 71.4138
11.8362 79 72.2836
11.9486 79 72.2949
11.8362 80 73.1836
11.8362 81 74.0836
11.6724 83 75.8672
11.7848 83 75.8785
11.6179 84 76.7618
11.6724 84 76.7672
11.6179 86 78.5618
11.6179 88 80.3618
11.5922 89 81.2592
11.6179 89 81.2618
11.5922 91 83.0592
11.5922 92 83.9592
11.5922 93 84.8592
11.5922 95 86.6592
11.5922 96 87.5592
11.5536 97 88.4554
11.5536 98 89.3554
11.5536 99 90.2554
11.5536 101 92.0554
11.5472 103 93.8547
11.5215 104 94.7522
11.5472 104 94.7547
11.483 107 97.4483
11.5119 107 97.4512
11.4669 117 106.447
11.4669 118 107.347
11.4412 119 108.244
11.4669 119 108.247
11.4412 121 110.044
11.4412 122 110.944
11.4155 123 111.842
11.3995 124 112.74
11.4155 124 112.742
11.3995 127 115.44
11.3481 130 118.135
11.3481 133 120.835
11.3449 137 124.434
11.3449 139 126.234
11.3449 140 127.134
11.3353 144 130.734
11.3353 146 132.534
11.3353 147 133.434
11.3353 149 135.234
11.3353 153 138.834
