11.6724 89 42.6035
11.7848 85 41.0709
11.6724 88 42.2035
11.6724 89 42.6035
11.5922 98 46.1553
11.9486 82 39.9692
11.7848 84 40.6709
11.7848 85 41.0709
11.6724 88 42.2035
11.6724 89 42.6035
11.6179 93 44.1707
11.6179 94 44.5707
11.5922 97 45.7553
11.5633 129 58.538
11.9486 81 39.5692
11.7848 83 40.2709
11.7848 84 40.6709
11.7848 85 41.0709
11.6724 87 41.8035
11.6724 88 42.2035
11.6724 89 42.6035
11.6468 90 42.9881
11.6179 92 43.7707
11.6179 94 44.5707
11.5922 96 45.3553
11.5922 97 45.7553
11.5922 101 47.3553
11.5633 123 56.138
11.5633 126 57.338
11.5633 128 58.138
11.5633 130 58.938
11.3963 151 67.2378
12.5652 78 38.7391
12.2505 79 38.9503
11.9486 80 39.1692
11.9486 81 39.5692
11.7848 84 40.6709
11.6724 85 41.0035
11.6724 87 41.8035
11.6724 88 42.2035
11.6724 89 42.6035
11.6468 90 42.9881
11.6179 92 43.7707
11.6179 93 44.1707
11.5922 95 44.9553
11.5922 96 45.3553
11.5922 97 45.7553
11.5922 100 46.9553
11.5633 120 54.938
11.5633 122 55.738
11.5633 127 57.738
11.5633 128 58.138
11.5633 129 58.538
11.5633 130 58.938
11.5247 132 59.7148
11.4412 133 60.0647
11.4027 141 63.2416
11.3963 150 66.8378
11.3963 151 67.2378
12.5652 77 38.3391
13.5222 76 38.5133
12.2505 78 38.5503
12.5652 78 38.7391
11.9486 79 38.7692
11.9486 82 39.9692
11.7848 83 40.2709
11.7848 84 40.6709
11.6724 86 41.4035
11.6724 87 41.8035
11.6724 88 42.2035
11.6468 89 42.5881
11.6724 89 42.6035
11.6179 90 42.9707
11.6468 90 42.9881
11.6179 93 44.1707
11.5922 94 44.5553
11.6179 94 44.5707
11.5922 95 44.9553
11.5922 96 45.3553
11.5922 97 45.7553
11.5922 98 46.1553
11.5922 99 46.5553
11.5922 100 46.9553
11.5729 103 48.1437
11.5857 103 48.1514
11.5633 119 54.538
11.5633 120 54.938
11.5633 122 55.738
11.5633 125 56.938
11.5633 126 57.338
11.5633 127 57.738
11.5633 128 58.138
11.5408 130 58.9245
11.5633 130 58.938
11.5247 131 59.3148
11.4412 132 59.6647
11.5247 132 59.7148
11.4123 133 60.0474
11.4027 140 62.8416
11.3963 149 66.4378
