11.5922 98 72.0776
11.9486 82 60.9846
11.7848 84 62.3355
11.5922 97 71.3776
11.9486 81 60.2846
11.7848 83 61.6355
11.7848 84 62.3355
11.6724 87 64.4017
11.6179 92 67.8854
11.5922 96 70.6776
11.5922 97 71.3776
11.5922 101 74.1776
12.2505 79 58.9751
11.9486 80 59.5846
11.9486 81 60.2846
11.7848 84 62.3355
11.6724 85 63.0017
11.6724 87 64.4017
11.6179 92 67.8854
11.5922 95 69.9776
11.5922 96 70.6776
11.5922 97 71.3776
11.5922 100 73.4776
12.5652 77 57.6696
12.2505 78 58.2751
11.9486 79 58.8846
11.9486 82 60.9846
11.7848 83 61.6355
11.7848 84 62.3355
11.6724 86 63.7017
11.6724 87 64.4017
11.6179 90 66.4854
11.5922 94 69.2776
11.5922 95 69.9776
11.5922 96 70.6776
11.5922 97 71.3776
11.5922 98 72.0776
11.5922 99 72.7776
11.5922 100 73.4776
11.5729 103 75.5719
11.4123 133 96.5237
12.2505 77 57.5751
12.5652 77 57.6696
11.9486 79 58.8846
11.9486 80 59.5846
11.9486 81 60.2846
11.8362 82 60.9509
11.6724 84 62.3017
11.7848 84 62.3355
11.6724 85 63.0017
11.6724 86 63.7017
11.6724 87 64.4017
11.6468 88 65.094
11.6179 89 65.7854
11.6179 90 66.4854
11.6179 91 67.1854
11.5922 95 69.9776
11.5922 96 70.6776
11.5922 97 71.3776
11.5922 98 72.0776
11.5922 99 72.7776
11.5922 100 73.4776
11.5922 101 74.1776
11.5729 102 74.8719
11.5472 105 76.9642
11.5472 106 77.6642
11.5472 108 79.0642
11.4155 125 90.9247
11.4123 132 95.8237
11.3449 141 102.103
11.3353 149 107.701
12.8478 74 55.6543
12.5652 76 56.9696
12.2505 77 57.5751
12.2505 78 58.2751
11.9486 79 58.8846
11.9486 80 59.5846
11.8362 82 60.9509
11.9229 82 60.9769
11.8362 83 61.6509
11.7848 84 62.3355
11.6724 85 63.0017
11.6724 86 63.7017
11.6468 87 64.394
11.6724 87 64.4017
11.6179 88 65.0854
11.6179 90 66.4854
11.6179 91 67.1854
11.5922 92 67.8776
11.6179 92 67.8854
11.5922 93 68.5776
11.5922 95 69.9776
11.5922 96 70.6776
11.5922 97 71.3776
11.5922 98 72.0776
11.5922 99 72.7776
11.5922 100 73.4776
11.5729 101 74.1719
11.5729 102 74.8719
11.5472 104 76.2642
11.5472 105 76.9642
11.5472 107 78.3642
11.5472 108 79.0642
11.5408 112 81.8622
11.4155 124 90.2247
11.4123 133 96.5237
11.3963 135 97.9189
11.3449 140 101.403
11.3449 141 102.103
11.3353 147 106.301
11.3353 148 107.001
11.3353 149 107.701
