11.2582 118 21.9324
11.2582 115 21.6324
11.2582 117 21.8324
11.2582 118 21.9324
11.2678 113 21.441
11.2582 114 21.5324
11.2582 116 21.7324
11.2582 117 21.8324
11.2582 118 21.9324
11.2582 126 22.7324
11.2389 138 23.915
11.2357 145 24.6121
11.3128 103 20.4815
11.3031 107 20.8728
11.3128 102 20.3815
11.3031 106 20.7728
11.3031 108 20.9728
11.3128 101 20.2815
11.3128 102 20.3815
11.3128 103 20.4815
11.3031 106 20.7728
11.3031 107 20.8728
11.3031 109 21.0728
11.3031 112 21.3728
11.3128 99 20.0815
11.3128 101 20.2815
11.3128 102 20.3815
11.3128 103 20.4815
11.3031 105 20.6728
11.3031 107 20.8728
11.3031 108 20.9728
11.3031 109 21.0728
11.3031 110 21.1728
11.3031 113 21.4728
11.3128 98 19.9815
11.3128 100 20.1815
11.3128 101 20.2815
11.3128 102 20.3815
11.3031 103 20.4728
11.3031 106 20.7728
11.3031 107 20.8728
11.3031 108 20.9728
11.3031 109 21.0728
11.3031 110 21.1728
11.3031 113 21.4728
11.3128 97 19.8815
11.3128 98 19.9815
11.3128 101 20.2815
11.3128 102 20.3815
11.3128 103 20.4815
11.3031 104 20.5728
11.3128 97 19.8815
11.3128 98 19.9815
11.3128 99 20.0815
11.1394 148 24.8254
11.1394 151 25.1254
13.702 38 16.1318
11.4862 68 17.1376
13.702 37 16.0318
11.4862 68 17.1376
13.702 37 16.0318
13.702 38 16.1318
13.641 41 16.3769
11.4862 66 16.9376
11.4862 68 17.1376
13.702 37 16.0318
13.702 38 16.1318
13.641 41 16.3769
13.368 49 16.9312
11.4862 67 17.0376
11.4477 72 17.5029
13.702 36 15.9318
13.702 38 16.1318
13.641 41 16.3769
13.641 42 16.4769
12.8767 52 16.789
13.368 48 16.8312
11.4862 67 17.0376
11.4862 68 17.1376
11.4477 71 17.4029
13.702 35 15.8318
13.702 36 15.9318
13.702 37 16.0318
14.2254 34 16.2029
13.641 42 16.4769
11.5665 64 16.8098
13.368 48 16.8312
11.4862 65 16.8376
13.368 49 16.9312
11.4862 66 16.9376
12.4785 58 17.0306
13.368 50 17.0312
11.4862 67 17.0376
11.4862 68 17.1376
11.4477 71 17.4029
13.702 35 15.8318
13.702 36 15.9318
13.702 37 16.0318
13.641 39 16.1769
14.2254 34 16.2029
13.641 40 16.2769
13.641 41 16.3769
13.641 42 16.4769
11.4862 64 16.7376
11.4862 65 16.8376
12.4785 57 16.9306
13.368 49 16.9312
11.4862 66 16.9376
12.8382 54 16.9543
13.368 50 17.0312
11.4862 67 17.0376
11.4862 68 17.1376
11.4477 70 17.3029
11.4477 72 17.5029
11.438 73 17.5942
13.702 35 15.8318
13.702 36 15.9318
13.702 37 16.0318
13.702 38 16.1318
13.641 39 16.1769
14.2254 34 16.2029
13.641 40 16.2769
13.641 41 16.3769
11.6821 59 16.4139
13.641 42 16.4769
11.5665 63 16.7098
13.368 47 16.7312
12.6262 54 16.7636
12.4785 56 16.8306
13.368 48 16.8312
11.4862 65 16.8376
12.8382 53 16.8543
12.4785 57 16.9306
11.4862 66 16.9376
12.8382 54 16.9543
12.4785 58 17.0306
13.368 50 17.0312
11.4862 67 17.0376
11.4862 68 17.1376
11.4477 70 17.3029
11.4477 71 17.4029
11.4477 72 17.5029
11.3256 75 17.6931
11.438 74 17.6942
13.702 34 15.7318
13.702 35 15.8318
13.702 36 15.9318
13.702 37 16.0318
14.2254 33 16.1029
13.702 38 16.1318
13.641 39 16.1769
14.2254 34 16.2029
13.641 40 16.2769
13.641 41 16.3769
11.6821 60 16.5139
13.5864 43 16.5277
11.5665 62 16.6098
13.368 46 16.6312
12.4785 55 16.7306
13.368 47 16.7312
11.5665 64 16.8098
12.4785 56 16.8306
13.368 48 16.8312
11.4862 65 16.8376
12.8382 53 16.8543
12.4785 57 16.9306
13.368 49 16.9312
11.4862 66 16.9376
12.8382 54 16.9543
13.368 50 17.0312
11.4862 67 17.0376
11.4862 68 17.1376
11.4477 70 17.3029
11.4477 71 17.4029
11.4477 72 17.5029
11.3256 74 17.5931
11.438 74 17.6942
11.3256 79 18.0931
13.702 35 15.8318
13.702 36 15.9318
14.2254 32 16.0029
13.702 37 16.0318
13.641 38 16.0769
14.2254 33 16.1029
13.702 38 16.1318
13.641 39 16.1769
13.641 40 16.2769
11.6821 58 16.3139
13.641 41 16.3769
11.6821 59 16.4139
13.641 42 16.4769
11.6821 60 16.5139
13.368 45 16.5312
11.6821 61 16.6139
13.5864 44 16.6277
12.8767 51 16.689
11.5665 63 16.7098
12.4785 55 16.7306
13.368 47 16.7312
11.4862 64 16.7376
12.8767 52 16.789
11.5665 64 16.8098
12.4785 56 16.8306
13.368 48 16.8312
11.4862 65 16.8376
13.368 49 16.9312
11.4862 66 16.9376
12.8382 54 16.9543
13.2203 51 16.9983
12.4785 58 17.0306
13.368 50 17.0312
11.4862 67 17.0376
11.4862 68 17.1376
11.4477 70 17.3029
11.4477 72 17.5029
11.438 74 17.6942
11.3256 76 17.7931
11.3256 78 17.9931
11.3256 79 18.0931
13.702 34 15.7318
13.702 35 15.8318
14.2254 31 15.9029
14.2254 32 16.0029
13.702 37 16.0318
14.2254 33 16.1029
13.702 38 16.1318
13.641 39 16.1769
14.2254 34 16.2029
13.641 41 16.3769
11.6821 59 16.4139
13.5864 42 16.4277
13.368 44 16.4312
13.6185 42 16.4566
13.641 42 16.4769
11.6821 60 16.5139
11.6821 61 16.6139
13.5864 44 16.6277
12.4785 54 16.6306
13.368 46 16.6312
11.5665 63 16.7098
13.368 47 16.7312
11.4862 64 16.7376
12.8382 52 16.7543
12.8767 52 16.789
12.4785 56 16.8306
13.368 48 16.8312
11.4862 65 16.8376
13.2203 50 16.8983
12.4785 57 16.9306
13.368 49 16.9312
11.4862 66 16.9376
12.8382 54 16.9543
13.2203 51 16.9983
13.3584 50 17.0225
12.4785 58 17.0306
13.368 50 17.0312
11.4862 67 17.0376
11.4766 68 17.1289
11.4862 68 17.1376
11.4477 69 17.2029
11.4477 70 17.3029
11.4477 71 17.4029
11.438 72 17.4942
11.4477 72 17.5029
11.3256 75 17.6931
11.438 74 17.6942
