11.2775 132 119.928
11.6724 76 69.5672
11.8362 73 66.8836
11.6724 75 68.6672
11.6724 76 69.5672
14.553 61 56.3553
12.4207 69 63.3421
11.8362 72 65.9836
11.6468 77 70.4647
14.9801 58 53.698
12.8349 66 60.6835
11.8362 72 65.9836
11.8362 73 66.8836
11.6724 74 67.7672
11.6468 76 69.5647
11.6724 76 69.5672
11.6468 77 70.4647
11.3931 86 78.5393
11.3931 87 79.4393
11.3224 99 90.2322
14.9801 57 52.798
14.553 60 55.4553
14.553 61 56.3553
12.8349 66 60.6835
12.8349 67 61.5835
12.1381 70 64.2138
11.8362 71 65.0836
11.8362 72 65.9836
11.8362 73 66.8836
11.6724 75 68.6672
11.6724 76 69.5672
11.4252 85 77.6425
11.3931 86 78.5393
11.3834 90 82.1383
11.332 95 86.6332
11.3224 98 89.3322
11.3224 103 93.8322
14.9801 56 51.898
14.9801 58 53.698
14.553 59 54.5553
14.553 60 55.4553
14.553 61 56.3553
13.8048 64 58.9805
12.8349 65 59.7835
12.8349 66 60.6835
12.8349 67 61.5835
12.4207 68 62.4421
11.8362 72 65.9836
11.6724 73 66.8672
11.8362 73 66.8836
11.6724 75 68.6672
11.6724 76 69.5672
11.6468 77 70.4647
11.5087 82 74.9509
11.3931 86 78.5393
11.3931 87 79.4393
11.3834 90 82.1383
11.332 94 85.7332
11.332 95 86.6332
11.3224 98 89.3322
11.3224 99 90.2322
11.3224 100 91.1322
11.3224 102 92.9322
11.3224 103 93.8322
14.9801 57 52.798
14.553 58 53.6553
14.9801 58 53.698
14.553 60 55.4553
13.8048 64 58.9805
12.4207 67 61.5421
12.8349 67 61.5835
12.1381 69 63.3138
11.8362 72 65.9836
11.6724 74 67.7672
11.6724 75 68.6672
11.6724 76 69.5672
11.6468 77 70.4647
11.3931 86 78.5393
11.332 93 84.8332
11.332 94 85.7332
11.3224 97 88.4322
11.3224 98 89.3322
11.3224 99 90.2322
11.3224 101 92.0322
11.3224 102 92.9322
14.9801 56 51.898
14.9801 57 52.798
14.553 60 55.4553
14.5273 61 56.3527
14.2897 62 57.229
14.2897 63 58.129
12.8349 64 58.8835
12.8349 66 60.6835
11.8362 70 64.1836
12.1381 70 64.2138
11.8362 72 65.9836
11.8362 73 66.8836
11.6724 74 67.7672
11.6724 75 68.6672
11.6468 76 69.5647
11.6724 76 69.5672
11.6468 77 70.4647
11.5087 81 74.0509
11.4252 84 76.7425
11.3931 85 77.6393
11.3642 91 83.0364
11.332 92 83.9332
11.332 94 85.7332
11.332 95 86.6332
11.3224 97 88.4322
11.3224 98 89.3322
11.3224 99 90.2322
11.3224 100 91.1322
11.3224 105 95.6322
11.3224 108 98.3322
14.553 59 54.5553
14.553 60 55.4553
14.2897 61 56.329
14.5273 61 56.3527
14.2897 63 58.129
14.2897 64 59.029
12.8349 66 60.6835
12.8349 67 61.5835
12.4207 68 62.4421
12.1381 70 64.2138
11.8362 71 65.0836
11.8362 72 65.9836
11.6724 74 67.7672
11.6724 75 68.6672
11.6468 76 69.5647
11.6724 76 69.5672
11.5247 77 70.4525
11.6179 77 70.4618
11.6468 77 70.4647
11.5087 80 73.1509
11.5087 81 74.0509
11.4252 83 75.8425
11.4252 84 76.7425
11.3931 85 77.6393
11.3931 86 78.5393
11.3642 90 82.1364
11.3834 90 82.1383
11.332 91 83.0332
11.332 93 84.8332
11.332 94 85.7332
11.332 95 86.6332
11.3224 96 87.5322
11.3224 98 89.3322
11.3224 99 90.2322
11.3224 102 92.9322
