11.6724 90 82.1672
11.6724 89 81.2672
11.6724 90 82.1672
11.7848 85 77.6785
11.6724 88 80.3672
11.6724 89 81.2672
11.6724 90 82.1672
11.6468 92 83.9647
11.5922 98 89.3592
11.5633 132 119.956
11.9486 82 74.9949
11.7848 84 76.7785
11.7848 85 77.6785
11.6724 88 80.3672
11.6724 89 81.2672
11.6724 90 82.1672
11.6468 91 83.0647
11.6468 92 83.9647
11.6179 93 84.8618
11.6179 94 85.7618
11.5922 97 88.4592
11.5633 129 117.256
11.5633 131 119.056
11.5633 132 119.956
12.5652 79 72.3565
12.2505 80 73.2251
11.9486 81 74.0949
11.7848 83 75.8785
11.7848 84 76.7785
11.7848 85 77.6785
11.6724 87 79.4672
11.6724 88 80.3672
11.6724 89 81.2672
11.6468 90 82.1647
11.6468 91 83.0647
11.6179 92 83.9618
11.6468 92 83.9647
11.6179 94 85.7618
11.5922 96 87.5592
11.5922 97 88.4592
11.5922 101 92.0592
11.5857 106 96.5586
11.5633 123 111.856
11.5633 126 114.556
11.5633 128 116.356
11.5633 130 118.156
11.5633 131 119.056
11.5633 132 119.956
11.5247 133 120.852
11.438 141 128.044
11.3963 151 137.04
12.5652 78 71.4565
12.2505 79 72.3251
11.9486 80 73.1949
12.2505 80 73.2251
11.9486 81 74.0949
11.7848 84 76.7785
11.6724 85 77.6672
11.6724 87 79.4672
11.6724 88 80.3672
11.6724 89 81.2672
11.6468 90 82.1647
11.6468 91 83.0647
11.6179 92 83.9618
11.6468 92 83.9647
11.6179 93 84.8618
11.5922 95 86.6592
11.6179 95 86.6618
11.5922 96 87.5592
11.5922 97 88.4592
11.5922 100 91.1592
11.5857 104 94.7586
11.5857 105 95.6586
11.5857 109 99.2586
11.5633 120 109.156
11.5633 122 110.956
11.5633 127 115.456
11.5633 128 116.356
11.5633 129 117.256
11.5633 130 118.156
11.5633 131 119.056
11.5247 132 119.952
11.5311 132 119.953
11.5633 132 119.956
11.4412 133 120.844
11.438 140 127.144
11.4027 141 128.04
11.3963 150 136.14
11.3963 151 137.04
