11.7848 87 64.4354
11.6724 90 66.5017
11.499 152 109.85
11.9486 85 63.0846
11.7848 86 63.7355
11.7848 87 64.4354
11.6724 89 65.8017
11.6724 90 66.5017
11.6468 93 68.594
11.5633 134 97.269
11.5247 142 102.857
11.499 150 108.45
11.499 151 109.15
12.2505 82 61.0751
12.4432 82 61.1329
11.9486 84 62.3846
11.7848 85 63.0355
11.9486 85 63.0846
11.7848 86 63.7355
11.7848 87 64.4354
11.6724 88 65.1017
11.7848 88 65.1355
11.6724 89 65.8017
11.6724 90 66.5017
11.6468 92 67.894
11.6468 93 68.594
11.5922 98 72.0776
11.5633 132 95.869
11.5857 132 95.8757
11.5633 133 96.569
11.5311 136 98.6593
11.5633 136 98.669
11.5247 140 101.457
11.5311 140 101.459
11.5247 141 102.157
11.499 143 103.55
11.499 149 107.75
11.499 150 108.45
11.499 151 109.15
11.499 157 113.35
