11.7848 87 19.3064
11.6724 90 19.5052
11.7848 86 19.2064
11.7848 87 19.3064
11.6724 89 19.4052
11.7848 88 19.4064
11.6724 90 19.5052
11.6179 95 19.9561
11.4669 154 25.7202
11.7848 85 19.1064
11.7848 86 19.2064
11.6724 88 19.3052
11.7848 87 19.3064
11.6724 89 19.4052
11.6724 90 19.5052
11.6179 94 19.8561
11.5922 98 20.2329
11.5633 132 23.6069
11.4669 153 25.6202
12.4432 80 19.1988
11.7848 86 19.2064
11.6724 88 19.3052
11.7848 87 19.3064
12.8221 78 19.3399
11.6724 89 19.4052
11.6724 90 19.5052
11.6468 91 19.5821
11.6179 93 19.7561
11.6179 94 19.8561
11.6179 95 19.9561
11.5922 97 20.1329
11.5633 125 22.9069
11.5633 131 23.5069
11.5633 132 23.6069
11.5311 136 23.978
11.5247 140 24.3723
11.5055 143 24.6549
11.4669 153 25.6202
11.9486 83 19.0538
12.4432 79 19.0988
11.7848 85 19.1064
12.4432 80 19.1988
11.7848 86 19.2064
12.8221 77 19.2399
11.6724 88 19.3052
11.7848 87 19.3064
11.6724 89 19.4052
11.6468 91 19.5821
11.6179 92 19.6561
11.6179 94 19.8561
14.0071 74 20.0064
11.5922 96 20.0329
11.5922 97 20.1329
11.5922 98 20.2329
11.5633 128 23.2069
11.5633 130 23.4069
11.5633 131 23.5069
11.5633 132 23.6069
11.5408 133 23.6867
11.5311 135 23.878
11.5247 138 24.1723
11.5311 138 24.178
11.5247 140 24.3723
11.5215 141 24.4694
11.5055 142 24.5549
11.4926 143 24.6434
11.5055 143 24.6549
11.4926 144 24.7434
11.4669 152 25.5202
11.4669 153 25.6202
12.2505 80 19.0254
12.4432 79 19.0988
12.8221 76 19.1399
11.8362 85 19.1526
12.4432 80 19.1988
11.7848 86 19.2064
12.5909 79 19.2318
12.8221 77 19.2399
11.6724 88 19.3052
11.7848 87 19.3064
12.8221 78 19.3399
11.6724 89 19.4052
11.6468 90 19.4821
11.6724 90 19.5052
11.6179 91 19.5561
11.6468 91 19.5821
11.6179 93 19.7561
13.7437 74 19.7694
11.6179 94 19.8561
11.5922 96 20.0329
11.5922 97 20.1329
11.5857 105 20.9272
11.5633 124 22.8069
11.5633 127 23.1069
11.5633 129 23.3069
11.5633 130 23.4069
11.5408 132 23.5867
11.5633 132 23.6069
11.5311 134 23.778
11.5311 135 23.878
11.5311 137 24.078
11.5247 138 24.1723
11.5247 139 24.2723
11.5215 140 24.3694
11.5247 140 24.3723
11.5055 141 24.4549
11.5215 141 24.4694
11.5055 142 24.5549
11.4926 143 24.6434
11.5055 143 24.6549
11.4669 151 25.4202
11.4669 153 25.6202
