11.2582 118 21.9324
11.3995 88 19.0595
11.2582 115 21.6324
11.2582 117 21.8324
11.2582 118 21.9324
11.3995 87 18.9595
11.3995 89 19.1595
11.2678 113 21.441
11.2582 114 21.5324
11.2582 116 21.7324
11.2582 117 21.8324
11.2582 118 21.9324
11.2582 126 22.7324
11.3995 86 18.8595
11.3995 87 18.9595
11.3995 88 19.0595
11.3995 89 19.1595
11.3738 92 19.4364
11.2389 138 23.915
11.2357 145 24.6121
11.3995 85 18.7595
11.3995 86 18.8595
11.3995 87 18.9595
11.3995 88 19.0595
11.3995 89 19.1595
11.5665 74 17.8098
11.4477 82 18.5029
11.4477 83 18.6029
11.3995 85 18.7595
11.3995 86 18.8595
11.3995 87 18.9595
11.3995 88 19.0595
11.3738 91 19.3364
11.3738 92 19.4364
11.3385 95 19.7046
11.3128 103 20.4815
11.3031 107 20.8728
12.6262 61 17.4636
12.8767 59 17.489
11.5665 73 17.7098
11.5665 74 17.8098
14.1644 51 17.848
11.4862 78 18.1376
11.4477 80 18.3029
11.4477 81 18.4029
11.4477 82 18.5029
11.4477 83 18.6029
11.3995 84 18.6595
11.3995 85 18.7595
11.3995 86 18.8595
11.3995 87 18.9595
11.3995 89 19.1595
11.3738 90 19.2364
11.3738 92 19.4364
11.3385 94 19.6046
11.3385 96 19.8046
11.3128 102 20.3815
11.3031 106 20.7728
11.3031 108 20.9728
12.8767 57 17.289
12.6262 61 17.4636
12.6262 62 17.5636
13.6346 53 17.5711
12.8703 60 17.5832
11.5665 72 17.6098
11.6789 71 17.611
11.5665 73 17.7098
12.4785 65 17.7306
14.1644 50 17.748
11.5665 74 17.8098
11.4862 76 17.9376
11.4862 77 18.0376
11.4477 79 18.2029
11.4477 80 18.3029
11.4477 81 18.4029
11.4477 82 18.5029
11.3995 83 18.5595
11.4477 83 18.6029
11.3995 84 18.6595
11.3995 85 18.7595
11.3995 86 18.8595
11.3995 87 18.9595
11.3995 88 19.0595
11.3738 89 19.1364
11.3995 89 19.1595
11.3738 90 19.2364
11.3738 91 19.3364
11.3738 92 19.4364
11.3385 93 19.5046
11.3385 94 19.6046
11.3385 95 19.7046
11.3128 101 20.2815
11.3128 102 20.3815
11.3128 103 20.4815
11.3031 106 20.7728
11.3031 107 20.8728
11.3031 109 21.0728
11.3031 112 21.3728
12.6262 60 17.3636
12.6262 61 17.4636
13.6346 52 17.4711
12.8703 59 17.4832
11.5665 71 17.5098
13.6346 53 17.5711
11.6789 71 17.611
12.4785 64 17.6306
14.1644 49 17.648
12.6262 63 17.6636
11.5665 73 17.7098
12.5877 64 17.7289
11.4862 74 17.7376
14.1644 50 17.748
11.8812 71 17.7931
11.5665 74 17.8098
12.4785 66 17.8306
11.4862 75 17.8376
13.5928 57 17.9335
11.4862 76 17.9376
11.4862 77 18.0376
11.4477 78 18.1029
11.4862 78 18.1376
11.4477 79 18.2029
11.4477 80 18.3029
11.4477 81 18.4029
11.4477 82 18.5029
11.4477 83 18.6029
11.3995 84 18.6595
11.3995 85 18.7595
11.3995 86 18.8595
11.3995 87 18.9595
11.3738 89 19.1364
11.3738 90 19.2364
11.3738 91 19.3364
11.3385 92 19.4046
11.3738 92 19.4364
11.3385 93 19.5046
11.3385 94 19.6046
11.3385 95 19.7046
11.3385 96 19.8046
11.3128 99 20.0815
11.3128 101 20.2815
11.3128 102 20.3815
11.3128 103 20.4815
11.3031 105 20.6728
11.3128 105 20.6815
11.3031 107 20.8728
11.3031 108 20.9728
11.3031 109 21.0728
11.3031 110 21.1728
11.3031 113 21.4728
