12.729 67 39.8645
12.729 68 40.3645
12.729 69 40.8645
12.3019 70 41.1509
12.5459 70 41.273
12.7033 70 41.3516
12.729 70 41.3645
12.3019 71 41.6509
12.1188 72 42.0594
12.3019 72 42.1509
12.1188 73 42.5594
12.2762 73 42.6381
11.8362 74 42.9181
12.1188 74 43.0594
11.8362 75 43.4181
11.9486 75 43.4743
12.1188 75 43.5594
11.6724 76 43.8362
11.8362 76 43.9181
11.6724 77 44.3362
11.8362 77 44.4181
11.6724 78 44.8362
11.6468 79 45.3234
11.6724 79 45.3362
11.6468 80 45.8234
11.6724 80 45.8362
11.6468 81 46.3234
11.6179 82 46.8089
11.6468 82 46.8234
11.6179 83 47.3089
11.6179 84 47.8089
11.5922 85 48.2961
11.6179 85 48.3089
11.5922 86 48.7961
11.6179 86 48.8089
11.5922 87 49.2961
11.5922 88 49.7961
11.5922 89 50.2961
11.5793 90 50.7897
11.5922 90 50.7961
11.5536 91 51.2768
11.5922 91 51.2961
11.5536 92 51.7768
11.5793 92 51.7897
11.5922 92 51.7961
11.5536 93 52.2768
11.5536 94 52.7768
11.5536 95 53.2768
11.5536 96 53.7768
11.5536 97 54.2768
11.5472 98 54.7736
11.5536 98 54.7768
11.5247 99 55.2624
11.5472 99 55.2736
11.5536 99 55.2768
11.5247 100 55.7624
11.5055 101 56.2527
11.5247 101 56.2624
11.5247 102 56.7624
11.499 103 57.2495
11.5055 103 57.2527
11.5247 103 57.2624
11.4733 104 57.7367
11.499 104 57.7495
11.5055 104 57.7527
11.4733 105 58.2367
11.4733 106 58.7367
11.4573 107 59.2286
11.4733 107 59.2367
11.4477 108 59.7238
12.9249 150 81.4624
13.1946 118 65.5973
12.1798 134 73.0899
13.1464 149 81.0732
13.1496 134 73.5748
11.5408 150 80.7704
12.7964 122 67.3982
13.0983 137 75.0491
13.0694 137 75.0347
12.9216 149 80.9608
13.2813 118 65.6407
11.8459 125 68.4229
13.8593 124 68.9297
13.185 157 85.0925
12.2858 120 66.1429
12.5684 112 62.2842
13.0565 103 58.0283
12.2055 124 68.1028
12.2987 106 59.1493
12.1734 127 69.5867
12.6712 113 62.8356
12.578 92 52.289
13.702 161 87.351
13.4194 114 63.7097
12.2569 113 62.6285
13.9107 153 83.4554
13.8722 128 70.9361
13.7887 134 73.8943
13.2524 89 51.1262
13.0597 116 64.5299
