12.8767 48 19.9013
12.8767 49 20.1013
12.7001 50 20.1601
12.8767 50 20.3013
12.7001 51 20.3601
12.8382 51 20.4705
12.6262 52 20.501
12.8767 51 20.5013
12.7001 52 20.5601
12.6262 53 20.701
12.6262 54 20.901
12.4881 55 20.9905
12.5877 55 21.0701
12.6198 55 21.0958
12.6262 55 21.101
12.4785 56 21.1828
12.4881 56 21.1905
12.5877 56 21.2701
12.4785 57 21.3828
12.4496 58 21.5597
12.4785 58 21.5828
12.4399 59 21.752
12.4496 59 21.7597
12.4721 59 21.7776
12.4399 60 21.952
12.4496 60 21.9597
12.4399 61 22.152
12.4399 62 22.352
12.4399 64 22.752
12.2505 67 23.2004
11.8362 69 23.269
12.4399 67 23.352
12.2505 68 23.4004
11.8362 70 23.469
12.2505 69 23.6004
11.8105 71 23.6484
11.8362 71 23.669
11.8105 72 23.8484
11.8362 72 23.869
11.7848 73 24.0279
11.8105 73 24.0484
11.7816 74 24.2253
11.7848 74 24.2279
11.8105 74 24.2484
11.6468 75 24.3174
11.6724 75 24.338
11.7816 75 24.4253
11.7848 75 24.4279
11.6468 76 24.5174
11.6724 76 24.538
11.7592 76 24.6073
11.7816 76 24.6253
11.6468 77 24.7174
11.6724 77 24.738
11.6468 78 24.9174
11.6468 79 25.1174
11.6179 80 25.2943
11.6468 80 25.3174
11.6179 81 25.4943
11.5922 82 25.6737
11.6179 82 25.6943
11.5922 83 25.8737
11.6179 83 25.8943
11.5922 84 26.0737
11.5922 85 26.2737
11.5922 86 26.4737
11.5922 87 26.6737
11.5922 88 26.8737
11.5729 89 27.0583
11.5922 89 27.0737
13.1143 124 35.2915
13.5157 110 32.8126
14.1259 137 38.7007
12.9987 94 29.199
14.3089 138 39.0471
11.9133 125 34.5306
12.2248 142 38.1798
11.9711 147 38.9769
13.0758 153 41.0606
12.0417 176 44.8334
13.3969 107 32.1175
12.623 130 36.0984
12.1895 140 37.7516
12.3243 112 32.2595
13.8401 118 34.6721
12.8285 112 32.6628
13.6313 115 33.9051
12.8349 116 33.468
13.0983 116 33.6786
12.0674 134 36.4539
13.429 121 34.9432
12.1381 140 37.7105
13.6988 173 45.559
13.0951 127 35.876
12.9762 109 32.181
13.8722 133 37.6978
11.9743 169 43.3794
13.3552 113 33.2841
13.7598 101 31.2078
12.2473 161 41.9978
