13.5222 76 63.5044
12.2505 77 64.0501
12.5652 77 64.113
13.2074 77 64.2415
12.2505 78 64.8501
12.5652 78 64.913
11.9486 79 65.5897
12.2505 79 65.6501
11.9486 80 66.3897
11.9486 81 67.1897
11.8362 82 67.9672
11.9486 82 67.9897
11.7848 83 68.757
11.6724 84 69.5345
11.7848 84 69.557
11.6724 85 70.3345
11.7848 85 70.357
11.6724 86 71.1345
11.6724 87 71.9345
11.6468 88 72.7294
11.6724 88 72.7345
11.6179 89 73.5236
11.6468 89 73.5294
11.6724 89 73.5345
11.6179 90 74.3236
11.6468 90 74.3294
11.6179 91 75.1236
11.6179 92 75.9236
11.6179 93 76.7236
11.5922 94 77.5184
11.6179 94 77.5236
11.5922 95 78.3184
11.5922 96 79.1184
11.5922 97 79.9184
11.5922 98 80.7184
11.5922 99 81.5184
11.5922 100 82.3184
11.5922 101 83.1184
11.5729 102 83.9146
11.5857 102 83.9171
11.5729 103 84.7146
11.5857 103 84.7171
11.5472 105 86.3094
11.5472 106 87.1094
11.5472 108 88.7094
11.5633 119 97.5127
11.5633 120 98.3127
11.5633 122 99.9127
11.5633 123 100.713
11.4155 125 102.283
11.5633 125 102.313
11.5633 126 103.113
11.5633 127 103.913
11.5633 128 104.713
11.5633 129 105.513
11.5408 130 106.308
11.5633 130 106.313
11.5247 131 107.105
11.4123 132 107.882
11.4412 132 107.888
11.5247 132 107.905
11.4123 133 108.682
11.4412 133 108.688
11.4027 139 113.481
11.4027 140 114.281
11.3449 141 115.069
11.4027 141 115.081
11.3353 149 121.467
11.3963 149 121.479
13.5864 119 97.9173
11.727 110 90.3454
14.341 111 91.6682
14.0777 100 82.8155
11.9486 152 123.99
12.2087 167 136.042
13.3552 164 133.871
13.8176 141 115.564
13.0565 113 93.0113
13.824 114 93.9648
13.3744 133 109.075
13.2299 109 89.846
11.4412 135 110.288
13.2171 144 117.843
13.6442 118 97.1288
13.3873 130 106.677
12.7386 127 104.148
13.0083 142 116.202
12.6101 123 100.922
13.9782 144 117.996
13.3969 110 90.6794
14.1612 140 114.832
13.3455 112 92.2691
11.6018 122 99.9204
12.7129 122 100.143
12.2633 144 117.653
13.034 148 121.007
12.6872 136 111.337
12.1863 146 119.237
12.9505 110 90.5901
