14.553 53 37.6212
14.9801 53 37.792
14.553 54 38.2212
14.2897 55 38.7159
14.553 55 38.8212
14.2897 56 39.3159
14.5273 56 39.4109
14.553 56 39.4212
14.2897 57 39.9159
13.8048 58 40.3219
14.2897 58 40.5159
13.8048 59 40.9219
12.8349 60 41.134
13.262 60 41.3048
13.3776 60 41.3511
13.8048 60 41.5219
12.8349 61 41.734
13.3776 61 41.9511
12.8349 62 42.334
12.8092 63 42.9237
12.8349 63 42.934
12.8092 64 43.5237
12.8349 64 43.534
12.1381 65 43.8552
12.7803 65 44.1121
12.8092 65 44.1237
12.1381 66 44.4552
12.7803 66 44.7121
11.8362 67 44.9345
12.1381 67 45.0552
11.8362 68 45.5345
11.6724 69 46.069
11.8362 69 46.1345
11.6724 70 46.669
11.6724 71 47.269
11.6468 72 47.8587
11.6724 72 47.869
11.6468 73 48.4587
11.6179 74 49.0471
11.6468 74 49.0587
11.6179 75 49.6471
11.6179 76 50.2471
11.5922 77 50.8369
11.6179 77 50.8471
11.5922 78 51.4369
11.5922 79 52.0369
11.5922 80 52.6369
11.5922 81 53.2369
11.5729 82 53.8292
11.5922 82 53.8369
11.5729 83 54.4292
11.5922 83 54.4369
11.5215 84 55.0086
11.5729 84 55.0292
11.5215 85 55.6086
11.5151 86 56.206
11.5215 86 56.2086
11.5151 87 56.806
11.5151 88 57.406
11.5151 89 58.006
11.483 90 58.5932
11.5087 90 58.6035
11.5151 90 58.606
11.483 91 59.1932
11.5087 91 59.2035
11.5151 91 59.206
11.483 92 59.7932
11.5087 92 59.8035
11.483 93 60.3932
11.4444 139 87.9778
12.5202 159 100.408
13.7951 147 93.7181
13.1785 100 65.2714
11.8298 92 59.9319
13.0726 136 86.829
12.3629 127 81.1452
13.8947 116 75.1579
12.9441 105 68.1777
13.124 115 74.2496
12.3629 139 88.3452
12.7836 126 80.7134
13.124 98 64.0496
13.0437 121 77.8175
12.8895 138 87.9558
13.6089 128 82.2435
13.2588 122 78.5035
13.1625 99 64.665
13.0083 129 82.6033
12.9377 137 87.3751
12.3115 103 66.7246
11.8234 156 98.3294
13.1818 124 79.6727
13.4355 122 78.5742
11.3288 138 87.3315
13.4322 109 70.7729
13.0597 139 88.6239
13.4226 121 77.969
11.7752 120 76.7101
13.2588 148 94.1035
13.185 113 73.074
