14.553 62 43.0212
14.553 64 44.2212
14.553 65 44.8212
13.8048 66 45.1219
12.8478 67 45.3391
13.8048 67 45.7219
12.8478 68 45.9391
13.8048 68 46.3219
12.5652 70 47.0261
12.1381 71 47.4552
12.5652 71 47.6261
12.5652 72 48.2261
12.1381 73 48.6552
12.2633 73 48.7053
11.8362 74 49.1345
12.1188 74 49.2475
11.6724 75 49.669
11.8362 75 49.7345
11.6724 76 50.269
11.8362 76 50.3345
11.6724 77 50.869
11.6724 78 51.469
11.6468 79 52.0587
11.6724 79 52.069
11.6468 80 52.6587
11.6724 80 52.669
11.6179 81 53.2471
11.6468 81 53.2587
11.6179 82 53.8471
11.5922 83 54.4369
11.6179 83 54.4471
11.5922 84 55.0369
11.6179 84 55.0471
11.5922 85 55.6369
11.5922 86 56.2369
11.5922 87 56.8369
11.5922 88 57.4369
11.5793 89 58.0317
11.5922 89 58.0369
11.5793 90 58.6317
11.5729 91 59.2292
11.5793 91 59.2317
11.5472 92 59.8189
11.5729 92 59.8292
11.5793 92 59.8317
11.5472 93 60.4189
11.5536 93 60.4215
11.5729 93 60.4292
11.5472 94 61.0189
11.5472 95 61.6189
11.5472 96 62.2189
11.4926 97 62.797
11.5215 97 62.8086
11.5311 97 62.8125
11.5472 97 62.8189
11.483 98 63.3932
11.5311 98 63.4125
11.483 99 63.9932
11.4926 99 63.997
11.5311 99 64.0125
11.483 100 64.5932
11.483 101 65.1932
11.4733 102 65.7893
11.483 102 65.7932
11.4733 103 66.3893
11.4733 104 66.9893
11.4733 110 70.5893
13.0533 116 74.8213
11.2197 161 101.088
13.6474 122 78.659
11.5633 152 95.8253
12.8992 114 73.5597
12.3276 106 68.531
12.3179 116 74.5272
12.8317 107 69.3327
13.58 97 63.632
12.578 118 75.8312
12.0835 152 96.0334
13.9557 155 98.5823
13.3423 135 86.3369
12.4239 178 111.77
12.7322 109 70.4929
12.5074 132 84.203
11.9165 129 82.1666
11.9261 112 71.9705
12.9473 113 72.9789
11.7848 143 90.5139
12.6872 126 80.6749
13.8401 144 91.936
12.1606 122 78.0642
13.7405 103 67.2962
12.9666 121 77.7866
13.2845 125 80.3138
12.0931 132 84.0373
13.3263 127 81.5305
12.228 105 67.8912
12.7065 109 70.4826
