12.5652 78 45.2826
12.2505 79 45.6252
12.5652 79 45.7826
11.9486 80 45.9743
12.2505 80 46.1252
12.4432 80 46.2216
11.9486 81 46.4743
12.2505 81 46.6252
11.9486 82 46.9743
11.7848 83 47.3924
11.7848 84 47.8924
11.9229 84 47.9615
11.6724 85 48.3362
11.7848 85 48.3924
11.7848 86 48.8924
11.6724 87 49.3362
11.7592 87 49.3796
11.7848 87 49.3924
11.6724 88 49.8362
11.6724 89 50.3362
11.6468 90 50.8234
11.6724 90 50.8362
11.6468 91 51.3234
11.6179 92 51.8089
11.6468 92 51.8234
11.6179 93 52.3089
11.6179 94 52.8089
11.5922 95 53.2961
11.6179 95 53.3089
11.5922 96 53.7961
11.5922 97 54.2961
11.5922 98 54.7961
11.5922 100 55.7961
11.5922 101 56.2961
11.5857 104 57.7929
11.5857 105 58.2929
11.5857 106 58.7929
11.5857 109 60.2929
11.5633 120 65.7816
11.5633 122 66.7816
11.5633 123 67.2816
11.5633 126 68.7816
11.5633 127 69.2816
11.5633 128 69.7816
11.5633 129 70.2816
11.5633 130 70.7816
11.5633 131 71.2816
11.5247 132 71.7624
11.5311 132 71.7656
11.5633 132 71.7816
11.4412 133 72.2206
11.5247 133 72.2624
11.5311 133 72.2656
11.5633 133 72.2816
11.5247 138 74.7624
11.5247 139 75.2624
11.438 140 75.719
11.499 140 75.7495
11.5247 140 75.7624
11.4027 141 76.2013
11.438 141 76.219
11.499 141 76.2495
11.4284 148 79.7142
11.4284 149 80.2142
11.3963 150 80.6981
11.3963 151 81.1981
13.7823 112 62.8911
12.9859 136 74.4929
11.833 134 72.9165
12.2087 154 83.1044
12.6519 130 71.326
13.2299 104 58.615
13.3616 106 59.6808
13.3295 183 98.1647
12.9409 116 64.4705
12.334 163 87.667
13.1593 94 53.5796
12.4432 121 66.7216
12.8317 131 71.9159
14.1355 110 62.0678
11.9358 141 76.4679
13.2107 119 66.1053
12.1349 141 76.5674
12.1606 125 68.5803
13.2074 128 70.6037
13.4419 118 65.7209
14.0263 94 54.0132
12.6615 130 71.3308
12.896 127 69.948
12.7322 126 69.3661
13.6474 130 71.8237
13.429 131 72.2145
13.5575 158 85.7787
12.3115 142 77.1557
12.5074 106 59.2537
12.1927 138 75.0963
