13.7116 42 22.1981
13.6795 43 22.4757
13.7116 43 22.4981
13.6699 44 22.7689
13.6795 44 22.7757
13.0951 46 22.9665
13.6699 45 23.0689
13.0951 47 23.2665
13.6699 46 23.3689
13.0565 49 23.8396
13.0565 50 24.1396
13.0951 50 24.1665
12.806 51 24.2642
12.7675 53 24.8373
13.0565 53 25.0396
12.806 55 25.4642
12.7771 58 26.344
12.3019 60 26.6113
12.7771 59 26.644
12.3019 61 26.9113
12.7771 60 26.944
11.955 62 26.9685
12.3019 62 27.2113
11.955 63 27.2685
12.2762 63 27.4933
12.3019 63 27.5113
11.955 64 27.5685
11.9294 65 27.8505
11.955 65 27.8685
11.8362 66 28.0854
11.9294 66 28.1505
11.955 66 28.1685
11.8362 67 28.3854
11.9294 67 28.4505
11.8362 68 28.6854
11.6724 69 28.8707
11.8105 69 28.9674
11.8362 69 28.9854
11.6724 70 29.1707
11.8105 70 29.2674
11.6724 71 29.4707
11.6468 72 29.7527
11.6724 72 29.7707
11.6468 73 30.0527
11.6724 73 30.0707
11.6179 74 30.3325
11.6468 74 30.3527
11.6179 75 30.6325
11.6468 75 30.6527
11.6179 76 30.9325
11.5922 77 31.2145
11.6179 77 31.2325
11.5922 78 31.5145
11.6179 78 31.5325
11.5922 79 31.8145
11.5922 80 32.1145
11.5729 81 32.401
11.5922 81 32.4145
11.5729 82 32.701
11.5729 83 33.001
11.5472 84 33.283
11.5729 84 33.301
11.5472 85 33.583
11.5472 86 33.883
11.5472 87 34.183
11.5472 88 34.483
11.5472 89 34.783
11.5408 91 35.3785
11.5408 92 35.6786
11.5408 93 35.9785
12.3532 121 44.9473
12.4721 114 42.9304
12.9538 96 37.8676
12.7161 139 50.6013
12.3436 124 45.8405
13.5157 140 51.461
13.3487 123 46.2441
12.623 136 49.6361
12.8574 134 49.2002
13.1272 99 38.889
13.4387 150 54.4071
12.8703 108 41.4092
12.1766 153 54.4236
12.2762 154 54.7933
12.411 156 55.4877
13.429 119 45.1003
11.4252 154 54.1976
12.5491 122 45.3844
13.0083 132 48.7058
12.578 90 35.8046
12.4753 160 56.7327
14.3186 159 57.723
12.5845 132 48.4091
13.0244 108 41.5171
12.3757 138 50.063
12.3661 123 45.5563
13.4804 138 50.8363
12.3918 135 49.1742
13.0405 142 51.7283
11.711 117 43.2977
