13.262 58 35.631
12.8349 59 35.9175
13.262 59 36.131
12.8349 60 36.4175
13.262 60 36.631
12.3019 61 36.6509
12.8349 61 36.9175
12.3019 62 37.1509
12.3019 63 37.6509
12.1381 64 38.069
12.2762 64 38.1381
12.3019 64 38.1509
12.1381 65 38.569
12.2762 65 38.6381
12.3019 65 38.6509
11.8362 66 38.9181
12.1188 66 39.0594
12.1381 66 39.069
11.8362 67 39.4181
12.1381 67 39.569
11.8362 68 39.9181
11.6724 69 40.3362
11.8105 69 40.4053
11.8362 69 40.4181
11.6724 70 40.8362
11.8105 70 40.9053
11.6724 71 41.3362
11.6468 72 41.8234
11.6724 72 41.8362
11.6468 73 42.3234
11.6179 74 42.8089
11.6468 74 42.8234
11.6179 75 43.3089
11.6468 75 43.3234
11.6179 76 43.8089
11.5922 77 44.2961
11.6179 77 44.3089
11.5922 78 44.7961
11.6179 78 44.8089
11.5922 79 45.2961
11.5922 80 45.7961
11.5729 81 46.2864
11.5922 81 46.2961
11.5729 82 46.7864
11.5922 82 46.7961
11.5729 83 47.2864
11.5472 84 47.7736
11.5729 84 47.7864
11.5472 85 48.2736
11.5729 85 48.2864
11.5472 86 48.7736
11.5472 87 49.2736
11.5472 88 49.7736
11.5472 89 50.2736
11.5376 90 50.7688
11.5472 90 50.7736
11.5055 91 51.2527
11.5376 91 51.2688
11.5472 91 51.2736
11.5055 92 51.7527
11.5055 93 52.2527
11.4733 94 52.7367
11.5055 94 52.7527
11.4733 95 53.2367
11.4733 96 53.7367
11.4733 97 54.2367
11.4477 98 54.7238
11.4733 98 54.7367
11.4477 99 55.2238
11.4733 99 55.2367
13.3006 111 62.1503
13.0308 158 85.5154
12.2826 116 64.1413
12.3661 139 75.683
13.201 116 64.6005
13.0244 93 53.0122
12.7611 181 96.8805
12.6069 131 71.8035
12.7707 144 78.3854
14.1805 140 77.0902
11.9807 153 82.4904
13.413 107 60.2065
12.2344 157 84.6172
13.1818 106 59.5909
13.2235 111 62.1118
12.5877 162 87.2938
13.0918 106 59.5459
13.413 88 50.7065
13.3166 119 66.1583
12.9409 122 67.4705
13.2653 122 67.6326
12.2987 132 72.1493
13.1368 151 82.0684
14.0617 118 66.0308
13.8529 121 67.4265
13.7341 105 59.3671
12.4143 157 84.7071
12.4367 144 78.2184
12.6647 110 61.3324
13.3006 154 83.6503
