14.553 60 32.7318
14.553 61 33.1318
14.553 62 33.5318
12.729 65 33.6374
14.553 63 33.9318
14.3828 64 34.2297
13.8048 65 34.2829
14.5273 64 34.3164
12.5459 67 34.3276
14.553 64 34.3318
12.729 67 34.4374
14.3828 65 34.6297
13.8048 66 34.6829
14.5273 65 34.7164
12.5459 68 34.7276
14.553 65 34.7318
13.3776 67 34.8266
12.729 68 34.8374
12.3019 69 34.9811
13.8048 67 35.0829
12.5459 69 35.1276
12.1188 70 35.2713
12.3019 70 35.3811
12.5459 70 35.5276
12.1188 71 35.6713
12.1188 72 36.0713
11.9486 73 36.3692
12.1188 73 36.4713
11.9486 74 36.7692
11.8362 75 37.1017
11.9486 75 37.1692
11.8362 76 37.5017
11.9229 76 37.5538
11.9486 76 37.5692
11.6724 77 37.8035
11.8362 77 37.9017
11.6724 78 38.2035
11.6468 79 38.5881
11.6724 79 38.6035
11.6468 80 38.9881
11.6468 81 39.3881
11.6179 82 39.7707
11.6468 82 39.7881
11.6179 83 40.1707
11.6179 84 40.5707
11.5922 85 40.9553
11.6179 85 40.9707
11.5922 86 41.3553
11.5922 87 41.7553
11.5922 88 42.1553
11.5922 89 42.5553
11.5793 90 42.9476
11.5922 90 42.9553
11.5793 91 43.3476
11.5729 92 43.7437
11.5793 92 43.7476
11.5536 93 44.1322
11.5729 93 44.1437
11.5536 94 44.5322
11.5536 95 44.9322
11.5472 96 45.3283
11.5536 96 45.3322
11.5247 97 45.7148
11.5472 97 45.7283
11.5247 98 46.1148
11.5247 99 46.5148
11.5247 100 46.9148
11.499 101 47.2994
11.5247 101 47.3148
11.4573 105 48.8744
12.0578 147 66.0347
12.7739 146 66.0644
12.0128 168 74.4077
11.5151 135 60.9091
13.1818 112 52.7091
12.2408 130 59.3445
11.9229 149 66.7538
12.8285 107 50.4971
12.9891 132 60.5934
12.5523 108 50.7314
12.0417 131 59.625
13.0629 122 56.6378
13.7309 134 61.8385
13.246 161 72.3476
13.3776 124 57.6266
13.4194 102 48.8516
14.386 116 55.0316
13.6057 119 55.7634
12.3468 118 54.6081
12.9955 117 54.5973
13.4868 123 57.2921
13.9011 122 57.1407
11.5408 122 55.7245
12.973 104 49.3838
12.9794 175 77.7877
13.1882 111 52.3129
13.2492 166 74.3495
11.6949 122 55.817
13.0148 143 65.0089
13.307 118 55.1842
