14.9801 57 52.798
14.9801 58 53.698
14.553 60 55.4553
14.553 61 56.3553
14.553 62 57.2553
14.553 63 58.1553
14.5273 64 59.0527
14.553 64 59.0553
13.8048 65 59.8805
14.553 65 59.9553
12.8349 66 60.6835
13.8048 66 60.7805
14.4984 66 60.8498
12.8349 67 61.5835
12.4207 69 63.3421
12.1381 70 64.2138
12.4207 70 64.2421
11.8362 71 65.0836
12.1381 71 65.1138
12.4207 71 65.1421
11.8362 72 65.9836
12.1381 72 66.0138
11.8362 73 66.8836
11.6724 74 67.7672
11.8362 74 67.7836
11.6724 75 68.6672
11.8105 75 68.6811
11.8362 75 68.6836
11.6468 76 69.5647
11.6724 76 69.5672
11.6468 77 70.4647
11.6724 77 70.4672
11.6468 78 71.3647
11.6179 79 72.2618
11.6468 79 72.2647
11.6179 80 73.1618
11.6468 80 73.1647
11.5922 81 74.0592
11.6179 81 74.0618
11.5922 82 74.9592
11.6179 82 74.9618
11.5922 83 75.8592
11.5922 84 76.7592
11.4252 85 77.6425
11.5922 85 77.6592
11.3931 86 78.5393
11.5922 86 78.5592
11.3931 87 79.4393
11.3834 90 82.1383
11.3834 91 83.0383
11.3834 92 83.9383
11.332 95 86.6332
11.3834 95 86.6383
11.3834 96 87.5383
11.3224 98 89.3322
11.3224 99 90.2322
11.3224 103 93.8322
13.2074 142 129.121
13.8818 140 127.388
12.639 127 115.564
12.9152 129 117.392
11.6917 112 101.969
12.273 156 141.627
11.8908 167 151.489
13.8561 124 112.986
12.8638 154 139.886
12.228 126 114.623
13.1015 131 119.21
13.0148 124 112.901
13.7116 135 122.871
12.4271 113 102.943
12.9762 147 133.598
13.7502 135 122.875
12.0289 143 129.903
13.8497 124 112.985
14.2832 122 111.228
11.8619 142 128.986
13.7566 141 128.276
12.6487 91 83.1649
13.0694 133 121.007
12.6904 140 127.269
13.7405 124 112.974
13.1689 153 139.017
15.0925 93 85.2092
12.8382 114 103.884
13.535 106 96.7535
13.7791 107 97.6779
