11.7592 42 14.7832
11.7592 43 14.8832
11.7592 44 14.9832
11.7592 45 15.0832
11.7592 46 15.1832
13.702 29 15.2318
11.7592 47 15.2832
13.702 30 15.3318
11.7367 48 15.363
13.641 31 15.3769
11.7592 48 15.3832
11.5633 50 15.4069
13.702 31 15.4318
11.7367 49 15.463
13.641 32 15.4769
11.5633 51 15.5069
13.702 32 15.5318
11.7367 50 15.563
13.641 33 15.5769
11.5633 52 15.6069
11.7367 51 15.663
13.641 34 15.6769
11.5408 53 15.6867
14.2254 29 15.7029
11.5633 53 15.7069
13.641 35 15.7769
11.5408 54 15.7867
13.641 36 15.8769
11.5408 55 15.8867
13.5864 37 15.9277
13.6313 37 15.9682
13.641 37 15.9769
11.5408 56 15.9867
13.5864 38 16.0277
11.5408 57 16.0867
13.5864 39 16.1277
13.368 41 16.1312
11.4862 58 16.1376
11.5408 58 16.1867
13.5864 40 16.2277
13.368 42 16.2312
11.4862 59 16.2376
11.5408 59 16.2867
13.5864 41 16.3277
13.368 43 16.3312
11.4862 60 16.3376
13.5767 42 16.4191
13.5864 42 16.4277
13.368 44 16.4312
11.4862 61 16.4376
11.4862 62 16.5376
11.4862 63 16.6376
11.3802 64 16.6422
11.4862 64 16.7376
11.3802 65 16.7422
11.4862 65 16.8376
11.3802 69 17.1422
11.3256 70 17.1931
11.3481 70 17.2133
11.3256 71 17.2931
11.3481 71 17.3133
11.3256 72 17.3931
11.3256 73 17.4931
11.3256 74 17.5931
11.3256 75 17.6931
11.3256 76 17.7931
11.3256 77 17.8931
11.3256 78 17.9931
11.3256 79 18.0931
11.2807 84 18.5526
12.4753 159 27.1277
13.1079 135 25.2971
12.0193 121 22.9173
13.4322 115 23.589
12.8799 123 23.8919
12.2537 162 27.2283
12.9216 127 24.3295
12.273 120 23.0457
13.0597 156 27.3538
13.2588 114 23.3329
12.9216 117 23.3295
11.7527 117 22.2775
12.8157 142 25.7341
13.3648 140 26.0283
12.5138 153 26.5624
13.4387 111 23.1948
13.6506 151 27.3855
13.5896 96 21.8306
12.2665 102 21.2399
12.8927 147 26.3035
12.1477 134 24.3329
13.9557 84 20.9601
13.2845 96 21.5561
12.6198 137 25.0578
12.6455 171 28.4809
12.6166 164 27.7549
14.1644 147 27.448
12.5973 122 23.5376
13.4162 142 26.2746
13.3006 133 25.2705
