13.262 58 35.631
12.8349 59 35.9175
13.262 59 36.131
12.8349 60 36.4175
13.262 60 36.631
12.3019 61 36.6509
12.8349 61 36.9175
12.3019 62 37.1509
12.3019 63 37.6509
12.1381 64 38.069
12.2762 64 38.1381
12.3019 64 38.1509
12.1381 65 38.569
12.1188 66 39.0594
12.1381 66 39.069
12.1124 67 39.5562
12.1188 67 39.5594
12.1381 67 39.569
11.8362 68 39.9181
12.1124 68 40.0562
12.1188 68 40.0594
11.6724 69 40.3362
11.8362 69 40.4181
12.1124 69 40.5562
11.6724 70 40.8362
11.8362 70 40.9181
11.6724 71 41.3362
11.6468 72 41.8234
11.6724 72 41.8362
11.6468 73 42.3234
11.6179 74 42.8089
11.6468 74 42.8234
11.6179 75 43.3089
11.6468 75 43.3234
11.6179 76 43.8089
11.5922 77 44.2961
11.6179 77 44.3089
11.5922 78 44.7961
11.5922 79 45.2961
11.5922 80 45.7961
11.5729 81 46.2864
11.5922 81 46.2961
11.5729 82 46.7864
11.5729 83 47.2864
11.5472 84 47.7736
11.5729 84 47.7864
11.5472 85 48.2736
11.5729 85 48.2864
11.5472 86 48.7736
11.5472 87 49.2736
11.5472 88 49.7736
11.5472 89 50.2736
11.5376 90 50.7688
11.5472 90 50.7736
11.5055 91 51.2527
11.5472 91 51.2736
11.5055 92 51.7527
11.5055 93 52.2527
11.4733 94 52.7367
11.5055 94 52.7527
11.4733 95 53.2367
11.4733 96 53.7367
11.4733 97 54.2367
11.4477 98 54.7238
11.4477 99 55.2238
11.4477 100 55.7238
11.4477 101 56.2238
11.438 102 56.719
11.438 103 57.219
11.4059 104 57.703
12.729 121 66.8645
13.0565 114 63.5283
12.0417 145 78.5209
13.2042 107 60.1021
13.3616 120 66.6808
13.6313 135 74.3157
12.7225 120 66.3613
12.2376 161 86.6188
13.4355 135 74.2177
13.3263 141 77.1631
13.9364 100 56.9682
12.8414 165 88.9207
13.6217 128 70.8109
13.5414 145 79.2707
12.1574 116 64.0787
12.4785 126 69.2392
12.7129 146 79.3565
12.167 162 87.0835
12.9602 122 67.4801
14.1965 127 70.5983
13.2074 112 62.6037
12.4656 145 78.7328
13.2428 143 78.1214
12.8606 157 84.9303
12.5234 145 78.7617
13.9557 118 65.9778
12.3243 164 88.1622
13.2942 107 60.1471
13.9236 177 95.4618
14.4277 144 79.2139
