15.4875 44 35.4462
14.5819 45 35.8746
15.0026 45 36.0008
15.4522 45 36.1356
15.4875 45 36.1462
14.5819 46 36.5746
15.0026 46 36.7008
14.5819 47 37.2746
13.702 48 37.7106
12.623 49 38.0869
13.702 49 38.4106
12.6166 50 38.785
13.702 50 39.1106
12.6166 51 39.485
12.6166 52 40.185
12.6166 53 40.885
12.6166 54 41.585
11.5311 55 41.9593
12.6069 55 42.2821
12.6166 55 42.285
11.5311 56 42.6593
12.4656 56 42.9397
12.6069 56 42.9821
11.5311 57 43.3593
11.5247 58 44.0574
11.5311 58 44.0593
11.5247 59 44.7574
11.5311 59 44.7593
11.5247 60 45.4574
11.5215 61 46.1565
11.5247 61 46.1574
11.5151 62 46.8545
11.5215 62 46.8565
11.5247 62 46.8574
11.5151 63 47.5545
11.5215 63 47.5565
11.5247 63 47.5574
11.4926 64 48.2478
11.5151 64 48.2545
11.4252 65 48.9276
11.4316 65 48.9295
11.4701 65 48.941
11.4926 65 48.9478
11.5151 65 48.9545
11.4252 66 49.6276
11.4316 66 49.6295
11.4637 66 49.6391
11.4701 66 49.641
11.4926 66 49.6478
11.4252 67 50.3276
11.4252 68 51.0275
11.4252 69 51.7276
11.4155 70 52.4247
11.422 70 52.4266
11.4252 70 52.4276
11.3931 71 53.1179
11.4155 71 53.1247
11.422 71 53.1266
11.3706 72 53.8112
11.3931 72 53.8179
11.4155 72 53.8247
11.3642 73 54.5092
11.3706 73 54.5112
11.3642 74 55.2092
11.3642 75 55.9092
11.3642 76 56.6092
11.361 77 57.3083
11.3642 77 57.3092
11.332 78 57.9996
11.361 78 58.0083
13.3487 128 93.6046
12.8189 116 85.0457
12.7868 110 80.836
14.264 123 90.3792
13.3648 123 90.1094
13.4258 103 76.1277
12.9762 122 89.2929
12.8606 131 95.5582
13.1561 79 59.2468
12.0128 84 62.4039
12.973 106 78.0919
11.7078 124 90.3123
13.4868 120 88.0461
13.4997 111 81.7499
12.8542 146 106.056
13.8208 149 108.446
12.7386 110 80.8216
13.0212 151 109.606
12.5556 137 99.6667
13.2685 133 97.0805
12.9473 127 92.7842
13.1593 129 94.2478
12.1381 162 117.041
12.3693 124 90.5108
11.8683 124 90.3605
12.2087 124 90.4626
14.4599 108 79.938
12.8671 128 93.4601
13.0437 112 82.3131
12.1349 111 81.3405
