11.7592 37 14.2832
12.9955 26 14.296
11.7592 38 14.3832
12.9955 27 14.396
11.7592 39 14.4832
12.9955 28 14.496
11.7592 40 14.5832
12.6551 32 14.5896
12.9955 29 14.596
11.5633 42 14.6069
11.7367 41 14.663
11.7592 41 14.6832
12.6551 33 14.6896
12.9955 30 14.696
11.5633 43 14.7069
11.7367 42 14.763
11.7592 42 14.7832
12.6551 34 14.7896
12.9955 31 14.796
11.5633 44 14.8069
12.973 32 14.8757
12.6551 35 14.8896
12.9955 32 14.896
11.5633 45 14.9069
13.702 26 14.9318
11.5408 46 14.9867
12.6551 36 14.9896
12.9955 33 14.996
11.5633 46 15.0069
13.702 27 15.0318
11.5408 47 15.0867
12.6551 37 15.0896
11.5408 48 15.1867
11.5408 49 15.2867
11.5408 50 15.3867
11.4027 52 15.4624
11.5408 51 15.4867
11.4862 52 15.5376
11.4027 53 15.5624
11.5183 52 15.5665
11.5408 52 15.5867
11.4862 53 15.6376
11.4027 54 15.6624
11.4027 55 15.7624
11.3802 56 15.8422
11.4027 56 15.8624
11.3802 57 15.9422
11.4027 57 15.9624
11.3802 58 16.0422
11.3802 59 16.1422
11.3802 60 16.2422
11.3802 61 16.3422
11.3256 62 16.3931
11.3577 62 16.422
11.3802 62 16.4422
11.3256 63 16.4931
11.3577 63 16.522
11.3256 64 16.5931
11.3256 65 16.6931
11.3256 66 16.7931
11.3256 67 16.8931
11.3256 68 16.9931
11.3256 69 17.0931
11.3256 70 17.1931
11.3256 71 17.2931
11.3256 72 17.3931
11.3256 73 17.4931
11.3256 74 17.5931
11.3256 75 17.6931
11.3256 76 17.7931
13.1561 131 24.9405
12.912 138 25.4208
12.4817 114 22.6335
12.2376 136 24.6139
11.6371 109 21.3734
13.1721 136 25.4549
11.5954 112 21.6358
13.6217 119 24.1595
13.7437 133 25.6694
13.0854 164 28.1769
12.9024 135 25.1121
13.2171 123 24.1954
13.6763 139 26.2087
12.7033 153 26.7329
11.5729 169 27.3156
13.1657 114 23.2491
13.0469 161 27.8422
12.4817 154 26.6335
13.185 159 27.7665
12.8831 108 22.3948
12.668 175 28.9012
13.8337 101 22.5503
12.4432 125 23.6988
13.4868 138 25.9382
12.9024 97 21.3121
14.7778 125 25.8
12.7129 126 24.0416
13.3744 124 24.437
12.806 146 26.1254
13.3423 93 21.3081
