14.1227 50 46.4123
14.1227 51 47.3123
14.1227 52 48.2123
12.6166 53 48.9617
12.7001 53 48.97
14.1227 53 49.1123
12.6166 54 49.8617
12.7001 54 49.87
12.6166 55 50.7617
12.6166 56 51.6617
12.6166 57 52.5617
11.6403 58 53.364
12.6166 58 53.4617
11.5247 59 54.2525
11.5311 59 54.2531
11.6403 59 54.264
11.5247 60 55.1525
11.5247 61 56.0525
11.5247 62 56.9525
11.5247 63 57.8525
11.5215 64 58.7522
11.5247 64 58.7525
11.5151 65 59.6515
11.5215 65 59.6522
11.4637 66 60.5464
11.4701 66 60.547
11.4926 66 60.5493
11.5151 66 60.5515
11.4252 67 61.4425
11.4637 67 61.4464
11.4701 67 61.447
11.4252 68 62.3425
11.4637 68 62.3464
11.4252 69 63.2425
11.4252 70 64.1425
11.422 71 65.0422
11.4252 71 65.0425
11.4155 72 65.9416
11.4252 72 65.9425
11.3706 73 66.8371
11.3931 73 66.8393
11.4252 73 66.8425
11.3706 74 67.7371
11.3931 74 67.7393
11.3642 75 68.6364
11.3706 75 68.6371
11.3642 76 69.5364
11.361 77 70.4361
11.3642 77 70.4364
11.332 78 71.3332
11.361 78 71.3361
11.332 79 72.2332
11.361 79 72.2361
11.332 80 73.1332
11.332 81 74.0332
11.332 82 74.9332
11.332 83 75.8332
11.3224 84 76.7322
11.332 84 76.7332
11.3224 85 77.6322
11.3224 86 78.5322
11.3224 87 79.4322
11.3224 88 80.3322
11.3224 89 81.2322
11.3224 90 82.1322
11.3224 91 83.0322
11.3224 92 83.9322
11.3224 93 84.8322
11.3224 94 85.7322
11.3224 101 92.0322
12.6423 127 115.564
12.4913 120 109.249
13.2845 110 100.328
13.413 145 131.841
13.4098 100 91.341
11.9101 129 117.291
12.0835 142 129.008
13.246 127 115.625
13.4387 120 109.344
13.429 117 106.643
12.5909 131 119.159
13.8658 122 111.187
12.7771 126 114.678
12.8157 113 102.982
11.772 140 127.177
12.5202 90 82.252
12.3147 157 142.531
13.0886 151 137.209
12.1188 202 183.012
12.5427 137 124.554
12.5331 125 113.753
12.7547 111 101.175
12.106 137 124.511
13.3552 145 131.836
12.5331 135 122.753
12.4303 110 100.243
12.7033 109 99.3703
13.1432 118 107.514
12.5941 124 112.859
13.5607 108 98.5561
