14.5819 44 41.0582
15.4875 44 41.1487
14.5819 45 41.9582
14.5819 46 42.8582
14.5819 47 43.7582
12.7322 48 44.4732
13.702 48 44.5702
14.5819 48 44.6582
12.6166 49 45.3617
12.623 49 45.3623
12.7322 49 45.3732
13.702 49 45.4702
12.6166 50 46.2617
12.623 50 46.2623
12.6166 51 47.1617
12.6166 52 48.0617
12.6166 53 48.9617
12.6069 54 49.8607
12.6134 54 49.8613
12.6166 54 49.8617
11.5311 55 50.6531
12.6069 55 50.7607
11.5311 56 51.5531
11.5247 57 52.4525
11.5311 57 52.4531
11.5247 58 53.3525
11.5247 59 54.2525
11.5215 60 55.1522
11.5247 60 55.1525
11.5151 61 56.0515
11.5215 61 56.0522
11.5151 62 56.9515
11.5215 62 56.9522
11.4252 63 57.8425
11.4701 63 57.847
11.4926 63 57.8493
11.5151 63 57.8515
11.4252 64 58.7425
11.4701 64 58.747
11.4252 65 59.6425
11.4252 66 60.5425
11.4252 67 61.4425
11.4252 68 62.3425
11.4155 69 63.2416
11.422 69 63.2422
11.4252 69 63.2425
11.4155 70 64.1416
11.3642 71 65.0364
11.3931 71 65.0393
11.4155 71 65.0415
11.3642 72 65.9364
11.3706 72 65.9371
11.3931 72 65.9393
11.3642 73 66.8364
11.3642 74 67.7364
11.361 75 68.6361
11.3642 75 68.6364
11.361 76 69.5361
11.3642 76 69.5364
11.332 77 70.4332
11.3545 77 70.4354
11.361 77 70.4361
11.332 78 71.3332
11.3545 78 71.3354
11.332 79 72.2332
11.332 80 73.1332
11.332 81 74.0332
11.332 82 74.9332
11.332 86 78.5332
11.332 87 79.4332
13.1914 131 119.219
14.6718 135 122.967
12.7643 128 116.476
13.6988 128 116.57
13.4066 102 93.1406
12.1574 161 146.116
13.2267 137 124.623
13.1593 103 94.0159
13.7759 115 104.878
12.7258 111 101.173
12.8317 137 124.583
13.3937 113 103.039
13.0469 139 126.405
13.5382 99 90.4538
12.5074 136 123.651
13.2171 102 93.1217
13.8208 114 103.982
11.5665 120 109.157
14.5401 94 86.054
11.9294 133 120.893
12.0193 157 142.502
13.5896 131 119.259
12.1317 135 122.713
12.2987 101 92.1299
12.0225 117 106.502
13.2685 130 118.327
12.0482 120 109.205
11.8073 121 110.081
13.2813 124 112.928
13.0244 127 115.602
