11.7592 39 14.4832
11.7592 40 14.5832
11.7592 41 14.6832
12.9955 30 14.696
11.5633 43 14.7069
11.7592 42 14.7832
12.9955 31 14.796
11.5633 44 14.8069
11.7367 43 14.863
11.7592 43 14.8832
12.9955 32 14.896
11.5633 45 14.9069
13.702 26 14.9318
11.7367 44 14.963
12.6551 36 14.9896
12.9955 33 14.996
11.5633 46 15.0069
13.702 27 15.0318
12.9955 34 15.096
11.5633 47 15.1069
13.702 28 15.1318
11.5408 48 15.1867
12.9955 35 15.196
11.5633 48 15.2069
13.702 29 15.2318
12.973 36 15.2757
13.641 30 15.2769
11.5408 49 15.2867
12.6551 39 15.2896
12.9955 36 15.296
11.5633 49 15.3069
13.702 30 15.3318
12.973 37 15.3757
13.641 31 15.3769
11.5408 50 15.3867
12.6551 40 15.3896
12.9955 37 15.396
12.973 38 15.4757
11.5408 51 15.4867
14.2254 27 15.5029
12.973 39 15.5757
11.5408 52 15.5867
12.973 40 15.6757
11.5408 53 15.6867
11.5408 54 15.7867
11.4027 56 15.8624
11.5408 55 15.8867
11.4862 56 15.9376
11.5087 56 15.9578
11.4027 57 15.9624
11.5183 56 15.9665
11.5311 56 15.978
11.5408 56 15.9867
11.4862 57 16.0376
11.4027 58 16.0624
11.5183 57 16.0665
11.3802 59 16.1422
11.4027 59 16.1624
11.3802 60 16.2422
11.4027 60 16.2624
11.3802 61 16.3422
11.3802 62 16.4422
11.3802 63 16.5422
11.3256 64 16.5931
11.3802 64 16.6422
11.3256 65 16.6931
11.3802 65 16.7422
11.3256 66 16.7931
11.3256 67 16.8931
11.3256 68 16.9931
13.8593 117 24.1734
12.3693 143 25.4324
12.8317 137 25.2486
13.246 112 23.1214
13.1978 92 21.078
13.1079 155 27.2971
13.7823 158 28.204
13.6057 142 26.4451
11.3064 162 26.3757
11.4284 151 25.3855
13.0597 109 22.6538
11.8105 110 21.6295
12.9409 123 23.9468
12.4721 133 24.5249
12.4239 140 25.1815
12.4881 125 23.7393
14.3924 98 22.7532
12.395 123 23.4555
13.6313 109 23.1682
13.3552 99 21.9197
12.6712 142 25.604
12.4528 133 24.5075
13.7855 89 21.3069
11.4155 141 24.374
12.3372 134 24.5035
13.3584 100 22.0225
12.3661 139 25.0295
13.4162 108 22.8746
12.9056 113 22.915
12.5523 122 23.4971
