14.553 55 50.9553
14.553 56 51.8553
14.5273 57 52.7527
14.553 57 52.7553
13.0083 58 53.5008
14.5273 58 53.6527
14.553 58 53.6553
13.0083 59 54.4008
14.2897 59 54.529
14.5273 59 54.5527
12.7001 60 55.27
13.0083 60 55.3008
12.7001 61 56.17
12.6166 62 57.0617
12.7001 62 57.07
12.6166 63 57.9617
12.7001 63 57.97
12.6166 64 58.8617
11.5311 65 59.6531
11.6403 65 59.664
11.5247 66 60.5525
11.6403 66 60.564
11.5247 67 61.4525
11.5311 67 61.4531
11.6403 67 61.464
11.5247 68 62.3525
11.5247 69 63.2525
11.5247 70 64.1525
11.5247 71 65.0525
11.5215 72 65.9521
11.5247 72 65.9525
11.4252 73 66.8425
11.5215 73 66.8521
11.4252 74 67.7425
11.4637 74 67.7464
11.5151 74 67.7515
11.4252 75 68.6425
11.4252 76 69.5425
11.4252 77 70.4425
11.4155 78 71.3416
11.4252 78 71.3425
11.3642 79 72.2364
11.4155 79 72.2416
11.4252 79 72.2425
11.3642 80 73.1364
11.4155 80 73.1416
11.3642 81 74.0364
11.3642 82 74.9364
11.3642 83 75.8364
11.3642 84 76.7364
11.3545 85 77.6355
11.361 85 77.6361
11.3642 85 77.6364
11.332 86 78.5332
11.3545 86 78.5355
11.361 86 78.5361
11.3642 86 78.5364
11.332 87 79.4332
11.3545 87 79.4354
11.332 88 80.3332
11.332 89 81.2332
11.332 90 82.1332
11.332 91 83.0332
11.3224 92 83.9322
11.332 92 83.9332
11.3224 93 84.8322
11.332 93 84.8332
11.3224 94 85.7322
11.3224 95 86.6322
11.3224 96 87.5322
11.8844 119 108.288
12.9024 115 104.79
12.0289 166 150.603
13.1175 135 122.812
12.8446 130 118.284
14.036 129 117.504
13.1207 142 129.112
12.4945 93 84.9494
14.2383 117 106.724
12 116 105.6
13.2139 116 105.721
12.8092 130 118.281
13.4676 124 112.947
12.9281 145 131.793
12.9249 112 102.092
12.3725 111 101.137
11.7752 159 144.278
13.0886 136 123.709
12.3725 121 110.137
13.4098 119 108.441
12.1574 150 136.216
13.0019 152 138.1
13.1336 118 107.513
13.1336 147 133.613
12.9216 129 117.392
14.4117 156 141.841
12.562 125 113.756
13.6635 133 121.066
13.702 93 85.0702
13.2588 141 128.226
