12.4432 77 18.8988
11.9486 82 18.9538
12.1381 81 19.0243
12.2505 80 19.0254
12.5909 77 19.0318
12.8221 75 19.0399
11.8362 84 19.0526
11.9486 83 19.0538
12.4432 79 19.0988
11.6724 86 19.1052
11.7848 85 19.1064
12.1381 82 19.1243
12.2505 81 19.1254
12.5909 78 19.1318
12.8221 76 19.1399
11.8362 85 19.1526
11.9486 84 19.1538
12.4207 80 19.1786
12.4432 80 19.1988
11.6724 87 19.2052
11.7848 86 19.2064
12.5909 79 19.2318
12.8221 77 19.2399
11.8362 86 19.2526
11.6468 88 19.2821
11.6724 88 19.3052
11.7848 87 19.3064
12.8221 78 19.3399
11.6468 89 19.3821
11.7592 88 19.3832
11.6724 89 19.4052
11.7848 88 19.4064
11.6468 90 19.4821
11.6179 91 19.5561
11.6468 91 19.5821
11.6179 92 19.6561
13.7437 73 19.6694
11.5922 93 19.7329
11.6179 93 19.7561
13.6313 75 19.7682
13.7437 74 19.7694
11.5922 94 19.8329
11.6179 94 19.8561
14.0071 73 19.9064
11.5922 95 19.9329
11.5922 96 20.0329
11.5922 97 20.1329
11.5922 98 20.2329
11.5215 100 20.3694
11.5922 100 20.4329
11.5215 101 20.4694
11.5922 101 20.5329
11.4573 103 20.6116
11.5215 103 20.6694
11.5215 104 20.7694
11.4573 106 20.9116
11.499 106 20.9491
11.4348 108 21.0913
11.4573 155 25.8116
13.4387 137 25.7948
13.124 190 30.8116
13.2685 102 22.1416
13.0983 142 25.9884
11.894 129 23.6046
12.7836 135 25.0052
12.1541 141 25.0387
13.1464 94 21.2318
13.6763 86 20.9087
12.3725 139 25.0353
12.8767 124 23.989
12.562 113 22.6058
12.3019 123 23.3717
12.2601 113 22.3341
12.2537 159 26.9283
12.729 128 24.2561
12.1413 156 26.5272
12.806 96 21.1254
12.8574 108 22.3717
13.034 143 26.0306
12.7643 115 22.9879
13.6731 112 23.5058
12.4207 131 24.2786
13.0276 132 24.9249
12.9024 109 22.5121
12.7964 146 26.1168
11.3674 154 25.6306
13.3359 111 23.1023
13.2171 108 22.6954
12.6647 152 26.5983
