12.8767 43 18.9013
12.8767 44 19.1013
12.8767 45 19.3013
12.7001 46 19.3601
12.8382 46 19.4705
12.6262 47 19.501
12.8767 46 19.5013
12.7001 47 19.5601
12.4881 48 19.5905
12.8382 47 19.6705
12.6262 48 19.701
12.4881 49 19.7905
12.4881 50 19.9905
12.4496 51 20.1597
12.4785 51 20.1828
12.4881 51 20.1905
12.4496 52 20.3597
12.4496 53 20.5597
12.4399 54 20.752
12.4496 54 20.7597
12.4399 55 20.952
12.4399 56 21.152
12.4399 57 21.352
12.4399 58 21.552
12.4399 59 21.752
12.4399 60 21.952
12.4399 61 22.152
12.4399 62 22.352
12.1381 64 22.5105
12.4399 63 22.552
11.8362 66 22.669
12.1381 65 22.7105
12.4399 64 22.752
11.8362 67 22.869
12.1381 66 22.9105
12.4399 65 22.952
11.8362 68 23.069
12.1381 67 23.1105
11.6724 69 23.138
11.8105 69 23.2484
11.8362 69 23.269
11.6724 70 23.338
11.8105 70 23.4484
11.6724 71 23.538
11.6468 72 23.7174
11.6724 72 23.738
11.6468 73 23.9174
11.6179 74 24.0943
11.6468 74 24.1174
11.6179 75 24.2943
11.6468 75 24.3174
11.6179 76 24.4943
11.5922 77 24.6737
11.6179 77 24.6943
11.5922 78 24.8737
11.6179 78 24.8943
11.5922 79 25.0737
11.5922 80 25.2737
11.5922 81 25.4737
11.5922 82 25.6737
11.5729 83 25.8583
11.5922 83 25.8737
11.5729 84 26.0583
11.5922 84 26.0737
11.5472 85 26.2378
11.5729 85 26.2583
11.5729 86 26.4583
11.5472 88 26.8378
11.5472 92 27.6378
11.5472 95 28.2378
11.5022 162 41.6018
11.3288 127 34.4631
12.6166 140 38.0933
13.1657 79 26.3326
12.183 119 33.5464
12.9538 148 39.963
12.3372 139 37.6698
12.5395 143 38.6316
13.3263 138 38.261
13.246 153 41.1968
13.3969 102 31.1175
11.605 119 33.084
13.4451 126 35.9561
13.0212 120 34.417
13.2364 140 38.5891
13.9428 165 44.1543
12.7547 134 37.0037
12.3629 116 33.0903
11.9358 128 35.1486
12.5588 155 41.047
12.729 148 39.7832
12.5812 115 33.065
11.9422 197 48.9538
12.8125 114 33.05
12.1863 119 33.549
12.0546 120 33.6437
14.1323 137 38.7058
13.4419 139 38.5535
12.7771 88 27.8217
11.6243 152 39.6994
