13.262 60 36.631
12.3019 61 36.6509
13.262 61 37.131
12.3019 62 37.1509
12.3019 63 37.6509
12.2762 64 38.1381
12.3019 64 38.1509
12.1381 65 38.569
12.2762 65 38.6381
12.3019 65 38.6509
12.1381 66 39.069
12.2473 66 39.1236
12.2762 66 39.1381
12.1188 67 39.5594
12.1381 67 39.569
11.8362 68 39.9181
12.1124 68 40.0562
12.1188 68 40.0594
12.1381 68 40.069
11.8362 69 40.4181
12.1124 69 40.5562
11.6724 70 40.8362
11.8362 70 40.9181
11.6724 71 41.3362
11.8105 71 41.4053
11.8362 71 41.4181
11.6724 72 41.8362
11.6724 73 42.3362
11.6468 74 42.8234
11.6724 74 42.8362
11.6468 75 43.3234
11.6724 75 43.3362
11.6179 76 43.8089
11.6468 76 43.8234
11.6179 77 44.3089
11.6179 78 44.8089
11.5922 79 45.2961
11.6179 79 45.3089
11.5922 80 45.7961
11.6179 80 45.8089
11.5922 81 46.2961
11.5922 82 46.7961
11.5793 83 47.2897
11.5922 83 47.2961
11.5729 84 47.7864
11.5793 84 47.7897
11.5922 84 47.7961
11.5729 85 48.2864
11.5793 85 48.2897
11.5536 86 48.7768
11.5729 86 48.7864
11.5472 87 49.2736
11.5536 87 49.2768
11.5472 88 49.7736
11.5536 88 49.7768
11.5472 89 50.2736
11.5472 90 50.7736
11.5055 91 51.2527
11.5472 91 51.2736
11.5055 92 51.7527
11.5055 93 52.2527
11.4733 94 52.7367
11.5055 94 52.7527
11.4733 95 53.2367
11.4733 96 53.7367
11.4733 97 54.2367
11.4477 98 54.7238
11.4733 98 54.7367
11.4477 99 55.2238
11.438 100 55.719
12.8703 95 53.9351
13.7759 119 66.3879
13.2524 99 56.1262
12.3404 163 87.6702
14.0777 144 79.0389
12.7836 120 66.3918
11.8972 119 65.4486
13.3038 120 66.6519
12.9313 125 68.9656
14.508 127 70.754
12.8382 138 75.4191
13.307 125 69.1535
12.5202 145 78.7601
14.3956 104 59.1978
11.8748 132 71.9374
12.0128 131 71.5064
13.6635 110 61.8317
11.7527 169 90.3764
13.8754 142 77.9377
13.0373 110 61.5186
14.2383 105 59.6191
11.361 139 75.1805
12.5395 96 54.2697
13.2171 142 77.6085
13.5446 98 55.7723
13.4772 125 69.2386
11.5119 151 81.2559
12.7033 137 74.8516
11.7848 121 66.3924
14.1516 102 58.0758
