12.5652 79 45.7826
12.2505 80 46.1252
12.4432 80 46.2216
11.9486 81 46.4743
12.2505 81 46.6252
12.4432 81 46.7216
11.9486 82 46.9743
12.2505 82 47.1252
11.7848 83 47.3924
11.7848 84 47.8924
11.9486 84 47.9743
11.7848 85 48.3924
11.7848 86 48.8924
11.6724 87 49.3362
11.7592 87 49.3796
11.7848 87 49.3924
11.6724 88 49.8362
11.7592 88 49.8796
11.7848 88 49.8924
11.6724 89 50.3362
11.6468 90 50.8234
11.6724 90 50.8362
11.6468 91 51.3234
11.6179 92 51.8089
11.6468 92 51.8234
11.6179 93 52.3089
11.6468 93 52.3234
11.6179 94 52.8089
11.5922 96 53.7961
11.5922 97 54.2961
11.5922 98 54.7961
11.5922 101 56.2961
11.5857 106 58.7929
11.5633 123 67.2816
11.5633 126 68.7816
11.5633 128 69.7816
11.5633 129 70.2816
11.5633 130 70.7816
11.5633 131 71.2816
11.5633 132 71.7816
11.5247 133 72.2624
11.5311 133 72.2656
11.5633 133 72.2816
11.5633 134 72.7816
11.5311 135 73.2656
11.5633 135 73.2816
11.5311 136 73.7656
11.5247 138 74.7624
11.5247 139 75.2624
11.5311 139 75.2656
11.499 140 75.7495
11.5247 140 75.7624
11.438 141 76.219
11.499 141 76.2495
11.5247 141 76.2624
11.499 142 76.7495
11.5247 142 76.7624
11.499 143 77.2495
11.499 147 79.2495
11.4284 148 79.7142
11.499 148 79.7495
11.4284 149 80.2142
11.499 149 80.2495
11.3963 151 81.1981
12.5845 123 67.7922
12.0225 131 71.5112
12.0482 116 64.0241
12.5652 108 60.2826
12.1574 124 68.0787
13.3198 121 67.1599
12.8799 112 62.4399
11.9711 107 59.4855
12.5202 162 87.2601
13.7437 94 53.8719
11.9037 163 87.4518
12.5074 153 82.7537
12.3468 117 64.6734
12.2601 118 65.1301
13.3616 90 51.6808
13.5382 137 75.2691
12.8606 120 66.4303
12.0835 112 62.0417
12.4496 139 75.7248
11.4733 176 93.7367
13.4194 94 53.7097
13.2653 135 74.1326
12.9249 89 50.9624
11.5247 155 83.2624
12.5491 132 72.2746
13.0854 115 64.0427
11.9358 118 64.9679
12.0739 147 79.5369
12.7836 140 76.3918
12 139 75.5
