13.262 58 35.631
12.8349 59 35.9175
13.262 59 36.131
12.8349 60 36.4175
12.3019 61 36.6509
12.8349 61 36.9175
12.3019 62 37.1509
12.3019 63 37.6509
12.1381 64 38.069
12.2762 64 38.1381
12.3019 64 38.1509
12.1381 65 38.569
12.2762 65 38.6381
12.3019 65 38.6509
11.8362 66 38.9181
12.1188 66 39.0594
12.1381 66 39.069
12.2473 66 39.1236
12.2762 66 39.1381
11.8362 67 39.4181
12.1124 67 39.5562
12.1188 67 39.5594
12.1381 67 39.569
11.8362 68 39.9181
11.6724 69 40.3362
11.8105 69 40.4053
11.8362 69 40.4181
11.6724 70 40.8362
11.6724 71 41.3362
11.6468 72 41.8234
11.6724 72 41.8362
11.6468 73 42.3234
11.6724 73 42.3362
11.6179 74 42.8089
11.6468 74 42.8234
11.6179 75 43.3089
11.6179 76 43.8089
11.5922 77 44.2961
11.6179 77 44.3089
11.5922 78 44.7961
11.5922 79 45.2961
11.5922 80 45.7961
11.5729 81 46.2864
11.5922 81 46.2961
11.5729 82 46.7864
11.5922 82 46.7961
11.5729 83 47.2864
11.5472 84 47.7736
11.5729 84 47.7864
11.5472 85 48.2736
11.5729 85 48.2864
11.5472 86 48.7736
11.5472 87 49.2736
11.5472 88 49.7736
11.5472 89 50.2736
11.5376 90 50.7688
11.5472 90 50.7736
11.5055 91 51.2527
11.5376 91 51.2688
11.5472 91 51.2736
11.5055 92 51.7527
11.5376 92 51.7688
11.5055 93 52.2527
11.4733 94 52.7367
11.5055 94 52.7527
11.4733 95 53.2367
11.4733 96 53.7367
11.4733 97 54.2367
11.4477 98 54.7238
11.4733 98 54.7367
12.6037 134 73.3019
12.9987 133 72.9994
13.2974 128 70.6487
12.7643 122 67.3821
13.3616 111 62.1808
12.8157 151 81.9078
12.9987 121 66.9994
12.1188 146 79.0594
12.6904 135 73.8452
12.8349 128 70.4175
13.1914 110 61.5957
11.8009 158 84.9005
11.8844 150 80.9422
11.9261 127 69.4631
12.9987 99 55.9994
12.5074 118 65.2537
13.0148 120 66.5074
13.4868 131 72.2434
13.1079 126 69.5539
12.4399 113 62.72
13.0116 110 61.5058
12.8349 142 77.4175
13.2364 122 67.6182
13.1529 135 74.0764
13.7566 97 55.3783
12.8992 124 68.4496
13.2235 129 71.1118
11.5922 118 64.7961
12.7547 129 70.8773
14.1419 118 66.071
