12.8478 73 66.9848
12.8478 74 67.8848
12.8478 75 68.7848
12.2505 76 69.6251
12.5652 76 69.6565
12.2505 77 70.525
12.8221 77 70.5822
11.9486 78 71.3949
12.1188 78 71.4119
12.1381 78 71.4138
12.2505 78 71.425
12.2633 78 71.4263
12.8221 78 71.4822
11.8362 79 72.2836
11.9486 79 72.2949
11.8362 80 73.1836
11.9486 80 73.1949
11.8362 81 74.0836
11.7848 82 74.9785
11.8362 82 74.9836
11.6724 83 75.8672
11.7848 83 75.8785
11.8362 83 75.8836
11.6179 84 76.7618
11.6724 84 76.7672
11.6179 85 77.6618
11.6724 85 77.6672
11.6179 86 78.5618
11.6179 88 80.3618
11.5922 89 81.2592
11.6179 89 81.2618
11.6179 90 82.1618
11.5922 91 83.0592
11.6179 91 83.0618
11.5922 92 83.9592
11.5922 93 84.8592
11.5922 94 85.7592
11.5922 95 86.6592
11.5922 96 87.5592
11.5536 97 88.4554
11.5922 97 88.4592
11.5536 98 89.3554
11.5922 98 89.3592
11.5536 99 90.2554
11.5536 101 92.0554
11.5536 102 92.9554
11.5472 103 93.8547
11.5215 104 94.7522
11.5472 104 94.7547
11.5215 105 95.6522
11.5472 105 95.6547
11.483 107 97.4483
11.5119 107 97.4512
11.4926 115 104.649
11.4669 116 105.547
11.4669 117 106.447
11.4669 118 107.347
11.4412 119 108.244
11.4669 119 108.247
11.4412 120 109.144
11.4412 121 110.044
11.4155 122 110.942
11.4412 122 110.944
11.4155 123 111.842
11.3995 124 112.74
11.4155 124 112.742
11.4155 125 113.642
11.3995 127 115.44
11.3481 130 118.135
11.3481 131 119.035
13.1882 136 123.719
12.8895 133 120.989
11.8972 160 145.19
12.5202 135 122.752
12.9409 157 142.594
12.8863 107 97.5886
12.6936 128 116.469
13.14 130 118.314
11.8876 170 154.189
12.3019 154 139.83
11.6981 114 103.77
13.8176 141 128.282
13.3263 179 162.433
13.5671 128 116.557
12.9666 121 110.197
13.1496 98 89.515
13.1882 131 119.219
13.124 140 127.312
13.124 108 98.5124
12.2697 114 103.827
11.9583 135 122.696
12.5716 142 129.057
13.7887 135 122.879
12.6776 130 118.268
12.1413 130 118.214
12.7643 117 106.576
12.8125 127 115.581
12.7129 139 126.371
13.1529 130 118.315
12.623 138 125.462
