13.262 58 35.631
12.8349 59 35.9175
13.262 59 36.131
12.8349 60 36.4175
12.3019 61 36.6509
12.8349 61 36.9175
12.3019 62 37.1509
12.3019 63 37.6509
12.1381 64 38.069
12.2762 64 38.1381
12.3019 64 38.1509
12.1381 65 38.569
12.2762 65 38.6381
12.3019 65 38.6509
11.8362 66 38.9181
12.1188 66 39.0594
12.1381 66 39.069
11.8362 67 39.4181
12.1188 67 39.5594
12.1381 67 39.569
11.8362 68 39.9181
11.6724 69 40.3362
11.8105 69 40.4053
11.8362 69 40.4181
11.6724 70 40.8362
11.8105 70 40.9053
11.8362 70 40.9181
11.6724 71 41.3362
11.6468 72 41.8234
11.6724 72 41.8362
11.6468 73 42.3234
11.6179 74 42.8089
11.6468 74 42.8234
11.6179 75 43.3089
11.6179 76 43.8089
11.5922 77 44.2961
11.6179 77 44.3089
11.5922 78 44.7961
11.5922 79 45.2961
11.5922 80 45.7961
11.5729 81 46.2864
11.5922 81 46.2961
11.5729 82 46.7864
11.5922 82 46.7961
11.5729 83 47.2864
11.5472 84 47.7736
11.5729 84 47.7864
11.5472 85 48.2736
11.5729 85 48.2864
11.5472 86 48.7736
11.5472 87 49.2736
11.5472 88 49.7736
11.5472 89 50.2736
11.5376 90 50.7688
11.5472 90 50.7736
11.5055 91 51.2527
11.5376 91 51.2688
11.5472 91 51.2736
11.5055 92 51.7527
11.5055 93 52.2527
11.4733 94 52.7367
11.5055 94 52.7527
11.4733 95 53.2367
11.4733 96 53.7367
11.4477 97 54.2238
11.4733 97 54.2367
11.4477 98 54.7238
11.4701 98 54.7351
11.4733 98 54.7367
11.4477 99 55.2238
12.6198 132 72.3099
13.2331 103 58.1166
13.3231 140 76.6615
12.4303 157 84.7152
12.273 130 71.1365
12.7836 155 83.8918
12.973 132 72.4865
13.1657 110 61.5829
13.2171 146 79.6085
12.6872 128 70.3436
13.1304 128 70.5652
12.7739 145 78.887
12.3308 165 88.6654
12.7803 120 66.3902
12.9281 124 68.464
12.2119 126 69.106
12.6712 117 64.8356
13.8722 123 68.4361
11.7078 135 73.3539
11.9518 115 63.4759
12.9249 147 79.9624
12.4785 138 75.2392
11.6596 137 74.3298
11.9004 131 71.4502
13.6153 155 84.3076
12.9249 122 67.4624
12.9762 147 79.9881
13.0918 134 73.5459
12.456 132 72.228
12.7514 108 60.3757
