14.9801 56 51.898
14.553 57 52.7553
14.9801 57 52.798
14.553 58 53.6553
14.9801 58 53.698
14.553 59 54.5553
14.2897 60 55.429
14.553 60 55.4553
14.2897 61 56.329
13.8048 62 57.1805
14.2897 62 57.229
14.5273 62 57.2527
12.8349 63 57.9835
13.8048 63 58.0805
14.4984 63 58.1498
12.8349 64 58.8835
13.8048 64 58.9805
12.8349 65 59.7835
12.8092 66 60.6809
12.8349 66 60.6835
12.4207 67 61.5421
12.8092 67 61.5809
12.8349 67 61.5835
12.1381 68 62.4138
12.4207 68 62.4421
12.1381 69 63.3138
12.4207 69 63.3421
11.8362 70 64.1836
12.1381 70 64.2138
11.8362 71 65.0836
11.8362 72 65.9836
11.6082 73 66.8608
11.6724 73 66.8672
11.8105 73 66.8811
11.8362 73 66.8836
11.6082 74 67.7608
11.6724 74 67.7672
11.6082 75 68.6608
11.5247 76 69.5525
11.4926 77 70.4493
11.5087 77 70.4509
11.5247 77 70.4525
11.5087 78 71.3509
11.4252 79 72.2425
11.4926 79 72.2493
11.5087 79 72.2509
11.5087 80 73.1509
11.5087 81 74.0509
11.4252 82 74.9425
11.5087 82 74.9509
11.3931 83 75.8393
11.4252 83 75.8425
11.3931 84 76.7393
11.4252 84 76.7425
11.3931 85 77.6393
11.3642 86 78.5364
11.3931 86 78.5393
11.3642 87 79.4364
11.3931 87 79.4393
11.3642 88 80.3364
11.3642 89 81.2364
11.332 90 82.1332
11.3642 90 82.1364
11.332 91 83.0332
11.3642 91 83.0364
11.332 92 83.9332
11.332 93 84.8332
11.332 94 85.7332
11.3224 95 86.6322
11.332 95 86.6332
13.2107 116 105.721
13.2364 109 99.4236
12.3051 160 145.231
12.8092 138 125.481
13.0533 132 120.105
12 151 137.1
13.4322 124 112.943
12.562 130 118.256
13.5029 143 130.05
13.7373 110 100.374
13.4997 114 103.95
12.1477 187 169.515
13.1464 127 115.615
12.5363 161 146.154
12.7803 178 161.478
13.9493 116 105.795
13.4997 90 82.35
12.3918 121 110.139
14.158 94 86.0158
12.9698 135 122.797
13.7309 131 119.273
13.4868 130 118.349
13.2974 116 105.73
12.1895 133 120.919
12.4496 121 110.145
12.9216 146 132.692
13.6602 104 94.966
14.0039 134 122
12 149 135.3
12.2248 137 124.522
