14.9801 56 51.898
14.9801 57 52.798
14.553 58 53.6553
14.9801 58 53.698
14.553 59 54.5553
14.9801 59 54.598
14.553 60 55.4553
14.553 61 56.3553
14.5273 62 57.2527
14.553 62 57.2553
14.5273 63 58.1527
14.553 63 58.1553
13.8048 64 58.9805
14.5273 64 59.0527
12.8349 65 59.7835
13.8048 65 59.8805
12.8349 66 60.6835
13.3776 66 60.7378
13.8048 66 60.7805
12.4207 67 61.5421
12.8349 67 61.5835
12.8478 67 61.5848
13.3776 67 61.6378
12.4207 68 62.4421
12.8349 68 62.4835
12.1381 69 63.3138
12.4207 69 63.3421
12.1381 70 64.2138
12.4207 70 64.2421
11.8362 71 65.0836
12.1381 71 65.1138
11.8362 72 65.9836
12.1381 72 66.0138
11.6724 73 66.8672
11.8362 73 66.8836
11.6724 74 67.7672
11.8362 74 67.7836
11.6724 75 68.6672
11.6468 76 69.5647
11.6724 76 69.5672
11.6468 77 70.4647
11.6179 78 71.3618
11.6468 78 71.3647
11.6179 79 72.2618
11.6468 79 72.2647
11.5922 80 73.1592
11.6179 80 73.1618
11.5922 81 74.0592
11.6179 81 74.0618
11.5087 82 74.9509
11.5922 82 74.9592
11.5922 83 75.8592
11.4252 85 77.6425
11.3931 86 78.5393
11.3931 87 79.4393
11.3834 90 82.1383
11.3834 91 83.0383
11.3931 91 83.0393
11.3642 92 83.9364
11.3834 92 83.9383
11.332 93 84.8332
11.332 94 85.7332
11.3834 94 85.7383
11.332 95 86.6332
11.3224 97 88.4322
11.3224 98 89.3322
11.3224 99 90.2322
11.3224 100 91.1322
11.3224 101 92.0322
11.3224 102 92.9322
13.5157 104 94.9516
11.9229 160 145.192
13.3134 105 95.8313
12.8992 132 120.09
12.5395 139 126.354
12.2312 155 140.723
13.1657 156 141.717
13.0694 129 117.407
12.045 179 162.304
11.4412 174 157.744
13.3327 129 117.433
13.6602 91 83.266
13.8979 120 109.39
12.4078 146 132.641
12.4399 115 104.744
12.273 137 124.527
12.9216 140 127.292
13.0951 130 118.31
12.1028 137 124.51
12.2826 112 102.028
12.8382 150 136.284
12.456 182 165.046
13.5222 136 123.752
13.6602 131 119.266
11.8651 140 127.187
12.2408 129 117.324
13.1529 106 96.7153
13.4194 115 104.842
11.8972 127 115.49
13.1721 129 117.417
