14.5819 41 35.7164
14.5819 42 36.5164
14.5819 43 37.3164
14.5819 44 38.1164
14.5819 45 38.9164
12.623 46 39.3246
12.7322 46 39.3464
14.5723 46 39.7145
14.5819 46 39.7164
12.623 47 40.1246
12.6166 48 40.9233
12.623 48 40.9246
12.6166 49 41.7233
12.623 49 41.7246
12.6166 50 42.5233
12.6134 51 43.3227
12.6166 51 43.3233
12.6069 52 44.1214
12.6166 52 44.1233
12.6069 53 44.9214
11.5311 54 45.5062
12.6069 54 45.7214
11.5311 55 46.3062
11.5247 56 47.1049
11.5311 56 47.1062
11.5247 57 47.9049
11.5247 58 48.7049
11.5151 59 49.503
11.5215 59 49.5043
11.5247 59 49.5049
11.5151 60 50.303
11.5215 60 50.3043
11.5151 61 51.103
11.4252 62 51.885
11.4701 62 51.894
11.5151 62 51.903
11.4252 63 52.685
11.4252 64 53.485
11.4252 65 54.285
11.4252 66 55.085
11.4155 67 55.8831
11.4252 67 55.885
11.4155 68 56.6831
11.3642 69 57.4728
11.4155 69 57.4831
11.3642 70 58.2728
11.4155 70 58.2831
11.3642 71 59.0728
11.3642 72 59.8728
11.3642 73 60.6728
11.3642 74 61.4728
11.3545 75 62.2709
11.361 75 62.2722
11.3642 75 62.2728
11.3545 76 63.0709
11.361 76 63.0722
11.3642 76 63.0728
11.332 77 63.8664
11.3545 77 63.8709
11.332 78 64.6664
11.332 79 65.4664
11.332 80 66.2664
11.3224 82 67.8645
11.3224 83 68.6645
11.3224 84 69.4645
13.718 123 101.144
12.0867 128 104.817
13.4547 129 105.891
12.745 145 118.549
13.3391 125 102.668
13.1721 152 124.234
11.7816 151 123.156
12.9024 162 132.18
12.1541 126 103.231
11.8202 135 110.364
12.1413 101 83.2283
12.7225 134 109.745
13.2042 128 105.041
13.6602 118 97.132
13.5286 151 123.506
13.3648 116 95.473
14.1676 95 78.8335
12.6936 134 109.739
12.4753 137 112.095
12.912 129 105.782
11.7624 122 99.9525
12.3243 146 119.265
11.8073 128 104.761
12.7097 131 107.342
12.9891 111 91.3978
12.456 129 105.691
13.7148 135 110.743
12.4399 108 88.888
13.5478 134 109.91
13.1496 163 133.03
