14.553 51 36.4212
14.553 52 37.0212
14.553 53 37.6212
14.5273 54 38.2109
14.553 54 38.2212
14.2897 55 38.7159
14.5273 55 38.8109
14.2897 56 39.3159
14.2897 57 39.9159
13.8048 58 40.3219
14.264 58 40.5056
14.2897 58 40.5159
12.8349 59 40.534
13.262 59 40.7048
13.3776 59 40.7511
13.8048 59 40.9219
14.264 59 41.1056
12.8349 60 41.134
12.8349 61 41.734
12.8092 62 42.3237
12.8349 62 42.334
12.5716 63 42.8286
12.8092 63 42.9237
12.8349 63 42.934
12.1381 64 43.2552
12.5716 64 43.4286
12.8092 64 43.5237
12.1381 65 43.8552
12.5716 65 44.0286
12.1381 66 44.4552
11.8362 67 44.9345
12.1381 67 45.0552
11.8362 68 45.5345
11.6724 69 46.069
11.8362 69 46.1345
11.6724 70 46.669
11.8105 70 46.7242
11.8362 70 46.7345
11.6724 71 47.269
11.6468 72 47.8587
11.6724 72 47.869
11.6468 73 48.4587
11.6724 73 48.469
11.6179 74 49.0471
11.6468 74 49.0587
11.6179 75 49.6471
11.6179 76 50.2471
11.5922 77 50.8369
11.6179 77 50.8471
11.5922 78 51.4369
11.5922 79 52.0369
11.5922 80 52.6369
11.5922 81 53.2369
11.5729 82 53.8292
11.5922 82 53.8369
11.5215 83 54.4086
11.5729 83 54.4292
11.5215 84 55.0086
11.5215 85 55.6086
11.5151 86 56.206
11.5215 86 56.2086
11.5151 87 56.806
11.5151 88 57.406
11.5215 88 57.4086
11.5087 89 58.0035
11.5151 89 58.006
11.5087 90 58.6035
11.5151 90 58.606
11.5087 91 59.2035
11.5087 94 61.0035
11.9422 143 90.5769
12.668 93 60.8672
13.4965 89 58.7986
11.5536 132 83.8215
12.5973 134 85.4389
13.5254 157 99.6102
11.6821 106 68.2728
12.5267 98 63.8107
12.8671 134 85.5468
11.8105 160 100.724
13.3455 123 79.1382
13.1593 124 79.6637
13.3487 92 60.5395
12.2601 114 73.304
13.307 106 68.9228
12.806 122 78.3224
13.5254 128 82.2102
12.2408 124 79.2963
13.7502 114 73.9001
12.9024 121 77.761
13.2909 141 89.9164
13.4611 100 65.3845
12.9827 154 97.5931
14.8613 120 77.9445
13.1818 141 89.8727
12.4528 130 82.9811
12.7097 115 74.0839
13.2588 113 73.1035
13.7662 140 89.5065
12.7097 118 75.8839
