14.553 56 47.7106
14.9801 56 47.796
14.553 57 48.5106
14.9801 57 48.596
14.553 58 49.3106
14.2897 59 50.0579
14.553 59 50.1106
14.2897 60 50.8579
14.5273 60 50.9055
14.2897 61 51.6579
13.8048 62 52.361
14.264 62 52.4528
14.2897 62 52.4579
12.8349 63 52.967
13.8048 63 53.161
14.1259 63 53.2252
14.2897 63 53.2579
12.8349 64 53.767
12.8092 65 54.5619
12.8349 65 54.567
12.1381 66 55.2276
12.4207 66 55.2841
12.8092 66 55.3619
12.8349 66 55.367
12.1381 67 56.0276
12.5716 67 56.1143
12.8092 67 56.1619
12.1381 68 56.8276
12.1124 69 57.6225
12.1381 69 57.6276
11.6082 70 58.3216
11.8362 70 58.3672
11.9069 70 58.3814
12.1124 70 58.4225
12.1381 70 58.4276
11.5247 71 59.1049
11.5247 72 59.9049
11.5247 73 60.7049
11.5247 74 61.5049
11.5247 75 62.3049
11.4252 76 63.085
11.5247 76 63.1049
11.4252 77 63.885
11.4926 77 63.8985
11.5087 77 63.9017
11.5151 77 63.903
11.5247 77 63.9049
11.4252 78 64.685
11.4252 79 65.485
11.4252 80 66.285
11.4252 81 67.085
11.4252 82 67.885
11.3931 83 68.6786
11.4252 83 68.685
11.3642 84 69.4728
11.3931 84 69.4786
11.4252 84 69.485
11.3642 85 70.2728
11.3642 86 71.0728
11.3642 87 71.8728
11.3642 88 72.6728
11.3545 89 73.4709
11.3642 89 73.4728
11.332 90 74.2664
11.3642 90 74.2728
11.332 91 75.0664
11.332 92 75.8664
11.332 93 76.6664
11.332 94 77.4664
11.332 95 78.2664
13.0951 127 104.219
12.9762 109 89.7952
13.8722 133 109.174
11.9743 169 137.595
13.3552 113 93.071
13.7598 101 83.552
12.2473 161 131.249
12.8317 135 110.566
13.0533 149 121.811
11.8234 123 100.765
15.0058 105 87.0012
12.1124 123 100.822
11.1008 148 120.62
13.2428 139 113.849
12.4271 125 102.485
12.1991 123 100.84
13.6988 100 82.7398
13.2781 116 95.4556
11.5729 152 123.915
12.2601 113 92.852
13.6538 133 109.131
12.3276 121 99.2655
12.7225 105 86.5445
12.2312 121 99.2462
12.9377 127 104.188
13.2588 147 120.252
13.58 117 96.316
13.5478 125 102.71
13.0405 133 109.008
13.4515 113 93.0903
