13.6795 42 22.1757
13.7116 42 22.1981
13.6795 43 22.4757
13.7116 43 22.4981
13.6699 44 22.7689
13.6795 44 22.7757
13.0951 46 22.9665
13.6699 45 23.0689
13.6795 45 23.0757
13.0951 47 23.2665
13.6699 46 23.3689
13.0565 48 23.5396
13.6699 47 23.6689
13.0565 49 23.8396
12.806 50 23.9642
13.0565 50 24.1396
12.806 51 24.2642
12.7675 53 24.8373
12.7675 54 25.1373
12.7675 57 26.0373
12.3019 60 26.6113
12.3019 61 26.9113
11.955 62 26.9685
12.3019 62 27.2113
11.955 63 27.2685
12.3019 63 27.5113
11.955 64 27.5685
11.9294 65 27.8505
11.955 65 27.8685
11.8362 66 28.0854
11.9294 66 28.1505
11.955 66 28.1685
11.8362 67 28.3854
11.8362 68 28.6854
11.6724 69 28.8707
11.8105 69 28.9674
11.8362 69 28.9854
11.6724 70 29.1707
11.8105 70 29.2674
11.8362 70 29.2854
11.6724 71 29.4707
11.6468 72 29.7527
11.6724 72 29.7707
11.6468 73 30.0527
11.6179 74 30.3325
11.6468 74 30.3527
11.6179 75 30.6325
11.6468 75 30.6527
11.6179 76 30.9325
11.5922 77 31.2145
11.6179 77 31.2325
11.5922 78 31.5145
11.5922 79 31.8145
11.5922 80 32.1145
11.5729 81 32.401
11.5922 81 32.4145
11.5729 82 32.701
11.5922 82 32.7145
11.5729 83 33.001
11.5472 84 33.283
11.5729 84 33.301
11.5472 85 33.583
11.5729 85 33.601
11.5472 86 33.883
11.5472 87 34.183
11.5472 88 34.483
11.5472 89 34.783
11.5472 90 35.083
11.5408 91 35.3785
11.5408 92 35.6786
13.7726 133 49.5408
13.034 144 52.3238
13.2556 160 57.2789
13.5575 127 47.5902
14.2993 107 42.1095
13.8048 109 42.3633
11.8394 127 46.3876
14.5979 172 61.8186
13.4001 109 42.0801
12.3372 120 44.636
13.7566 138 51.0296
12.3179 108 41.0225
12.2184 159 56.2529
13.4451 120 45.4116
12.9313 130 48.0519
11.8394 140 50.2876
12.1798 108 40.9259
12.4817 116 43.5372
13.5639 168 59.8947
11.9486 143 51.264
13.3776 120 45.3644
13.5222 97 38.5655
13.2107 126 47.0475
11.5504 145 51.5853
12.1766 121 44.8236
12.7836 132 48.5485
12.729 131 48.2103
12.0128 151 53.709
13.262 125 46.7834
12.5652 145 52.2956
