15.4522 42 39.3452
14.5819 43 40.1582
15.4522 43 40.2452
14.5819 44 41.0582
14.5819 45 41.9582
14.5819 46 42.8582
12.623 47 43.5623
12.7322 47 43.5732
13.702 47 43.6702
13.7084 47 43.6708
14.5819 47 43.7582
12.623 48 44.4623
12.7322 48 44.4732
13.702 48 44.5702
14.5819 48 44.6582
12.6166 49 45.3617
12.623 49 45.3623
12.6166 50 46.2617
12.623 50 46.2623
12.6166 51 47.1617
12.6069 52 48.0607
12.6166 52 48.0617
12.6069 53 48.9607
12.6166 53 48.9617
12.6069 54 49.8607
11.5311 55 50.6531
11.8876 55 50.6888
12.6069 55 50.7607
11.5311 56 51.5531
11.5247 57 52.4525
11.5311 57 52.4531
11.5247 58 53.3525
11.5311 58 53.3531
11.5247 59 54.2525
11.5151 60 55.1515
11.5215 60 55.1522
11.5247 60 55.1525
11.5151 61 56.0515
11.5215 61 56.0522
11.4701 62 56.947
11.5151 62 56.9515
11.4252 63 57.8425
11.4701 63 57.847
11.4926 63 57.8493
11.5151 63 57.8515
11.4252 64 58.7425
11.4701 64 58.747
11.4252 65 59.6425
11.4252 66 60.5425
11.4155 67 61.4416
11.4252 67 61.4425
11.4155 68 62.3416
11.4252 68 62.3425
11.4155 69 63.2416
11.3642 70 64.1364
11.3706 70 64.1371
11.4155 70 64.1416
11.3642 71 65.0364
11.3931 71 65.0393
11.4155 71 65.0415
11.3642 72 65.9364
11.3642 73 66.8364
11.3642 74 67.7364
11.361 75 68.6361
11.3642 75 68.6364
11.3545 76 69.5355
11.361 76 69.5361
11.3642 76 69.5364
11.332 77 70.4332
11.3545 77 70.4354
13.4804 114 103.948
12.9538 111 101.195
12.3982 130 118.24
12.9666 116 105.697
13.3166 150 136.332
12.3115 105 95.7311
12.9249 139 126.392
13.2749 121 110.227
12.8382 145 131.784
12.5556 139 126.356
13.2299 123 112.023
13.1175 120 109.312
12.5748 130 118.257
13.1561 120 109.316
12.2376 113 102.924
13.8144 100 91.3814
12.3147 110 100.231
12.1092 135 122.711
12.4945 133 120.949
12.4046 206 186.64
13.5767 123 112.058
13.246 127 115.625
13.8176 131 119.282
11.8812 145 131.688
12.0032 111 101.1
12.2408 155 140.724
12.7868 162 147.079
13.5157 115 104.852
12.4464 115 104.745
11.7656 135 122.677
