14.553 62 33.5318
14.553 63 33.9318
14.553 64 34.3318
14.553 65 34.7318
14.5273 66 35.1164
14.553 66 35.1318
14.4984 67 35.499
14.5273 67 35.5164
13.8048 69 35.8829
14.5273 68 35.9164
13.3776 70 36.0266
13.5222 70 36.1133
13.8048 70 36.2829
14.4984 69 36.299
14.5273 69 36.3164
13.3776 71 36.4266
13.4611 71 36.4767
13.5222 71 36.5133
12.5652 73 36.7391
13.3776 72 36.8266
12.2505 74 36.9503
12.2633 74 36.958
13.2074 73 37.1245
12.5652 74 37.1391
11.9486 75 37.1692
13.3776 73 37.2266
12.1381 75 37.2829
12.2505 75 37.3503
12.2633 75 37.358
11.8362 76 37.5017
11.9486 76 37.5692
12.1381 76 37.6829
12.2505 76 37.7503
11.8362 77 37.9017
11.9486 77 37.9692
11.6724 78 38.2035
11.8362 78 38.3017
11.9486 78 38.3692
11.6724 79 38.6035
11.6724 80 39.0035
11.6724 81 39.4035
11.6468 82 39.7881
11.6724 82 39.8035
11.6179 83 40.1707
11.6468 83 40.1881
11.6179 84 40.5707
11.6468 84 40.5881
11.6179 85 40.9707
11.6179 86 41.3707
11.5922 87 41.7553
11.6179 87 41.7707
11.5922 88 42.1553
11.5922 89 42.5553
11.5922 90 42.9553
11.5922 91 43.3553
11.5922 92 43.7553
11.5793 93 44.1476
11.5922 93 44.1553
11.5793 94 44.5476
11.5536 95 44.9322
11.5793 95 44.9476
11.5857 95 44.9514
11.5922 95 44.9553
11.5536 96 45.3322
11.5793 96 45.3476
11.5536 97 45.7322
11.5536 98 46.1322
11.5536 99 46.5322
11.5536 100 46.9322
11.5247 101 47.3148
12.7193 139 63.2316
13.018 94 45.4108
13.3455 131 60.4073
13.1818 142 64.7091
13.6057 138 63.3634
13.8561 124 57.9137
11.8715 159 70.7229
13.7277 89 43.8366
12.8703 101 48.1222
12.7354 127 58.4412
13.4772 142 64.8863
12.2569 99 46.9541
12.6583 107 50.395
13.3231 115 53.9938
11.9968 112 51.9981
13.4933 146 66.496
13.0758 117 54.6455
13.2877 109 51.5726
11.7013 115 53.0208
12.6969 151 68.0181
12.1541 132 60.0925
13.4868 127 58.8921
13.718 79 39.8308
13.1304 149 67.4782
13.0501 119 55.4301
13.2685 93 45.1611
12.8831 135 61.7299
12.1702 125 57.3021
13.5607 124 57.7364
13.1529 102 48.6917
