14.553 54 38.2212
14.9801 54 38.392
14.553 55 38.8212
14.9801 55 38.992
14.553 56 39.4212
14.2897 57 39.9159
14.553 57 40.0212
13.8048 58 40.3219
14.2897 58 40.5159
14.5273 58 40.6109
14.553 58 40.6212
13.8048 59 40.9219
13.3776 60 41.3511
13.8048 60 41.5219
12.8349 61 41.734
13.262 61 41.9048
13.3776 61 41.9511
12.8349 62 42.334
13.262 62 42.5048
12.8092 63 42.9237
12.8349 63 42.934
12.8092 64 43.5237
12.8349 64 43.534
12.1381 65 43.8552
12.8092 65 44.1237
12.1381 66 44.4552
12.7803 66 44.7121
11.8362 67 44.9345
12.1381 67 45.0552
11.8362 68 45.5345
12.1124 68 45.645
11.6724 69 46.069
11.8362 69 46.1345
11.6724 70 46.669
11.8362 70 46.7345
11.6724 71 47.269
11.6468 72 47.8587
11.6724 72 47.869
11.6468 73 48.4587
11.6179 74 49.0471
11.6468 74 49.0587
11.6179 75 49.6471
11.6468 75 49.6587
11.6179 76 50.2471
11.5922 77 50.8369
11.6179 77 50.8471
11.5922 78 51.4369
11.6179 78 51.4471
11.5922 79 52.0369
11.5922 80 52.6369
11.5922 81 53.2369
11.5922 82 53.8369
11.5729 83 54.4292
11.5922 83 54.4369
11.5729 84 55.0292
11.5215 85 55.6086
11.5729 85 55.6292
11.5729 86 56.2292
11.5215 87 56.8086
11.5472 87 56.8189
11.5729 87 56.8292
11.5151 88 57.406
11.5215 88 57.4086
11.5151 89 58.006
11.5151 90 58.606
11.5151 91 59.206
11.5151 92 59.806
11.5151 93 60.406
11.483 94 60.9932
11.5151 94 61.006
12.6872 139 88.4749
11.9261 126 80.3705
12.9794 125 80.1918
13.8401 128 82.336
14.6429 109 71.2572
12.1349 155 97.854
12.9987 116 74.7995
12.2858 105 67.9143
12.2023 136 86.4809
12.8189 121 77.7276
13.0694 100 65.2278
13.307 110 71.3228
13.3359 172 108.534
11.9839 102 65.9936
12.8125 160 101.125
12.9698 145 92.1879
12.0578 203 126.623
12.7836 122 78.3134
12.957 120 77.1828
13.474 139 88.7896
12.2408 96 62.4963
13.58 131 84.032
12.6712 138 87.8685
12.5684 155 98.0274
13.413 113 73.1652
12.6423 119 76.4569
13.2042 106 68.8817
13.3423 122 78.5369
13.2364 129 82.6945
12.2023 124 79.2809
