14.9801 54 38.392
14.553 55 38.8212
14.9801 55 38.992
14.553 56 39.4212
14.553 57 40.0212
14.553 58 40.6212
14.553 59 41.2212
14.2897 60 41.7159
14.5273 60 41.8109
14.553 60 41.8212
13.8048 61 42.1219
14.2897 61 42.3159
14.4984 61 42.3994
14.5273 61 42.4109
13.262 62 42.5048
13.8048 62 42.7219
12.8349 63 42.934
13.262 63 43.1048
13.3776 63 43.1511
13.8048 63 43.3219
12.8349 64 43.534
13.262 64 43.7048
12.8349 65 44.134
12.8092 66 44.7237
12.8349 66 44.734
12.1381 67 45.0552
12.8092 67 45.3237
12.8349 67 45.334
12.1381 68 45.6552
12.5716 68 45.8286
12.7803 68 45.9121
12.8092 68 45.9237
11.8362 69 46.1345
12.1381 69 46.2552
11.8362 70 46.7345
11.9486 70 46.7794
12.1124 70 46.845
12.1381 70 46.8552
11.8362 71 47.3345
11.6724 72 47.869
11.8362 72 47.9345
11.6724 73 48.469
11.6468 74 49.0587
11.6724 74 49.069
11.6468 75 49.6587
11.6724 75 49.669
11.6179 76 50.2471
11.6468 76 50.2587
11.6179 77 50.8471
11.6468 77 50.8587
11.5922 78 51.4369
11.6179 78 51.4471
11.5922 79 52.0369
11.5922 80 52.6369
11.5922 81 53.2369
11.5922 82 53.8369
11.5922 83 54.4369
11.5922 84 55.0369
11.5922 85 55.6369
11.5857 86 56.2343
11.5922 86 56.2369
11.5729 87 56.8292
11.5857 87 56.8343
11.5729 88 57.4292
11.5857 88 57.4343
11.5472 89 58.0189
11.5729 89 58.0292
11.5311 90 58.6125
11.5472 90 58.6189
11.5215 91 59.2086
14.736 130 83.8944
11.8683 127 80.9473
12.3918 116 74.5567
12.9505 163 102.98
11.8972 120 76.7589
12.1381 153 96.6552
13.3102 94 61.7241
12.3725 155 97.949
12.9505 148 93.9802
12.8671 112 72.3468
12.9794 113 72.9918
12.9056 112 72.3622
12.4785 139 88.3914
13.5446 118 76.2179
13.6249 101 66.05
13.3263 115 74.3305
11.5986 168 105.439
12.5588 142 90.2235
13.3263 135 86.3305
13.9139 111 72.1656
12.639 123 78.8556
12.0963 114 73.2385
13.4451 135 86.378
12.79 96 62.716
12.5845 140 89.0338
13.1657 136 86.8663
12.0128 148 93.6051
13.1143 125 80.2457
14.0552 129 83.0221
13.2267 112 72.4907
