12.7001 54 49.87
12.7001 55 50.77
12.7001 56 51.67
12.7001 57 52.57
12.7001 58 53.47
12.6166 59 54.3617
12.639 59 54.3639
12.6904 59 54.369
12.7001 59 54.37
11.894 60 55.1894
12.6166 60 55.2617
11.5311 61 56.0531
11.894 61 56.0894
12.6166 61 56.1617
11.5247 62 56.9525
11.5311 62 56.9531
11.5247 63 57.8525
11.5247 64 58.7525
11.5247 65 59.6525
11.5247 66 60.5525
11.5151 67 61.4515
11.5215 67 61.4522
11.5247 67 61.4525
11.5151 68 62.3515
11.5247 68 62.3525
11.5151 69 63.2515
11.4637 70 64.1464
11.4701 70 64.147
11.5151 70 64.1515
11.4637 71 65.0464
11.4701 71 65.047
11.4252 72 65.9425
11.4637 72 65.9464
11.4252 73 66.8425
11.4637 73 66.8464
11.4252 74 67.7425
11.4252 75 68.6425
11.3706 76 69.5371
11.4155 76 69.5416
11.4252 76 69.5425
11.3642 77 70.4364
11.3706 77 70.4371
11.3642 78 71.3364
11.3706 78 71.3371
11.3642 79 72.2364
11.3642 80 73.1364
11.332 81 74.0332
11.361 81 74.0361
11.3642 81 74.0364
11.332 82 74.9332
11.361 82 74.9361
11.332 83 75.8332
11.332 84 76.7332
11.332 85 77.6332
11.3224 86 78.5322
11.332 86 78.5332
11.3224 87 79.4322
11.332 87 79.4332
11.3224 88 80.3322
11.3224 89 81.2322
11.3224 90 82.1322
11.3224 91 83.0322
11.3224 92 83.9322
11.3224 93 84.8322
11.3224 95 86.6322
11.3224 101 92.0322
12.1092 124 112.811
13.14 113 103.014
13.5157 120 109.352
13.5671 171 155.257
12.9184 115 104.792
12.6134 120 109.261
12.1638 130 118.216
12.8157 150 136.282
12.2473 158 143.425
14.5498 132 120.255
13.0405 117 106.604
13.6699 140 127.367
13.0983 139 126.41
13.5864 113 103.059
13.8497 101 92.285
13.4162 155 140.842
13.5639 116 105.756
13.3006 146 132.73
13.9846 116 105.798
13.0886 113 103.009
12.8735 149 135.387
12.5588 125 113.756
12.745 127 115.575
13.2203 128 116.522
12.3693 151 137.137
11.8459 141 128.085
13.0597 162 147.106
11.711 158 143.371
13.3327 123 112.033
12.9281 131 119.193
