12.2505 82 75.025
12.4432 82 75.0443
12.4432 83 75.9443
11.9486 84 76.7949
12.4432 84 76.8443
11.7848 85 77.6785
11.9486 85 77.6949
12.4432 85 77.7443
11.7848 86 78.5785
11.9486 86 78.5949
11.7848 87 79.4785
11.6724 88 80.3672
11.7848 88 80.3785
11.6724 89 81.2672
11.6724 90 82.1672
11.6468 92 83.9647
11.6468 93 84.8647
11.5922 98 89.3592
11.6403 101 92.064
11.6179 129 117.262
11.6179 130 118.162
11.605 131 119.06
11.5633 132 119.956
11.5857 132 119.959
11.605 132 119.96
11.5633 133 120.856
11.5633 134 121.756
11.5311 136 123.553
11.5633 136 123.556
11.5633 137 124.456
11.5633 138 125.356
11.5633 139 126.256
11.5247 140 127.152
11.5311 140 127.153
11.5536 140 127.155
11.5633 140 127.156
11.5247 141 128.052
11.5247 142 128.952
11.5376 142 128.954
11.499 143 129.85
11.5055 146 132.551
11.499 149 135.25
11.499 150 136.15
11.5055 150 136.151
11.499 151 137.05
11.499 152 137.95
11.499 157 142.45
13.3552 122 111.136
11.8234 149 135.282
14.3378 132 120.234
12.167 147 133.517
13.5832 111 101.258
15.1053 87 79.8105
13.5992 89 81.4599
14.2222 169 153.522
12.6101 103 93.961
14.4085 139 126.541
13.0437 108 98.5044
13.0437 106 96.7044
11.6468 127 115.465
13.1946 142 129.119
12.6101 120 109.261
13.4258 98 89.5426
12.9088 121 110.191
12.6134 120 109.261
14.0456 175 158.905
12.0096 106 96.601
12.5877 108 98.4588
12.4175 130 118.242
13.124 143 130.012
11.8683 123 111.887
12.6904 127 115.569
11.5857 155 140.659
12.7771 136 123.678
11.6821 110 100.168
13.2171 130 118.322
12.045 158 143.404
