12.8767 62 22.7013
12.8221 72 24.6577
12.4432 74 24.7545
12.8221 73 24.8577
12.4432 75 24.9545
12.8221 74 25.0577
12.4432 76 25.1545
12.8221 75 25.2577
12.4432 77 25.3545
12.2505 78 25.4004
12.1381 79 25.5105
12.4175 78 25.534
12.4432 78 25.5545
11.9486 80 25.5589
12.2505 79 25.6004
14.2768 71 25.6215
14.0424 72 25.6339
12.1381 80 25.7105
12.4175 79 25.734
11.9486 81 25.7589
12.2505 80 25.8004
14.2768 72 25.8215
11.7848 82 25.8279
11.8362 82 25.869
11.6724 83 25.938
11.9486 82 25.9589
11.7848 83 26.0279
11.8362 83 26.069
11.6468 84 26.1174
11.9486 83 26.1589
11.7592 84 26.2073
11.7848 84 26.2279
11.6468 85 26.3174
11.6724 85 26.338
11.6468 86 26.5174
11.6724 86 26.538
11.6468 87 26.7174
11.6468 88 26.9174
11.5922 89 27.0737
11.6179 89 27.0943
11.6468 89 27.1174
11.5922 90 27.2737
11.6179 90 27.2943
11.5922 91 27.4737
11.5922 92 27.6737
11.5922 93 27.8737
11.5922 94 28.0737
11.5922 95 28.2737
11.5922 96 28.4737
11.5922 97 28.6737
11.5536 98 28.8429
11.5922 98 28.8737
11.5857 99 29.0686
11.5922 99 29.0737
11.5472 100 29.2378
11.5729 100 29.2583
11.5857 100 29.2686
11.5472 101 29.4378
11.5729 101 29.4583
11.5472 102 29.6378
11.5472 103 29.8378
11.5472 104 30.0378
11.5472 105 30.2378
11.5472 106 30.4378
11.5472 107 30.6378
11.5408 108 30.8326
11.5472 108 30.8378
11.5408 109 31.0326
11.5472 109 31.0378
11.5408 110 31.2326
13.2042 111 32.7634
13.6153 124 35.6922
13.2749 144 39.4199
13.1304 116 33.7043
12.228 138 37.3824
13.034 127 35.8272
12.9024 126 35.5219
13.4355 130 36.7484
12.4303 131 36.1443
12.1541 127 35.1233
12.0578 122 34.0462
11.8812 133 36.1049
12.2762 169 43.6209
13.0951 110 32.476
13.1529 98 30.1223
12.6198 186 47.2958
13.2074 113 33.166
12.7065 142 38.5652
13.0822 118 34.0658
11.5055 167 42.6044
11.9647 110 31.5717
12.8638 140 38.2911
13.2845 146 39.8276
12.7322 105 31.1857
12.4399 132 36.352
11.9294 120 33.5435
12.8671 125 35.2936
12.0514 145 38.6411
13.2492 129 36.3994
11.7238 180 45.3791
