14.553 61 33.1318
14.553 62 33.5318
14.553 63 33.9318
14.553 64 34.3318
14.3828 65 34.6297
14.553 65 34.7318
14.3828 66 35.0297
13.8048 67 35.0829
14.5273 66 35.1164
13.8048 68 35.4829
12.5459 70 35.5276
13.3776 69 35.6266
13.8048 69 35.8829
12.5459 71 35.9276
13.3776 70 36.0266
13.5222 70 36.1133
13.8048 70 36.2829
11.9486 73 36.3692
13.3776 71 36.4266
12.2505 73 36.5503
11.9486 74 36.7692
12.2505 74 36.9503
12.2633 74 36.958
11.9486 75 37.1692
11.8362 76 37.5017
11.9486 76 37.5692
11.8362 77 37.9017
11.6724 78 38.2035
11.8362 78 38.3017
11.6724 79 38.6035
11.6468 80 38.9881
11.6724 80 39.0035
11.6468 81 39.3881
11.6724 81 39.4035
11.6468 82 39.7881
11.6179 83 40.1707
11.6468 83 40.1881
11.6179 84 40.5707
11.6468 84 40.5881
11.6179 85 40.9707
11.5922 86 41.3553
11.6179 86 41.3707
11.5922 87 41.7553
11.5922 88 42.1553
11.5922 89 42.5553
11.5922 90 42.9553
11.5922 91 43.3553
11.5729 92 43.7437
11.5793 92 43.7476
11.5922 92 43.7553
11.5729 93 44.1437
11.5793 93 44.1476
11.5922 93 44.1553
11.5536 94 44.5322
11.5536 95 44.9322
11.5536 96 45.3322
11.5536 97 45.7322
11.5472 98 46.1283
11.5536 98 46.1322
11.5247 100 46.9148
11.5247 101 47.3148
11.5472 101 47.3283
11.5247 102 47.7148
11.5247 104 48.5148
11.5247 105 48.9148
11.4573 109 50.4744
11.5087 109 50.5052
12.8253 138 62.8952
12.8574 134 61.3145
13.4387 120 56.0632
13.4322 114 53.6593
13.0437 109 51.4262
12.0193 153 68.4116
12.4721 106 49.8832
13.4066 136 62.4439
13.6506 121 56.5904
13.0726 114 53.4435
11.6757 119 54.6054
12.6166 149 67.1699
11.6885 140 63.0131
12.1413 102 48.0848
13.2364 141 64.3418
12.0771 126 57.6462
12.6583 110 51.595
13.5575 110 52.1345
12.6744 120 55.6046
11.7174 134 60.6304
13.1657 95 45.8994
12.4207 124 57.0524
12.6326 200 87.5796
12.9891 163 72.9935
13.5254 132 60.9152
12.7386 136 62.0432
12.79 140 63.674
13.946 144 65.9676
13.1304 142 64.6782
13.6956 114 53.8173
