13.262 64 38.631
12.729 65 38.8645
13.262 65 39.131
12.3019 66 39.1509
12.729 66 39.3645
12.8349 66 39.4175
12.3019 67 39.6509
12.729 67 39.8645
12.8349 67 39.9175
12.3019 68 40.1509
12.2762 69 40.6381
12.3019 69 40.6509
12.1188 70 41.0594
12.2762 70 41.1381
12.1188 71 41.5594
12.2762 71 41.6381
12.1188 72 42.0594
11.8362 73 42.4181
12.0931 73 42.5466
12.0996 73 42.5498
12.1188 73 42.5594
11.6724 74 42.8362
11.8362 74 42.9181
12.0931 74 43.0466
11.6724 75 43.3362
11.7848 75 43.3924
11.8362 75 43.4181
11.6724 76 43.8362
11.6724 77 44.3362
11.6468 78 44.8234
11.6724 78 44.8362
11.6179 79 45.3089
11.6468 79 45.3234
11.6724 79 45.3362
11.6179 80 45.8089
11.6179 81 46.3089
11.6179 82 46.8089
11.5922 83 47.2961
11.6179 83 47.3089
11.5922 84 47.7961
11.5922 85 48.2961
11.5922 86 48.7961
11.5793 87 49.2897
11.5922 87 49.2961
11.5536 88 49.7768
11.5793 88 49.7897
11.5922 88 49.7961
11.5536 89 50.2768
11.5793 89 50.2897
11.5536 90 50.7768
11.5536 91 51.2768
11.5536 92 51.7768
11.5472 93 52.2736
11.5536 93 52.2768
11.5472 94 52.7736
11.5472 95 53.2736
11.5376 96 53.7688
11.5472 96 53.7736
11.5055 97 54.2527
11.5376 97 54.2688
11.5055 98 54.7527
11.499 99 55.2495
11.5055 99 55.2527
11.4733 100 55.7367
11.499 100 55.7495
11.5055 100 55.7527
11.4733 101 56.2367
11.499 101 56.2495
11.4701 104 57.7351
11.4701 105 58.2351
11.5601 137 74.28
12.3918 159 85.6959
12.8735 142 77.4367
12.3404 147 79.6702
12.5588 156 84.2794
13.4322 111 62.2161
13.2203 138 75.6101
13.3198 98 55.6599
11.7463 162 86.8732
11.5857 133 72.2929
11.9294 144 77.9647
12.7354 176 94.3677
12.6551 131 71.8276
12.3789 136 74.1895
12.8221 134 73.411
13.6474 91 52.3237
12.1317 142 77.0658
12.4817 153 82.7408
12.7386 111 61.8693
13.2107 116 64.6053
13.2364 109 61.1182
12.3051 160 86.1525
12.8092 138 75.4046
13.0533 132 72.5267
12 151 81.5
13.4322 124 68.7161
12.562 130 71.281
13.5029 143 78.2514
13.7373 110 61.8687
13.4997 114 63.7498
