12.8349 73 42.9175
12.8478 74 43.4239
12.8478 75 43.9239
12.4207 76 44.2103
12.5652 76 44.2826
12.2505 77 44.6252
12.4207 77 44.7103
11.9486 78 44.9743
12.2505 78 45.1252
12.4207 78 45.2103
11.8362 79 45.4181
11.9486 79 45.4743
12.2505 79 45.6252
11.8362 80 45.9181
11.9486 80 45.9743
11.8362 81 46.4181
11.8362 82 46.9181
11.6724 83 47.3362
11.7848 83 47.3924
11.8362 83 47.4181
11.6724 84 47.8362
11.6724 85 48.3362
11.6179 86 48.8089
11.6468 86 48.8234
11.6724 86 48.8362
11.6179 87 49.3089
11.6468 87 49.3234
11.6724 87 49.3362
11.6179 88 49.8089
11.6179 89 50.3089
11.6179 90 50.8089
11.5922 91 51.2961
11.6179 91 51.3089
11.5922 92 51.7961
11.6179 92 51.8089
11.5922 93 52.2961
11.5922 94 52.7961
11.5922 95 53.2961
11.5922 96 53.7961
11.5922 97 54.2961
11.5922 98 54.7961
11.5729 99 55.2864
11.5922 99 55.2961
11.5729 100 55.7864
11.5922 100 55.7961
11.5729 101 56.2864
11.5922 101 56.2961
11.5472 102 56.7736
11.5729 102 56.7864
11.5472 103 57.2736
11.5729 103 57.2864
11.5472 104 57.7736
11.5472 105 58.2736
11.5472 106 58.7736
11.5472 107 59.2736
11.5472 108 59.7736
11.5472 109 60.2736
11.5408 111 61.2704
11.5408 112 61.7704
11.4669 116 63.7335
11.4669 118 64.7335
11.4669 120 65.7335
11.4412 121 66.2206
11.4155 122 66.7078
11.4155 123 67.2078
11.4155 124 67.7078
11.4155 125 68.2078
11.4123 130 70.7062
11.3802 131 71.1901
11.4123 131 71.2062
12.7707 128 70.3854
13.2396 122 67.6198
12.2216 123 67.6108
12.6808 139 75.8404
13.0629 117 65.0315
14.5947 108 61.2974
13.3198 117 65.1599
12.7097 111 61.8549
12.7771 167 89.8886
13.0597 127 70.0299
13.0694 88 50.5347
12.9891 93 52.9945
13.8497 147 80.4249
13.5896 143 78.2948
12.684 133 72.842
13.6442 171 92.3221
13.5382 108 60.7691
13.0726 107 60.0363
12.2601 134 73.1301
12.2441 150 81.122
13.4997 128 70.7498
12.3147 107 59.6574
12.8542 98 55.4271
13.2781 98 55.639
12.0931 134 73.0466
12.1188 131 71.5594
12.5138 102 57.2569
12.6744 109 60.8372
13.2877 103 58.1439
13.2364 109 61.1182
