15.4875 44 35.4462
14.5819 45 35.8746
15.0026 45 36.0008
15.4522 45 36.1356
15.4875 45 36.1462
14.5819 46 36.5746
14.5819 47 37.2746
13.702 48 37.7106
12.623 49 38.0869
13.702 49 38.4106
12.6166 50 38.785
12.623 50 38.7869
13.702 50 39.1106
12.6166 51 39.485
12.6166 52 40.185
12.6166 53 40.885
12.6069 54 41.5821
12.6166 54 41.585
11.5311 55 41.9593
12.6069 55 42.2821
12.6166 55 42.285
11.5311 56 42.6593
12.6069 56 42.9821
11.5247 57 43.3574
11.5311 57 43.3593
11.5247 58 44.0574
11.5311 58 44.0593
11.5247 59 44.7574
11.5215 60 45.4565
11.5247 60 45.4574
11.5215 61 46.1565
11.5247 61 46.1574
11.5151 62 46.8545
11.5215 62 46.8565
11.4926 63 47.5478
11.5151 63 47.5545
11.5215 63 47.5565
11.4252 64 48.2276
11.4701 64 48.241
11.4926 64 48.2478
11.5151 64 48.2545
11.4252 65 48.9276
11.4316 65 48.9295
11.4701 65 48.941
11.4926 65 48.9478
11.4252 66 49.6276
11.4252 67 50.3276
11.4252 68 51.0275
11.4252 69 51.7276
11.4155 70 52.4247
11.422 70 52.4266
11.4252 70 52.4276
11.3931 71 53.1179
11.4155 71 53.1247
11.3706 72 53.8112
11.3931 72 53.8179
11.3642 73 54.5092
11.3706 73 54.5112
11.3642 74 55.2092
11.3642 75 55.9092
11.3642 76 56.6092
11.361 77 57.3083
11.3642 77 57.3092
11.332 78 57.9996
11.361 78 58.0083
11.332 79 58.6996
11.332 80 59.3996
11.332 82 60.7996
11.3224 83 61.4967
12.5106 131 95.4532
13.3552 104 76.8065
13.2139 143 104.064
11.9518 105 77.0855
13.7309 108 79.7193
13.018 107 78.8054
11.7592 104 76.3277
12.0096 152 110.003
12.8927 136 99.0678
12.9345 123 89.9803
13.6378 88 65.6913
13.0629 100 73.9189
11.2646 156 112.579
12.2601 116 84.878
13.2974 114 83.7892
12.395 135 98.2185
11.2036 155 111.861
13.1464 135 98.4439
11.8362 145 105.051
12.1317 133 96.7395
13.3102 126 92.1931
12.3629 159 115.009
11.8266 109 79.848
13.1721 128 93.5516
13.0951 128 93.5285
12.4335 132 96.1301
13.2556 139 101.277
11.9326 157 113.48
12.4849 178 128.345
12.1574 147 106.547
