13.262 64 38.631
12.729 65 38.8645
13.262 65 39.131
12.3019 66 39.1509
12.729 66 39.3645
13.262 66 39.631
12.3019 67 39.6509
12.729 67 39.8645
12.3019 68 40.1509
12.2762 69 40.6381
12.3019 69 40.6509
12.2762 70 41.1381
12.3019 70 41.1509
12.1188 71 41.5594
12.2762 71 41.6381
12.1188 72 42.0594
12.2473 72 42.1236
12.2762 72 42.1381
12.0931 73 42.5466
12.0996 73 42.5498
12.1188 73 42.5594
11.8362 74 42.9181
12.0931 74 43.0466
12.0996 74 43.0498
12.1188 74 43.0594
11.6724 75 43.3362
11.7848 75 43.3924
11.8362 75 43.4181
11.6724 76 43.8362
11.7848 76 43.8924
11.6724 77 44.3362
11.6724 78 44.8362
11.6179 79 45.3089
11.6468 79 45.3234
11.6724 79 45.3362
11.6179 80 45.8089
11.6468 80 45.8234
11.6179 81 46.3089
11.6179 82 46.8089
11.5922 83 47.2961
11.6179 83 47.3089
11.5922 84 47.7961
11.6179 84 47.8089
11.5922 85 48.2961
11.5922 86 48.7961
11.5793 87 49.2897
11.5922 87 49.2961
11.5793 88 49.7897
11.5922 88 49.7961
11.5536 89 50.2768
11.5793 89 50.2897
11.5922 89 50.2961
11.5536 90 50.7768
11.5793 90 50.7897
11.5536 91 51.2768
11.5536 92 51.7768
11.5472 93 52.2736
11.5536 93 52.2768
11.5472 94 52.7736
11.5536 94 52.7768
11.5472 95 53.2736
11.5376 96 53.7688
11.5472 96 53.7736
11.5055 97 54.2527
11.5376 97 54.2688
11.5055 98 54.7527
11.5055 99 55.2527
11.4733 100 55.7367
11.499 100 55.7495
11.5055 100 55.7527
11.7399 119 65.3699
12.6423 95 53.8211
13.4965 104 58.7482
12.9859 156 84.4929
13.6089 112 62.8044
12.6808 151 81.8404
12.3821 126 69.1911
12.4464 143 77.7232
13.2235 107 60.1118
11.9583 143 77.4791
12.5812 127 69.7906
13.3809 146 79.6904
13.246 102 57.623
13.3423 115 64.1712
12.2794 114 63.1397
12.9409 130 71.4705
12.4753 165 88.7376
12.6872 151 81.8436
13.6602 126 69.8301
13.0308 129 71.0154
11.7688 114 62.8844
13.49 115 64.245
13.2203 86 49.6101
13.2107 132 72.6053
13.2909 131 72.1455
13.3038 108 60.6519
12.5074 143 77.7537
13.2171 119 66.1085
12.6294 153 82.8147
13.2974 140 76.6487
