12.9859 55 50.7986
14.553 55 50.9553
12.7001 56 51.67
12.9859 56 51.6986
13.0083 56 51.7008
14.553 56 51.8553
12.7001 57 52.57
12.7001 58 53.47
12.6166 59 54.3617
12.7001 59 54.37
12.6166 60 55.2617
12.623 60 55.2623
12.6166 61 56.1617
11.894 62 56.9894
12.6166 62 57.0617
11.5311 63 57.8531
11.894 63 57.8894
11.5247 64 58.7525
11.5311 64 58.7531
11.6403 64 58.764
11.894 64 58.7894
12.6069 64 58.8607
11.5247 65 59.6525
11.5311 65 59.6531
11.5247 66 60.5525
11.5247 67 61.4525
11.5247 68 62.3525
11.5247 69 63.2525
11.5151 70 64.1515
11.5215 70 64.1522
11.5247 70 64.1525
11.4701 71 65.047
11.5151 71 65.0515
11.4252 72 65.9425
11.4637 72 65.9464
11.4701 72 65.947
11.4798 72 65.948
11.5151 72 65.9515
11.4252 73 66.8425
11.4252 74 67.7425
11.4252 75 68.6425
11.4155 76 69.5416
11.4252 76 69.5425
11.4155 77 70.4416
11.4252 77 70.4425
11.3642 78 71.3364
11.3706 78 71.3371
11.4155 78 71.3416
11.3642 79 72.2364
11.3642 80 73.1364
11.3642 81 74.0364
11.3642 82 74.9364
11.3545 83 75.8354
11.361 83 75.8361
11.3642 83 75.8364
11.332 84 76.7332
11.3545 84 76.7355
11.332 85 77.6332
11.332 86 78.5332
11.332 87 79.4332
11.332 88 80.3332
11.3224 89 81.2322
11.332 89 81.2332
11.3224 90 82.1322
11.3224 91 83.0322
11.3224 92 83.9322
11.3224 93 84.8322
11.3224 94 85.7322
11.3224 95 86.6322
11.3224 96 87.5322
12.6744 164 148.867
13.6699 107 97.667
13.0276 155 140.803
13.4933 143 130.049
12.6551 95 86.7655
13.0373 85 77.8037
12.973 140 127.297
12.9056 116 105.691
12.0867 108 98.4087
11.9872 125 113.699
13.0019 117 106.6
13.2492 121 110.225
12.2537 133 120.925
12.7611 130 118.276
11.3674 227 205.437
12.8992 162 147.09
12.3854 154 139.839
12.3565 115 104.736
12.4849 101 92.1485
13.3937 129 117.439
12.1863 111 101.119
12.7771 118 107.478
13.5061 98 89.5506
12.578 112 102.058
13.9878 153 139.099
11.9486 123 111.895
12.7643 145 131.776
12.3918 102 93.0392
13.0694 110 100.307
12.5523 137 124.555
