12.8767 60 22.3013
12.8767 61 22.5013
12.8767 62 22.7013
12.8767 63 22.9013
12.8767 64 23.1013
12.8221 70 24.2577
12.8221 71 24.4577
12.8221 72 24.6577
12.4432 74 24.7545
12.8221 73 24.8577
12.4432 75 24.9545
12.8221 74 25.0577
12.1381 77 25.1105
12.4432 76 25.1545
11.9486 78 25.1589
12.1381 78 25.3105
12.4175 77 25.334
12.4432 77 25.3545
11.9486 79 25.3589
12.2505 78 25.4004
12.1381 79 25.5105
12.4175 78 25.534
11.9486 80 25.5589
11.8105 81 25.6484
11.8362 81 25.669
11.6724 82 25.738
11.9486 81 25.7589
11.7848 82 25.8279
11.8105 82 25.8484
11.8362 82 25.869
11.6724 83 25.938
11.9486 82 25.9589
11.7848 83 26.0279
11.6468 84 26.1174
11.6724 84 26.138
11.6468 85 26.3174
11.6724 85 26.338
11.6179 86 26.4943
11.6468 86 26.5174
11.6179 87 26.6943
11.5922 88 26.8737
11.6179 88 26.8943
11.5922 89 27.0737
11.6179 89 27.0943
11.5922 90 27.2737
11.5922 91 27.4737
11.5922 92 27.6737
11.5922 93 27.8737
11.5922 94 28.0737
11.5922 95 28.2737
11.5922 96 28.4737
11.5472 97 28.6378
11.5857 97 28.6686
11.5922 97 28.6737
11.5472 98 28.8378
11.5536 98 28.8429
11.5857 98 28.8686
11.5922 98 28.8737
11.5472 99 29.0378
11.5472 100 29.2378
11.5472 101 29.4378
11.5472 102 29.6378
11.5472 103 29.8378
11.5472 104 30.0378
11.5472 105 30.2378
11.5472 106 30.4378
11.5472 107 30.6378
11.5087 108 30.8069
11.5408 108 30.8326
11.5472 108 30.8378
12.6037 103 30.683
12.9409 110 32.3527
13.0886 138 38.0709
13.5896 142 39.2717
12.501 153 40.6008
12.3115 174 44.6492
13.1047 92 28.8838
13.2428 151 40.7942
12.5202 128 35.6162
13.4611 124 35.5689
11.8715 126 34.6972
12.0546 116 32.8437
13.8786 103 31.7029
13.8497 118 34.6798
14.2864 110 33.4292
13.1689 123 35.1351
12.4207 131 36.1365
13.4483 113 33.3586
13.8818 102 31.5055
13.2556 109 32.4045
13.018 118 34.0144
12.0032 145 38.6026
13.3391 124 35.4713
13.7726 108 32.6181
13.1882 151 40.7505
11.6211 132 35.6969
13.0662 96 29.6529
12.2152 149 39.5721
12.6776 129 35.9421
12.5267 140 38.0213
