14.553 55 50.9553
14.553 56 51.8553
13.0083 57 52.6008
14.5273 57 52.7527
14.553 57 52.7553
12.7001 58 53.47
13.0083 58 53.5008
14.5273 58 53.6527
12.7001 59 54.37
13.0083 59 54.4008
12.6166 60 55.2617
12.7001 60 55.27
12.7001 61 56.17
12.6166 62 57.0617
12.7001 62 57.07
11.894 63 57.8894
12.6166 63 57.9617
11.6403 64 58.764
12.6166 64 58.8617
11.5247 65 59.6525
11.5311 65 59.6531
11.6403 65 59.664
11.5247 66 60.5525
11.6403 66 60.564
11.5247 67 61.4525
11.5247 68 62.3525
11.5247 69 63.2525
11.5247 70 64.1525
11.5151 71 65.0515
11.5247 71 65.0525
11.5151 72 65.9515
11.5215 72 65.9521
11.5247 72 65.9525
11.4252 73 66.8425
11.4798 73 66.848
11.5151 73 66.8515
11.4252 74 67.7425
11.4252 75 68.6425
11.4252 76 69.5425
11.4155 77 70.4416
11.4252 77 70.4425
11.4155 78 71.3416
11.4252 78 71.3425
11.3642 79 72.2364
11.4155 79 72.2416
11.3642 80 73.1364
11.4155 80 73.1416
11.3642 81 74.0364
11.3642 82 74.9364
11.3642 83 75.8364
11.3642 84 76.7364
11.332 85 77.6332
11.3545 85 77.6355
11.361 85 77.6361
11.3642 85 77.6364
11.332 86 78.5332
11.3545 86 78.5355
11.332 87 79.4332
11.332 88 80.3332
11.3224 89 81.2322
11.332 89 81.2332
11.3224 90 82.1322
11.332 90 82.1332
11.3224 91 83.0322
11.332 91 83.0332
11.3224 92 83.9322
11.3224 93 84.8322
11.3224 94 85.7322
11.3224 95 86.6322
11.3224 96 87.5322
11.9454 129 117.295
13.8915 139 126.489
13.6346 113 103.063
12.5267 126 114.653
12.0032 134 121.8
12.1895 124 112.819
12.4175 163 147.942
12.0193 147 133.502
12.9024 121 110.19
12.3372 125 113.734
12.3019 142 129.03
12.1991 134 121.82
12.5556 102 93.0555
13.5896 166 150.759
12.8767 129 117.388
11.7174 123 111.872
13.5222 117 106.652
13.6281 118 107.563
11.483 140 127.148
12.1092 152 138.011
12.1092 120 109.211
12.9891 89 81.3989
12.5106 113 102.951
12.5202 152 138.052
12.3918 134 121.839
11.3834 142 128.938
12.2762 137 124.528
12.6776 160 145.268
12.2665 129 117.327
12.5491 127 115.555
