13.262 58 35.631
12.8349 59 35.9175
13.262 59 36.131
12.8349 60 36.4175
12.3019 61 36.6509
12.8349 61 36.9175
12.3019 62 37.1509
12.3019 63 37.6509
12.1381 64 38.069
12.2762 64 38.1381
12.3019 64 38.1509
12.1381 65 38.569
12.2762 65 38.6381
12.3019 65 38.6509
11.8362 66 38.9181
12.1188 66 39.0594
12.1381 66 39.069
11.8362 67 39.4181
12.1188 67 39.5594
12.1381 67 39.569
11.8362 68 39.9181
11.6724 69 40.3362
11.8105 69 40.4053
11.8362 69 40.4181
11.6724 70 40.8362
11.8105 70 40.9053
11.8362 70 40.9181
11.6724 71 41.3362
11.6468 72 41.8234
11.6724 72 41.8362
11.6468 73 42.3234
11.6724 73 42.3362
11.6179 74 42.8089
11.6468 74 42.8234
11.6179 75 43.3089
11.6468 75 43.3234
11.6179 76 43.8089
11.5922 77 44.2961
11.6179 77 44.3089
11.5922 78 44.7961
11.5922 79 45.2961
11.5922 80 45.7961
11.5729 81 46.2864
11.5922 81 46.2961
11.5729 82 46.7864
11.5922 82 46.7961
11.5729 83 47.2864
11.5472 84 47.7736
11.5729 84 47.7864
11.5472 85 48.2736
11.5472 86 48.7736
11.5472 87 49.2736
11.5472 88 49.7736
11.5472 89 50.2736
11.5376 90 50.7688
11.5472 90 50.7736
11.5055 91 51.2527
11.5376 91 51.2688
11.5055 92 51.7527
11.5376 92 51.7688
11.5055 93 52.2527
11.4733 94 52.7367
11.5055 94 52.7527
11.4733 95 53.2367
11.4733 96 53.7367
11.4477 97 54.2238
11.4733 97 54.2367
11.4477 98 54.7238
11.4701 98 54.7351
11.4733 98 54.7367
12.79 131 71.895
12.7225 126 69.3613
12.9216 137 74.9608
13.2396 147 80.1198
12.3243 138 75.1622
12.7225 113 62.8613
14.4599 120 67.2299
12.0482 134 73.0241
13.8626 123 68.4313
13.124 145 79.062
13.2299 119 66.115
11.8876 104 57.9438
12.9762 124 68.4881
12.1541 127 69.5771
13.5254 144 78.7627
13.8176 114 63.9088
12.3629 130 71.1814
12.7418 137 74.8709
13.5478 183 98.2739
13.6827 115 64.3414
12.4046 149 80.7023
12.9024 152 82.4512
14.0135 126 70.0067
13.8304 157 85.4152
12.5909 135 73.7954
13.3102 116 64.6551
12.9184 98 55.4592
13.3712 154 83.6856
11.817 157 84.4085
12.7836 151 81.8918
