14.553 52 37.0212
14.9801 52 37.192
14.553 53 37.6212
14.9801 53 37.792
14.5273 54 38.2109
14.553 54 38.2212
14.2897 55 38.7159
14.5273 55 38.8109
14.2897 56 39.3159
14.2897 57 39.9159
13.8048 58 40.3219
14.264 58 40.5056
14.2897 58 40.5159
12.8349 59 40.534
13.262 59 40.7048
13.3776 59 40.7511
13.8048 59 40.9219
12.8349 60 41.134
12.8349 61 41.734
12.8092 62 42.3237
12.8349 62 42.334
12.5716 63 42.8286
12.8092 63 42.9237
12.1381 64 43.2552
12.8092 64 43.5237
12.1381 65 43.8552
12.7803 65 44.1121
12.8092 65 44.1237
12.1381 66 44.4552
11.8362 67 44.9345
12.1381 67 45.0552
11.8362 68 45.5345
11.6724 69 46.069
11.8362 69 46.1345
11.6724 70 46.669
11.8362 70 46.7345
11.6724 71 47.269
11.6468 72 47.8587
11.6724 72 47.869
11.6468 73 48.4587
11.6179 74 49.0471
11.6468 74 49.0587
11.6179 75 49.6471
11.6179 76 50.2471
11.5922 77 50.8369
11.6179 77 50.8471
11.5922 78 51.4369
11.5922 79 52.0369
11.5922 80 52.6369
11.5922 81 53.2369
11.5729 82 53.8292
11.5922 82 53.8369
11.5215 83 54.4086
11.5729 83 54.4292
11.5215 84 55.0086
11.5729 84 55.0292
11.5215 85 55.6086
11.5151 86 56.206
11.5215 86 56.2086
11.5151 87 56.806
11.5215 87 56.8086
11.5151 88 57.406
11.5151 89 58.006
11.5151 90 58.606
11.5151 94 61.006
11.5151 96 62.206
12.6487 144 91.4595
12.9313 107 69.3725
12.1509 126 80.4604
11.5215 98 63.4086
13.185 155 98.274
12.5684 138 87.8274
11.7206 144 91.0882
14.8195 150 95.9278
13.0437 136 86.8175
13.824 119 76.9296
12.9313 128 81.9725
12.2665 135 85.9066
12.5684 131 83.6274
12.4271 142 90.1708
13.7823 107 69.7129
13.3937 134 85.7575
12.8638 124 79.5455
14.5626 121 78.4251
12.7771 124 79.5109
13.2781 146 92.9112
11.6146 126 80.2459
12.5363 137 87.2145
13.14 119 76.656
12.395 141 89.558
13.0565 138 88.0226
12.9955 140 89.1982
12.2794 105 67.9118
12.4849 165 103.994
14.0649 122 78.826
12.8863 125 80.1545
