11.7592 32 13.7832
11.7592 33 13.8832
12.9955 22 13.896
11.7592 34 13.9832
12.9955 23 13.996
11.7592 35 14.0832
12.6551 27 14.0896
12.9955 24 14.096
11.5633 37 14.1069
11.7367 36 14.163
12.973 25 14.1757
11.7592 36 14.1832
12.6551 28 14.1896
12.9955 25 14.196
11.5633 38 14.2069
11.7367 37 14.263
12.973 26 14.2757
11.7592 37 14.2832
12.6551 29 14.2896
12.9955 26 14.296
11.5633 39 14.3069
12.973 27 14.3757
12.6551 30 14.3896
11.5633 40 14.4069
12.6326 31 14.4694
12.973 28 14.4757
11.5408 41 14.4867
12.6551 31 14.4896
11.5633 41 14.5069
12.6326 32 14.5694
11.5408 42 14.5867
12.6551 32 14.5896
11.5536 42 14.5983
11.5633 42 14.6069
11.5408 43 14.6867
11.5408 44 14.7867
11.5408 45 14.8867
11.4027 47 14.9624
11.5408 46 14.9867
11.4027 48 15.0624
11.5311 47 15.078
11.5408 47 15.0867
11.4027 49 15.1624
11.5183 48 15.1665
11.5311 48 15.178
11.5408 48 15.1867
11.4027 50 15.2624
11.3802 51 15.3422
11.4027 51 15.3624
11.3802 52 15.4422
11.4027 52 15.4624
11.3802 53 15.5422
11.3802 54 15.6422
11.3802 55 15.7422
11.3802 56 15.8422
11.3802 57 15.9422
11.3577 58 16.022
11.3802 58 16.0422
11.3577 59 16.122
11.3256 60 16.1931
11.3577 60 16.222
11.3256 61 16.2931
11.3256 62 16.3931
11.3256 63 16.4931
11.3256 64 16.5931
11.3256 65 16.6931
11.3256 66 16.7931
11.3256 67 16.8931
11.3256 68 16.9931
11.3256 69 17.0931
13.4965 127 24.8468
12.8221 131 24.6399
11.2582 132 23.3324
13.1207 116 23.4087
13.1111 109 22.7
13.1111 108 22.6
12.9377 129 24.5439
12.2537 161 27.1283
12.1766 163 27.259
12.4014 121 23.2613
12.8221 136 25.1399
12.745 124 23.8705
12.8767 123 23.889
13.6442 146 26.8798
11.9165 150 25.7249
13.0405 168 28.5364
13.3295 110 22.9965
12.3821 114 22.5439
12.2922 145 25.563
12.1798 142 25.1618
12.9827 116 23.2844
12.6262 110 22.3636
12.2826 144 25.4543
13.0983 122 23.9884
13.5478 118 23.9931
13.5607 116 23.8046
12.8703 99 21.4832
13.3873 127 24.7486
12.0032 164 27.2029
12.273 161 27.1457
