11.7592 32 13.7832
11.7592 33 13.8832
12.9955 22 13.896
11.7592 34 13.9832
12.9955 23 13.996
11.7592 35 14.0832
12.6551 27 14.0896
12.9955 24 14.096
11.5633 37 14.1069
11.7367 36 14.163
12.973 25 14.1757
11.7592 36 14.1832
12.6551 28 14.1896
12.9955 25 14.196
11.5633 38 14.2069
11.7367 37 14.263
12.973 26 14.2757
12.6551 29 14.2896
12.9955 26 14.296
11.5633 39 14.3069
12.6326 30 14.3694
12.973 27 14.3757
12.6551 30 14.3896
11.5633 40 14.4069
12.6326 31 14.4694
11.5408 41 14.4867
12.6551 31 14.4896
11.5633 41 14.5069
12.6326 32 14.5694
11.5408 42 14.5867
11.5633 42 14.6069
12.6326 33 14.6694
11.5408 43 14.6867
11.5408 44 14.7867
11.5408 45 14.8867
11.4027 47 14.9624
11.5408 46 14.9867
11.4027 48 15.0624
11.5311 47 15.078
11.5408 47 15.0867
11.4027 49 15.1624
11.5311 48 15.178
11.5408 48 15.1867
11.4027 50 15.2624
11.3802 51 15.3422
11.4027 51 15.3624
11.3802 52 15.4422
11.4027 52 15.4624
11.3802 53 15.5422
11.3802 54 15.6422
11.3802 55 15.7422
11.3802 56 15.8422
11.3577 57 15.922
11.3802 57 15.9422
11.3577 58 16.022
11.3802 58 16.0422
11.3577 59 16.122
11.3256 60 16.1931
11.3577 60 16.222
11.3256 61 16.2931
11.3577 61 16.322
11.3256 62 16.3931
11.3256 63 16.4931
11.3256 64 16.5931
11.3256 65 16.6931
11.3256 66 16.7931
11.3256 67 16.8931
11.3256 68 16.9931
11.3256 69 17.0931
11.3256 70 17.1931
13.0244 109 22.622
15.3976 116 25.4578
13.596 113 23.5364
12.3243 139 24.9919
11.9839 117 22.4855
13.034 156 27.3306
13.1818 180 29.8636
13.3327 143 26.2994
12.7418 113 22.7676
12.8157 115 23.0341
12.1381 106 21.5243
13.1818 131 24.9636
12.8446 151 26.6601
12.1252 108 21.7127
13.0629 126 24.3566
13.7437 132 25.5694
13.3905 111 23.1514
12.9377 161 27.7439
12.0963 132 24.0867
12.3404 120 23.1064
11.9101 107 21.4191
12.5459 161 27.3913
13.1336 140 25.8202
12.8446 139 25.4601
11.9583 127 23.4624
12.8671 144 25.9803
12.7643 132 24.6879
13.5446 112 23.3902
13.4868 125 24.6381
12.79 126 24.111
