11.7592 37 14.2832
11.7592 38 14.3832
11.7592 39 14.4832
12.9955 28 14.496
11.7592 40 14.5832
12.9955 29 14.596
11.5633 42 14.6069
11.7592 41 14.6832
12.9955 30 14.696
11.5633 43 14.7069
11.7592 42 14.7832
12.6551 34 14.7896
12.9955 31 14.796
11.5633 44 14.8069
12.6551 35 14.8896
12.9955 32 14.896
11.5633 45 14.9069
13.702 26 14.9318
12.6551 36 14.9896
12.9955 33 14.996
11.5633 46 15.0069
13.702 27 15.0318
11.5408 47 15.0867
12.6551 37 15.0896
12.9955 34 15.096
11.5633 47 15.1069
13.702 28 15.1318
11.5408 48 15.1867
12.6551 38 15.1896
12.9955 35 15.196
11.5633 48 15.2069
13.702 29 15.2318
11.5408 49 15.2867
11.5408 50 15.3867
11.4027 52 15.4624
11.5408 51 15.4867
11.4862 52 15.5376
11.4027 53 15.5624
11.5183 52 15.5665
11.5408 52 15.5867
11.4862 53 15.6376
11.5087 53 15.6578
11.4027 54 15.6624
11.5183 53 15.6665
11.5408 53 15.6867
11.4027 55 15.7624
11.3802 56 15.8422
11.4027 56 15.8624
11.3802 57 15.9422
11.4027 57 15.9624
11.3802 58 16.0422
11.3802 59 16.1422
11.3802 60 16.2422
11.3802 61 16.3422
11.3256 62 16.3931
11.3802 62 16.4422
11.3256 63 16.4931
11.3256 64 16.5931
11.3256 65 16.6931
11.3256 66 16.7931
11.3256 67 16.8931
11.3256 68 16.9931
11.3256 69 17.0931
11.3256 70 17.1931
11.3256 71 17.2931
11.3256 72 17.3931
11.3256 73 17.4931
11.3256 74 17.5931
11.3256 75 17.6931
11.3256 76 17.7931
13.1561 109 22.7405
13.352 137 25.7168
12.7739 134 24.8965
13.2909 127 24.6618
13.246 119 23.8214
13.2685 101 22.0416
13.0629 115 23.2566
12.6551 98 21.1896
13.3102 144 26.3792
13.1689 145 26.352
12.2376 185 29.5139
13.4868 95 21.6381
11.7527 117 22.2775
13.7084 132 25.5376
12.6712 133 24.704
13.1625 123 24.1462
11.5119 130 23.3607
12.4271 136 24.7844
13.0437 137 25.4393
12.3565 165 27.6208
12.6326 128 24.1694
12.9666 124 24.0699
12.1702 125 23.4532
13.6538 129 25.1884
13.1978 121 23.978
13.4001 128 24.8601
12.2601 128 23.8341
12.9538 130 24.6584
13.034 148 26.5306
13.8658 108 23.2792
