15.4522 39 36.6452
15.4522 40 37.5452
14.5819 41 38.3582
15.4522 41 38.4452
14.5819 42 39.2582
14.5819 43 40.1582
12.623 44 40.8623
14.5819 44 41.0582
12.623 45 41.7623
12.623 46 42.6623
12.623 47 43.5623
12.6166 48 44.4617
12.623 48 44.4623
12.6134 49 45.3613
12.6166 49 45.3617
12.6134 50 46.2613
12.6134 51 47.1613
12.6069 52 48.0607
12.6134 52 48.0613
11.5311 53 48.8531
11.8876 53 48.8888
12.3083 53 48.9308
12.6069 53 48.9607
11.5247 54 49.7525
11.5311 54 49.7531
11.8876 54 49.7888
11.5247 55 50.6525
11.5311 55 50.6531
11.5247 56 51.5525
11.5247 57 52.4525
11.5215 58 53.3521
11.5247 58 53.3525
11.5151 59 54.2515
11.5215 59 54.2522
11.5247 59 54.2525
11.5151 60 55.1515
11.5215 60 55.1522
11.4252 61 56.0425
11.4701 61 56.047
11.5151 61 56.0515
11.4252 62 56.9425
11.4701 62 56.947
11.5151 62 56.9515
11.4252 63 57.8425
11.4252 64 58.7425
11.4252 65 59.6425
11.4155 66 60.5416
11.4252 66 60.5425
11.4155 67 61.4416
11.3642 68 62.3364
11.4155 68 62.3416
11.3642 69 63.2364
11.4155 69 63.2416
11.3642 70 64.1364
11.3642 71 65.0364
11.3642 72 65.9364
11.3545 73 66.8354
11.3642 73 66.8364
11.3545 74 67.7355
11.3545 75 68.6355
11.3545 76 69.5355
11.332 77 70.4332
11.3545 77 70.4354
11.332 78 71.3332
11.3545 78 71.3354
11.332 79 72.2332
11.332 80 73.1332
11.332 81 74.0332
11.332 82 74.9332
11.332 83 75.8332
12.5042 183 165.95
13.4162 135 122.842
13.6024 91 83.2602
13.7951 115 104.88
13.5478 126 114.755
12.1349 136 123.613
12.3725 158 143.437
11.7046 155 140.67
12.9955 102 93.0995
13.8786 130 118.388
12.8157 154 139.882
12.9409 126 114.694
12.5331 129 117.353
12.9184 131 119.192
12.1252 119 108.313
11.8651 123 111.887
13.0662 121 110.207
13.124 152 138.112
12.6037 91 83.1604
12.5812 114 103.858
13.2042 180 163.32
12.2441 188 170.424
12.2601 117 106.526
12.8092 125 113.781
13.5446 137 124.654
13.4033 134 121.94
13.5703 88 80.557
11.9133 132 119.991
12.7675 150 136.277
12.8799 125 113.788
