12.8767 43 18.9013
12.8767 44 19.1013
12.8767 45 19.3013
12.8382 46 19.4705
12.6262 47 19.501
12.8767 46 19.5013
12.4881 48 19.5905
12.8382 47 19.6705
12.6262 48 19.701
12.8767 47 19.7013
12.4881 49 19.7905
12.8382 48 19.8705
12.6262 49 19.901
12.4881 50 19.9905
12.4496 51 20.1597
12.4785 51 20.1828
12.4881 51 20.1905
12.4496 52 20.3597
12.4496 53 20.5597
12.4399 54 20.752
12.4496 54 20.7597
12.4399 55 20.952
12.4399 56 21.152
12.4399 57 21.352
12.4399 58 21.552
12.4399 59 21.752
12.4399 60 21.952
12.4399 61 22.152
12.4399 62 22.352
12.1381 64 22.5105
12.4399 63 22.552
11.8362 66 22.669
12.1381 65 22.7105
12.4399 64 22.752
11.8362 67 22.869
12.1381 66 22.9105
11.8362 68 23.069
11.6724 69 23.138
12.4399 66 23.152
11.8105 69 23.2484
11.8362 69 23.269
11.6724 70 23.338
11.6724 71 23.538
11.6468 72 23.7174
11.6724 72 23.738
11.6468 73 23.9174
11.6179 74 24.0943
11.6468 74 24.1174
11.6179 75 24.2943
11.6468 75 24.3174
11.6179 76 24.4943
11.5922 77 24.6737
11.6179 77 24.6943
11.5922 78 24.8737
11.5922 79 25.0737
11.5922 80 25.2737
11.5922 81 25.4737
11.5922 82 25.6737
11.5729 83 25.8583
11.5922 83 25.8737
11.5729 84 26.0583
11.5922 84 26.0737
11.5729 85 26.2583
11.5472 86 26.4378
11.5729 86 26.4583
11.5472 87 26.6378
11.5472 88 26.8378
11.5472 89 27.0378
11.5472 91 27.4378
11.5408 94 28.0326
13.2974 128 36.2379
12.7643 122 34.6114
13.3616 111 32.8893
12.8157 151 40.4525
12.9987 121 34.599
12.1188 146 38.8951
12.6904 135 37.1523
12.8349 128 35.868
13.1914 110 32.5531
11.8009 158 41.0407
11.8844 150 39.5075
11.9261 127 34.9409
12.9987 99 30.199
12.5074 118 33.6059
13.0148 120 34.4118
13.4868 131 36.9895
13.1079 126 35.6863
12.4399 113 32.552
13.0116 110 32.4092
12.8349 142 38.6679
13.2364 122 34.9891
13.1529 135 37.5223
13.7566 97 30.4053
12.8992 124 35.1193
13.2235 129 36.3788
11.5922 118 32.8737
12.7547 129 36.0037
14.1419 118 34.9136
12.6551 153 40.7241
12.1606 133 36.3285
