14.553 53 37.6212
14.9801 53 37.792
14.553 54 38.2212
14.9801 54 38.392
14.553 55 38.8212
14.553 56 39.4212
14.2897 57 39.9159
14.553 57 40.0212
13.8048 58 40.3219
14.2897 58 40.5159
14.553 58 40.6212
13.8048 59 40.9219
13.3776 60 41.3511
13.8048 60 41.5219
12.8349 61 41.734
13.262 61 41.9048
13.3776 61 41.9511
12.8349 62 42.334
12.8092 63 42.9237
12.8349 63 42.934
12.8092 64 43.5237
12.1381 65 43.8552
12.8092 65 44.1237
12.1381 66 44.4552
12.7803 66 44.7121
11.8362 67 44.9345
12.1381 67 45.0552
11.8362 68 45.5345
12.1124 68 45.645
11.6724 69 46.069
11.8362 69 46.1345
11.6724 70 46.669
11.8362 70 46.7345
11.6724 71 47.269
11.6468 72 47.8587
11.6724 72 47.869
11.6468 73 48.4587
11.6724 73 48.469
11.6179 74 49.0471
11.6468 74 49.0587
11.6179 75 49.6471
11.6468 75 49.6587
11.6179 76 50.2471
11.5922 77 50.8369
11.6179 77 50.8471
11.5922 78 51.4369
11.5922 79 52.0369
11.5922 80 52.6369
11.5922 81 53.2369
11.5729 82 53.8292
11.5922 82 53.8369
11.5729 83 54.4292
11.5215 84 55.0086
11.5729 84 55.0292
11.5215 85 55.6086
11.5729 85 55.6292
11.5215 86 56.2086
11.5151 87 56.806
11.5215 87 56.8086
11.5151 88 57.406
11.5215 88 57.4086
11.5151 89 58.006
11.5087 90 58.6035
11.5151 90 58.606
11.483 91 59.1932
11.5151 91 59.206
11.483 92 59.7932
11.5151 92 59.806
11.483 93 60.3932
11.483 94 60.9932
12.3468 176 110.539
12.0835 138 87.6334
13.8369 140 89.5347
12.6262 136 86.6505
13.1368 137 87.4547
13.1882 128 82.0753
12.7514 132 84.3006
13.2653 111 71.9061
12.4528 104 67.3811
11.5408 129 82.0163
12.9281 114 73.5712
12.8092 124 79.5237
13.1304 145 92.2522
13.1079 111 71.8432
11.7913 161 101.317
11.7977 177 110.919
14.5112 137 88.0045
11.9358 172 107.974
12.0996 141 89.4398
13.3166 159 100.727
12.6744 113 72.8698
12.7033 121 77.6813
13.3809 123 79.1523
13.079 129 82.6316
12.6423 119 76.4569
12.2216 143 90.6886
12.5523 131 83.6209
13.1882 129 82.6753
13.1368 137 87.4547
13.5318 133 85.2127
