11.7592 46 15.1832
13.702 31 15.4318
11.7367 49 15.463
13.702 32 15.5318
11.7367 50 15.563
13.702 33 15.6318
11.7367 51 15.663
13.641 34 15.6769
14.2254 29 15.7029
13.702 34 15.7318
13.641 35 15.7769
11.5408 54 15.7867
14.2254 30 15.8029
13.641 36 15.8769
11.5408 55 15.8867
14.2254 31 15.9029
13.5864 37 15.9277
11.7367 54 15.963
13.641 37 15.9769
11.5408 56 15.9867
13.5864 38 16.0277
13.641 38 16.0769
13.5864 39 16.1277
11.5408 58 16.1867
13.5864 40 16.2277
13.368 42 16.2312
13.5864 41 16.3277
13.368 43 16.3312
11.4862 60 16.3376
11.5408 60 16.3867
12.8767 48 16.389
13.5864 42 16.4277
13.368 44 16.4312
11.4862 61 16.4376
12.8767 49 16.489
13.2203 46 16.4983
13.368 45 16.5312
11.4862 62 16.5376
13.2942 46 16.5647
12.8767 50 16.589
13.2203 47 16.5983
13.368 46 16.6312
11.4862 63 16.6376
13.2203 48 16.6983
11.4862 64 16.7376
11.4766 65 16.8289
11.4862 65 16.8376
11.4766 66 16.9289
11.4766 67 17.0289
11.4477 68 17.1029
11.4766 68 17.1289
11.438 69 17.1942
11.4477 69 17.2029
11.438 70 17.2942
11.4477 70 17.3029
11.3256 72 17.3931
11.438 71 17.3942
11.3256 73 17.4931
11.438 72 17.4942
11.3256 76 17.7931
11.3256 77 17.8931
12.8092 127 24.2283
12.7932 91 20.6139
13.0405 145 26.2364
12.4785 126 23.8306
13.6763 164 28.7087
13.2781 130 24.9503
12.9666 142 25.8699
12.0257 120 22.8231
13.1368 136 25.4231
12.6262 127 24.0636
13.6249 92 21.4624
13.2428 126 24.5185
13.2781 137 25.6503
13.0051 115 23.2046
12.7258 157 27.1532
12.6455 131 24.4809
12.4753 132 24.4277
13.657 78 20.0913
13.6281 121 24.3653
14.2062 109 23.6855
12.8831 142 25.7948
12.6198 114 22.7578
12.9762 131 24.7786
12.183 136 24.5647
13.1561 148 26.6405
13.352 94 21.4168
12.8221 112 22.7399
13.657 132 25.4913
13.1304 131 24.9173
13.8529 146 27.0676
