12.5652 78 71.4565
12.2505 79 72.3251
12.5652 79 72.3565
11.9486 80 73.1949
12.2505 80 73.2251
12.4432 80 73.2443
11.9486 81 74.0949
12.2505 81 74.1251
11.9486 82 74.9949
11.7848 83 75.8785
11.7848 84 76.7785
11.9229 84 76.7923
11.6724 85 77.6672
11.7848 85 77.6785
11.7848 86 78.5785
11.6724 87 79.4672
11.7592 87 79.4759
11.7848 87 79.4785
11.6724 88 80.3672
11.6724 89 81.2672
11.6468 90 82.1647
11.6724 90 82.1672
11.6468 91 83.0647
11.6179 92 83.9618
11.6468 92 83.9647
11.6179 93 84.8618
11.6179 94 85.7618
11.5922 95 86.6592
11.6179 95 86.6618
11.5922 96 87.5592
11.5922 97 88.4592
11.5922 98 89.3592
11.5922 100 91.1592
11.5922 101 92.0592
11.5857 104 94.7586
11.5857 105 95.6586
11.5857 106 96.5586
11.5857 109 99.2586
11.5633 120 109.156
11.5633 122 110.956
11.5633 123 111.856
11.5633 126 114.556
11.5633 127 115.456
11.5633 128 116.356
11.5633 129 117.256
11.5633 130 118.156
11.5633 131 119.056
11.5247 132 119.952
11.5311 132 119.953
11.5633 132 119.956
11.4412 133 120.844
11.5247 133 120.852
11.5311 133 120.853
11.5633 133 120.856
11.5247 138 125.352
11.5247 139 126.252
11.438 140 127.144
11.499 140 127.15
11.5247 140 127.152
11.4027 141 128.04
11.438 141 128.044
11.499 141 128.05
11.4284 148 134.343
11.4284 149 135.243
11.3963 150 136.14
11.3963 151 137.04
13.7823 112 102.178
12.9859 136 123.699
11.833 134 121.783
12.2087 154 139.821
12.6519 130 118.265
13.2299 104 94.923
13.3616 106 96.7362
13.3295 183 166.033
12.9409 116 105.694
12.334 163 147.933
13.1593 94 85.9159
12.4432 121 110.144
12.8317 131 119.183
14.1355 110 100.414
11.9358 141 128.094
13.2107 119 108.421
12.1349 141 128.113
12.1606 125 113.716
13.2074 128 116.521
13.4419 118 107.544
14.0263 94 86.0026
12.6615 130 118.266
12.896 127 115.59
12.7322 126 114.673
13.6474 130 118.365
13.429 131 119.243
13.5575 158 143.556
12.3115 142 129.031
12.5074 106 96.6507
12.1927 138 125.419
