11.7592 37 14.2832
11.7592 38 14.3832
11.7592 39 14.4832
11.7592 40 14.5832
12.9955 29 14.596
11.7592 41 14.6832
12.9955 30 14.696
11.5633 43 14.7069
11.7592 42 14.7832
12.9955 31 14.796
11.5633 44 14.8069
11.7367 43 14.863
11.7592 43 14.8832
12.6551 35 14.8896
12.9955 32 14.896
11.5633 45 14.9069
13.702 26 14.9318
11.7592 44 14.9832
12.6551 36 14.9896
12.9955 33 14.996
11.5633 46 15.0069
13.702 27 15.0318
12.6551 37 15.0896
12.9955 34 15.096
11.5633 47 15.1069
13.702 28 15.1318
11.5408 48 15.1867
12.6551 38 15.1896
12.9955 35 15.196
11.5633 48 15.2069
13.702 29 15.2318
11.5408 49 15.2867
11.5408 50 15.3867
11.5408 51 15.4867
11.4862 52 15.5376
11.4027 53 15.5624
11.5183 52 15.5665
11.5408 52 15.5867
11.4027 54 15.6624
11.5183 53 15.6665
11.5408 53 15.6867
11.4862 54 15.7376
11.4027 55 15.7624
11.4027 56 15.8624
11.4027 57 15.9624
11.3802 58 16.0422
11.4027 58 16.0624
11.3802 59 16.1422
11.3802 60 16.2422
11.3802 61 16.3422
11.3256 62 16.3931
11.3802 62 16.4422
11.3256 63 16.4931
11.3802 63 16.5422
11.3256 64 16.5931
11.3256 65 16.6931
11.3256 66 16.7931
11.3256 67 16.8931
11.3256 68 16.9931
11.3256 69 17.0931
11.3256 70 17.1931
11.3256 71 17.2931
11.3256 72 17.3931
11.3256 73 17.4931
11.3256 75 17.6931
11.2807 78 17.9526
13.4387 150 27.0948
12.8703 108 22.3832
12.1766 153 26.259
12.2762 154 26.4486
12.411 156 26.7699
13.429 119 23.9861
11.4252 154 25.6827
12.5491 122 23.4942
13.0083 132 24.9075
12.578 90 20.3202
12.4753 160 27.2277
14.3186 159 28.7867
12.5845 132 24.526
13.0244 108 22.522
12.3757 138 24.9382
12.3661 123 23.4295
13.4804 138 25.9324
12.3918 135 24.6526
13.0405 142 25.9364
11.711 117 22.2399
13.474 105 22.6266
13.4611 133 25.415
13.7148 95 21.8434
13.7983 102 22.6185
13.4965 90 21.1468
12.684 111 22.5156
12.9056 161 27.715
13.5414 145 26.6873
12.2184 113 22.2965
13.2203 105 22.3983
