14.553 55 30.7318
12.3019 59 30.9811
14.553 56 31.1318
12.729 59 31.2374
12.3019 60 31.3811
14.553 57 31.5318
12.729 60 31.6374
12.3019 61 31.7811
14.5273 58 31.9164
14.553 58 31.9318
12.2762 62 32.1657
12.3019 62 32.1811
14.5273 59 32.3164
12.1188 63 32.4713
12.2762 63 32.5657
12.3019 63 32.5811
12.1188 64 32.8713
12.1188 65 33.2713
12.0931 66 33.6559
12.1188 66 33.6713
12.0771 67 34.0462
12.0931 67 34.0559
12.1188 67 34.0713
12.0642 68 34.4385
12.0771 68 34.4462
12.0931 68 34.4559
11.9486 69 34.7692
12.0642 69 34.8385
12.0771 69 34.8462
11.6724 70 35.0035
11.9486 70 35.1692
12.0514 70 35.2308
12.0642 70 35.2385
11.6724 71 35.4035
11.8105 71 35.4863
11.9486 71 35.5692
11.6724 72 35.8035
11.6468 73 36.1881
11.6724 73 36.2035
11.6468 74 36.5881
11.6468 75 36.9881
11.6179 76 37.3707
11.6468 76 37.3881
11.6179 77 37.7707
11.5922 78 38.1553
11.6179 78 38.1707
11.5922 79 38.5553
11.5922 80 38.9553
11.5922 81 39.3553
11.5922 82 39.7553
11.5922 83 40.1553
11.5922 84 40.5553
11.5729 85 40.9437
11.5793 85 40.9476
11.5922 85 40.9553
11.5729 86 41.3437
11.5472 87 41.7283
11.5729 87 41.7437
11.5472 88 42.1283
11.5536 88 42.1322
11.5729 88 42.1437
11.5472 89 42.5283
11.5472 90 42.9283
11.5472 91 43.3283
11.5472 92 43.7283
11.5472 93 44.1283
11.5472 94 44.5283
12.6294 137 62.3776
12.411 150 67.4466
13.3809 136 62.4285
12.9345 122 56.5607
14.2479 114 54.1488
12.0514 120 55.2308
12.2665 140 63.3599
12.456 124 57.0736
12.0385 105 49.2231
13.4933 110 52.096
11.8459 104 48.7075
12.2441 139 62.9464
11.9486 143 64.3692
12.9634 167 74.578
13.0019 114 53.4012
13.946 109 51.9676
12.6904 111 52.0143
13.0694 105 49.8416
12.7418 156 70.0451
12.8606 160 71.7164
13.079 159 71.4474
13.4001 159 71.6401
13.0565 176 78.2339
12.1445 134 60.8867
11.8105 148 66.2863
12.167 140 63.3002
13.2942 111 52.3765
13.2042 168 75.1226
13.6635 114 53.7981
11.9422 140 63.1653
