14.553 51 36.4212
14.553 52 37.0212
14.553 53 37.6212
12.8349 55 38.134
14.5273 54 38.2109
14.553 54 38.2212
14.2897 55 38.7159
12.8349 56 38.734
14.5273 55 38.8109
14.553 55 38.8212
14.2897 56 39.3159
12.8349 57 39.334
14.4984 56 39.3994
12.8349 58 39.934
12.8349 59 40.534
12.7803 60 41.1121
12.8349 60 41.134
12.5716 61 41.6286
12.7803 61 41.7121
12.5716 62 42.2286
12.5716 63 42.8286
12.1381 64 43.2552
12.5716 64 43.4286
12.1381 65 43.8552
12.1381 66 44.4552
11.8362 67 44.9345
12.1124 67 45.045
12.1381 67 45.0552
11.8362 68 45.5345
12.1124 68 45.645
12.1381 68 45.6552
11.6724 69 46.069
11.8362 69 46.1345
11.6724 70 46.669
11.8362 70 46.7345
11.6724 71 47.269
11.6468 72 47.8587
11.6724 72 47.869
11.6468 73 48.4587
11.6724 73 48.469
11.6179 74 49.0471
11.6468 74 49.0587
11.6179 75 49.6471
11.6179 76 50.2471
11.5922 77 50.8369
11.6179 77 50.8471
11.5922 78 51.4369
11.5922 79 52.0369
11.5922 80 52.6369
11.5729 81 53.2292
11.5922 81 53.2369
11.5215 82 53.8086
11.5729 82 53.8292
11.5922 82 53.8369
11.5215 83 54.4086
11.5729 83 54.4292
11.5215 84 55.0086
11.5151 85 55.606
11.5215 85 55.6086
11.5151 86 56.206
11.5215 86 56.2086
11.5087 87 56.8035
11.5151 87 56.806
11.483 88 57.3932
11.5087 88 57.4035
11.5151 88 57.406
11.483 89 57.9932
11.5087 89 58.0035
11.483 90 58.5932
11.483 91 59.1932
13.2942 140 89.3177
12.3211 138 87.7285
13.6635 109 70.8654
13.0951 124 79.638
12.8189 149 94.5276
11.7881 144 91.1152
11.605 137 86.842
13.0469 140 89.2188
12.9987 100 65.1995
12.228 152 96.0912
12.806 157 99.3224
12.4464 144 91.3785
13.2139 128 82.0856
12.1317 130 82.8527
12.8157 160 101.126
12.4399 178 111.776
14.7168 109 71.2867
12.0321 121 77.4128
11.9711 163 102.588
12.3629 141 89.5452
13.7437 144 91.8975
12.7932 121 77.7173
11.939 136 86.3756
12.0867 124 79.2347
12.0803 158 99.6321
12.3179 123 78.7272
13.6699 132 84.668
12.6712 110 71.0685
12.8767 131 83.7507
14.8452 97 64.1381
