13.7116 49 24.2981
13.808 52 25.2656
13.6956 53 25.4869
13.808 53 25.5656
13.6635 54 25.7644
13.6956 54 25.7869
13.6635 55 26.0644
13.6956 55 26.0869
13.6635 56 26.3644
13.6635 57 26.6644
13.0405 59 26.8283
13.5832 58 26.9082
13.6635 58 26.9644
13.4451 59 27.1116
13.0405 60 27.1283
13.5832 59 27.2082
13.6506 59 27.2554
13.6635 59 27.2644
13.0148 61 27.4103
13.4451 60 27.4116
13.0405 61 27.4283
12.8349 62 27.5845
13.0148 62 27.7103
12.8349 63 27.8845
13.0148 63 28.0103
12.6134 64 28.0294
12.3019 65 28.1113
12.7771 64 28.144
11.955 66 28.1685
12.6134 65 28.3294
12.3019 66 28.4113
11.955 67 28.4685
12.6134 66 28.6294
11.955 68 28.7685
11.9294 69 29.0505
11.955 69 29.0685
11.9004 70 29.3303
11.9294 70 29.3505
11.9004 71 29.6303
11.6724 72 29.7707
11.9004 72 29.9303
11.6724 73 30.0707
11.7848 73 30.1494
11.8362 73 30.1854
11.9004 73 30.2303
11.6724 74 30.3707
11.6724 75 30.6707
11.6724 76 30.9707
11.6468 77 31.2527
11.6724 77 31.2707
11.6468 78 31.5527
11.5922 79 31.8145
11.6179 79 31.8325
11.6468 79 31.8527
11.5922 80 32.1145
11.6179 80 32.1325
11.5922 81 32.4145
11.5922 82 32.7145
11.5922 83 33.0145
11.5729 84 33.301
11.5922 84 33.3145
11.5729 85 33.601
11.5729 86 33.901
11.5729 87 34.201
11.5472 88 34.483
11.5729 88 34.501
11.5472 89 34.783
11.5472 90 35.083
11.5472 92 35.683
11.3995 140 49.9796
11.878 148 52.7146
13.1529 112 42.807
13.3102 113 43.2171
13.5029 93 37.352
13.4322 90 36.4026
12.8831 100 39.0182
12.8221 121 45.2755
12.1574 136 49.3102
13.2331 123 46.1632
13.3584 158 56.7509
11.5601 124 45.292
12.3821 126 46.4675
13.4194 163 58.2936
13.8979 102 40.3285
12.4721 150 53.7304
13.6024 102 40.1217
12.3854 109 41.3698
11.9197 131 47.6438
12.3468 109 41.3428
13.0822 137 50.2575
13.657 107 41.6599
12.106 159 56.1742
13.079 178 62.5553
14.0713 166 59.6499
12.1445 125 46.0012
13.3809 90 36.3666
13.1914 151 54.534
12.4753 148 53.1327
12.6358 123 45.7451
12.6808 119 44.5766
