15.4875 44 41.1487
15.0026 45 42.0003
15.4875 45 42.0487
14.5819 46 42.8582
15.0026 46 42.9003
15.4875 46 42.9487
14.5819 47 43.7582
15.0026 47 43.8003
13.702 48 44.5702
13.702 49 45.4702
12.6166 50 46.2617
13.702 50 46.3702
12.6166 51 47.1617
12.7001 51 47.17
13.702 51 47.2702
12.6166 52 48.0617
12.6166 53 48.9617
12.6166 54 49.8617
11.5311 55 50.6531
12.6166 55 50.7617
11.5311 56 51.5531
11.5311 57 52.4531
11.5247 58 53.3525
11.5311 58 53.3531
11.5247 59 54.2525
11.5247 60 55.1525
11.5215 61 56.0522
11.5247 61 56.0525
11.5151 62 56.9515
11.5215 62 56.9522
11.5247 62 56.9525
11.5151 63 57.8515
11.5215 63 57.8521
11.5151 64 58.7515
11.4252 65 59.6425
11.4316 65 59.6432
11.4701 65 59.647
11.4926 65 59.6493
11.5151 65 59.6515
11.4252 66 60.5425
11.4316 66 60.5432
11.4701 66 60.547
11.4926 66 60.5493
11.5151 66 60.5515
11.4252 67 61.4425
11.4252 68 62.3425
11.4252 69 63.2425
11.422 70 64.1422
11.4252 70 64.1425
11.3931 71 65.0393
11.4155 71 65.0415
11.422 71 65.0422
11.4252 71 65.0425
11.3706 72 65.9371
11.3931 72 65.9393
11.4155 72 65.9416
11.3642 73 66.8364
11.3706 73 66.8371
11.3931 73 66.8393
11.3642 74 67.7364
11.3706 74 67.7371
11.3642 75 68.6364
11.3642 76 69.5364
11.361 77 70.4361
11.3642 77 70.4364
11.332 78 71.3332
11.361 78 71.3361
11.332 79 72.2332
11.332 80 73.1332
11.332 81 74.0332
12.6262 154 139.863
12.9216 144 130.892
15.4072 124 113.141
13.2331 124 112.923
12.183 139 126.318
12.0931 118 107.409
12.9409 136 123.694
14.0584 119 108.506
13.6313 98 89.5631
12.6358 139 126.364
13.9075 127 115.691
13.4194 90 82.3419
12.4367 131 119.144
13.2171 115 104.822
12.045 131 119.104
11.589 116 105.559
12.6262 128 116.463
12.639 135 122.764
12.9024 131 119.19
12.2248 125 113.722
11.2325 146 132.523
13.6313 106 96.7631
12.2473 134 121.825
13.1432 126 114.714
13.8593 99 90.4859
12.5363 155 140.754
12.1927 127 115.519
13.4611 142 129.146
12.7322 101 92.1732
13.0694 108 98.5069
