12.8767 43 18.9013
12.8767 44 19.1013
12.8767 45 19.3013
12.8382 46 19.4705
12.6262 47 19.501
12.8767 46 19.5013
12.8382 47 19.6705
12.6262 48 19.701
12.8767 47 19.7013
12.4881 49 19.7905
12.6262 49 19.901
12.4881 50 19.9905
12.5877 50 20.0701
12.6262 50 20.101
12.4785 51 20.1828
12.4881 51 20.1905
12.4496 52 20.3597
12.4785 52 20.3828
12.4881 52 20.3905
12.4496 53 20.5597
12.4399 54 20.752
12.4496 54 20.7597
12.4399 55 20.952
12.4496 55 20.9597
12.4399 56 21.152
12.4399 57 21.352
12.4399 58 21.552
12.4399 59 21.752
12.4399 60 21.952
12.4399 61 22.152
12.4399 62 22.352
12.1381 64 22.5105
12.4399 63 22.552
11.8362 66 22.669
12.1381 65 22.7105
12.4399 64 22.752
11.8362 67 22.869
12.1381 66 22.9105
11.8362 68 23.069
12.1124 67 23.0899
12.1381 67 23.1105
11.6724 69 23.138
11.8105 69 23.2484
11.8362 69 23.269
11.6724 70 23.338
11.8105 70 23.4484
11.8362 70 23.469
11.6724 71 23.538
11.6468 72 23.7174
11.6724 72 23.738
11.6468 73 23.9174
11.6724 73 23.938
11.6179 74 24.0943
11.6468 74 24.1174
11.6179 75 24.2943
11.6468 75 24.3174
11.6179 76 24.4943
11.5922 77 24.6737
11.6179 77 24.6943
11.5922 78 24.8737
11.6179 78 24.8943
11.5922 79 25.0737
11.5922 80 25.2737
11.5922 81 25.4737
11.5922 82 25.6737
11.5922 83 25.8737
11.5729 84 26.0583
11.5922 84 26.0737
11.5729 85 26.2583
11.5472 86 26.4378
13.9878 139 38.9902
11.9358 130 35.5486
13.58 88 28.464
12.6069 118 33.6856
12.4592 174 44.7674
13.124 115 33.4992
13.2364 150 40.5891
15.1728 109 33.9382
12.0096 165 42.6077
12.3789 152 40.3031
12.7771 137 37.6217
12.7033 100 30.1626
11.438 164 41.9504
12.4689 127 35.3751
12.729 107 31.5832
12.5267 153 40.6213
11.8715 126 34.6972
12.0225 147 39.018
12.4014 117 33.3211
12.0096 116 32.8077
12.2987 113 32.4389
11.483 176 44.3864
11.6114 126 34.4891
12.9698 131 36.5759
12.4978 123 34.5982
13.3327 117 34.0662
13.2331 109 32.3865
12.7001 128 35.7601
12.9666 123 34.9733
11.9807 114 32.3846
