14.1227 50 39.2368
13.702 51 39.8106
14.1227 51 39.9368
14.1227 52 40.6368
12.6166 53 40.885
12.7001 53 40.91
14.1227 53 41.3368
12.6166 54 41.585
12.6166 55 42.285
12.6166 56 42.985
12.6166 57 43.685
11.6403 58 44.0921
12.6166 58 44.385
11.5247 59 44.7574
11.5311 59 44.7593
11.6403 59 44.7921
12.517 59 45.0551
12.6166 59 45.085
11.5247 60 45.4574
11.5311 60 45.4593
11.5247 61 46.1574
11.5247 62 46.8574
11.5247 63 47.5574
11.5151 64 48.2545
11.5215 64 48.2565
11.5247 64 48.2574
11.4926 65 48.9478
11.5151 65 48.9545
11.5215 65 48.9565
11.4637 66 49.6391
11.4701 66 49.641
11.4926 66 49.6478
11.5151 66 49.6545
11.4252 67 50.3276
11.4637 67 50.3391
11.4701 67 50.341
11.4252 68 51.0275
11.4637 68 51.0391
11.4252 69 51.7276
11.4252 70 52.4276
11.422 71 53.1266
11.4252 71 53.1276
11.4155 72 53.8247
11.422 72 53.8266
11.3706 73 54.5112
11.3931 73 54.5179
11.3706 74 55.2112
11.4155 74 55.2247
11.3642 75 55.9092
11.3706 75 55.9112
11.3642 76 56.6092
11.361 77 57.3083
11.3642 77 57.3092
11.332 78 57.9996
11.361 78 58.0083
11.332 79 58.6996
11.361 79 58.7083
11.332 80 59.3996
11.332 81 60.0996
11.332 82 60.7996
11.332 83 61.4996
11.3224 84 62.1967
11.332 84 62.1996
11.3224 85 62.8967
11.332 85 62.8996
11.3224 86 63.5967
11.3224 87 64.2967
11.3224 88 64.9967
11.3224 89 65.6967
11.3224 90 66.3967
12.395 121 88.4185
12.6455 125 91.2936
13.5222 116 85.2566
13.1593 136 99.1478
12.9666 109 80.19
12.8189 114 83.6457
13.6988 92 68.5096
11.878 141 102.263
12.9216 132 96.2765
13.2877 118 86.5863
13.3231 94 69.7969
12.8092 125 91.3428
13.2299 136 99.169
12.8349 141 102.55
12.0835 110 80.625
12.2216 150 108.666
13.2107 138 100.563
13.3038 121 88.6911
13.1818 117 85.8545
13.2107 124 90.7632
13.2492 116 85.1748
13.1368 143 104.041
12.6037 116 84.9811
12.9345 165 119.38
12.9345 138 100.48
12.289 119 86.9867
12.6005 136 98.9801
12.334 138 100.3
12.289 133 96.7867
11.2036 141 102.061
