14.553 56 43.5659
14.9801 56 43.694
14.553 57 44.2659
14.553 58 44.9659
14.2897 59 45.5869
14.5273 59 45.6582
14.553 59 45.6659
14.2897 60 46.2869
14.2897 61 46.9869
12.7001 62 47.21
13.8048 62 47.5414
14.264 62 47.6792
14.2897 62 47.6869
12.8349 63 47.9505
13.8048 63 48.2414
12.8349 64 48.6505
12.8092 65 49.3428
12.8349 65 49.3505
12.1381 66 49.8414
12.4207 66 49.9262
12.8092 66 50.0428
12.1381 67 50.5414
12.1381 68 51.2414
12.1124 69 51.9337
12.1381 69 51.9414
11.5247 70 52.4574
11.6082 70 52.4825
11.8362 70 52.5509
11.9069 70 52.5721
12.1124 70 52.6337
12.1381 70 52.6414
11.5247 71 53.1574
11.5247 72 53.8574
11.5247 73 54.5574
11.5247 74 55.2574
11.5247 75 55.9574
11.4252 76 56.6276
11.5247 76 56.6574
11.4252 77 57.3276
11.5247 77 57.3574
11.4252 78 58.0275
11.4252 79 58.7276
11.4252 80 59.4276
11.4252 81 60.1276
11.4252 82 60.8276
11.3642 83 61.5092
11.3931 83 61.5179
11.4155 83 61.5247
11.4252 83 61.5275
11.3642 84 62.2092
11.3931 84 62.2179
11.3642 85 62.9092
11.3642 86 63.6092
11.3642 87 64.3092
11.3642 88 65.0092
11.3545 89 65.7064
11.3642 89 65.7093
11.332 90 66.3996
11.3545 90 66.4064
11.3642 90 66.4092
11.332 91 67.0996
11.332 92 67.7996
11.332 93 68.4996
11.332 94 69.1996
11.3224 95 69.8967
11.332 95 69.8996
11.1008 148 106.93
11.0687 150 108.321
12.8767 114 83.663
12.4721 138 100.342
12.9698 130 94.8909
12.273 115 84.1819
13.5222 101 74.7566
12.7418 134 97.6225
12.5748 132 96.1724
12.4014 120 87.7204
13.6249 133 97.1875
11.8041 187 134.441
13.1561 112 82.3468
13.1496 169 122.245
12.9538 134 97.6861
13.6057 115 84.5817
12.5074 125 91.2522
13.7887 123 90.2366
13.6699 107 79.001
12.8221 131 95.5466
12.5459 131 95.4638
12.5267 128 93.358
12.9987 133 96.9996
12.4014 121 88.4204
13.352 124 90.8056
12.1092 106 77.8328
12.1959 120 87.6588
12.7643 136 99.0293
11.7881 154 111.336
13.4772 120 88.0432
11.6468 144 104.294
13.1368 123 90.041
