14.9801 57 44.394
14.9801 58 45.094
14.553 60 46.3659
14.553 61 47.0659
14.553 62 47.7659
14.553 63 48.4659
14.5273 64 49.1582
14.553 64 49.1659
13.8048 65 49.6414
14.553 65 49.8659
12.8349 66 50.0505
13.8048 66 50.3414
14.4984 66 50.5495
12.8349 67 50.7505
12.4207 69 52.0262
12.1381 70 52.6414
12.4207 70 52.7262
11.8362 71 53.2509
12.1381 71 53.3414
12.4207 71 53.4262
11.8362 72 53.9509
12.1381 72 54.0414
11.8362 73 54.6509
11.6724 74 55.3017
11.8362 74 55.3509
11.6724 75 56.0017
11.8105 75 56.0432
11.8362 75 56.0509
11.6468 76 56.694
11.6724 76 56.7017
11.6468 77 57.394
11.6724 77 57.4017
11.6468 78 58.094
11.6179 79 58.7854
11.6468 79 58.794
11.6179 80 59.4854
11.6468 80 59.494
11.5922 81 60.1777
11.6179 81 60.1854
11.5922 82 60.8776
11.6179 82 60.8854
11.5922 83 61.5776
11.5922 84 62.2776
11.4252 85 62.9276
11.5922 85 62.9776
11.3931 86 63.6179
11.5922 86 63.6777
11.3931 87 64.3179
11.3834 90 66.415
11.3834 91 67.115
11.3834 92 67.815
11.332 95 69.8996
11.3834 95 69.915
11.3834 96 70.615
11.3224 98 71.9967
11.3224 99 72.6967
11.3224 103 75.4967
13.2074 142 103.362
13.8818 140 102.165
12.639 127 92.6917
12.9152 129 94.1746
11.6917 112 81.9075
12.273 156 112.882
11.8908 167 120.467
13.8561 124 90.9568
12.8638 154 111.659
12.228 126 91.8684
13.1015 131 95.6304
13.0148 124 90.7044
13.7116 135 98.6135
12.4271 113 82.8281
12.9762 147 106.793
13.7502 135 98.625
12.0289 143 103.709
13.8497 124 90.9549
14.2832 122 89.685
11.8619 142 102.959
13.7566 141 102.827
12.6487 91 67.4946
13.0694 133 97.0208
12.6904 140 101.807
13.7405 124 90.9221
13.1689 153 111.051
15.0925 93 69.6277
12.8382 114 83.6514
13.535 106 78.2605
13.7791 107 79.0337
