13.262 64 38.631
12.729 65 38.8645
13.262 65 39.131
12.3019 66 39.1509
12.729 66 39.3645
13.262 66 39.631
12.2762 67 39.6381
12.3019 67 39.6509
12.729 67 39.8645
12.3019 68 40.1509
12.2762 69 40.6381
12.3019 69 40.6509
12.1188 70 41.0594
12.2762 70 41.1381
12.1188 71 41.5594
12.1188 72 42.0594
11.8362 73 42.4181
12.0931 73 42.5466
12.0996 73 42.5498
12.1188 73 42.5594
11.6724 74 42.8362
11.8362 74 42.9181
11.6724 75 43.3362
11.6724 76 43.8362
11.6468 77 44.3234
11.6724 77 44.3362
11.6179 78 44.8089
11.6468 78 44.8234
11.6724 78 44.8362
11.6179 79 45.3089
11.6468 79 45.3234
11.6179 80 45.8089
11.6179 81 46.3089
11.5922 82 46.7961
11.6179 82 46.8089
11.5922 83 47.2961
11.6179 83 47.3089
11.5922 84 47.7961
11.5922 85 48.2961
11.5922 86 48.7961
11.5793 87 49.2897
11.5922 87 49.2961
11.5536 88 49.7768
11.5793 88 49.7897
11.5536 89 50.2768
11.5536 90 50.7768
11.5536 91 51.2768
11.5536 92 51.7768
11.5472 93 52.2736
11.5536 93 52.2768
11.5472 94 52.7736
11.5472 95 53.2736
11.5055 96 53.7527
11.5376 96 53.7688
11.5472 96 53.7736
11.5055 97 54.2527
11.5376 97 54.2688
11.5055 98 54.7527
11.499 99 55.2495
11.5055 99 55.2527
11.4733 100 55.7367
11.499 100 55.7495
11.5055 100 55.7527
11.4733 101 56.2367
11.4798 101 56.2399
11.499 101 56.2495
11.4733 102 56.7367
11.4701 104 57.7351
11.4701 105 58.2351
11.438 106 58.719
13.2717 160 86.6358
13.4547 128 70.7274
12.6776 112 62.3388
13.6538 123 68.3269
12.8992 126 69.4496
12.1734 146 79.0867
12.4175 142 77.2087
13.6667 125 69.3333
13.6506 158 85.8253
13.5896 135 74.2948
12.623 107 59.8115
12.5202 124 68.2601
12.578 123 67.789
13.0116 89 51.0058
13.5222 109 61.2611
12.6294 107 59.8147
13.1785 106 59.5893
13.246 107 60.123
12.35 122 67.175
11.5601 128 69.78
12.0642 132 72.0321
12.9249 141 76.9624
13.0951 143 78.0475
13.5864 104 58.7932
12.3372 127 69.6686
14.3699 110 62.185
12.9987 113 62.9994
14.0584 111 62.5292
11.7688 137 74.3844
12.578 131 71.789
