13.262 64 38.631
12.3019 65 38.6509
12.729 65 38.8645
13.262 65 39.131
12.3019 66 39.1509
12.729 66 39.3645
12.2762 67 39.6381
12.3019 67 39.6509
12.2762 68 40.1381
12.3019 68 40.1509
12.1188 69 40.5594
12.2762 69 40.6381
12.1188 70 41.0594
12.1188 71 41.5594
12.0771 72 42.0385
12.1188 72 42.0594
11.6724 73 42.3362
11.8362 73 42.4181
12.0771 73 42.5385
12.0931 73 42.5466
12.0996 73 42.5498
12.1188 73 42.5594
11.6724 74 42.8362
11.8362 74 42.9181
12.0642 74 43.0321
11.6724 75 43.3362
11.6468 76 43.8234
11.6724 76 43.8362
11.6468 77 44.3234
11.6724 77 44.3362
11.6179 78 44.8089
11.6468 78 44.8234
11.6179 79 45.3089
11.6468 79 45.3234
11.6179 80 45.8089
11.6179 81 46.3089
11.5922 82 46.7961
11.6179 82 46.8089
11.5922 83 47.2961
11.6179 83 47.3089
11.5922 84 47.7961
11.5793 85 48.2897
11.5922 85 48.2961
11.5793 86 48.7897
11.5922 86 48.7961
11.5536 87 49.2768
11.5793 87 49.2897
11.5536 88 49.7768
11.5793 88 49.7897
11.5536 89 50.2768
11.5536 90 50.7768
11.5536 91 51.2768
11.5472 92 51.7736
11.5536 92 51.7768
11.5472 93 52.2736
11.5055 94 52.7527
11.5472 94 52.7736
11.5055 95 53.2527
11.5472 95 53.2736
11.5055 96 53.7527
11.5055 97 54.2527
11.4733 98 54.7367
11.499 98 54.7495
11.5055 98 54.7527
11.4733 99 55.2367
11.4733 100 55.7367
11.4733 101 56.2367
11.4733 102 56.7367
11.438 103 57.219
11.4477 103 57.2238
11.4862 150 80.7431
13.7566 106 59.8783
13.8915 118 65.9457
13.49 139 76.245
14.3635 113 63.6818
13.8497 105 59.4249
13.2749 115 64.1374
13.58 116 64.79
12.2826 134 73.1413
12.9473 124 68.4737
12.5877 96 54.2938
12.1959 166 89.0979
12.2055 92 52.1028
13.4033 118 65.7017
13.3487 138 75.6744
13.3006 138 75.6503
13.2171 148 80.6085
12.0353 148 80.0177
13.3006 140 76.6503
13.6474 128 70.8237
12.9313 139 75.9656
13.5543 154 83.7771
12.4689 107 59.7344
13.8304 148 80.9152
13.2813 94 53.6407
12.8446 128 70.4223
13.4483 99 56.2241
12.8221 121 66.911
12.2441 161 86.622
12.2665 120 66.1333
