13.262 61 37.131
12.3019 62 37.1509
12.3019 63 37.6509
12.2762 64 38.1381
12.3019 64 38.1509
12.2762 65 38.6381
12.3019 65 38.6509
12.2762 66 39.1381
12.1188 67 39.5594
12.2762 67 39.6381
12.1188 68 40.0594
12.1188 69 40.5594
11.8362 70 40.9181
12.0931 70 41.0466
12.1188 70 41.0594
11.8362 71 41.4181
11.9486 71 41.4743
12.0771 71 41.5385
12.0931 71 41.5466
12.1188 71 41.5594
11.6724 72 41.8362
11.8362 72 41.9181
11.6724 73 42.3362
11.6724 74 42.8362
11.6468 75 43.3234
11.6724 75 43.3362
11.6468 76 43.8234
11.6724 76 43.8362
11.6179 77 44.3089
11.6468 77 44.3234
11.6179 78 44.8089
11.6468 78 44.8234
11.6179 79 45.3089
11.5922 80 45.7961
11.6179 80 45.8089
11.5922 81 46.2961
11.5922 82 46.7961
11.5793 83 47.2897
11.5922 83 47.2961
11.5793 84 47.7897
11.5922 84 47.7961
11.5793 85 48.2897
11.5536 86 48.7768
11.5793 86 48.7897
11.5536 87 49.2768
11.5793 87 49.2897
11.5472 88 49.7736
11.5536 88 49.7768
11.5472 89 50.2736
11.5536 89 50.2768
11.5472 90 50.7736
11.5472 91 51.2736
11.5472 92 51.7736
11.5055 93 52.2527
11.5344 93 52.2672
11.5376 93 52.2688
11.5472 93 52.2736
11.5055 94 52.7527
11.5055 95 53.2527
11.4733 96 53.7367
11.5055 96 53.7527
11.4733 97 54.2367
11.4733 98 54.7367
11.4733 99 55.2367
11.438 101 56.219
11.4477 101 56.2238
11.4701 101 56.2351
11.4059 106 58.703
11.4059 107 59.203
13.3231 148 80.6615
11.8908 137 74.4454
11.7367 149 80.3683
12.0096 126 69.0048
12.851 139 75.9255
12.8735 114 63.4367
12.1766 119 65.5883
13.3006 106 59.6503
13.2267 123 68.1134
13.1753 159 86.0877
13.368 105 59.184
12.7097 127 69.8549
13.2877 113 63.1439
11.7592 162 86.8796
13.034 131 72.017
13.5735 116 64.7868
13.8112 93 53.4056
12 143 77.5
12.4175 114 63.2087
13.9525 103 58.4762
12.3757 140 76.1879
13.6153 110 61.8076
12.6358 126 69.3179
13.9428 113 63.4714
13.5254 116 64.7627
13.6089 100 56.8044
13.7341 109 61.3671
13.0694 155 84.0347
13.201 128 70.6005
13.2428 123 68.1214
