15.4875 44 38.2975
15.4875 45 39.0975
15.4875 46 39.8975
15.0026 47 40.6005
13.702 49 41.9404
13.702 50 42.7404
14.1227 50 42.8245
12.7001 51 43.34
13.702 51 43.5404
12.6166 52 44.1233
12.7001 52 44.14
13.702 52 44.3404
12.6166 53 44.9233
12.7001 53 44.94
12.6166 54 45.7233
12.6166 55 46.5233
11.5311 56 47.1062
11.6403 56 47.1281
12.6166 56 47.3233
11.5311 57 47.9062
11.6403 57 47.9281
11.5247 58 48.7049
11.5311 58 48.7062
11.5247 59 49.5049
11.5247 60 50.3049
11.5215 61 51.1043
11.5247 61 51.1049
11.5215 62 51.9043
11.5151 63 52.703
11.5215 63 52.7043
11.5151 64 53.503
11.5215 64 53.5043
11.4252 65 54.285
11.4316 65 54.2863
11.4701 65 54.294
11.4926 65 54.2985
11.5151 65 54.303
11.4252 66 55.085
11.4252 67 55.885
11.4252 68 56.685
11.4252 69 57.485
11.422 70 58.2844
11.4252 70 58.285
11.4155 71 59.0831
11.422 71 59.0844
11.3706 72 59.8741
11.3931 72 59.8786
11.4155 72 59.8831
11.3642 73 60.6728
11.3706 73 60.6741
11.3642 74 61.4728
11.3706 74 61.4741
11.3642 75 62.2728
11.3642 76 63.0728
11.361 77 63.8722
11.3642 77 63.8728
11.332 78 64.6664
11.361 78 64.6722
11.332 79 65.4664
11.332 80 66.2664
11.332 81 67.0664
11.332 82 67.8664
11.3224 83 68.6645
11.332 83 68.6664
11.3224 84 69.4645
11.3224 85 70.2645
11.3224 86 71.0645
11.3224 87 71.8645
11.3224 88 72.6645
11.3224 90 74.2645
13.3102 132 108.262
13.7502 112 92.35
11.894 117 95.9788
12.4785 103 84.8957
11.8683 145 118.374
13.3584 114 93.8717
12.5716 154 125.714
12.9505 136 111.39
13.5543 125 102.711
12.8992 135 110.58
12.395 133 108.879
13.7694 142 116.354
11.5568 124 101.511
13.2396 148 121.048
12.4175 169 137.683
12.1156 139 113.623
13.8015 96 79.5603
12.3886 119 97.6777
13.2588 83 69.0518
13.4483 135 110.69
13.1111 154 125.822
12.9666 126 103.393
12.2505 93 76.8501
13.4515 113 93.0903
14.0392 110 90.8078
13.1047 140 114.621
12.851 136 111.37
12.4046 105 86.4809
12.3565 118 96.8713
12.8735 120 98.5747
