14.9801 54 38.392
14.553 55 38.8212
14.9801 55 38.992
14.553 56 39.4212
14.553 57 40.0212
13.8048 58 40.3219
14.2897 58 40.5159
14.5273 58 40.6109
14.553 58 40.6212
13.8048 59 40.9219
14.2897 59 41.1159
14.5273 59 41.2109
13.3776 60 41.3511
13.8048 60 41.5219
12.8349 61 41.734
13.262 61 41.9048
13.3776 61 41.9511
12.8349 62 42.334
13.262 62 42.5048
13.3776 62 42.5511
12.8349 63 42.934
12.8092 64 43.5237
12.8349 64 43.534
12.1381 65 43.8552
12.8092 65 44.1237
12.1381 66 44.4552
12.8092 66 44.7237
11.8362 67 44.9345
12.1381 67 45.0552
11.8362 68 45.5345
11.6724 69 46.069
11.8362 69 46.1345
11.6724 70 46.669
11.8362 70 46.7345
11.6724 71 47.269
11.6468 72 47.8587
11.6724 72 47.869
11.6468 73 48.4587
11.6179 74 49.0471
11.6468 74 49.0587
11.6179 75 49.6471
11.6179 76 50.2471
11.5922 77 50.8369
11.6179 77 50.8471
11.5922 78 51.4369
11.5922 79 52.0369
11.5922 80 52.6369
11.5922 81 53.2369
11.5922 82 53.8369
11.5729 83 54.4292
11.5922 83 54.4369
11.5729 84 55.0292
11.5922 84 55.0369
11.5729 85 55.6292
11.5729 86 56.2292
11.5215 87 56.8086
11.5472 87 56.8189
11.5729 87 56.8292
11.5151 88 57.406
11.5215 88 57.4086
11.5472 88 57.4189
11.5151 89 58.006
11.5215 89 58.0086
11.5151 90 58.606
11.5151 91 59.206
11.5151 92 59.806
11.5151 93 60.406
11.5151 96 62.206
11.5022 97 62.8009
11.4155 123 78.3662
12.6005 100 65.0402
11.3256 155 97.5303
13.3006 144 91.7202
13.2203 138 88.0881
13.3038 125 80.3215
13.2235 144 91.6894
12.061 135 85.8244
13.6346 103 67.2538
12.0482 109 70.2193
13.6249 103 67.25
12.289 134 85.3156
12.8414 134 85.5365
13.6153 133 85.2461
12.6808 112 72.2723
12.2505 147 93.1002
13.201 111 71.8804
12.7514 122 78.3006
11.7881 163 102.515
12.6326 96 62.6531
12.1863 147 93.0745
12.8671 137 87.3468
13.4836 129 82.7934
13.4098 126 80.9639
11.7945 149 94.1178
14.0103 142 90.8041
12.2794 109 70.3118
13.6602 111 72.0641
12.8478 88 57.9391
13.4387 127 81.5755
13.6538 119 76.8615
