12.729 64 38.3645
13.262 64 38.631
12.3019 65 38.6509
12.729 65 38.8645
13.262 65 39.131
12.2762 66 39.1381
12.3019 66 39.1509
12.8349 66 39.4175
12.1188 67 39.5594
12.2762 67 39.6381
12.3019 67 39.6509
12.1188 68 40.0594
12.2762 68 40.1381
12.1188 69 40.5594
12.1188 70 41.0594
12.0771 71 41.5385
12.1188 71 41.5594
11.8362 72 41.9181
12.0771 72 42.0385
12.1188 72 42.0594
11.6724 73 42.3362
11.8362 73 42.4181
12.0771 73 42.5385
11.6724 74 42.8362
11.6468 75 43.3234
11.6724 75 43.3362
11.6468 76 43.8234
11.6724 76 43.8362
11.6179 77 44.3089
11.6468 77 44.3234
11.6179 78 44.8089
11.6468 78 44.8234
11.6179 79 45.3089
11.6468 79 45.3234
11.5922 80 45.7961
11.6179 80 45.8089
11.5922 81 46.2961
11.6179 81 46.3089
11.5922 82 46.7961
11.5922 83 47.2961
11.5793 84 47.7897
11.5922 84 47.7961
11.5793 85 48.2897
11.5922 85 48.2961
11.5793 86 48.7897
11.5536 87 49.2768
11.5793 87 49.2897
11.5536 88 49.7768
11.5729 88 49.7864
11.5793 88 49.7897
11.5536 89 50.2768
11.5536 90 50.7768
11.5472 91 51.2736
11.5536 91 51.2768
11.5472 92 51.7736
11.5376 93 52.2688
11.5472 93 52.2736
11.5055 94 52.7527
11.5376 94 52.7688
11.5472 94 52.7736
11.5055 95 53.2527
11.5247 95 53.2624
11.5376 95 53.2688
11.5055 96 53.7527
11.5055 97 54.2527
11.4733 98 54.7367
11.499 98 54.7495
11.5055 98 54.7527
11.4733 99 55.2367
11.499 99 55.2495
13.307 104 58.6535
12.8927 127 69.9464
12.5973 127 69.7987
12.8478 138 75.4239
13.2717 101 57.1358
13.124 122 67.562
12.1413 161 86.5706
12.5588 146 79.2794
12.5202 128 70.2601
13.368 96 54.684
13.3295 121 67.1647
13.124 132 72.562
11.9679 126 68.9839
12.4239 159 85.7119
12.8895 114 63.4448
11.9872 119 65.4936
13.0854 117 65.0427
12.1927 143 77.5963
12.3854 140 76.1927
13.1561 122 67.578
12.6455 114 63.3227
14.3186 122 68.1593
13.0276 142 77.5138
13.2331 101 57.1166
13.352 155 84.176
14.5145 113 63.7572
12.1477 130 71.0739
13.2074 106 59.6037
13.4098 114 63.7049
12.8028 123 67.9014
