14.9801 57 31.7881
14.9801 58 32.1881
12.729 62 32.4374
14.553 60 32.7318
14.553 61 33.1318
12.729 64 33.2374
12.3019 65 33.3811
14.5273 62 33.5164
12.5459 65 33.5276
14.553 62 33.5318
12.729 65 33.6374
12.3019 66 33.7811
14.3828 63 33.8297
14.5273 63 33.9164
12.5459 66 33.9276
14.553 63 33.9318
12.3019 67 34.1811
14.3828 64 34.2297
12.1188 68 34.4713
12.3019 68 34.5811
12.1188 69 34.8713
12.1188 70 35.2713
12.1188 71 35.6713
12.0931 72 36.0559
12.1188 72 36.0713
11.9486 73 36.3692
12.0931 73 36.4559
11.9486 74 36.7692
11.8362 75 37.1017
11.9486 75 37.1692
11.6724 76 37.4035
11.8362 76 37.5017
11.6724 77 37.8035
11.8362 77 37.9017
11.6724 78 38.2035
11.6468 79 38.5881
11.6724 79 38.6035
11.6179 80 38.9707
11.6468 80 38.9881
11.6179 81 39.3707
11.6468 81 39.3881
11.5922 82 39.7553
11.6179 82 39.7707
11.5922 83 40.1553
11.6179 83 40.1707
11.5922 84 40.5553
11.5922 85 40.9553
11.5922 86 41.3553
11.5922 87 41.7553
11.5922 88 42.1553
11.5793 89 42.5476
11.5922 89 42.5553
11.5729 90 42.9437
11.5793 90 42.9476
11.5729 91 43.3437
11.5793 91 43.3476
11.5536 92 43.7322
11.5729 92 43.7437
11.5536 93 44.1322
11.5472 94 44.5283
11.5536 94 44.5322
11.5472 95 44.9283
11.5536 95 44.9322
11.5472 96 45.3283
11.5247 97 45.7148
11.5472 97 45.7283
11.5247 98 46.1148
11.5247 99 46.5148
11.5247 100 46.9148
11.5247 101 47.3148
12.4207 116 53.8524
12.4207 145 65.4524
12.79 157 70.474
13.2428 164 73.5457
12.6101 102 48.3661
13.2877 140 63.9726
11.9807 126 57.5884
15.2402 111 53.5441
12.6101 155 69.5661
12.5042 172 76.3025
12.1606 112 52.0963
11.9229 131 59.5538
11.65 137 61.79
12.6872 108 50.8123
12.6455 120 55.5873
12.6551 134 61.1931
13.5157 109 51.7094
13.0822 143 65.0493
13.1946 102 48.7168
12.7354 189 83.2412
13.8401 118 55.504
13.4804 107 50.8882
11.8619 144 64.7171
13.368 116 54.4208
13.6378 104 49.7827
11.8459 94 44.7075
12.7707 164 73.2624
12.4464 112 52.2678
13.3487 145 66.0092
13.2653 101 48.3592
