14.5883 38 30.9765
14.5883 39 31.6765
15.4522 39 31.9356
14.5819 40 32.3746
14.5883 40 32.3765
14.5819 41 33.0746
14.5883 41 33.0765
14.5819 42 33.7746
12.623 43 33.8869
13.7084 43 34.2125
14.5787 43 34.4736
14.5819 43 34.4746
12.623 44 34.5869
12.623 45 35.2869
12.623 46 35.9869
12.6166 47 36.685
12.623 47 36.6869
12.6134 48 37.384
12.6166 48 37.385
12.623 48 37.3869
12.6134 49 38.084
12.6166 49 38.085
12.3083 50 38.6925
12.6134 50 38.784
11.5311 51 39.1593
12.3083 51 39.3925
12.6069 51 39.4821
12.6134 51 39.484
11.5311 52 39.8593
12.3083 52 40.0925
11.5247 53 40.5574
11.5311 53 40.5593
11.5247 54 41.2574
11.5311 54 41.2593
11.5247 55 41.9574
11.5247 56 42.6574
11.5247 57 43.3574
11.5151 58 44.0545
11.5215 58 44.0565
11.5247 58 44.0574
11.5151 59 44.7545
11.5215 59 44.7565
11.4637 60 45.4391
11.4701 60 45.441
11.5151 60 45.4545
11.4252 61 46.1276
11.4637 61 46.1391
11.4701 61 46.141
11.4252 62 46.8276
11.4637 62 46.8391
11.4252 63 47.5275
11.4252 64 48.2276
11.4252 65 48.9276
11.4155 66 49.6247
11.4252 66 49.6276
11.4155 67 50.3247
11.4252 67 50.3276
11.3642 68 51.0092
11.4155 68 51.0247
11.3642 69 51.7092
11.4155 69 51.7247
11.3642 70 52.4092
11.4155 70 52.4247
11.3642 71 53.1092
11.3642 72 53.8092
11.3545 73 54.5064
11.3642 73 54.5092
11.3545 74 55.2064
11.3642 74 55.2092
11.332 75 55.8996
12.6808 163 117.904
12.3565 115 84.2069
12.7771 159 115.133
13.5639 114 83.8692
11.8908 119 86.8672
12.334 118 86.3002
13.885 172 124.566
12.6712 118 86.4013
11.9647 131 95.2894
12.5299 134 97.559
13.763 153 111.229
11.8491 142 102.955
13.8915 139 101.467
11.4316 139 100.729
11.7367 120 87.521
12.4528 140 101.736
13.2781 126 92.1834
11.9037 177 127.471
11.5279 146 105.658
13.1529 108 79.5459
12.2119 89 65.9636
11.4573 142 102.837
13.2717 105 77.4815
10.9563 182 130.687
13.2235 143 104.067
13.3616 135 98.5085
14.2993 104 77.0898
13.4322 139 101.33
13.8048 119 87.4414
13.6635 93 69.199
