12.8767 57 17.289
12.6262 61 17.4636
12.8767 59 17.489
12.6262 62 17.5636
13.6346 53 17.5711
12.8703 60 17.5832
12.8767 60 17.589
11.5665 72 17.6098
11.6789 71 17.611
11.5665 73 17.7098
11.6789 72 17.711
12.4785 65 17.7306
14.1644 50 17.748
11.5665 74 17.8098
11.6789 73 17.811
14.1644 51 17.848
11.5665 75 17.9098
11.4862 76 17.9376
11.5665 76 18.0098
11.4862 77 18.0376
11.5119 77 18.0607
11.4862 78 18.1376
11.5119 78 18.1607
11.4477 79 18.2029
12.2505 72 18.2254
11.4862 79 18.2376
11.4477 80 18.3029
11.4862 80 18.3376
11.4477 81 18.4029
12.5909 71 18.4318
11.4477 82 18.5029
12.5909 72 18.5318
11.3995 83 18.5595
11.4477 83 18.6029
11.3995 84 18.6595
11.4477 84 18.7029
11.3995 85 18.7595
11.3995 86 18.8595
11.3995 87 18.9595
11.3995 88 19.0595
11.3738 89 19.1364
11.3995 89 19.1595
11.3738 90 19.2364
11.3995 90 19.2595
11.3738 91 19.3364
11.3738 92 19.4364
11.3385 93 19.5046
11.3738 93 19.5364
11.3385 94 19.6046
11.3738 94 19.6364
11.3385 95 19.7046
11.3385 96 19.8046
11.3385 100 20.2046
11.3128 101 20.2815
11.3128 102 20.3815
11.3128 103 20.4815
11.3031 106 20.7728
11.3031 107 20.8728
11.3031 108 20.9728
11.3031 109 21.0728
11.3031 112 21.3728
13.0662 123 24.0595
13.657 134 25.6913
12.9249 126 24.2324
13.1207 120 23.8087
12.6872 118 23.2185
13.1529 144 26.2376
13.1464 134 25.2318
11.7431 141 24.6688
13.8754 109 23.3879
12.273 126 23.6457
14.3892 104 23.3503
11.6853 122 22.7168
13.5575 98 22.0017
13.2331 110 22.9098
13.641 101 22.3769
12.2794 151 26.1514
12.9955 121 23.796
12.3436 129 24.0092
11.5793 148 25.2214
13.201 134 25.2809
14.7007 120 25.2306
12.1863 115 22.4676
12.0353 116 22.4318
12.4624 137 24.9162
13.0983 145 26.2884
13.0597 112 22.9538
14.0938 128 25.4844
13.246 124 24.3214
12.851 106 22.1659
12.9505 188 30.4555
