11.7592 32 13.7832
11.7592 33 13.8832
12.9955 22 13.896
11.7592 34 13.9832
12.9955 23 13.996
11.7367 35 14.063
11.7592 35 14.0832
12.6551 27 14.0896
12.9955 24 14.096
11.5633 37 14.1069
11.7367 36 14.163
12.973 25 14.1757
11.7592 36 14.1832
12.6551 28 14.1896
12.9955 25 14.196
11.5633 38 14.2069
11.7367 37 14.263
12.973 26 14.2757
12.6551 29 14.2896
12.9955 26 14.296
11.5633 39 14.3069
11.7367 38 14.363
12.6326 30 14.3694
12.973 27 14.3757
11.5408 40 14.3867
12.6551 30 14.3896
11.5633 40 14.4069
12.6326 31 14.4694
12.973 28 14.4757
11.5408 41 14.4867
12.6551 31 14.4896
12.6326 32 14.5694
11.5408 42 14.5867
12.6326 33 14.6694
11.5408 43 14.6867
11.5408 44 14.7867
11.5311 45 14.878
11.5408 45 14.8867
11.4027 47 14.9624
11.5311 46 14.978
11.5408 46 14.9867
11.4027 48 15.0624
11.5183 47 15.0665
11.5311 47 15.078
11.4027 49 15.1624
11.3802 50 15.2422
11.4027 50 15.2624
11.3802 51 15.3422
11.4027 51 15.3624
11.3802 52 15.4422
11.3802 53 15.5422
11.3802 54 15.6422
11.3802 55 15.7422
11.3802 56 15.8422
11.3577 57 15.922
11.3802 57 15.9422
11.3481 58 16.0133
11.3577 58 16.022
11.3802 58 16.0422
11.3481 59 16.1133
11.3577 59 16.122
11.3256 60 16.1931
11.3481 60 16.2133
11.3256 61 16.2931
11.3256 62 16.3931
11.3256 63 16.4931
11.3256 64 16.5931
11.3256 65 16.6931
11.3256 66 16.7931
11.3256 68 16.9931
12.0482 149 25.7434
11.5344 145 24.8809
12.3597 150 26.1237
12.7129 126 24.0416
12.7547 141 25.5792
12.3725 147 25.8353
13.8144 113 23.7329
13.3552 143 26.3197
13.0437 158 27.5393
12.122 104 21.3098
12.8574 127 24.2717
12.5652 124 23.7087
13.3359 146 26.6023
13.4451 116 23.7006
12.912 100 21.6208
12.395 112 22.3555
13.2107 151 26.9896
13.079 105 22.2711
13.9011 120 24.511
12.4464 121 23.3017
13.7855 125 24.9069
13.6153 104 22.6538
12.8703 94 20.9832
13.2588 96 21.5329
13.2909 127 24.6618
12.8863 135 25.0977
11.6885 129 23.4197
14.1869 144 27.1682
12.2858 124 23.4572
13.1175 127 24.5058
