12.8767 54 16.989
13.6346 48 17.0711
13.6442 48 17.0798
12.8767 55 17.089
11.5665 67 17.1098
11.6789 66 17.111
12.6262 58 17.1636
13.6346 49 17.1711
13.6442 49 17.1798
12.8767 56 17.189
11.5665 68 17.2098
11.6789 67 17.211
11.4862 69 17.2376
13.6024 50 17.2422
12.8382 57 17.2543
12.6198 59 17.2578
12.6262 59 17.2636
13.6346 50 17.2711
12.8767 57 17.289
11.5665 69 17.3098
11.6789 68 17.311
12.4785 61 17.3306
11.4862 70 17.3376
13.6024 51 17.3422
12.8382 58 17.3543
14.1741 46 17.3566
12.6198 60 17.3578
13.6346 51 17.3711
11.5665 70 17.4098
12.5877 61 17.4289
12.4785 62 17.4306
11.4862 71 17.4376
13.6024 52 17.4422
14.1644 47 17.448
14.1741 47 17.4566
12.6198 61 17.4578
12.4721 63 17.5249
12.5877 62 17.5289
12.4785 63 17.5306
11.4862 72 17.5376
13.6024 53 17.5422
14.1644 48 17.548
11.4477 73 17.6029
12.4721 64 17.6249
12.5877 63 17.6289
12.4785 64 17.6306
13.5928 54 17.6335
11.4862 73 17.6376
13.6024 54 17.6422
12.4399 65 17.696
11.4477 74 17.7029
12.4721 65 17.7249
13.5928 55 17.7335
11.4862 74 17.7376
12.4399 66 17.796
11.4477 75 17.8029
12.4721 66 17.8249
12.4399 67 17.896
11.4477 76 17.9029
11.4477 77 18.0029
11.438 78 18.0942
11.4477 78 18.1029
11.438 79 18.1942
11.4477 79 18.2029
11.3995 80 18.2595
11.438 80 18.2942
11.3995 81 18.3595
11.438 81 18.3942
11.3866 82 18.448
11.3995 82 18.4595
12.4656 131 24.3191
13.1882 116 23.4694
12.7193 128 24.2474
12.8028 108 22.3225
11.9358 108 21.5422
12.5459 125 23.7913
12.9409 141 25.7468
12.9891 144 26.0902
13.3359 96 21.6023
13.6121 132 25.4509
12.8157 147 26.2341
12.896 134 25.0064
12.5652 152 26.5087
12.3276 142 25.2948
11.9936 131 23.8942
13.201 109 22.7809
12.2376 128 23.8139
14.1901 115 24.2711
12.7771 148 26.2994
11.8009 168 27.4208
12.6358 140 25.3723
13.1978 113 23.178
12.183 143 25.2647
13.4836 108 22.9353
12.5106 187 29.9595
11.8715 135 24.1844
12.8446 124 23.9601
11.377 192 29.4393
13.7823 137 26.104
13.1657 142 26.0491
