12.729 68 40.3645
12.729 69 40.8645
12.729 70 41.3645
12.3019 71 41.6509
12.5459 71 41.773
12.7033 71 41.8516
12.729 71 41.8645
12.3019 72 42.1509
12.1188 73 42.5594
12.1188 74 43.0594
12.1188 75 43.5594
11.8362 76 43.9181
11.9486 76 43.9743
12.1188 76 44.0594
11.8362 77 44.4181
11.6724 78 44.8362
11.8105 78 44.9053
11.8362 78 44.9181
11.6724 79 45.3362
11.6468 80 45.8234
11.6724 80 45.8362
11.6468 81 46.3234
11.6724 81 46.3362
11.6179 82 46.8089
11.6468 82 46.8234
11.6179 83 47.3089
11.6179 84 47.8089
11.5922 85 48.2961
11.6179 85 48.3089
11.5922 86 48.7961
11.6179 86 48.8089
11.5922 87 49.2961
11.5922 88 49.7961
11.5922 89 50.2961
11.5922 90 50.7961
11.5922 91 51.2961
11.5793 92 51.7897
11.5922 92 51.7961
11.5536 93 52.2768
11.5793 93 52.2897
11.5922 93 52.2961
11.5536 94 52.7768
11.5536 95 53.2768
11.5536 96 53.7768
11.5536 97 54.2768
11.5472 98 54.7736
11.5536 98 54.7768
11.5247 99 55.2624
11.5472 99 55.2736
11.5247 100 55.7624
11.544 100 55.772
11.5472 100 55.7736
11.5247 101 56.2624
11.5247 102 56.7624
11.5055 103 57.2527
11.5247 103 57.2624
11.4733 104 57.7367
11.499 104 57.7495
11.5055 104 57.7527
11.4733 105 58.2367
11.499 105 58.2495
11.5055 105 58.2527
11.4733 106 58.7367
11.4573 107 59.2286
11.4733 107 59.2367
11.4477 108 59.7238
11.4573 108 59.7286
11.4733 108 59.7367
11.4477 109 60.2238
11.4573 109 60.2286
13.5992 111 62.2996
14.6686 132 73.3343
12.9216 117 64.9608
12.1477 109 60.5739
12.2858 134 73.1429
12.3308 140 76.1654
12.8895 135 73.9448
12.3179 114 63.159
11.7399 142 76.8699
11.7881 122 66.894
12.1991 134 73.0995
12.6101 123 67.8051
12.9505 96 54.4753
12.9794 182 97.4897
12.9827 79 45.9913
13.4933 174 93.7466
12.4978 160 86.2489
13.1304 93 53.0652
12.5427 119 65.7714
13.0244 125 69.0122
12.9698 163 87.9849
13.0983 118 65.5491
14.1933 137 75.5967
12.8446 146 79.4223
12.395 127 69.6975
11.7656 176 93.8828
12.456 120 66.228
12.0321 180 96.0161
13.0469 161 87.0234
14.0424 97 55.5212
