14.9801 57 31.7881
12.729 61 32.0374
14.9801 58 32.1881
14.553 59 32.3318
12.729 62 32.4374
14.9801 59 32.5881
14.553 60 32.7318
12.729 63 32.8374
12.3019 64 32.9811
14.553 61 33.1318
12.7033 64 33.222
12.729 64 33.2374
12.3019 65 33.3811
14.5273 62 33.5164
12.7033 65 33.622
12.1188 66 33.6713
12.3019 66 33.7811
12.1188 67 34.0713
12.1188 68 34.4713
12.0931 69 34.8559
12.1188 69 34.8713
12.0931 70 35.2559
12.1188 70 35.2713
12.0642 71 35.6385
12.0931 71 35.6559
12.0642 72 36.0385
12.0931 72 36.0559
11.9486 73 36.3692
12.0642 73 36.4385
11.8362 74 36.7017
11.9486 74 36.7692
11.6724 75 37.0035
11.8362 75 37.1017
11.6724 76 37.4035
11.8362 76 37.5017
11.6724 77 37.8035
11.6468 78 38.1881
11.6724 78 38.2035
11.6468 79 38.5881
11.6179 80 38.9707
11.6468 80 38.9881
11.6179 81 39.3707
11.5922 82 39.7553
11.6179 82 39.7707
11.5922 83 40.1553
11.5922 84 40.5553
11.5922 85 40.9553
11.5922 86 41.3553
11.5922 87 41.7553
11.5793 88 42.1476
11.5922 88 42.1553
11.5729 89 42.5437
11.5793 89 42.5476
11.5922 89 42.5553
11.5729 90 42.9437
11.5793 90 42.9476
11.5536 91 43.3322
11.5729 91 43.3437
11.5536 92 43.7322
11.5472 93 44.1283
11.5536 93 44.1322
11.5472 94 44.5283
11.5472 95 44.9283
11.5472 96 45.3283
11.5247 97 45.7148
11.5472 97 45.7283
11.5247 98 46.1148
11.499 101 47.2994
11.5408 101 47.3245
12.973 114 53.3838
12.6712 111 52.0027
13.5254 146 66.5152
12.684 135 61.6104
13.5767 131 60.5461
13.6538 108 51.3923
12.1092 138 62.4655
12.7097 140 63.6258
13.5575 117 54.9345
13.1368 109 51.4821
14.1419 109 52.0852
12.0578 126 57.6347
13.2203 129 59.5322
12.5395 128 58.7237
14.1002 96 46.8601
13.6474 113 53.3884
11.9872 130 59.1923
12.2473 158 70.5484
13.2267 113 53.136
13.3584 110 52.015
12.745 111 52.047
13.474 152 68.8844
12.2601 128 58.5561
12.8574 146 66.1145
12.6808 115 53.6085
12.4785 166 73.8871
12.0417 124 56.8251
12.9024 119 55.3414
13.2074 122 56.7245
11.9743 126 57.5846
