12.4432 83 68.8886
12.4432 84 69.6886
11.9486 85 70.3897
12.4432 85 70.4886
11.7848 86 71.157
11.9486 86 71.1897
12.4432 86 71.2886
11.7848 87 71.957
11.7848 88 72.757
11.6724 89 73.5345
11.6724 90 74.3345
11.6468 93 76.7294
11.666 98 80.7332
11.6724 129 105.534
11.6179 130 106.324
11.5633 134 109.513
11.6339 134 109.527
11.6403 134 109.528
11.6339 135 110.327
11.5633 138 112.713
11.5922 138 112.718
11.6339 138 112.727
11.5633 139 113.513
11.5922 139 113.518
11.6339 139 113.527
11.5633 140 114.313
11.5922 140 114.318
11.5247 142 115.905
11.5376 142 115.908
11.5376 143 116.708
11.5376 144 117.508
11.5055 146 119.101
11.5376 147 119.908
11.5376 148 120.708
11.5376 149 121.508
11.499 150 122.3
11.5055 150 122.301
11.5376 150 122.308
11.499 151 123.1
11.5055 151 123.101
11.499 152 123.9
11.5055 152 123.901
11.7913 150 122.358
12.5299 111 91.306
12.745 100 82.549
12.4335 125 102.487
12.8446 147 120.169
13.0373 132 108.207
12.5748 165 134.515
11.7688 128 104.754
11.8812 136 111.176
13.4547 120 98.6909
13.5157 139 113.903
12.1606 133 108.832
12.2826 160 130.457
13.0726 114 93.8145
12.8157 101 83.3631
12.9987 145 118.6
12.3115 164 133.662
12.2248 144 117.645
11.605 132 107.921
11.8651 143 116.773
13.1175 143 117.024
13.5254 131 107.505
12.8446 113 92.9689
12.7161 105 86.5432
12.4528 130 106.491
11.5857 135 110.317
13.3359 150 122.667
13.6378 100 82.7276
12.4271 113 92.8854
12.2312 162 132.046
