13.262 58 35.631
12.8349 59 35.9175
13.262 59 36.131
12.8349 60 36.4175
12.3019 61 36.6509
12.8349 61 36.9175
12.3019 62 37.1509
12.8349 62 37.4175
12.3019 63 37.6509
12.1381 64 38.069
12.2762 64 38.1381
12.3019 64 38.1509
12.1381 65 38.569
12.2762 65 38.6381
11.8362 66 38.9181
12.1188 66 39.0594
12.1381 66 39.069
11.8362 67 39.4181
12.1124 67 39.5562
12.1381 67 39.569
11.8362 68 39.9181
12.1124 68 40.0562
11.6724 69 40.3362
11.8105 69 40.4053
11.8362 69 40.4181
11.6724 70 40.8362
11.8105 70 40.9053
11.8362 70 40.9181
11.6724 71 41.3362
11.6468 72 41.8234
11.6724 72 41.8362
11.6468 73 42.3234
11.6179 74 42.8089
11.6468 74 42.8234
11.6179 75 43.3089
11.6468 75 43.3234
11.6179 76 43.8089
11.5922 77 44.2961
11.6179 77 44.3089
11.5922 78 44.7961
11.5922 79 45.2961
11.5922 80 45.7961
11.5729 81 46.2864
11.5922 81 46.2961
11.5729 82 46.7864
11.5922 82 46.7961
11.5729 83 47.2864
11.5472 84 47.7736
11.5729 84 47.7864
11.5472 85 48.2736
11.5729 85 48.2864
11.5472 86 48.7736
11.5472 87 49.2736
11.5472 88 49.7736
11.5472 89 50.2736
11.5376 90 50.7688
11.5472 90 50.7736
11.5055 91 51.2527
11.5376 91 51.2688
11.5472 91 51.2736
11.5055 92 51.7527
11.5055 93 52.2527
11.4733 94 52.7367
11.5055 94 52.7527
11.4733 95 53.2367
11.4733 96 53.7367
11.4477 97 54.2238
11.4733 97 54.2367
11.4477 98 54.7238
11.4733 98 54.7367
11.9326 153 82.4663
13.2556 145 79.1278
13.7373 120 66.8687
13.6635 78 45.8317
12.8253 81 46.9127
12.9313 162 87.4656
12.3597 108 60.1798
11.9004 129 70.4502
13.2331 103 58.1166
12.4624 121 66.7312
14.097 118 66.0485
12.684 152 82.342
12.0385 138 75.0193
12.4303 141 76.7152
13.8401 140 76.92
12.7065 161 86.8532
13.58 110 61.79
12.5941 133 72.797
13.1175 108 60.5588
13.8947 100 56.9473
13.5543 92 52.7771
12.8992 125 68.9496
12.0032 133 72.5016
12.8221 120 66.411
12.5877 125 68.7938
12.106 132 72.053
12.5427 120 66.2714
12.501 133 72.7505
13.1496 127 70.0748
12.5523 130 71.2762
