15.0026 47 37.4008
13.702 50 39.1106
14.1227 50 39.2368
12.7001 51 39.51
13.702 51 39.8106
14.1227 51 39.9368
14.7136 51 40.1141
12.7001 52 40.21
12.6166 53 40.885
12.7001 53 40.91
12.6166 54 41.585
12.6166 55 42.285
12.6166 56 42.985
11.6403 57 43.3921
12.6166 57 43.685
11.6403 58 44.0921
12.6166 58 44.385
11.5247 59 44.7574
11.5311 59 44.7593
11.6403 59 44.7921
11.5247 60 45.4574
11.6403 60 45.4921
11.5247 61 46.1574
11.5215 62 46.8565
11.5247 62 46.8574
11.5151 63 47.5545
11.5215 63 47.5565
11.5247 63 47.5574
11.5151 64 48.2545
11.5215 64 48.2565
11.4316 65 48.9295
11.4701 65 48.941
11.4926 65 48.9478
11.5151 65 48.9545
11.4252 66 49.6276
11.4316 66 49.6295
11.4637 66 49.6391
11.4701 66 49.641
11.4252 67 50.3276
11.4252 68 51.0275
11.4252 69 51.7276
11.4252 70 52.4276
11.422 71 53.1266
11.4252 71 53.1276
11.3931 72 53.8179
11.4155 72 53.8247
11.422 72 53.8266
11.3706 73 54.5112
11.3931 73 54.5179
11.4155 73 54.5247
11.3642 74 55.2092
11.3706 74 55.2112
11.3642 75 55.9092
11.3706 75 55.9112
11.3642 76 56.6092
11.361 77 57.3083
11.3642 77 57.3092
11.332 78 57.9996
11.361 78 58.0083
11.332 79 58.6996
11.332 80 59.3996
11.332 81 60.0996
11.332 82 60.7996
11.3224 83 61.4967
11.332 83 61.4996
11.3224 84 62.1967
11.3224 85 62.8967
11.3224 86 63.5967
11.3224 87 64.2967
11.3224 88 64.9967
12.411 120 87.7233
12.9281 131 95.5784
12.35 150 108.705
12.4753 123 89.8426
13.9974 91 67.8992
12.4143 124 90.5243
12.8767 102 75.263
13.0083 131 95.6025
12.3789 126 91.9137
13.3744 141 102.712
13.4258 112 82.4277
12.2344 134 97.4703
13.1529 111 81.6459
13.1143 124 90.7343
12.3211 138 100.296
13.6859 132 96.5058
13.1529 121 88.6459
12.1541 109 79.9462
12.7482 139 101.124
13.352 127 92.9056
12.7996 144 104.64
12.5523 140 101.766
14.3924 101 75.0177
13.034 121 88.6102
13.124 128 93.5372
13.429 128 93.6287
12.5684 170 122.771
12.5138 119 87.0541
12.9634 130 94.889
14.8324 110 81.4497
