14.553 56 51.8553
14.9801 56 51.898
14.553 57 52.7553
14.553 58 53.6553
14.2897 59 54.529
14.5273 59 54.5527
14.553 59 54.5553
14.2897 60 55.429
14.2897 61 56.329
12.7001 62 57.07
13.8048 62 57.1805
14.264 62 57.2264
14.2897 62 57.229
12.8349 63 57.9835
13.8048 63 58.0805
12.8349 64 58.8835
12.8092 65 59.7809
12.8349 65 59.7835
12.1381 66 60.6138
12.4207 66 60.6421
12.8092 66 60.6809
12.1381 67 61.5138
12.1381 68 62.4138
12.1124 69 63.3112
12.1381 69 63.3138
11.5247 70 64.1525
11.6082 70 64.1608
11.8362 70 64.1836
11.9069 70 64.1907
12.1124 70 64.2112
12.1381 70 64.2138
11.5247 71 65.0525
11.5247 72 65.9525
11.5247 73 66.8525
11.5247 74 67.7525
11.5247 75 68.6525
11.4252 76 69.5425
11.5247 76 69.5525
11.4252 77 70.4425
11.5247 77 70.4525
11.4252 78 71.3425
11.4252 79 72.2425
11.4252 80 73.1425
11.4252 81 74.0425
11.4252 82 74.9425
11.3642 83 75.8364
11.3931 83 75.8393
11.4155 83 75.8416
11.4252 83 75.8425
11.3642 84 76.7364
11.3931 84 76.7393
11.3642 85 77.6364
11.3642 86 78.5364
11.3642 87 79.4364
11.3642 88 80.3364
11.3545 89 81.2355
11.3642 89 81.2364
11.332 90 82.1332
11.3545 90 82.1355
11.3642 90 82.1364
11.332 91 83.0332
11.332 92 83.9332
11.332 93 84.8332
11.332 94 85.7332
11.3224 95 86.6322
11.332 95 86.6332
11.1008 148 134.31
11.0687 150 136.107
12.8767 114 103.888
12.4721 138 125.447
12.9698 130 118.297
12.273 115 104.727
13.5222 101 92.2522
12.7418 134 121.874
12.5748 132 120.057
12.4014 120 109.24
13.6249 133 121.062
11.8041 187 169.48
13.1561 112 102.116
13.1496 169 153.415
12.9538 134 121.895
13.6057 115 104.861
12.5074 125 113.751
13.7887 123 112.079
13.6699 107 97.667
12.8221 131 119.182
12.5459 131 119.155
12.5267 128 116.453
12.9987 133 121
12.4014 121 110.14
13.352 124 112.935
12.1092 106 96.6109
12.1959 120 109.22
12.7643 136 123.676
11.7881 154 139.779
13.4772 120 109.348
11.6468 144 130.765
13.1368 123 112.014
