13.702 35 15.8318
13.702 36 15.9318
13.702 37 16.0318
13.702 38 16.1318
13.641 39 16.1769
14.2254 34 16.2029
13.702 39 16.2318
13.641 40 16.2769
14.2254 35 16.3029
13.702 40 16.3318
13.641 41 16.3769
13.641 42 16.4769
13.6185 44 16.6566
11.4862 64 16.7376
13.6185 45 16.7566
12.8767 52 16.789
11.5665 64 16.8098
13.368 48 16.8312
11.4862 65 16.8376
13.6185 46 16.8566
12.6262 55 16.8636
12.8767 53 16.889
11.5665 65 16.9098
12.4785 57 16.9306
13.368 49 16.9312
11.4862 66 16.9376
12.8382 54 16.9543
13.6185 47 16.9566
12.6262 56 16.9636
12.8703 54 16.9832
12.8767 54 16.989
12.4785 58 17.0306
13.368 50 17.0312
11.4862 67 17.0376
12.8382 55 17.0543
13.6185 48 17.0566
12.6198 57 17.0578
12.6262 57 17.0636
12.8703 55 17.0832
12.4721 59 17.1249
12.4785 59 17.1306
13.368 51 17.1312
11.4862 68 17.1376
13.6089 49 17.148
12.6198 58 17.1578
12.4721 60 17.2249
12.4785 60 17.2306
11.4862 69 17.2376
12.4399 61 17.296
11.4477 70 17.3029
12.4721 61 17.3249
11.4862 70 17.3376
12.4399 62 17.396
11.4477 71 17.4029
13.3584 54 17.4225
12.4721 62 17.4249
11.4862 71 17.4376
12.4399 63 17.496
11.4477 72 17.5029
11.438 73 17.5942
12.4399 64 17.596
11.4477 73 17.6029
11.4477 74 17.7029
11.438 75 17.7942
11.4477 75 17.8029
11.422 76 17.8798
11.438 76 17.8942
11.4477 76 17.9029
11.3995 77 17.9595
11.422 77 17.9798
13.2588 122 24.1329
14.2704 123 25.1434
12.7482 163 27.7734
13.8882 127 25.1994
13.2203 159 27.7983
12.8092 120 23.5283
12.1509 154 26.3358
13.7437 156 27.9694
13.4258 130 25.0832
13.3134 113 23.2821
13.596 110 23.2364
14.0135 143 26.9121
12.1477 140 24.9329
12.9794 132 24.8815
12.4881 117 22.9393
12.1766 169 27.859
13.0951 121 23.8855
13.4965 114 23.5468
11.589 118 22.2301
13.1818 104 22.2636
12.1381 105 21.4243
14.4984 121 25.1486
14.3218 117 24.5896
12.8542 172 28.7688
12.0674 127 23.5607
12.6005 149 26.2405
13.2909 104 22.3619
11.9968 130 23.7971
13.4098 140 26.0688
13.5607 107 22.9046
