15.4875 45 39.0975
15.0026 47 40.6005
13.702 50 42.7404
14.1227 50 42.8245
12.7001 51 43.34
13.702 51 43.5404
14.1227 51 43.6245
12.6166 52 44.1233
12.7001 52 44.14
13.702 52 44.3404
12.6166 53 44.9233
12.7001 53 44.94
12.6166 54 45.7233
12.6166 55 46.5233
11.6403 56 47.1281
12.6166 56 47.3233
11.5311 57 47.9062
11.6403 57 47.9281
12.6166 57 48.1233
11.5247 58 48.7049
11.6403 58 48.7281
11.5247 59 49.5049
11.5247 60 50.3049
11.5215 61 51.1043
11.5247 61 51.1049
11.5215 62 51.9043
11.5247 62 51.9049
11.5151 63 52.703
11.5215 63 52.7043
11.5151 64 53.503
11.4252 65 54.285
11.4316 65 54.2863
11.4701 65 54.294
11.4926 65 54.2985
11.5151 65 54.303
11.4252 66 55.085
11.4316 66 55.0863
11.4252 67 55.885
11.4252 68 56.685
11.4252 69 57.485
11.422 70 58.2844
11.4252 70 58.285
11.4155 71 59.0831
11.422 71 59.0844
11.4252 71 59.085
11.3706 72 59.8741
11.3931 72 59.8786
11.4155 72 59.8831
11.3706 73 60.6741
11.3931 73 60.6786
11.3642 74 61.4728
11.3706 74 61.4741
11.3642 75 62.2728
11.3706 75 62.2741
11.3642 76 63.0728
11.361 77 63.8722
11.3642 77 63.8728
11.332 78 64.6664
11.361 78 64.6722
11.3642 78 64.6728
11.332 79 65.4664
11.332 80 66.2664
11.332 81 67.0664
11.332 82 67.8664
11.3224 83 68.6645
11.332 83 68.6664
11.3224 84 69.4645
11.3224 85 70.2645
11.3224 86 71.0645
11.3224 87 71.8645
12.2376 141 115.248
12.8414 117 96.1683
13.3487 153 125.07
12.4303 112 92.0861
12.4175 92 76.0835
13.5189 102 84.3038
12.0642 112 92.0128
12.4817 157 128.096
12.0482 143 116.81
13.9332 105 86.7866
12.4817 144 117.696
13.9268 123 101.185
11.8491 131 107.17
12.183 134 109.637
12.4399 112 92.088
12.8542 145 118.571
12.1863 136 111.237
12.729 93 76.9458
12.6198 113 92.924
12.9377 134 109.788
13.5992 130 106.72
12.2858 121 99.2572
11.817 138 112.763
12.3886 123 100.878
13.5061 146 119.501
12.0096 132 108.002
12.7996 122 100.16
13.5254 109 89.9051
12.4592 125 102.492
12.0064 109 89.6013
