13.5222 76 44.7611
12.5652 77 44.7826
12.2505 78 45.1252
12.5652 78 45.2826
11.9486 79 45.4743
12.2505 79 45.6252
12.5652 79 45.7826
11.9486 80 45.9743
12.2505 80 46.1252
11.9486 81 46.4743
11.9486 82 46.9743
11.7848 83 47.3924
11.7848 84 47.8924
11.6724 85 48.3362
11.7848 85 48.3924
11.6724 86 48.8362
11.7592 86 48.8796
11.7848 86 48.8924
11.6724 87 49.3362
11.6724 88 49.8362
11.6468 89 50.3234
11.6724 89 50.3362
11.6179 90 50.8089
11.6468 90 50.8234
11.6724 90 50.8362
11.6468 91 51.3234
11.6179 92 51.8089
11.6468 92 51.8234
11.6179 93 52.3089
11.5922 94 52.7961
11.6179 94 52.8089
11.5922 95 53.2961
11.6179 95 53.3089
11.5922 96 53.7961
11.5922 97 54.2961
11.5922 98 54.7961
11.5922 99 55.2961
11.5922 100 55.7961
11.5922 101 56.2961
11.5729 103 57.2864
11.5857 103 57.2929
11.5857 104 57.7929
11.5857 105 58.2929
11.5857 106 58.7929
11.5857 109 60.2929
11.5633 119 65.2816
11.5633 120 65.7816
11.5633 122 66.7816
11.5633 123 67.2816
11.5633 125 68.2816
11.5633 126 68.7816
11.5633 127 69.2816
11.5633 128 69.7816
11.5633 129 70.2816
11.5408 130 70.7704
11.5633 130 70.7816
11.5247 131 71.2624
11.5633 131 71.2816
11.4412 132 71.7206
11.5247 132 71.7624
11.5311 132 71.7656
11.5633 132 71.7816
11.4123 133 72.2062
11.4412 133 72.2206
11.5247 133 72.2624
11.4027 140 75.7013
11.438 140 75.719
11.4027 141 76.2013
11.438 141 76.219
11.3963 149 80.1981
12.7579 131 71.8789
12.8221 114 63.411
13.2717 108 60.6358
14.6461 102 58.3231
13.4226 103 58.2113
11.499 164 87.7495
12.7611 120 66.3805
13.1914 145 79.0957
13.9782 103 58.4891
13.3391 140 76.6696
13.5189 123 68.2595
12.9377 158 85.4688
13.4033 97 55.2017
12.7001 117 64.85
12.1734 142 77.0867
12.7771 121 66.8886
12.6904 132 72.3452
13.6763 139 76.3382
12.0996 139 75.5498
12.8831 139 75.9416
12.8767 129 70.9383
11.6532 124 67.8266
12.2408 115 63.6204
13.4419 129 71.2209
12.9794 107 59.9897
11.5697 130 70.7848
13.2717 117 65.1358
12.2441 128 70.122
13.3905 107 60.1952
12.8253 110 61.4127
