12.8703 56 21.4962
12.6262 57 21.501
12.8703 57 21.6962
12.6198 59 21.8958
12.8767 58 21.9013
12.6198 60 22.0958
12.8703 59 22.0962
12.8767 59 22.1013
12.6198 61 22.2958
12.8703 60 22.2962
12.6198 62 22.4958
12.4817 63 22.5854
12.5877 63 22.6701
12.6198 63 22.6958
12.4817 64 22.7854
12.6198 64 22.8958
12.5877 66 23.2701
12.4721 67 23.3777
12.5877 67 23.4701
12.5877 68 23.6701
12.4432 69 23.7545
12.4496 69 23.7597
12.4432 70 23.9545
12.4496 70 23.9597
12.4432 71 24.1545
12.4432 72 24.3545
12.1124 74 24.4899
12.4175 73 24.534
12.4432 73 24.5545
11.9486 75 24.5589
12.2505 74 24.6004
11.8362 76 24.669
12.1124 75 24.6899
12.4432 74 24.7545
11.9486 76 24.7589
12.2505 75 24.8004
11.8362 77 24.869
12.1124 76 24.8899
11.6724 78 24.938
11.8105 78 25.0484
11.8362 78 25.069
11.6724 79 25.138
11.8105 79 25.2484
11.6724 80 25.338
11.6724 81 25.538
11.6468 82 25.7174
11.6724 82 25.738
11.6179 83 25.8943
11.6468 83 25.9174
11.6724 83 25.938
11.6179 84 26.0943
11.6468 84 26.1174
11.6179 85 26.2943
11.6179 86 26.4943
11.5922 87 26.6737
11.6179 87 26.6943
11.5922 88 26.8737
11.5922 89 27.0737
11.5922 90 27.2737
11.5922 91 27.4737
11.589 92 27.6712
11.5922 92 27.6737
11.5729 93 27.8583
11.589 93 27.8712
11.5922 93 27.8737
11.5472 94 28.0378
11.5729 94 28.0583
11.589 94 28.0712
11.5472 95 28.2378
11.5729 95 28.2583
13.9846 118 34.7877
13.2074 157 41.966
12.8317 152 40.6654
13.0565 132 36.8452
13.808 135 38.0464
13.8658 130 37.0926
12.9313 124 35.145
13.0148 103 31.0118
12.9859 109 32.1887
12.5267 125 35.0213
13.3166 188 48.2533
13.7502 109 32.8001
11.5472 108 30.8378
11.9326 149 39.3461
11.2775 175 44.022
12.7001 124 34.9601
12.9859 129 36.1887
12.7868 126 35.4294
11.9679 141 37.7743
11.605 129 35.084
12.9505 100 30.3604
13.4226 121 34.9381
12.2376 149 39.5901
12.3918 92 28.3134
14.0006 108 32.8005
14.6397 101 31.9118
11.7656 170 43.4125
12.7771 147 39.6217
12.517 120 34.0136
13.1753 151 40.7403
