13.702 36 15.9318
13.702 37 16.0318
13.702 38 16.1318
13.702 39 16.2318
14.2254 35 16.3029
13.641 41 16.3769
13.641 42 16.4769
13.6185 45 16.7566
13.6313 45 16.7682
12.8767 52 16.789
13.368 48 16.8312
13.6185 46 16.8566
12.6262 55 16.8636
13.6313 46 16.8682
12.8767 53 16.889
11.5665 65 16.9098
13.368 49 16.9312
11.4862 66 16.9376
13.6185 47 16.9566
12.6262 56 16.9636
12.8703 54 16.9832
12.8767 54 16.989
11.5665 66 17.0098
11.6789 65 17.011
11.4862 67 17.0376
12.6262 57 17.0636
12.8703 55 17.0832
12.8767 55 17.089
11.5665 67 17.1098
11.6789 66 17.111
12.4785 59 17.1306
11.4862 68 17.1376
13.6024 49 17.1422
12.6198 58 17.1578
12.6262 58 17.1636
12.5877 59 17.2289
12.4785 60 17.2306
11.4862 69 17.2376
12.6198 59 17.2578
12.4399 61 17.296
12.4721 61 17.3249
12.5877 60 17.3289
12.4785 61 17.3306
11.4862 70 17.3376
12.6198 60 17.3578
12.4399 62 17.396
11.4477 71 17.4029
12.4721 62 17.4249
11.4862 71 17.4376
12.4399 63 17.496
11.4477 72 17.5029
11.4862 72 17.5376
12.4399 64 17.596
11.4477 73 17.6029
12.4399 65 17.696
11.4477 74 17.7029
11.4477 75 17.8029
11.438 76 17.8942
11.4477 76 17.9029
11.3995 77 17.9595
11.422 77 17.9798
11.438 77 17.9942
11.4477 77 18.0029
11.3995 78 18.0595
11.422 78 18.0798
11.438 78 18.0942
11.3995 79 18.1595
11.3995 80 18.2595
11.3995 81 18.3595
11.3995 82 18.4595
12.1541 159 26.8387
13.4419 134 25.4977
12.5427 151 26.3884
13.0854 117 23.4769
13.3359 117 23.7023
12.6262 145 25.8636
12.7996 133 24.8197
12.8221 124 23.9399
14.8195 135 26.8376
12.2312 105 21.5081
12.623 120 23.3607
13.4933 102 22.3439
11.4541 129 23.2087
12.0482 110 21.8434
12.5299 134 24.6769
13.9075 120 24.5168
13.5222 111 23.2699
14.036 120 24.6324
12.0963 144 25.2867
13.185 104 22.2665
13.5671 137 25.9104
11.8426 119 22.5584
13.0405 128 24.5364
13.9396 141 26.6457
13.3744 116 23.637
12.273 142 25.2457
12.0739 141 24.9665
13.9043 94 21.9139
14.3089 112 24.078
13.0951 119 23.6856
