13.6795 45 23.0757
13.6699 46 23.3689
13.6795 46 23.3757
13.6699 47 23.6689
13.6795 47 23.6757
13.6635 48 23.9644
13.6699 48 23.9689
13.6635 49 24.2644
13.6699 49 24.2689
13.6635 50 24.5644
13.6635 51 24.8644
13.6635 52 25.1644
13.5061 53 25.3543
13.6185 53 25.4329
13.6635 53 25.4644
13.0405 55 25.6283
13.5061 54 25.6543
13.0405 56 25.9283
13.5061 55 25.9543
13.0405 57 26.2283
12.7771 58 26.344
13.0405 58 26.5283
12.3019 60 26.6113
12.7771 59 26.644
13.0405 59 26.8283
12.3019 61 26.9113
12.7771 60 26.944
11.955 62 26.9685
12.3019 62 27.2113
12.7514 61 27.226
12.7771 61 27.244
11.955 63 27.2685
12.3019 63 27.5113
11.955 64 27.5685
11.9294 65 27.8505
11.955 65 27.8685
11.8362 66 28.0854
11.9294 66 28.1505
11.955 66 28.1685
11.8362 67 28.3854
11.8362 68 28.6854
11.8105 69 28.9674
11.8362 69 28.9854
11.6724 70 29.1707
11.8105 70 29.2674
11.8362 70 29.2854
11.6724 71 29.4707
11.7816 71 29.5471
11.6724 72 29.7707
11.6468 73 30.0527
11.6724 73 30.0707
11.6468 74 30.3527
11.6179 75 30.6325
11.6468 75 30.6527
11.6179 76 30.9325
11.5922 77 31.2145
11.6179 77 31.2325
11.5922 78 31.5145
11.6179 78 31.5325
11.5922 79 31.8145
11.5922 80 32.1145
11.5922 81 32.4145
11.5729 82 32.701
11.5922 82 32.7145
11.5729 83 33.001
11.5472 84 33.283
11.5729 84 33.301
11.5472 85 33.583
11.5729 85 33.601
11.5472 86 33.883
13.1015 129 47.871
13.2299 120 45.2609
11.5536 153 53.9875
12.3789 141 50.9653
12.973 118 44.4811
13.429 126 47.2003
12.2184 128 46.9529
12.7803 133 48.8462
13.368 128 47.7576
13.1207 115 43.6845
11.7881 131 47.5516
12.3243 167 58.727
12.5973 155 55.3181
11.6243 113 42.037
13.4804 116 44.2363
12.5074 130 47.7552
11.8426 166 58.0899
12.6519 144 52.0563
12.5973 126 46.6181
11.7624 144 51.4337
12.7161 140 50.9013
13.0276 130 48.1193
13.8369 128 48.0858
11.6082 136 48.9258
12.6326 124 46.0428
13.1561 141 51.5093
13.6667 105 41.0667
13.3166 103 40.2216
13.6474 92 37.1532
13.3487 174 61.5441
