12.2505 82 54.1002
12.4432 82 54.1773
12.4432 83 54.7773
11.9486 84 55.1795
12.4432 84 55.3773
11.7848 85 55.7139
11.9486 85 55.7794
12.4432 85 55.9773
11.7848 86 56.3139
11.9486 86 56.3794
11.7848 87 56.9139
11.6724 88 57.469
11.7848 88 57.5139
11.6724 89 58.069
11.6724 90 58.669
11.6468 92 59.8587
11.6468 93 60.4587
11.5922 98 63.4369
11.6403 101 65.2561
11.6179 129 82.0471
11.6179 130 82.6471
11.605 131 83.242
11.5633 132 83.8253
11.5857 132 83.8343
11.605 132 83.842
11.5633 133 84.4253
11.5633 134 85.0253
11.5311 136 86.2125
11.5633 136 86.2253
11.5633 137 86.8253
11.5633 138 87.4253
11.5633 139 88.0253
11.5247 140 88.6099
11.5311 140 88.6125
11.5536 140 88.6215
11.5633 140 88.6253
11.5247 141 89.2099
11.5247 142 89.8099
11.5376 142 89.815
11.499 143 90.3996
11.5055 146 92.2022
11.499 149 93.9996
11.499 150 94.5996
11.5055 150 94.6022
11.499 151 95.1996
11.499 152 95.7996
11.499 157 98.7996
13.3552 122 78.5421
11.8234 149 94.1294
14.3378 132 84.9351
12.167 147 93.0668
13.5832 111 72.0333
15.1053 87 58.2421
13.5992 89 58.8397
14.2222 169 107.089
12.6101 103 66.8441
14.4085 139 89.1634
13.0437 108 70.0175
13.0437 106 68.8175
11.6468 127 80.8587
13.1946 142 90.4778
12.6101 120 77.0441
13.4258 98 64.1703
12.9088 121 77.7635
12.6134 120 77.0453
14.0456 175 110.618
12.0096 106 68.4039
12.5877 108 69.8351
12.4175 130 82.967
13.124 143 91.0496
11.8683 123 78.5473
12.6904 127 81.2762
11.5857 155 97.6343
12.7771 136 86.7109
11.6821 110 70.6728
13.2171 130 83.2868
12.045 158 99.618
