12.8349 55 29.701
12.8349 56 30.101
12.3019 57 30.1811
14.553 54 30.3318
12.8349 57 30.501
12.3019 58 30.5811
14.553 55 30.7318
12.8349 58 30.901
12.3019 59 30.9811
14.553 56 31.1318
12.2762 60 31.3657
12.3019 60 31.3811
12.2762 61 31.7657
12.2473 62 32.1484
12.2762 62 32.1657
12.1188 63 32.4713
12.2473 63 32.5484
12.2762 63 32.5657
12.1188 64 32.8713
12.2473 64 32.9484
12.1188 65 33.2713
11.8362 66 33.5017
12.0931 66 33.6559
12.1188 66 33.6713
11.8362 67 33.9017
12.0931 67 34.0559
12.1188 67 34.0713
11.8362 68 34.3017
12.0642 68 34.4385
12.0931 68 34.4559
11.6724 69 34.6035
11.8105 69 34.6863
11.8362 69 34.7017
11.6724 70 35.0035
11.8105 70 35.0863
11.8362 70 35.1017
11.6724 71 35.4035
11.6468 72 35.7881
11.6724 72 35.8035
11.6468 73 36.1881
11.6179 74 36.5707
11.6468 74 36.5881
11.6179 75 36.9707
11.6468 75 36.9881
11.6179 76 37.3707
11.5922 77 37.7553
11.6179 77 37.7707
11.5922 78 38.1553
11.6179 78 38.1707
11.5922 79 38.5553
11.5922 80 38.9553
11.5729 81 39.3437
11.5922 81 39.3553
11.5729 82 39.7437
11.5922 82 39.7553
11.5729 83 40.1437
11.5472 84 40.5283
11.5729 84 40.5437
11.5472 85 40.9283
11.5472 86 41.3283
11.5472 87 41.7283
11.5472 88 42.1283
11.5472 89 42.5283
11.5472 90 42.9283
11.5408 91 43.3245
11.5472 91 43.3283
11.5408 92 43.7245
11.5472 92 43.7283
11.5408 93 44.1245
11.5408 94 44.5245
13.3102 102 48.7861
13.3359 115 54.0015
13.2813 119 55.5688
12.4849 147 66.2909
12.0963 172 76.0578
11.9583 129 58.775
13.1175 132 60.6705
12.0482 155 69.2289
14.9672 134 62.5803
13.0694 125 57.8416
11.9583 127 57.975
13.1207 138 63.0724
12.2601 115 53.3561
14.964 115 54.9784
11.8426 123 56.3056
12.4046 148 66.6428
12.7547 140 63.6528
13.7084 133 61.425
13.2139 130 59.9283
13.3712 121 56.4227
13.5478 116 54.5287
11.9647 154 68.7788
11.6435 151 67.3861
13.0469 114 53.4281
13.1015 107 50.6609
14.0424 111 52.8254
12.7193 157 70.4316
13.1272 136 62.2763
12.2858 98 46.5715
13.2364 143 65.1418
