12.5267 68 62.4527
2, 3
14, 13, 11, 10
5, 4, 6
11, 12
1, 2, 3, 6, 15, 7
9, 15, 8, 10
12.0064 77 70.5006
13, 10, 11, 12
9, 15
13, 14, 10, 8, 6, 3, 2
1, 2, 4
4, 5
7, 15, 8
11.894 79 72.2894
13, 10, 11, 12
9, 15, 7
13, 14, 10, 8, 6, 3, 2
1, 2, 4
4, 5
7, 15, 8
12.5267 68 62.4527
2, 3
14, 13, 11, 10
5, 4, 6
11, 12
1, 2, 3, 6, 15, 7
9, 15, 8, 10
12.395 70 64.2395
2, 3
14, 13, 11, 10
5, 4, 6, 8
11, 12
1, 2, 3, 6, 15, 7
9, 15, 8, 10
12.0064 77 70.5006
13, 10, 11, 12
9, 15
13, 14, 10, 8, 6, 3, 2
1, 2, 4
4, 5
7, 15, 8
11.894 79 72.2894
13, 10, 11, 12
9, 15, 7
13, 14, 10, 8, 6, 3, 2
1, 2, 4
4, 5
7, 15, 8
12.5267 68 62.4527
2, 3
14, 13, 11, 10
5, 4, 6
11, 12
1, 2, 3, 6, 15, 7
9, 15, 8, 10
12.045 71 65.1045
9, 15
1, 2, 3, 6, 4, 12
6, 8, 10, 11, 13, 14
3, 6
2, 5
6, 15, 7
12.0064 77 70.5006
13, 10, 11, 12
9, 15
13, 14, 10, 8, 6, 3, 2
1, 2, 4
4, 5
7, 15, 8
12.5267 68 62.4527
2, 3
14, 13, 11, 10
5, 4, 6
11, 12
1, 2, 3, 6, 15, 7
9, 15, 8, 10
12.045 71 65.1045
9, 15
1, 2, 3, 6, 4, 12
6, 8, 10, 11, 13, 14
3, 6
2, 5
6, 15, 7
12.0257 74 67.8026
9, 15, 6
1, 2, 3, 6, 4, 12
6, 8, 10, 11, 13, 14
3, 6
2, 5
6, 15, 7
12.0064 77 70.5006
13, 10, 11, 12
9, 15
13, 14, 10, 8, 6, 3, 2
1, 2, 4
4, 5
7, 15, 8
11.894 79 72.2894
13, 10, 11, 12
9, 15, 7
13, 14, 10, 8, 6, 3, 2
1, 2, 4
4, 5
7, 15, 8
12.5267 68 62.4527
2, 3
14, 13, 11, 10
5, 4, 6
11, 12
1, 2, 3, 6, 15, 7
9, 15, 8, 10
12.045 71 65.1045
9, 15
1, 2, 3, 6, 4, 12
6, 8, 10, 11, 13, 14
3, 6
2, 5
6, 15, 7
12.0257 74 67.8026
9, 15, 6
1, 2, 3, 6, 4, 12
6, 8, 10, 11, 13, 14
3, 6
2, 5
6, 15, 7
12.0064 77 70.5006
13, 10, 11, 12
9, 15
13, 14, 10, 8, 6, 3, 2
1, 2, 4
4, 5
7, 15, 8
11.894 79 72.2894
13, 10, 11, 12
9, 15, 7
13, 14, 10, 8, 6, 3, 2
1, 2, 4
4, 5
7, 15, 8
11.8105 80 73.1811
1, 2, 3, 6, 8, 10, 14
8, 15
9, 15
7, 10
13, 10, 11, 12
5, 4, 2
11.4958 82 74.9496
1, 2, 3, 6, 8, 10, 14
8, 15, 7
9, 15
7, 10
13, 10, 11, 12
5, 4, 2
11.4605 87 79.446
1, 2, 3, 6, 8, 10, 14
8, 15, 7
9, 15
7, 10, 11
13, 10, 11, 12
5, 4, 2
12.5267 68 62.4527
2, 3
14, 13, 11, 10
5, 4, 6
11, 12
1, 2, 3, 6, 15, 7
9, 15, 8, 10
12.395 70 64.2395
2, 3
14, 13, 11, 10
5, 4, 6, 8
11, 12
1, 2, 3, 6, 15, 7
9, 15, 8, 10
12.045 71 65.1045
9, 15
1, 2, 3, 6, 4, 12
6, 8, 10, 11, 13, 14
3, 6
2, 5
6, 15, 7
12.0257 74 67.8026
9, 15, 6
1, 2, 3, 6, 4, 12
6, 8, 10, 11, 13, 14
3, 6
2, 5
6, 15, 7
12.0064 77 70.5006
13, 10, 11, 12
9, 15
13, 14, 10, 8, 6, 3, 2
1, 2, 4
4, 5
7, 15, 8
11.894 79 72.2894
13, 10, 11, 12
9, 15, 7
13, 14, 10, 8, 6, 3, 2
1, 2, 4
4, 5
7, 15, 8
11.8105 80 73.1811
1, 2, 3, 6, 8, 10, 14
8, 15
9, 15
7, 10
13, 10, 11, 12
5, 4, 2
11.4958 82 74.9496
1, 2, 3, 6, 8, 10, 14
8, 15, 7
9, 15
7, 10
13, 10, 11, 12
5, 4, 2
11.4605 87 79.446
1, 2, 3, 6, 8, 10, 14
8, 15, 7
9, 15
7, 10, 11
13, 10, 11, 12
5, 4, 2
12.5267 68 62.4527
2, 3
14, 13, 11, 10
5, 4, 6
11, 12
1, 2, 3, 6, 15, 7
9, 15, 8, 10
12.045 71 65.1045
9, 15
1, 2, 3, 6, 4, 12
6, 8, 10, 11, 13, 14
3, 6
2, 5
6, 15, 7
12.0257 74 67.8026
9, 15, 6
1, 2, 3, 6, 4, 12
6, 8, 10, 11, 13, 14
3, 6
2, 5
6, 15, 7
12.0064 77 70.5006
13, 10, 11, 12
9, 15
13, 14, 10, 8, 6, 3, 2
1, 2, 4
4, 5
7, 15, 8
11.8105 80 73.1811
1, 2, 3, 6, 8, 10, 14
8, 15
9, 15
7, 10
13, 10, 11, 12
5, 4, 2
12.5267 68 62.4527
2, 3
14, 13, 11, 10
5, 4, 6
11, 12
1, 2, 3, 6, 15, 7
9, 15, 8, 10
12.045 71 65.1045
9, 15
1, 2, 3, 6, 4, 12
6, 8, 10, 11, 13, 14
3, 6
2, 5
6, 15, 7
12.0064 77 70.5006
13, 10, 11, 12
9, 15
13, 14, 10, 8, 6, 3, 2
1, 2, 4
4, 5
7, 15, 8
11.894 79 72.2894
13, 10, 11, 12
9, 15, 7
13, 14, 10, 8, 6, 3, 2
1, 2, 4
4, 5
7, 15, 8
11.8105 80 73.1811
1, 2, 3, 6, 8, 10, 14
8, 15
9, 15
7, 10
13, 10, 11, 12
5, 4, 2
11.4958 82 74.9496
1, 2, 3, 6, 8, 10, 14
8, 15, 7
9, 15
7, 10
13, 10, 11, 12
5, 4, 2
11.4252 88 80.3425
2, 5, 4, 12
1, 2, 3, 6, 8, 10, 11
1, 2
13, 14, 10, 7, 15, 9
8, 15
6, 3
11.3866 91 83.0387
2, 5, 4, 12
1, 2, 3, 6, 8, 10, 11
1, 2, 4
13, 14, 10, 7, 15, 9
8, 15
6, 3
11.377 102 92.9377
15, 7
5, 4, 12, 11, 13, 14
13, 10, 8, 6, 3, 2, 1
11, 10, 7, 15, 9
14, 10
5, 2
11.3738 110 100.137
15, 7
5, 4, 12, 11, 13, 14
13, 10, 8, 6, 3, 2, 1
11, 10, 7, 15, 9
14, 10, 8
5, 2
13.2653 65 59.8265
9, 15
15, 8
1, 2, 5
13, 11, 10, 7, 15
13, 14
12, 4, 2, 3, 6, 8
12.045 71 65.1045
9, 15
1, 2, 3, 6, 4, 12
6, 8, 10, 11, 13, 14
3, 6
2, 5
6, 15, 7
12.0064 77 70.5006
13, 10, 11, 12
9, 15
13, 14, 10, 8, 6, 3, 2
1, 2, 4
4, 5
7, 15, 8
11.8105 80 73.1811
1, 2, 3, 6, 8, 10, 14
8, 15
9, 15
7, 10
13, 10, 11, 12
5, 4, 2
11.4862 85 77.6486
15, 7
5, 4, 12
13, 10, 8, 6, 3, 2, 1
11, 10, 7, 15, 9
14, 10
5, 2
11.4605 87 79.446
1, 2, 3, 6, 8, 10, 14
8, 15, 7
9, 15
7, 10, 11
13, 10, 11, 12
5, 4, 2
11.4252 88 80.3425
2, 5, 4, 12
1, 2, 3, 6, 8, 10, 11
1, 2
13, 14, 10, 7, 15, 9
8, 15
6, 3
11.3866 91 83.0387
2, 5, 4, 12
1, 2, 3, 6, 8, 10, 11
1, 2, 4
13, 14, 10, 7, 15, 9
8, 15
6, 3
11.377 102 92.9377
15, 7
5, 4, 12, 11, 13, 14
13, 10, 8, 6, 3, 2, 1
11, 10, 7, 15, 9
14, 10
5, 2
13.2653 65 59.8265
9, 15
15, 8
1, 2, 5
13, 11, 10, 7, 15
13, 14
12, 4, 2, 3, 6, 8
12.5267 68 62.4527
2, 3
14, 13, 11, 10
5, 4, 6
11, 12
1, 2, 3, 6, 15, 7
9, 15, 8, 10
12.395 70 64.2395
2, 3
14, 13, 11, 10
5, 4, 6, 8
11, 12
1, 2, 3, 6, 15, 7
9, 15, 8, 10
12.045 71 65.1045
9, 15
1, 2, 3, 6, 4, 12
6, 8, 10, 11, 13, 14
3, 6
2, 5
6, 15, 7
12.0064 77 70.5006
13, 10, 11, 12
9, 15
13, 14, 10, 8, 6, 3, 2
1, 2, 4
4, 5
7, 15, 8
11.894 79 72.2894
13, 10, 11, 12
9, 15, 7
13, 14, 10, 8, 6, 3, 2
1, 2, 4
4, 5
7, 15, 8
11.8105 80 73.1811
1, 2, 3, 6, 8, 10, 14
8, 15
9, 15
7, 10
13, 10, 11, 12
5, 4, 2
11.4862 85 77.6486
15, 7
5, 4, 12
13, 10, 8, 6, 3, 2, 1
11, 10, 7, 15, 9
14, 10
5, 2
11.4252 88 80.3425
2, 5, 4, 12
1, 2, 3, 6, 8, 10, 11
1, 2
13, 14, 10, 7, 15, 9
8, 15
6, 3
11.377 102 92.9377
15, 7
5, 4, 12, 11, 13, 14
13, 10, 8, 6, 3, 2, 1
11, 10, 7, 15, 9
14, 10
5, 2
11.3738 110 100.137
15, 7
5, 4, 12, 11, 13, 14
13, 10, 8, 6, 3, 2, 1
11, 10, 7, 15, 9
14, 10, 8
5, 2
