12.8478 74 49.5391
12.8221 77 51.3288
12.1381 77 51.0552
12.8221 78 51.9288
12.2505 75 49.9002
11.9229 80 52.7692
12.106 85 55.8424
13.2074 75 50.283
11.8362 79 52.1345
11.9486 77 50.9794
11.8362 78 51.5345
11.8362 81 53.3345
11.7592 84 55.1037
11.8234 89 58.1294
11.7848 81 53.3139
11.5922 86 56.2369
11.6724 84 55.069
11.6724 85 55.669
11.7816 82 53.9127
11.5922 88 57.4369
11.6179 87 56.8471
11.5857 96 62.2343
11.6114 96 62.2446
11.5922 92 59.8369
11.5857 99 64.0343
11.5922 95 61.6369
11.5857 101 65.2343
11.5922 98 63.4369
11.5922 92 59.8369
11.5536 95 61.6215
11.5922 95 61.6369
11.5536 100 64.6215
11.5472 106 68.2189
11.5472 107 68.8189
11.5536 99 64.0215
11.5922 95 61.6369
11.5536 101 65.2215
11.5472 102 65.8189
11.8362 101 65.3345
11.483 106 68.1932
11.5922 94 61.0369
11.483 107 68.7932
11.4926 104 66.997
11.5215 104 67.0086
11.4509 109 69.9803
11.4412 111 71.1765
11.3995 123 78.3598
11.3995 124 78.9598
11.4669 119 75.9868
11.4412 119 75.9765
11.589 110 70.6356
11.4412 120 76.5765
11.4412 121 77.1765
11.4412 120 76.5765
12.5074 114 73.403
11.3738 130 82.5495
11.3995 122 77.7598
11.4412 119 75.9765
11.4669 116 74.1868
11.2775 132 83.711
11.9486 76 50.3794
11.4412 118 75.3765
11.5922 93 60.4369
11.483 114 72.9932
11.4733 117 74.7893
11.5922 93 60.4369
11.5536 98 63.4215
11.422 123 78.3688
11.5922 90 58.6369
11.7592 84 55.1037
11.5922 95 61.6369
11.3738 129 81.9495
11.3738 126 80.1495
11.4669 120 76.5868
11.6179 87 56.8471
11.5857 103 66.4343
11.6179 87 56.8471
11.5857 99 64.0343
11.4733 111 71.1893
11.5954 93 60.4382
12.8478 74 49.5391
11.7816 86 56.3127
11.6179 85 55.6471
11.4926 115 73.597
11.5472 105 67.6189
11.7848 79 52.1139
13.8048 72 48.7219
12.1381 79 52.2552
11.5922 88 57.4369
11.6179 84 55.0471
11.4252 122 77.7701
11.5472 101 65.2189
11.8234 87 56.9294
12.106 85 55.8424
11.3995 123 78.3598
11.499 114 72.9996
11.5536 95 61.6215
11.5536 110 70.6215
11.4733 111 71.1893
11.483 106 68.1932
11.4669 116 74.1868
12.1959 81 53.4784
11.5536 97 62.8215
11.5857 102 65.8343
12.5074 114 73.403
11.4412 118 75.3765
11.3995 124 78.9598
11.7816 83 54.5127
11.6724 82 53.869
11.5536 107 68.8215
11.4412 118 75.3765
11.8362 81 53.3345
11.5536 102 65.8214
13.2074 74 49.683
12.8221 77 51.3288
12.1188 76 50.4475
11.9229 81 53.3692
11.4155 121 77.1662
11.7816 86 56.3127
11.5922 96 62.2369
11.8362 82 53.9345
11.3481 130 82.5392
11.4412 120 76.5765
11.6114 91 59.2446
13.8048 71 48.1219
11.5119 114 73.0048
12.2248 78 51.6899
11.6468 83 54.4587
11.7592 86 56.3037
11.5119 106 68.2048
11.3995 123 78.3598
11.3995 122 77.7598
11.5536 99 64.0215
11.5922 95 61.6369
11.5472 99 64.0189
11.6179 89 58.0471
11.9486 78 51.5795
11.8362 79 52.1345
11.5536 96 62.2215
11.7559 92 59.9024
11.5536 99 64.0215
11.7303 88 57.4921
11.5922 95 61.6369
11.7303 87 56.8921
11.5857 96 62.2343
11.8362 95 61.7345
11.7303 86 56.2921
11.5922 95 61.6369
11.7303 88 57.4921
11.5857 101 65.2343
