13.702 52 25.1914
13.7116 49 24.2981
13.7116 50 24.5981
13.6699 55 26.0689
13.702 55 26.0914
13.6699 56 26.3689
13.6795 51 24.8757
13.6635 52 25.1644
13.6795 54 25.7757
13.6635 55 26.0644
12.7771 60 26.944
13.6185 60 27.5329
13.0405 58 26.5283
13.6956 54 25.7869
13.0405 59 26.8283
13.0148 63 28.0103
13.0405 63 28.0283
13.0148 61 27.4103
12.2954 70 29.6068
12.8349 60 26.9845
13.0148 62 27.7103
12.5877 65 28.3114
12.2473 68 28.9731
12.8285 70 29.98
12.2954 72 30.2068
11.955 73 30.2685
12.2473 70 29.5731
11.955 65 27.8685
11.9004 72 29.9303
11.9229 76 31.1461
11.9486 76 31.164
11.8362 70 29.2854
11.9294 70 29.3505
11.6724 71 29.4707
11.7816 75 30.7471
11.6724 70 29.1707
11.6468 75 30.6527
11.6403 81 32.4482
11.6468 76 30.9527
11.6724 71 29.4707
11.6468 76 30.9527
11.6179 77 31.2325
11.5922 81 32.4145
11.6179 78 31.5325
11.6179 79 31.8325
11.5922 80 32.1145
11.6179 80 32.1325
11.5922 81 32.4145
11.5922 82 32.7145
11.5472 92 35.683
11.5665 91 35.3965
11.5922 93 36.0145
11.5665 92 35.6965
11.5729 86 33.901
11.5472 85 33.583
11.5729 87 34.201
11.5472 88 34.483
11.5729 85 33.601
11.5472 88 34.483
13.0405 60 27.1283
11.6179 78 31.5325
11.5922 83 33.0145
12.6134 66 28.6294
13.6185 60 27.5329
11.9294 68 28.7505
13.6956 53 25.4869
11.5922 80 32.1145
12.7803 67 29.0462
13.6635 55 26.0644
13.6635 66 29.3644
13.0148 60 27.1103
11.666 78 31.5662
13.0148 60 27.1103
11.6179 75 30.6325
11.6179 77 31.2325
11.9294 69 29.0505
13.6185 61 27.8329
13.0148 61 27.4103
11.8362 71 29.5854
12.3019 65 28.1113
11.5472 88 34.483
11.9004 71 29.6303
11.711 87 34.2977
11.6179 80 32.1325
13.7116 50 24.5981
11.5922 81 32.4145
11.6403 81 32.4482
12.8349 63 27.8845
11.6179 77 31.2325
11.5729 83 33.001
11.6724 71 29.4707
11.9294 68 28.7505
11.6724 73 30.0707
11.5408 97 37.1786
11.6114 85 33.628
12.2473 68 28.9731
13.0405 62 27.7283
11.8105 73 30.1674
11.5922 80 32.1145
11.9294 69 29.0505
11.5922 81 32.4145
13.6795 53 25.4757
13.7116 49 24.2981
13.7437 54 25.8206
11.6403 82 32.7482
11.6179 77 31.2325
11.5922 80 32.1145
11.5472 91 35.383
11.5729 85 33.601
12.7514 65 28.426
12.3019 66 28.4113
11.5472 87 34.183
11.5922 86 33.9145
11.9486 73 30.264
11.6179 78 31.5325
11.5472 90 35.083
13.6635 55 26.0644
12.3019 66 28.4113
12.2473 70 29.5731
13.6795 49 24.2757
12.6134 66 28.6294
13.7116 49 24.2981
11.6724 72 29.7707
13.6635 54 25.7644
13.7116 51 24.8981
12.3019 65 28.1113
11.6724 71 29.4707
12.2954 70 29.6068
11.5472 88 34.483
12.8092 65 28.4665
11.5729 84 33.301
11.5729 93 36.001
11.9294 69 29.0505
11.5922 84 33.3145
13.6795 51 24.8757
13.0405 59 26.8283
11.8105 73 30.1674
11.5472 87 34.183
13.0405 69 29.8283
11.8362 71 29.5854
13.0148 61 27.4103
11.6468 79 31.8527
11.9004 72 29.9303
13.0405 66 28.9283
13.0405 61 27.4283
13.0405 63 28.0283
13.6635 64 28.7644
11.8748 73 30.2123
11.6468 77 31.2527
11.6468 79 31.8527
