11.4412 70 17.2971
11.438 74 17.6942
11.4284 77 17.9855
12.4978 69 18.148
11.4412 75 17.7971
12.9634 67 18.3671
11.711 75 18.0399
13.6121 69 19.1509
11.8876 82 18.8988
11.8812 76 18.2931
11.8812 76 18.2931
11.8812 76 18.2931
12.9634 67 18.3671
11.711 75 18.0399
12.0739 79 18.7665
11.4412 70 17.2971
12.9634 67 18.3671
12.9634 67 18.3671
11.5504 80 18.3954
11.8876 82 18.8988
11.2261 92 19.3035
11.5504 80 18.3954
11.5119 77 18.0607
11.8876 82 18.8988
12.4978 69 18.148
11.4284 77 17.9855
11.9326 79 18.6393
11.9326 79 18.6393
11.4316 81 18.3884
11.9326 79 18.6393
11.8876 82 18.8988
11.438 74 17.6942
11.5119 77 18.0607
11.4284 77 17.9855
12.0739 79 18.7665
11.4284 77 17.9855
11.5119 77 18.0607
12.0739 79 18.7665
11.1747 89 18.9572
12.9634 67 18.3671
11.4284 77 17.9855
11.438 74 17.6942
12.4978 69 18.148
11.4412 70 17.2971
11.1169 99 19.9052
12.4978 69 18.148
11.4412 70 17.2971
11.4412 75 17.7971
11.4412 70 17.2971
11.4284 77 17.9855
11.711 75 18.0399
11.9326 79 18.6393
11.8812 76 18.2931
12.4978 72 18.448
11.8812 76 18.2931
12.4978 69 18.148
11.5504 80 18.3954
12.0739 79 18.7665
11.438 74 17.6942
11.5119 77 18.0607
11.8812 76 18.2931
11.8812 76 18.2931
12.0739 79 18.7665
11.4412 70 17.2971
12.4046 83 19.4642
11.9326 79 18.6393
11.9326 79 18.6393
11.9326 79 18.6393
11.4284 77 17.9855
12.3982 80 19.1584
12.4978 69 18.148
12.9634 67 18.3671
12.9634 67 18.3671
12.0739 79 18.7665
12.9634 67 18.3671
12.4978 72 18.448
12.9634 67 18.3671
11.438 74 17.6942
11.438 74 17.6942
11.711 75 18.0399
12.4978 69 18.148
12.0739 79 18.7665
11.6468 85 18.9821
12.4978 69 18.148
12.4978 69 18.148
11.5504 80 18.3954
13.6121 69 19.1509
12.0739 79 18.7665
11.5504 80 18.3954
11.8812 76 18.2931
12.4978 72 18.448
12.4978 72 18.448
11.8876 82 18.8988
11.4412 70 17.2971
11.4412 70 17.2971
11.4412 70 17.2971
12.4978 69 18.148
11.8812 76 18.2931
11.4284 77 17.9855
11.9326 79 18.6393
11.4284 77 17.9855
11.8876 82 18.8988
12.4978 69 18.148
13.8304 69 19.3474
12.0739 79 18.7665
11.4412 70 17.2971
11.8812 76 18.2931
11.438 74 17.6942
11.438 74 17.6942
11.4412 75 17.7971
13.6121 69 19.1509
11.8812 76 18.2931
12.4978 69 18.148
13.8304 69 19.3474
11.8876 82 18.8988
13.6121 69 19.1509
11.4284 77 17.9855
11.9326 79 18.6393
11.8812 76 18.2931
11.4766 84 18.7289
11.5504 80 18.3954
12.9634 67 18.3671
11.438 74 17.6942
13.6121 69 19.1509
11.4284 77 17.9855
12.9634 67 18.3671
11.9326 79 18.6393
11.8876 82 18.8988
11.8812 76 18.2931
11.4284 77 17.9855
13.8304 69 19.3474
11.8876 82 18.8988
11.4412 70 17.2971
11.4284 77 17.9855
12.9634 67 18.3671
12.0739 79 18.7665
11.4284 77 17.9855
11.8876 82 18.8988
11.438 74 17.6942
13.8304 69 19.3474
11.438 74 17.6942
11.438 74 17.6942
12.4978 69 18.148
11.4412 75 17.7971
12.0739 79 18.7665
13.8304 69 19.3474
12.4978 69 18.148
11.8876 82 18.8988
12.9634 67 18.3671
12.4978 72 18.448
