12.3019 59 30.9811
14.5273 58 31.9164
12.2954 67 34.1773
14.508 66 35.1048
12.2954 68 34.5773
14.5273 58 31.9164
13.4611 65 34.0767
12.2762 62 32.1657
12.3019 62 32.1811
14.4727 63 33.8836
12.2762 63 32.5657
12.1188 64 32.8713
12.2473 64 32.9484
12.2762 64 32.9657
12.0771 68 34.4462
12.0931 68 34.4559
12.1188 63 32.4713
12.0931 69 34.8559
12.0771 68 34.4462
12.0385 72 36.0231
12.1381 65 33.2829
11.9486 69 34.7692
12.0642 69 34.8385
12.0771 69 34.8462
11.8105 72 35.8863
11.666 78 38.1996
11.8362 71 35.5017
11.666 79 38.5996
11.6724 73 36.2035
11.5922 78 38.1553
11.6724 74 36.6035
11.6179 75 36.9707
11.6403 82 39.7842
11.6179 76 37.3707
11.6179 77 37.7707
11.5922 78 38.1553
11.5922 80 38.9553
11.5922 79 38.5553
11.5922 82 39.7553
11.5857 88 42.1514
11.6179 78 38.1707
11.5922 83 40.1553
11.5922 88 42.1553
11.5729 85 40.9437
11.5793 92 43.7476
11.5922 94 44.5553
11.5472 86 41.3283
11.5729 86 41.3437
11.8298 84 40.6979
11.5472 88 42.1283
11.5472 89 42.5283
11.5472 88 42.1283
11.5408 98 46.1245
11.5472 86 41.3283
11.5408 100 46.9245
11.5408 94 44.5245
11.5472 94 44.5283
11.5408 104 48.5245
11.5408 96 45.3245
12.0578 76 37.6347
14.5273 58 31.9164
11.5472 91 43.3283
11.5472 91 43.3283
11.5472 94 44.5283
11.5408 100 46.9245
13.4611 64 33.6767
11.5408 94 44.5245
12.3019 59 30.9811
11.8362 70 35.1017
14.553 56 31.1318
12.1188 66 33.6713
11.5472 90 42.9283
11.9486 69 34.7692
12.1188 64 32.8713
11.5729 93 44.1437
11.5922 83 40.1553
11.5408 97 45.7245
11.5922 77 37.7553
11.5922 84 40.5553
11.5408 97 45.7245
12.2762 67 34.1657
11.5472 87 41.7283
11.5408 101 47.3245
11.6724 72 35.8035
11.5472 90 42.9283
12.1188 63 32.4713
12.2762 62 32.1657
14.5273 59 32.3164
11.7816 75 37.069
12.0931 67 34.0559
11.7816 75 37.069
11.6468 75 36.9881
12.2762 62 32.1657
11.9229 71 35.5538
11.6179 76 37.3707
12.2216 66 33.7329
11.6724 73 36.2035
11.6179 78 38.1707
12.2216 66 33.7329
11.5408 101 47.3245
11.6179 75 36.9707
11.8362 71 35.5017
11.5408 94 44.5245
11.5408 98 46.1245
11.5922 79 38.5553
11.6179 78 38.1707
11.6179 76 37.3707
11.6468 74 36.5881
12.106 73 36.4636
11.894 73 36.3364
11.8362 71 35.5017
11.6179 77 37.7707
12.0931 68 34.4559
11.8362 69 34.7017
11.5408 92 43.7245
12.3019 61 31.7811
11.5472 98 46.1283
12.3019 58 30.5811
12.1188 64 32.8713
11.9486 73 36.3692
12.0771 69 34.8462
11.5922 90 42.9553
11.711 89 42.6266
11.5922 85 40.9553
14.2897 60 32.5738
11.6724 73 36.2035
11.5922 84 40.5553
11.5922 85 40.9553
11.6981 93 44.2189
11.5472 92 43.7283
11.6403 82 39.7842
11.5922 79 38.5553
11.8105 71 35.4863
11.9229 71 35.5538
11.6114 82 39.7669
13.3776 64 33.6266
13.4611 64 33.6767
12.1188 65 33.2713
11.6114 85 40.9669
12.0771 68 34.4462
11.5922 81 39.3553
12.2762 62 32.1657
11.5472 89 42.5283
11.5472 91 43.3283
11.5922 78 38.1553
11.5472 87 41.7283
12.2762 61 31.7657
11.8362 71 35.5017
11.5408 98 46.1245
12.1188 66 33.6713
