11.4412 70 17.2971
12.4978 69 18.148
11.4412 75 17.7971
11.5504 80 18.3954
13.6121 69 19.1509
11.5504 86 18.9954
11.3545 106 20.8191
11.605 111 21.5445
11.4412 70 17.2971
11.4412 70 17.2971
12.4978 72 18.448
11.5119 77 18.0607
11.377 109 21.1393
13.6121 69 19.1509
12.4978 69 18.148
12.4978 69 18.148
11.711 75 18.0399
11.4412 75 17.7971
11.5504 80 18.3954
11.3834 93 19.5451
11.4412 70 17.2971
13.6121 69 19.1509
11.8394 91 19.7555
12.4978 69 18.148
11.5119 77 18.0607
13.5703 66 18.8133
11.5504 88 19.1954
13.5703 66 18.8133
11.4412 70 17.2971
11.5504 94 19.7954
13.5703 66 18.8133
11.4412 75 17.7971
12.0032 90 19.8029
13.5703 66 18.8133
11.5504 88 19.1954
11.5504 80 18.3954
11.3545 106 20.8191
13.6121 69 19.1509
11.4412 70 17.2971
11.3738 100 20.2364
11.5504 88 19.1954
11.5504 94 19.7954
12.4978 69 18.148
13.8304 69 19.3474
12.4978 69 18.148
11.5119 77 18.0607
11.711 75 18.0399
11.3256 105 20.6931
11.711 75 18.0399
11.4412 70 17.2971
13.5703 66 18.8133
11.5504 86 18.9954
13.8304 69 19.3474
11.5504 80 18.3954
11.9904 91 19.8913
12.4978 69 18.148
11.4412 70 17.2971
13.8304 69 19.3474
11.5504 80 18.3954
11.4412 70 17.2971
12.4978 69 18.148
12.4978 69 18.148
12.4978 72 18.448
11.4412 70 17.2971
11.5504 88 19.1954
11.9904 89 19.6913
13.8304 69 19.3474
11.5504 80 18.3954
13.6121 69 19.1509
11.3256 105 20.6931
12.4978 72 18.448
12.4978 69 18.148
11.711 75 18.0399
11.5504 80 18.3954
11.711 81 18.6399
13.8304 69 19.3474
11.316 109 21.0844
11.4412 70 17.2971
11.4412 75 17.7971
11.711 75 18.0399
11.4412 70 17.2971
11.3256 107 20.8931
12.4978 69 18.148
11.4123 92 19.4711
11.4412 75 17.7971
11.4412 70 17.2971
12.0032 90 19.8029
11.4412 75 17.7971
13.8304 69 19.3474
13.6121 69 19.1509
12.4978 72 18.448
11.5504 94 19.7954
11.5504 80 18.3954
13.6121 69 19.1509
11.3256 107 20.8931
12.4978 72 18.448
13.8304 69 19.3474
12.4978 72 18.448
11.5504 94 19.7954
11.4412 70 17.2971
11.4412 70 17.2971
11.4316 104 20.6884
12.4978 69 18.148
13.5703 66 18.8133
11.5504 80 18.3954
11.316 109 21.0844
11.4412 70 17.2971
12.4978 69 18.148
11.4412 70 17.2971
11.711 75 18.0399
11.5504 88 19.1954
12.4978 72 18.448
12.4978 69 18.148
11.3256 107 20.8931
11.4412 70 17.2971
11.711 75 18.0399
11.3834 93 19.5451
11.377 109 21.1393
11.5504 88 19.1954
12.4978 72 18.448
11.711 75 18.0399
11.9904 91 19.8913
11.4188 104 20.6769
11.4412 70 17.2971
13.6121 69 19.1509
11.5504 86 18.9954
12.4978 72 18.448
11.4412 70 17.2971
11.9904 91 19.8913
11.3545 119 22.1191
11.4412 70 17.2971
11.4412 70 17.2971
11.666 98 20.2994
12.4978 69 18.148
13.6121 69 19.1509
11.4412 75 17.7971
11.9904 89 19.6913
13.6121 69 19.1509
11.711 75 18.0399
11.8394 91 19.7555
11.7848 96 20.2064
11.4412 70 17.2971
12.4978 69 18.148
12.4978 69 18.148
11.3545 106 20.8191
12.4978 69 18.148
13.8304 69 19.3474
13.6121 69 19.1509
11.4412 70 17.2971
12.4978 72 18.448
