12.7932 79 59.138
12.2087 84 62.4626
12.5652 84 62.5696
12.1959 82 61.0588
11.9358 86 63.7807
12.1381 80 59.6414
11.9486 78 58.1846
11.9486 81 60.2846
11.8362 80 59.5509
11.9229 84 62.3769
11.8362 83 61.6509
11.666 91 67.1998
11.6724 85 63.0017
11.9486 81 60.2846
11.6179 89 65.7854
11.6468 88 65.094
11.6179 85 62.9854
11.666 94 69.2998
11.5922 91 67.1777
11.5922 92 67.8776
11.7816 88 65.1345
11.5922 92 67.8776
11.5729 101 74.1719
11.6179 89 65.7854
11.6179 90 66.4854
11.5922 98 72.0776
11.7559 93 68.6268
11.5922 95 69.9776
11.7046 95 70.0114
11.5922 97 71.3776
11.5472 107 78.3642
11.5922 98 72.0776
11.5922 94 69.2776
11.5472 104 76.2642
11.5408 114 83.2622
11.5408 115 83.9622
11.5472 107 78.3642
11.589 101 74.1767
11.5472 104 76.2642
11.5472 105 76.9642
11.5408 116 84.6622
11.5408 115 83.9622
11.499 116 84.6497
11.4669 123 89.5401
11.4477 121 88.1343
11.666 122 88.8998
11.4155 124 90.2247
11.3481 131 95.1044
11.4444 130 94.4333
11.4123 132 95.8237
11.377 139 100.713
11.3353 145 104.901
11.3353 148 107.001
11.3353 148 107.001
11.5922 96 70.6776
11.666 91 67.1998
11.6468 94 69.294
11.5922 92 67.8776
11.6981 110 80.5094
12.8478 73 54.9543
11.6724 84 62.3017
11.4669 121 88.1401
11.6724 86 63.7017
11.3449 140 101.403
11.5536 102 74.8661
11.4155 122 88.8247
11.9486 82 60.9846
11.6179 88 65.0854
11.589 102 74.8767
11.8362 82 60.9509
11.5472 104 76.2642
11.4669 118 86.0401
11.4412 120 87.4324
11.5472 107 78.3642
11.6114 94 69.2834
11.4926 115 83.9478
11.5408 111 81.1622
12.8478 75 56.3543
12.2505 77 57.5751
11.9004 87 64.4701
11.9358 87 64.4807
11.7784 91 67.2335
11.9486 79 58.8846
11.9229 81 60.2769
11.5922 94 69.2776
12.8478 75 56.3543
11.5922 96 70.6776
11.6724 84 62.3017
11.5922 93 68.5776
11.6724 84 62.3017
11.955 84 62.3865
11.5857 107 78.3757
11.6179 98 72.0854
11.4444 130 94.4333
11.666 123 89.5998
11.7848 82 60.9355
11.5408 112 81.8622
11.666 94 69.2998
11.5857 100 73.4757
11.5408 112 81.8622
11.5536 98 72.0661
11.6114 96 70.6834
11.5922 98 72.0776
11.6179 91 67.1854
11.4123 131 95.1237
11.9486 80 59.5846
11.5922 94 69.2776
11.5472 104 76.2642
11.8748 90 66.5624
11.5922 97 71.3776
11.6179 89 65.7854
11.4155 123 89.5247
11.4669 116 84.6401
11.6981 109 79.8094
11.3481 132 95.8044
11.5922 99 72.7776
11.5665 109 79.7699
11.6468 90 66.494
11.5408 115 83.9622
11.9486 82 60.9846
12.2248 80 59.6674
11.6114 98 72.0834
11.361 144 104.208
11.5922 93 68.5776
11.6082 94 69.2825
12.2087 86 63.8626
11.5472 108 79.0642
11.7046 97 71.4114
11.6179 90 66.4854
11.6114 98 72.0834
11.6179 85 62.9854
11.3353 152 109.801
11.5408 112 81.8622
11.9486 81 60.2846
11.7303 87 64.4191
11.3706 136 98.6112
11.8362 84 62.3509
11.666 121 88.1998
11.7559 95 70.0268
11.3353 147 106.301
11.5472 106 77.6642
12.1381 80 59.6414
11.3481 131 95.1044
11.5408 112 81.8622
11.499 116 84.6497
12.2248 79 58.9674
11.6179 88 65.0854
11.5857 103 75.5757
11.5922 93 68.5776
11.666 92 67.8998
