11.4412 70 17.2971
11.438 74 17.6942
11.4284 77 17.9855
12.4978 69 18.148
12.4978 72 18.448
12.9634 67 18.3671
11.5504 80 18.3954
13.5703 66 18.8133
11.6917 82 18.7225
11.9326 79 18.6393
11.3128 94 19.5815
11.8876 82 18.8988
13.8304 69 19.3474
11.5119 77 18.0607
11.4412 70 17.2971
13.8304 69 19.3474
11.8876 82 18.8988
11.4284 77 17.9855
12.9634 67 18.3671
11.438 74 17.6942
12.4978 69 18.148
11.8812 76 18.2931
11.438 74 17.6942
11.4284 77 17.9855
11.711 75 18.0399
12.4978 69 18.148
12.4978 69 18.148
11.8876 82 18.8988
11.711 75 18.0399
11.9326 79 18.6393
11.9326 79 18.6393
11.833 82 18.8497
11.438 74 17.6942
13.8304 69 19.3474
12.0739 79 18.7665
12.0739 79 18.7665
11.711 75 18.0399
11.4412 70 17.2971
11.4412 70 17.2971
11.4412 70 17.2971
11.5504 80 18.3954
11.4412 70 17.2971
11.438 74 17.6942
11.711 75 18.0399
11.6628 84 18.8965
11.711 75 18.0399
12.9634 67 18.3671
11.2357 99 20.0121
11.4412 70 17.2971
12.4978 69 18.148
12.4978 69 18.148
12.4978 69 18.148
11.438 74 17.6942
12.4978 72 18.448
11.8876 82 18.8988
13.6121 69 19.1509
13.8304 69 19.3474
11.4412 70 17.2971
12.0739 79 18.7665
11.711 75 18.0399
11.8812 76 18.2931
11.9326 79 18.6393
11.4284 77 17.9855
12.4978 69 18.148
12.0739 79 18.7665
12.9634 67 18.3671
11.4412 70 17.2971
11.4284 77 17.9855
12.9634 67 18.3671
12.4978 72 18.448
11.5504 80 18.3954
11.4412 70 17.2971
12.4978 72 18.448
11.9326 79 18.6393
11.8876 82 18.8988
12.4978 69 18.148
11.711 75 18.0399
12.4978 69 18.148
12.9634 67 18.3671
11.711 75 18.0399
12.0739 79 18.7665
12.0739 79 18.7665
11.8876 82 18.8988
11.4316 81 18.3884
12.4978 72 18.448
11.8876 82 18.8988
12.0739 79 18.7665
12.4978 72 18.448
11.8812 76 18.2931
12.5909 83 19.6318
11.0238 106 20.5214
11.438 74 17.6942
11.8812 76 18.2931
12.4978 72 18.448
11.8876 82 18.8988
12.4978 72 18.448
11.8812 76 18.2931
11.438 74 17.6942
11.9326 79 18.6393
11.5119 77 18.0607
12.9634 67 18.3671
12.4978 72 18.448
11.9326 79 18.6393
11.4284 77 17.9855
11.4412 70 17.2971
11.4412 70 17.2971
11.8812 76 18.2931
11.8812 76 18.2931
11.4766 84 18.7289
11.711 75 18.0399
11.4412 75 17.7971
11.711 75 18.0399
11.5504 80 18.3954
12.9634 67 18.3671
12.0739 79 18.7665
11.9326 79 18.6393
11.4412 75 17.7971
11.8876 82 18.8988
11.5504 80 18.3954
13.6121 69 19.1509
11.8876 82 18.8988
11.8876 82 18.8988
11.4412 70 17.2971
11.1811 95 19.563
11.4412 70 17.2971
11.8876 82 18.8988
12.4978 69 18.148
11.438 74 17.6942
11.8876 82 18.8988
11.438 74 17.6942
11.4412 70 17.2971
11.6628 84 18.8965
11.4316 87 18.9884
11.4284 77 17.9855
11.9326 79 18.6393
11.4284 77 17.9855
12.4978 69 18.148
11.9326 79 18.6393
11.438 74 17.6942
12.4978 69 18.148
12.9634 67 18.3671
11.8876 82 18.8988
11.438 74 17.6942
12.4496 83 19.5046
13.5703 66 18.8133
12.3982 77 18.8584
12.0739 79 18.7665
11.8876 82 18.8988
11.4412 70 17.2971
12.0739 79 18.7665
