12.4978 69 18.148
12.4978 69 18.148
11.6114 77 18.1503
11.6114 88 19.2503
11.7174 85 19.0457
11.7174 85 19.0457
11.7174 85 19.0457
12.4978 77 18.948
11.6018 97 20.1416
12.4978 69 18.148
12.4978 69 18.148
11.6468 87 19.1821
12.684 83 19.7156
11.7174 85 19.0457
11.7174 85 19.0457
12.4978 69 18.148
11.6114 77 18.1503
11.6114 88 19.2503
11.4573 115 21.8116
11.6114 77 18.1503
11.6114 91 19.5503
11.7174 85 19.0457
11.6114 77 18.1503
11.7174 85 19.0457
11.6179 110 21.4561
12.4978 69 18.148
12.4978 69 18.148
11.6468 87 19.1821
12.4978 69 18.148
11.7174 85 19.0457
12.4978 69 18.148
11.7174 85 19.0457
11.5697 107 21.1127
11.7174 85 19.0457
11.5344 95 19.8809
12.4978 69 18.148
11.7174 85 19.0457
12.684 80 19.4156
12.4978 69 18.148
11.6114 88 19.2503
11.6114 91 19.5503
12.4978 69 18.148
11.6596 84 18.8936
11.7174 85 19.0457
11.7174 85 19.0457
11.4573 115 21.8116
11.7174 85 19.0457
12.4978 69 18.148
11.6114 77 18.1503
11.7174 85 19.0457
12.684 83 19.7156
11.7174 85 19.0457
12.4978 69 18.148
11.7174 85 19.0457
11.6114 77 18.1503
11.7174 85 19.0457
11.7174 85 19.0457
11.6114 77 18.1503
11.7174 85 19.0457
12.4978 77 18.948
11.6179 110 21.4561
11.6018 97 20.1416
11.7174 85 19.0457
11.7174 85 19.0457
11.6114 88 19.2503
12.684 83 19.7156
11.4894 105 20.8405
12.4978 69 18.148
11.6468 87 19.1821
11.6468 87 19.1821
12.684 80 19.4156
12.4978 69 18.148
12.4978 69 18.148
11.7174 85 19.0457
11.7174 85 19.0457
11.7303 102 20.7572
11.7174 85 19.0457
11.6468 87 19.1821
11.7174 85 19.0457
12.1606 71 18.0445
11.6114 77 18.1503
11.6114 77 18.1503
11.7174 85 19.0457
11.6114 91 19.5503
12.4978 77 18.948
11.4894 105 20.8405
12.684 83 19.7156
11.7174 85 19.0457
12.4978 69 18.148
12.4978 69 18.148
13.7887 76 20.0098
12.1606 71 18.0445
12.4978 69 18.148
12.4978 69 18.148
11.7303 102 20.7572
11.6114 88 19.2503
11.6114 91 19.5503
11.6018 97 20.1416
11.6114 91 19.5503
11.6114 77 18.1503
11.7174 85 19.0457
11.6468 87 19.1821
11.6114 91 19.5503
11.7174 85 19.0457
11.7174 85 19.0457
11.6114 88 19.2503
11.6114 77 18.1503
11.6114 91 19.5503
12.4978 69 18.148
12.4978 69 18.148
12.7322 76 19.059
13.7887 76 20.0098
11.6114 88 19.2503
12.4978 69 18.148
11.7174 85 19.0457
11.6114 77 18.1503
12.4978 69 18.148
12.4978 69 18.148
11.6018 97 20.1416
12.4978 69 18.148
11.6114 77 18.1503
11.6114 77 18.1503
12.4978 69 18.148
11.6114 77 18.1503
11.6114 77 18.1503
11.4894 105 20.8405
11.7945 100 20.615
11.7174 85 19.0457
11.7174 85 19.0457
12.4978 69 18.148
12.4978 69 18.148
12.4978 69 18.148
12.4978 69 18.148
11.6114 91 19.5503
11.7174 85 19.0457
11.7174 85 19.0457
11.6179 110 21.4561
11.6821 85 19.0139
12.4978 69 18.148
12.4978 77 18.948
12.4978 69 18.148
11.7174 85 19.0457
11.6114 77 18.1503
11.7174 85 19.0457
11.7174 85 19.0457
12.4978 69 18.148
11.7174 85 19.0457
11.7174 85 19.0457
11.6114 77 18.1503
11.7174 85 19.0457
