15.4425 44 38.2885
14.5819 41 35.7164
14.5883 41 35.7177
15.4522 50 43.0904
14.5819 45 38.9164
13.3455 50 42.6691
13.6988 48 41.1398
14.5819 47 40.5164
12.623 45 38.5246
12.623 46 39.3246
12.623 45 38.5246
12.623 48 40.9246
12.6134 49 41.7227
12.6069 53 44.9214
12.623 49 41.7246
12.2987 57 48.0597
12.6134 51 43.3227
12.2987 56 47.2597
12.4721 52 44.0944
12.6134 55 46.5227
12.3083 53 44.8617
11.5247 57 47.9049
11.4701 61 51.094
11.8876 54 45.5775
12.2987 58 48.8597
11.5247 55 46.3049
11.5247 56 47.1049
11.8876 54 45.5775
11.5247 67 55.9049
11.4541 66 55.0908
11.5215 59 49.5043
11.5247 59 49.5049
11.5151 60 50.303
11.5151 61 51.103
11.4252 62 51.885
11.4637 62 51.8927
11.5311 53 44.7062
11.5151 62 51.903
11.5247 55 46.3049
11.3642 71 59.0728
11.4252 74 61.485
11.4155 70 58.2831
11.4155 67 55.8831
11.3642 74 61.4728
11.4155 77 63.8831
11.3545 73 60.6709
11.4155 69 57.4831
11.3642 70 58.2728
11.3642 71 59.0728
11.3642 70 58.2728
11.3642 73 60.6728
11.3545 83 68.6709
11.3545 78 64.6709
11.3545 75 62.2709
11.332 76 63.0664
11.3545 76 63.0709
11.3224 81 67.0645
14.5819 53 45.3164
12.623 45 38.5246
12.2987 57 48.0597
12.6166 47 40.1233
11.5151 61 51.103
11.3642 70 58.2728
12.2987 57 48.0597
12.3083 54 45.6617
11.4252 70 58.285
13.3455 48 41.0691
11.4155 69 57.4831
11.3642 73 60.6728
11.5151 60 50.303
12.3083 53 44.8617
11.5151 62 51.903
11.4252 63 52.685
13.6988 48 41.1398
11.5247 55 46.3049
11.5247 56 47.1049
11.5247 58 48.7049
11.4155 68 56.6831
11.4155 69 57.4831
12.623 45 38.5246
12.6134 49 41.7227
11.5247 53 44.7049
11.5215 62 51.9043
11.5151 61 51.103
11.4252 66 55.085
11.3545 76 63.0709
11.4252 66 55.085
11.3642 72 59.8728
12.6134 49 41.7227
12.3083 57 48.0617
11.5151 59 49.503
12.6166 47 40.1233
12.6134 60 50.5227
12.6134 52 44.1227
11.4252 66 55.085
11.5151 60 50.303
14.5819 52 44.5164
11.4252 61 51.085
11.5151 63 52.703
12.623 49 41.7246
12.3083 56 47.2617
11.3545 74 61.4709
11.4252 67 55.885
12.3083 56 47.2617
12.6134 49 41.7227
11.5247 66 55.1049
11.4252 68 56.685
14.5819 51 43.7164
12.623 52 44.1246
11.4155 69 57.4831
12.2987 56 47.2597
11.4637 63 52.6927
12.4624 56 47.2925
11.3545 74 61.4709
11.3545 75 62.2709
14.5883 41 35.7177
11.3642 70 58.2728
11.3545 75 62.2709
12.623 50 42.5246
15.4522 41 35.8904
12.3083 53 44.8617
11.4252 73 60.685
11.5151 59 49.503
11.4701 71 59.094
12.3083 55 46.4617
12.6069 53 44.9214
11.5247 63 52.7049
11.4252 63 52.685
12.6134 53 44.9227
11.3642 74 61.4728
11.3545 75 62.2709
11.5247 68 56.7049
14.5819 43 37.3164
11.3545 76 63.0709
11.3642 69 57.4728
11.4252 63 52.685
11.5247 55 46.3049
11.4155 68 56.6831
11.4155 76 63.0831
11.4252 64 53.485
11.5151 70 58.303
11.332 76 63.0664
12.3083 52 44.0617
11.3545 74 61.4709
11.332 80 66.2664
11.4701 65 54.294
12.2987 56 47.2597
11.4155 72 59.8831
11.5151 69 57.503
11.5247 55 46.3049
