11.4412 70 17.2971
11.711 68 17.3399
11.438 74 17.6942
11.4284 77 17.9855
11.5311 82 18.578
12.9634 67 18.3671
11.3064 82 18.3757
13.6121 69 19.1509
11.8812 76 18.2931
12.5909 80 19.3318
12.0739 79 18.7665
11.8876 82 18.8988
11.8876 82 18.8988
11.1779 100 20.0601
11.3674 80 18.2306
12.9634 67 18.3671
11.4284 77 17.9855
12.9634 67 18.3671
11.8876 82 18.8988
12.0739 79 18.7665
11.438 74 17.6942
12.0739 79 18.7665
11.8812 76 18.2931
11.4412 70 17.2971
11.8876 82 18.8988
11.711 68 17.3399
11.711 75 18.0399
11.1683 92 19.2514
11.9326 79 18.6393
12.3982 80 19.1584
11.9326 79 18.6393
11.5311 82 18.578
11.2261 92 19.3035
12.9634 67 18.3671
12.0739 79 18.7665
13.8304 69 19.3474
11.711 68 17.3399
11.5311 82 18.578
11.4412 70 17.2971
11.3128 94 19.5815
11.5311 82 18.578
11.711 68 17.3399
11.438 74 17.6942
11.711 75 18.0399
11.4412 70 17.2971
11.5504 80 18.3954
11.8812 76 18.2931
11.4284 77 17.9855
11.8876 82 18.8988
11.438 74 17.6942
12.4046 83 19.4642
11.8876 82 18.8988
11.8812 76 18.2931
11.5311 82 18.578
11.9326 79 18.6393
13.6121 69 19.1509
11.4284 77 17.9855
11.4412 70 17.2971
11.711 75 18.0399
11.0655 113 21.259
11.9326 79 18.6393
11.3128 94 19.5815
11.4412 70 17.2971
11.5504 80 18.3954
11.438 74 17.6942
11.8362 86 19.2526
11.9326 79 18.6393
11.4284 77 17.9855
11.6468 85 18.9821
11.8876 82 18.8988
11.1843 101 20.1659
11.4412 70 17.2971
11.8812 76 18.2931
11.438 74 17.6942
11.711 75 18.0399
11.8876 82 18.8988
11.711 75 18.0399
11.4412 70 17.2971
11.6917 82 18.7225
11.438 74 17.6942
11.4412 70 17.2971
11.5504 80 18.3954
11.8812 76 18.2931
11.8812 76 18.2931
11.9326 79 18.6393
12.9634 67 18.3671
11.4284 77 17.9855
12.3982 80 19.1584
12.9634 67 18.3671
13.6121 69 19.1509
11.8876 82 18.8988
11.711 68 17.3399
11.5504 80 18.3954
13.5703 66 18.8133
12.9634 67 18.3671
11.5504 80 18.3954
11.4284 77 17.9855
11.438 74 17.6942
11.9326 79 18.6393
11.4412 70 17.2971
11.3128 94 19.5815
11.5504 80 18.3954
11.4412 70 17.2971
13.8304 69 19.3474
12.0739 79 18.7665
12.9634 67 18.3671
11.5311 82 18.578
11.6917 82 18.7225
12.9634 67 18.3671
11.711 68 17.3399
11.6403 79 18.3763
11.4284 77 17.9855
11.711 75 18.0399
11.4316 81 18.3884
12.0739 79 18.7665
11.438 74 17.6942
12.0739 79 18.7665
11.4284 77 17.9855
11.4412 70 17.2971
11.438 74 17.6942
11.8812 76 18.2931
13.8304 69 19.3474
11.711 68 17.3399
11.4412 70 17.2971
11.711 68 17.3399
11.5311 82 18.578
11.5504 80 18.3954
11.438 74 17.6942
11.711 75 18.0399
11.8812 76 18.2931
11.438 74 17.6942
11.711 68 17.3399
11.711 75 18.0399
11.711 68 17.3399
11.9326 79 18.6393
11.3128 94 19.5815
11.5504 80 18.3954
11.9326 79 18.6393
11.9326 79 18.6393
11.9326 79 18.6393
12.4046 86 19.7642
12.0739 79 18.7665
11.6468 85 18.9821
11.5311 82 18.578
11.4284 77 17.9855
11.8876 82 18.8988
12.9634 67 18.3671
11.4412 70 17.2971
12.4496 83 19.5046
11.4284 77 17.9855
