13.8337 54 41.9501
13.8337 55 42.6501
14.1227 53 41.3368
12.6166 54 41.585
12.6904 58 44.4071
14.1227 54 42.0368
12.6166 58 44.385
12.3019 63 47.7906
12.3019 64 48.4906
12.6069 62 47.1821
11.6403 59 44.7921
12.6166 62 47.185
11.5247 63 47.5574
11.5311 63 47.5593
11.5793 63 47.5738
11.4637 68 51.0391
11.4637 69 51.7391
11.5247 63 47.5574
11.5247 64 48.2574
11.5215 68 51.0565
12.6166 56 42.985
11.5151 66 49.6545
11.5215 75 55.9565
11.4637 70 52.4391
11.4701 67 50.341
11.4926 65 48.9478
11.4541 74 55.2362
11.4252 68 51.0275
11.4541 72 53.8362
11.4252 78 58.0275
11.4155 74 55.2247
11.4252 71 53.1276
11.422 72 53.8266
11.3642 79 58.7092
11.5151 65 48.9545
11.3706 83 61.5112
11.3931 77 57.3179
11.3706 75 55.9112
11.3642 79 58.7092
11.3706 74 55.2112
11.4637 69 51.7391
11.361 78 58.0083
12.2023 69 51.9607
11.332 79 58.6996
11.361 79 58.7083
11.332 80 59.3996
11.332 84 62.1996
11.332 85 62.8996
11.332 81 60.0996
11.3224 88 64.9967
11.3224 85 62.8967
11.332 83 61.4996
11.332 80 59.3996
11.3224 85 62.8967
11.3224 88 64.9967
11.3224 87 64.2967
11.332 84 62.1996
11.3224 91 67.0967
11.3224 92 67.7967
11.361 89 65.7083
11.3224 94 69.1967
11.361 91 67.1083
11.3224 102 74.7967
11.3224 86 63.5967
12.6166 59 45.085
11.332 82 60.7996
11.3931 77 57.3179
14.113 55 42.7339
11.4252 68 51.0275
11.4252 69 51.7276
11.3224 93 68.4967
11.3642 76 56.6092
11.5311 59 44.7593
12.6166 55 42.285
11.5793 63 47.5738
11.3642 78 58.0092
12.3019 65 49.1906
11.4541 71 53.1362
11.3224 91 67.0967
11.3224 99 72.6967
11.5151 69 51.7545
14.1227 54 42.0368
12.1606 93 68.7482
11.5247 71 53.1574
11.3224 86 63.5967
11.361 79 58.7083
12.3019 64 48.4906
11.361 77 57.3083
11.4637 67 50.3391
12.6166 59 45.085
11.332 79 58.6996
11.5311 60 45.4593
11.3224 92 67.7967
11.4155 74 55.2247
11.3224 94 69.1967
12.6166 57 43.685
11.5247 60 45.4574
11.422 72 53.8266
13.702 51 39.8106
11.3642 78 58.0092
11.3224 95 69.8967
13.8337 54 41.9501
11.5151 66 49.6545
11.5151 67 50.3545
12.6166 55 42.285
11.4252 70 52.4276
11.3224 87 64.2967
11.5247 62 46.8574
11.3224 86 63.5967
11.3224 87 64.2967
12.6166 58 44.385
11.5247 69 51.7574
11.332 83 61.4996
12.3019 64 48.4906
11.5151 65 48.9545
12.517 63 47.8551
11.3642 76 56.6092
11.4155 82 60.8247
11.5247 61 46.1574
11.361 91 67.1083
11.361 78 58.0083
11.361 86 63.6083
12.6166 67 50.685
11.3706 75 55.9112
11.4637 67 50.3391
13.8337 57 44.0501
11.3642 76 56.6092
11.3545 80 59.4064
11.3706 75 55.9112
11.361 78 58.0083
12.6069 63 47.8821
11.3642 79 58.7092
11.361 78 58.0083
12.517 59 45.0551
11.332 90 66.3996
11.3224 85 62.8967
11.3224 92 67.7967
11.3642 76 56.6092
11.3224 94 69.1967
11.332 89 65.6996
11.5151 70 52.4545
12.6166 57 43.685
11.3224 89 65.6967
11.5793 63 47.5738
11.5151 64 48.2545
11.5151 69 51.7545
11.332 81 60.0996
11.332 82 60.7996
11.3224 97 71.2967
11.3224 95 69.8967
