11.4412 70 17.2971
11.711 68 17.3399
11.438 74 17.6942
11.4284 77 17.9855
11.3674 80 18.2306
12.9634 67 18.3671
11.711 75 18.0399
13.6121 69 19.1509
11.9326 79 18.6393
11.8876 82 18.8988
12.0739 79 18.7665
11.9326 79 18.6393
12.0739 79 18.7665
11.8812 76 18.2931
11.8812 76 18.2931
11.9326 79 18.6393
11.8876 82 18.8988
13.5703 66 18.8133
11.4284 77 17.9855
11.9326 79 18.6393
12.9634 67 18.3671
11.8812 76 18.2931
11.4412 70 17.2971
11.438 74 17.6942
11.8876 82 18.8988
11.8812 76 18.2931
11.9326 79 18.6393
11.3674 80 18.2306
11.438 74 17.6942
11.8812 76 18.2931
11.8876 82 18.8988
11.4412 70 17.2971
12.0739 79 18.7665
11.9326 79 18.6393
11.711 75 18.0399
11.9326 79 18.6393
11.711 75 18.0399
11.5504 80 18.3954
11.4412 70 17.2971
11.9326 79 18.6393
11.5311 82 18.578
11.8876 82 18.8988
13.6121 69 19.1509
11.4412 70 17.2971
11.438 74 17.6942
11.9326 79 18.6393
11.4284 77 17.9855
11.711 75 18.0399
11.4412 70 17.2971
11.5504 80 18.3954
12.3982 77 18.8584
11.3128 94 19.5815
11.711 75 18.0399
11.711 75 18.0399
11.4412 70 17.2971
11.4284 77 17.9855
11.5311 82 18.578
11.9326 79 18.6393
11.4412 70 17.2971
11.9326 79 18.6393
13.5703 66 18.8133
12.0739 79 18.7665
11.3128 94 19.5815
13.6121 69 19.1509
12.0739 79 18.7665
11.3128 94 19.5815
12.3982 77 18.8584
11.711 68 17.3399
11.4284 77 17.9855
11.8876 82 18.8988
11.8812 76 18.2931
13.8304 69 19.3474
11.9326 79 18.6393
13.8304 69 19.3474
11.4412 70 17.2971
12.0739 79 18.7665
11.4412 70 17.2971
11.4284 77 17.9855
11.4316 87 18.9884
12.0739 79 18.7665
11.711 68 17.3399
11.5504 80 18.3954
12.9634 67 18.3671
11.4412 70 17.2971
11.9326 79 18.6393
12.9634 67 18.3671
11.4284 77 17.9855
11.8812 76 18.2931
11.9326 79 18.6393
11.9326 79 18.6393
11.4316 87 18.9884
11.4284 77 17.9855
11.9326 79 18.6393
12.9634 67 18.3671
11.438 74 17.6942
13.6121 69 19.1509
11.438 74 17.6942
11.9326 79 18.6393
11.4412 70 17.2971
12.9634 67 18.3671
12.9634 67 18.3671
11.9326 79 18.6393
12.9634 67 18.3671
11.9326 79 18.6393
13.6121 69 19.1509
12.9634 67 18.3671
11.5311 82 18.578
11.9326 79 18.6393
11.4412 70 17.2971
11.3674 80 18.2306
11.711 68 17.3399
11.8812 76 18.2931
11.438 74 17.6942
11.8812 76 18.2931
11.8876 82 18.8988
11.5504 80 18.3954
11.5311 82 18.578
11.3674 80 18.2306
11.4412 70 17.2971
13.6121 69 19.1509
11.9326 79 18.6393
11.711 75 18.0399
11.8876 82 18.8988
11.4284 77 17.9855
12.0739 79 18.7665
12.9634 67 18.3671
12.3982 77 18.8584
12.0739 79 18.7665
11.438 74 17.6942
11.8812 76 18.2931
11.4284 77 17.9855
11.3128 94 19.5815
11.8876 82 18.8988
11.4412 70 17.2971
11.9326 79 18.6393
11.4284 77 17.9855
12.9634 67 18.3671
13.6121 69 19.1509
11.4284 77 17.9855
11.1169 99 19.9052
11.4284 77 17.9855
11.8876 82 18.8988
11.3128 94 19.5815
12.9634 67 18.3671
11.9326 79 18.6393
11.8812 76 18.2931
11.8812 76 18.2931
11.711 75 18.0399
11.438 74 17.6942
11.5311 82 18.578
