13.9268 41 22.0487
13.7983 42 22.2588
13.7983 43 22.5588
13.6699 47 23.6689
13.6795 44 22.7757
13.7983 43 22.5588
13.0951 45 22.6665
13.6699 48 23.9689
13.6795 44 22.7757
13.0565 48 23.5396
13.6378 48 23.9464
13.6699 46 23.3689
13.0951 50 24.1665
13.7598 44 22.8319
13.0951 51 24.4665
12.806 52 24.5642
12.7675 52 24.5373
12.806 50 23.9642
12.806 51 24.2642
12.7675 52 24.5373
12.806 52 24.5642
12.6423 53 24.7496
12.7675 56 25.7373
12.6423 54 25.0496
12.6423 58 26.2496
12.6037 56 25.6226
13.3455 52 24.9419
12.6037 57 25.9226
12.3019 61 26.9113
12.6037 58 26.2226
12.3019 59 26.3113
12.2954 67 28.7068
12.2697 68 28.9888
12.3019 59 26.3113
12.2762 62 27.1933
11.9294 65 27.8505
12.2216 67 28.6551
11.9004 68 28.7303
11.955 63 27.2685
11.9229 73 30.2461
11.955 73 30.2685
11.8362 67 28.3854
11.8748 71 29.6123
11.8362 68 28.6854
11.7816 73 30.1471
11.6468 72 29.7527
11.7559 74 30.4292
11.8362 70 29.2854
11.666 78 31.5662
11.6468 74 30.3527
11.5922 77 31.2145
11.6724 73 30.0707
11.6724 70 29.1707
11.6468 76 30.9527
11.5922 78 31.5145
11.5922 80 32.1145
13.0951 45 22.6665
11.8105 72 29.8674
11.955 71 29.6685
13.5093 45 22.9565
12.6423 54 25.0496
11.6179 78 31.5325
12.806 52 24.5642
12.2762 62 27.1933
12.6423 54 25.0496
12.3019 59 26.3113
12.7675 53 24.8373
13.0951 51 24.4665
12.806 49 23.6642
11.955 63 27.2685
12.6423 55 25.3496
13.6795 44 22.7757
11.6275 81 32.4392
11.6275 82 32.7392
11.8105 70 29.2674
12.6423 58 26.2496
11.8362 67 28.3854
13.5543 47 23.588
13.0951 51 24.4665
12.6423 59 26.5496
12.7675 52 24.5373
11.6724 73 30.0707
12.7675 53 24.8373
12.2762 61 26.8933
13.9268 45 23.2487
13.6795 53 25.4757
11.6724 72 29.7707
13.7983 43 22.5588
13.8882 43 22.6218
12.2762 63 27.4933
11.8362 68 28.6854
13.6699 44 22.7689
12.2697 68 28.9888
13.6795 43 22.4757
12.806 49 23.6642
11.9486 73 30.264
12.806 50 23.9642
12.3019 65 28.1113
11.9004 69 29.0303
12.2762 64 27.7933
11.6179 78 31.5325
13.6699 47 23.6689
12.6423 58 26.2496
11.6724 71 29.4707
13.9268 45 23.2487
11.5922 78 31.5145
12.806 50 23.9642
12.6037 57 25.9226
12.2762 64 27.7933
12.3019 58 26.0113
11.9294 66 28.1505
13.0565 51 24.4396
13.5093 46 23.2565
11.5922 80 32.1145
11.6724 70 29.1707
13.0565 48 23.5396
11.6724 71 29.4707
12.7675 53 24.8373
11.6179 78 31.5325
12.2216 65 28.0551
13.9268 41 22.0487
11.8362 68 28.6854
11.9294 73 30.2505
13.0565 49 23.8396
12.3019 59 26.3113
13.5093 46 23.2565
13.9268 39 21.4487
11.8105 72 29.8674
12.806 50 23.9642
12.6037 56 25.6226
13.6699 44 22.7689
13.0565 49 23.8396
12.3019 59 26.3113
13.0951 44 22.3665
13.0951 46 22.9665
12.7675 52 24.5373
13.0565 51 24.4396
13.6378 43 22.4464
12.2762 60 26.5933
11.6179 78 31.5325
12.7675 51 24.2373
13.0951 46 22.9665
11.6468 74 30.3527
11.9004 67 28.4303
11.6724 70 29.1707
11.8362 67 28.3854
12.2216 65 28.0551
11.7816 71 29.5471
13.6699 44 22.7689
12.2697 68 28.9888
