12.8349 57 30.501
12.2762 60 31.3657
14.553 55 30.7318
12.8349 58 30.901
12.8349 55 29.701
14.553 56 31.1318
12.2473 64 32.9484
14.553 57 31.5318
12.2762 61 31.7657
12.2762 63 32.5657
12.2762 62 32.1657
12.2473 63 32.5484
12.2762 70 35.3657
12.106 71 35.6636
12.2473 64 32.9484
12.106 72 36.0636
12.1188 73 36.4713
11.7816 71 35.469
12.0803 74 36.8482
12.106 74 36.8636
11.8105 70 35.0863
11.7816 73 36.269
11.6724 70 35.0035
11.8105 77 37.8863
11.8362 68 34.3017
11.6468 73 36.1881
11.6275 81 39.3765
11.8105 70 35.0863
11.6724 71 35.4035
11.6724 70 35.0035
11.6179 75 36.9707
11.6403 82 39.7842
11.5922 78 38.1553
11.6179 77 37.7707
11.5472 87 41.7283
11.6179 78 38.1707
11.5857 86 41.3514
11.5922 80 38.9553
11.5922 81 39.3553
11.5729 82 39.7437
11.5922 80 38.9553
11.5729 83 40.1437
11.5729 84 40.5437
11.5408 92 43.7245
11.5729 85 40.9437
11.5408 93 44.1245
11.5729 83 40.1437
11.5408 95 44.9245
11.5472 89 42.5283
11.5472 88 42.1283
11.5472 91 43.3283
11.6981 89 42.6189
11.5472 94 44.5283
11.5408 102 47.7245
11.5408 94 44.5245
11.5408 99 46.5245
11.5408 96 45.3245
11.5408 95 44.9245
11.6981 95 45.0189
11.5665 95 44.9399
11.5408 98 46.1245
11.5408 104 48.5245
11.4637 124 56.4782
11.5472 92 43.7283
11.5408 95 44.9245
11.5922 82 39.7553
11.4701 118 54.0821
13.3776 62 32.8266
11.5408 95 44.9245
11.5472 86 41.3283
11.5408 94 44.5245
11.6468 75 36.9881
11.5408 97 45.7245
11.5408 94 44.5245
12.106 73 36.4636
12.2473 64 32.9484
11.4958 123 56.0975
12.0803 74 36.8482
11.8362 73 36.3017
11.5472 85 40.9283
11.6468 73 36.1881
11.711 85 41.0266
11.5729 93 44.1437
11.7816 73 36.269
11.5472 87 41.7283
11.6468 72 35.7881
12.2762 66 33.7657
12.0642 68 34.4385
12.1188 67 34.0713
12.3019 63 32.5811
11.5408 95 44.9245
11.8362 69 34.7017
11.5472 91 43.3283
11.5408 98 46.1245
12.2762 62 32.1657
11.5472 86 41.3283
11.6179 76 37.3707
14.553 57 31.5318
11.5472 86 41.3283
11.6724 71 35.4035
11.5472 92 43.7283
11.5922 79 38.5553
11.5408 96 45.3245
11.5729 84 40.5437
11.6724 71 35.4035
12.2697 68 34.5619
11.5408 94 44.5245
11.8362 70 35.1017
11.8362 70 35.1017
12.0931 68 34.4559
13.4611 62 32.8767
11.5408 92 43.7245
11.5408 93 44.1245
11.5729 91 43.3437
12.2762 62 32.1657
11.5729 85 40.9437
11.4637 127 57.6782
11.666 77 37.7996
11.5408 97 45.7245
12.106 74 36.8636
11.5729 82 39.7437
11.5472 91 43.3283
11.6179 77 37.7707
11.6724 71 35.4035
11.5472 85 40.9283
11.711 87 41.8266
12.3019 62 32.1811
12.0642 68 34.4385
11.5408 98 46.1245
11.5472 90 42.9283
11.5922 81 39.3553
11.5472 84 40.5283
11.8362 68 34.3017
11.5922 78 38.1553
12.0931 67 34.0559
11.5472 86 41.3283
11.5922 80 38.9553
13.4611 64 33.6767
14.553 57 31.5318
11.5408 104 48.5245
11.8105 70 35.0863
12.3019 68 34.5811
11.5408 96 45.3245
12.1188 65 33.2713
11.5472 89 42.5283
11.5408 96 45.3245
12.8349 57 30.501
11.5408 97 45.7245
12.106 72 36.0636
11.5408 105 48.9245
