11.4412 70 17.2971
11.711 68 17.3399
11.438 74 17.6942
11.4284 77 17.9855
11.5311 82 18.578
12.9634 67 18.3671
11.711 75 18.0399
13.6121 69 19.1509
12.0739 79 18.7665
11.8876 82 18.8988
12.0739 79 18.7665
11.8812 76 18.2931
11.8812 76 18.2931
11.9326 79 18.6393
11.8812 76 18.2931
12.9634 67 18.3671
11.438 74 17.6942
11.9326 79 18.6393
11.711 68 17.3399
12.9634 67 18.3671
11.8876 82 18.8988
11.9326 79 18.6393
11.8876 82 18.8988
11.8876 82 18.8988
13.8304 69 19.3474
13.8304 69 19.3474
12.0739 79 18.7665
11.4412 70 17.2971
11.711 68 17.3399
11.4284 77 17.9855
12.9634 67 18.3671
12.3982 80 19.1584
11.8812 76 18.2931
11.438 74 17.6942
12.0739 79 18.7665
12.9634 67 18.3671
11.711 75 18.0399
11.9326 79 18.6393
11.5311 82 18.578
11.4316 87 18.9884
12.4046 83 19.4642
11.5504 80 18.3954
11.8876 82 18.8988
11.4412 70 17.2971
11.6917 82 18.7225
13.8304 69 19.3474
11.8876 82 18.8988
11.5311 82 18.578
13.5703 66 18.8133
12.9634 67 18.3671
12.0739 79 18.7665
11.5311 82 18.578
12.9634 67 18.3671
11.8876 82 18.8988
12.0739 79 18.7665
11.8876 82 18.8988
11.8812 76 18.2931
11.5311 82 18.578
11.9326 79 18.6393
11.9326 79 18.6393
11.4412 70 17.2971
11.8876 82 18.8988
11.5311 82 18.578
11.3674 80 18.2306
12.0739 79 18.7665
11.4412 70 17.2971
11.8876 82 18.8988
11.4284 77 17.9855
11.711 75 18.0399
11.8876 82 18.8988
12.9634 67 18.3671
11.8876 82 18.8988
11.9326 79 18.6393
11.8812 76 18.2931
12.9634 67 18.3671
11.711 75 18.0399
11.8876 82 18.8988
11.438 74 17.6942
11.438 74 17.6942
12.9634 67 18.3671
11.4412 70 17.2971
12.0739 79 18.7665
11.711 68 17.3399
12.9634 67 18.3671
11.438 74 17.6942
12.0739 79 18.7665
11.1747 89 18.9572
11.711 68 17.3399
11.5119 77 18.0607
12.4496 80 19.2046
11.4412 70 17.2971
11.5504 80 18.3954
11.8876 82 18.8988
11.9326 79 18.6393
12.0739 79 18.7665
12.9634 67 18.3671
11.8876 82 18.8988
11.9326 79 18.6393
11.4412 70 17.2971
12.0739 79 18.7665
11.711 68 17.3399
12.9634 67 18.3671
11.9326 79 18.6393
12.0739 79 18.7665
11.8812 76 18.2931
11.8876 82 18.8988
12.0739 79 18.7665
11.4412 70 17.2971
11.8876 82 18.8988
12.0739 79 18.7665
12.9634 67 18.3671
11.9326 79 18.6393
11.711 68 17.3399
12.0739 79 18.7665
12.9634 67 18.3671
11.4284 77 17.9855
11.6628 84 18.8965
11.8876 82 18.8988
11.5311 82 18.578
13.8304 69 19.3474
12.9634 67 18.3671
11.8812 76 18.2931
11.711 75 18.0399
11.8812 76 18.2931
11.8812 76 18.2931
11.833 82 18.8497
11.5311 82 18.578
11.8876 82 18.8988
12.9634 67 18.3671
12.9634 67 18.3671
11.711 68 17.3399
11.5504 80 18.3954
11.438 74 17.6942
11.9326 79 18.6393
11.5311 82 18.578
11.9326 79 18.6393
11.4412 70 17.2971
12.3982 80 19.1584
12.0739 79 18.7665
11.4412 70 17.2971
11.5311 82 18.578
12.0739 79 18.7665
11.4412 70 17.2971
12.9634 67 18.3671
12.0739 79 18.7665
12.9634 67 18.3671
11.8876 82 18.8988
11.8812 76 18.2931
11.9326 79 18.6393
12.9634 67 18.3671
