14.553 56 43.5659
14.2897 60 46.2869
13.0083 58 44.5025
13.352 65 49.5056
14.5273 60 46.3582
12.7001 59 45.11
13.0083 59 45.2025
12.7001 58 44.41
12.6166 63 47.885
12.7001 61 46.51
12.6069 67 50.6821
11.894 64 48.3682
12.3019 71 53.3906
11.6307 69 51.7892
11.5151 70 52.4545
11.5311 64 48.2593
11.6403 75 55.9921
11.5247 67 50.3574
11.5151 72 53.8545
11.6403 64 48.2921
11.4637 77 57.3391
11.5247 71 53.1574
11.5151 72 53.8545
11.5247 72 53.8574
11.5151 76 56.6545
11.4155 78 58.0247
11.4798 76 56.6439
11.5151 72 53.8545
11.3642 82 60.8092
12.517 67 50.6551
11.4252 77 57.3276
11.4155 78 58.0247
11.4252 76 56.6276
11.3545 86 63.6064
11.3545 84 62.2064
11.5311 75 55.9593
11.3642 81 60.1092
11.4637 74 55.2391
11.3642 83 61.5092
11.3642 82 60.8092
11.3642 83 61.5092
11.332 89 65.6996
11.3545 89 65.7064
11.361 88 65.0083
11.3642 86 63.6092
11.332 90 66.3996
11.3224 92 67.7967
11.3224 93 68.4967
11.332 84 62.1996
11.332 99 72.6996
11.3224 94 69.1967
11.332 86 63.5996
11.3224 91 67.0967
11.3224 97 71.2967
11.3224 98 71.9967
11.3224 96 70.5967
12.1606 88 65.2482
11.4766 87 64.343
11.6403 66 49.6921
11.3642 85 62.9092
11.8876 64 48.3663
11.3545 86 63.6064
12.6069 68 51.3821
11.5247 66 49.6574
11.3224 99 72.6967
11.3224 95 69.8967
11.4316 81 60.1295
11.5247 68 51.0574
11.3642 85 62.9092
11.4637 79 58.7391
11.5311 69 51.7593
11.5247 66 49.6574
11.3224 92 67.7967
11.332 93 68.4996
11.4637 79 58.7391
11.4766 87 64.343
11.4252 74 55.2276
11.3224 91 67.0967
11.3642 82 60.8092
11.4766 92 67.843
11.361 89 65.7083
11.361 86 63.6083
12.7001 59 45.11
13.4611 65 49.5383
11.3834 87 64.315
11.4155 78 58.0247
11.5151 72 53.8545
11.8491 69 51.8547
11.5247 69 51.7574
11.3642 83 61.5092
11.5247 66 49.6574
11.3224 91 67.0967
11.3642 80 59.4092
11.5247 68 51.0574
11.4252 77 57.3276
11.4155 78 58.0247
11.4316 81 60.1295
11.3224 90 66.3967
11.332 87 64.2996
11.3642 81 60.1092
11.3706 78 58.0112
11.5247 67 50.3574
11.3642 82 60.8092
11.4252 73 54.5275
11.894 73 54.6682
13.0083 57 43.8025
11.3642 81 60.1092
11.3642 80 59.4092
11.3224 95 69.8967
11.5151 72 53.8545
11.422 85 62.9266
11.3224 92 67.7967
11.3642 81 60.1092
13.5222 63 48.1566
11.8876 64 48.3663
11.5247 72 53.8574
11.4862 81 60.1459
11.3642 82 60.8092
12.668 66 50.0004
11.5247 68 51.0574
11.3642 81 60.1092
11.5247 70 52.4574
11.5311 64 48.2593
11.6403 65 48.9921
12.1702 80 59.6511
11.332 84 62.1996
11.3224 104 76.1967
11.4252 78 58.0275
11.3224 90 66.3967
13.4611 64 48.8383
14.553 57 44.2659
11.4252 75 55.9276
11.5247 71 53.1574
11.3224 94 69.1967
11.5311 66 49.6593
11.3224 90 66.3967
12.7001 57 43.71
11.3224 97 71.2967
11.3642 82 60.8092
11.5311 64 48.2593
11.4252 77 57.3276
11.3642 82 60.8092
12.6166 62 47.185
11.332 90 66.3996
11.3224 95 69.8967
11.4155 80 59.4247
11.3642 83 61.5092
11.3642 85 62.9092
11.5151 72 53.8545
11.3224 91 67.0967
