12.8767 46 19.5013
12.8767 47 19.7013
12.8767 48 19.9013
12.5877 52 20.4701
12.5877 52 20.4701
12.8767 49 20.1013
12.7001 53 20.7601
12.6262 54 20.901
12.6262 55 21.101
12.4881 56 21.1905
12.5877 56 21.2701
12.6262 56 21.301
12.4399 56 21.152
12.4881 57 21.3905
12.4399 57 21.352
12.4496 59 21.7597
12.4785 59 21.7828
12.4399 57 21.352
12.4496 66 23.1597
12.4399 58 21.552
12.4399 68 23.552
12.4399 60 21.952
12.4399 64 22.752
12.4399 62 22.352
12.4399 63 22.552
12.4785 60 21.9828
12.1381 66 22.9105
12.5877 60 22.0701
12.0963 74 24.4771
12.4399 69 23.752
11.7816 73 24.0253
12.1381 68 23.3105
11.8362 70 23.469
12.0578 73 24.2462
12.0835 73 24.2668
11.8105 71 23.6484
11.8105 73 24.0484
11.8105 72 23.8484
11.7816 73 24.0253
11.7977 80 25.4382
11.6179 78 24.8943
11.7816 74 24.2253
11.6724 73 23.938
11.6468 76 24.5174
11.6724 76 24.538
11.6468 77 24.7174
11.6179 78 24.8943
11.6468 78 24.9174
11.6724 73 23.938
11.6179 80 25.2943
11.5922 81 25.4737
11.6114 88 26.8891
11.5922 82 25.6737
11.6468 77 24.7174
11.5922 84 26.0737
11.5922 83 25.8737
11.5922 95 28.2737
11.5922 96 28.4737
11.5857 95 28.2686
12.4399 62 22.352
11.7816 74 24.2253
12.4399 55 20.952
12.4399 63 22.552
11.8362 69 23.269
11.5922 82 25.6737
11.8362 71 23.669
11.5922 82 25.6737
11.7816 74 24.2253
12.1381 65 22.7105
12.0578 73 24.2462
11.5922 83 25.8737
11.8105 72 23.8484
12.4399 60 21.952
12.1381 68 23.3105
12.4399 57 21.352
12.1381 68 23.3105
12.4399 66 23.152
11.8105 71 23.6484
12.8382 51 20.4705
12.4399 66 23.152
12.4785 59 21.7828
11.8362 70 23.469
11.6179 80 25.2943
11.6179 78 24.8943
12.4881 53 20.5905
11.5922 82 25.6737
12.0963 74 24.4771
11.5857 94 28.0686
11.7977 78 25.0382
11.6275 84 26.102
12.4785 59 21.7828
12.4399 56 21.152
12.8767 49 20.1013
11.6179 80 25.2943
11.6468 76 24.5174
11.6468 77 24.7174
12.1381 68 23.3105
11.6724 75 24.338
11.7977 80 25.4382
12.8767 52 20.7013
12.4785 59 21.7828
12.0963 76 24.8771
11.6114 85 26.2891
11.6468 76 24.5174
12.5877 53 20.6701
12.6262 52 20.501
12.4399 58 21.552
12.0835 73 24.2668
11.6724 73 23.938
12.4399 60 21.952
12.6262 52 20.501
11.5922 86 26.4737
11.5857 90 27.2686
11.7559 84 26.2048
11.6114 87 26.6891
12.5877 53 20.6701
11.6468 77 24.7174
12.4496 57 21.3597
12.8767 52 20.7013
12.4399 64 22.752
12.8767 49 20.1013
12.0578 73 24.2462
11.8362 67 22.869
12.7001 50 20.1601
12.4399 66 23.152
12.1381 66 22.9105
12.6262 50 20.101
11.5922 85 26.2737
12.4881 51 20.1905
11.6724 72 23.738
12.8767 49 20.1013
12.4399 64 22.752
12.4399 61 22.152
11.6114 88 26.8891
12.4785 55 20.9828
11.8362 70 23.469
12.6262 50 20.101
11.8362 69 23.269
12.4785 57 21.3828
11.7816 75 24.4253
11.6179 81 25.4943
12.4399 62 22.352
11.6179 80 25.2943
11.6724 74 24.138
12.4881 53 20.5905
11.6724 74 24.138
11.5922 84 26.0737
12.668 50 20.1344
12.8382 49 20.0705
12.7001 50 20.1601
