14.9801 55 38.992
14.553 54 38.2212
14.9255 60 41.9702
13.3776 64 43.7511
14.553 56 39.4212
13.8048 59 40.9219
14.2897 57 39.9159
13.352 66 44.9408
14.4984 63 43.5994
13.5414 63 43.2166
13.8048 58 40.3219
13.7437 68 46.2975
12.7803 66 44.7121
13.262 62 42.5048
13.3776 69 46.7511
12.7803 67 45.3121
12.7803 68 45.9121
12.8092 63 42.9237
12.8092 67 45.3237
12.1124 68 45.645
12.7547 70 47.1019
12.1381 67 45.0552
11.8362 68 45.5345
12.1381 66 44.4552
11.8105 71 47.3242
11.6724 70 46.669
11.8362 68 45.5345
11.6179 75 49.6471
11.6179 76 50.2471
11.6468 77 50.8587
11.666 80 52.6664
11.6468 74 49.0587
11.6179 75 49.6471
11.5922 79 52.0369
11.6179 76 50.2471
11.6179 77 50.8471
11.5472 87 56.8189
11.7816 75 49.7127
11.7559 76 50.3024
11.5922 80 52.6369
11.5922 81 53.2369
11.5922 80 52.6369
11.5922 92 59.8369
11.5665 91 59.2266
11.5922 79 52.0369
11.5729 85 55.6292
11.5729 86 56.2292
11.5665 94 61.0266
11.5215 88 57.4086
11.5472 88 57.4189
11.5729 86 56.2292
11.5151 90 58.606
11.5215 87 56.8086
11.5151 90 58.606
11.5151 91 59.206
11.483 94 60.9932
11.5151 93 60.406
11.5151 94 61.006
11.5151 98 63.406
11.5022 98 63.4009
11.4155 122 77.7662
11.316 163 102.326
13.262 61 41.9048
11.666 77 50.8664
11.5922 79 52.0369
11.5922 78 51.4369
11.3256 154 96.9303
11.6468 75 49.6587
11.8362 69 46.1345
11.6179 77 50.8471
13.0951 65 44.238
14.553 55 38.8212
12.0963 73 48.6385
12.8349 63 42.934
11.5215 87 56.8086
13.7502 65 44.5001
11.6468 74 49.0587
11.6724 70 46.669
11.5472 88 57.4189
11.5151 88 57.406
12.8092 65 44.1237
11.5151 93 60.406
11.5729 85 55.6292
11.5408 95 61.6163
14.553 59 41.2212
12.1124 68 45.645
11.6468 74 49.0587
11.6114 82 53.8446
11.6179 78 51.4471
11.5151 92 59.806
11.8362 69 46.1345
14.4984 62 42.9994
11.6179 78 51.4471
11.5922 81 53.2369
11.6179 75 49.6471
13.3166 69 46.7267
12.8349 62 42.334
11.8362 70 46.7345
11.5729 85 55.6292
11.6179 76 50.2471
11.377 147 92.7508
14.2897 59 41.1159
11.6724 72 47.869
12.8028 72 48.3211
12.7547 70 47.1019
11.666 79 52.0664
11.8362 70 46.7345
11.5729 86 56.2292
11.5151 93 60.406
13.3776 61 41.9511
11.5922 83 54.4369
13.8048 60 41.5219
14.4984 62 42.9994
12.0963 75 49.8385
11.5151 95 61.606
13.7502 65 44.5001
11.5922 79 52.0369
11.5922 78 51.4369
11.5472 86 56.2189
12.8349 64 43.534
11.6724 71 47.269
14.4984 61 42.3994
12.8092 69 46.5237
13.3776 64 43.7511
11.5922 79 52.0369
11.5729 85 55.6292
12.8349 66 44.734
11.5151 91 59.206
13.3776 61 41.9511
11.6371 119 76.0548
11.6724 70 46.669
14.5273 59 41.2109
13.8882 63 43.3553
11.4155 127 80.7662
11.8362 69 46.1345
12.8092 69 46.5237
11.7816 74 49.1127
11.5215 85 55.6086
14.5273 60 41.8109
12.8092 67 45.3237
11.5022 99 64.0009
11.7559 81 53.3024
11.6724 71 47.269
13.8048 63 43.3219
13.8048 59 40.9219
11.8362 69 46.1345
13.3776 62 42.5511
11.5665 93 60.4266
11.5215 93 60.4086
11.5215 90 58.6086
