15.4522 42 34.0356
15.0026 46 36.7008
14.5819 46 36.5746
14.5819 47 37.2746
14.5723 52 40.7717
12.7322 49 38.1197
13.702 49 38.4106
14.5819 47 37.2746
12.6166 59 45.085
12.623 48 37.3869
12.7001 57 43.71
12.6166 60 45.785
12.3019 59 44.9906
12.6166 62 47.185
12.6166 63 47.885
12.6069 64 48.5821
12.6134 64 48.584
12.6166 58 44.385
11.5311 56 42.6593
12.2922 63 47.7877
11.5311 60 45.4593
11.5247 58 44.0574
11.5311 58 44.0593
11.5247 62 46.8574
11.5247 63 47.5574
11.5215 61 46.1565
11.5247 61 46.1574
11.4541 69 51.7362
11.5215 62 46.8565
11.5151 63 47.5545
11.3642 71 53.1092
11.4701 64 48.241
11.4316 71 53.1295
11.5151 67 50.3545
11.5247 57 43.3574
11.4252 75 55.9276
11.4155 71 53.1247
11.4155 72 53.8247
11.4252 69 51.7276
11.4155 70 52.4247
11.4316 64 48.2295
11.5247 62 46.8574
11.4155 80 59.4247
11.3642 72 53.8092
11.3931 75 55.9179
11.4155 72 53.8247
11.3642 73 54.5092
11.4637 66 49.6391
11.3642 84 62.2092
11.361 76 56.6083
11.3642 85 62.9092
11.361 86 63.6083
11.3706 74 55.2112
11.3545 78 58.0064
11.361 78 58.0083
11.3224 83 61.4967
11.3224 84 62.1967
11.332 84 62.1996
11.332 84 62.1996
11.332 83 61.4996
11.332 90 66.3996
11.332 86 63.5996
11.5311 58 44.0593
11.361 76 56.6083
11.4155 75 55.9247
11.361 76 56.6083
11.332 79 58.6996
11.5311 58 44.0593
11.5247 58 44.0574
14.5819 48 37.9746
11.3224 91 67.0967
11.4252 69 51.7276
14.5819 44 35.1746
11.5151 64 48.2545
11.422 70 52.4266
12.6166 53 40.885
11.3642 73 54.5092
11.4155 68 51.0247
11.5151 62 46.8545
11.332 78 57.9996
11.5311 58 44.0593
11.332 78 57.9996
11.332 83 61.4996
11.4252 69 51.7276
11.3224 82 60.7967
14.5819 51 40.0746
11.5151 67 50.3545
11.3642 73 54.5092
11.5151 73 54.5545
11.4605 68 51.0381
11.5311 56 42.6593
11.3642 72 53.8092
12.9794 51 39.5938
11.4252 79 58.7276
11.5215 60 45.4565
11.332 81 60.0996
11.5247 61 46.1574
12.623 52 40.1869
12.6166 64 48.585
11.361 79 58.7083
12.6166 53 40.885
12.623 49 38.0869
11.5311 58 44.0593
12.6069 65 49.2821
11.361 85 62.9083
14.5819 47 37.2746
11.4926 64 48.2478
11.5151 64 48.2545
11.4252 64 48.2276
11.3224 87 64.2967
11.5247 61 46.1574
11.361 77 57.3083
11.3545 79 58.7064
11.5311 56 42.6593
11.5215 61 46.1565
11.4252 78 58.0275
11.5215 61 46.1565
12.1702 74 55.4511
11.5215 62 46.8565
11.3224 82 60.7967
11.5247 61 46.1574
11.4155 74 55.2247
11.4541 71 53.1362
11.4252 69 51.7276
11.5311 56 42.6593
11.332 86 63.5996
11.4252 65 48.9276
11.3931 75 55.9179
13.702 51 39.8106
11.361 80 59.4083
11.4701 64 48.241
11.5311 56 42.6593
12.7225 53 40.9168
11.361 77 57.3083
11.3642 75 55.9092
11.332 78 57.9996
11.332 80 59.3996
12.7322 49 38.1197
11.5151 62 46.8545
11.5311 56 42.6593
14.5819 49 38.6746
11.4155 71 53.1247
14.5819 49 38.6746
11.4252 66 49.6276
11.332 81 60.0996
11.4605 68 51.0381
11.5247 69 51.7574
12.6069 53 40.8821
11.4637 68 51.0391
11.4155 72 53.8247
