12.8767 47 19.7013
12.8767 48 19.9013
12.8767 49 20.1013
12.8382 47 19.6705
12.6262 48 19.701
12.8767 47 19.7013
12.8382 48 19.8705
12.6262 49 19.901
12.4881 50 19.9905
12.6262 53 20.701
12.4881 49 19.7905
12.4785 52 20.3828
12.4881 52 20.3905
12.4496 56 21.1597
12.4785 53 20.5828
12.4496 57 21.3597
12.4399 58 21.552
12.4496 55 20.9597
12.4399 56 21.152
12.4399 60 21.952
12.4399 58 21.552
12.4785 55 20.9828
12.4399 60 21.952
12.4399 56 21.152
12.4399 62 22.352
12.4399 63 22.552
12.1381 65 22.7105
12.4399 64 22.752
11.8362 67 22.869
11.9069 69 23.3255
12.4399 68 23.552
11.8234 75 24.4587
12.1381 67 23.1105
11.8362 69 23.269
11.6179 74 24.0943
11.8105 70 23.4484
11.8362 70 23.469
11.6275 80 25.302
11.666 79 25.1328
11.6468 73 23.9174
11.6179 77 24.6943
11.5922 78 24.8737
11.6179 75 24.2943
11.6468 73 23.9174
11.6179 76 24.4943
11.6179 77 24.6943
11.5922 78 24.8737
11.6179 85 26.2943
11.5922 79 25.0737
11.5857 87 26.6686
11.5922 81 25.4737
11.5922 82 25.6737
11.5922 87 26.6737
11.5922 86 26.4737
11.5472 87 26.6378
11.6468 79 25.1174
11.5472 88 26.8378
11.5729 87 26.6583
11.5472 97 28.6378
11.5729 92 27.6583
11.711 86 26.5688
11.5472 93 27.8378
11.5922 80 25.2737
11.5151 105 30.2121
11.5472 93 27.8378
12.668 49 19.9344
11.6724 70 23.338
12.8382 46 19.4705
12.4399 54 20.752
12.4785 53 20.5828
12.4399 65 22.952
11.5729 85 26.2583
11.5729 92 27.6583
12.4496 55 20.9597
12.4785 53 20.5828
11.8362 66 22.669
11.6179 78 24.8943
12.4496 53 20.5597
11.8362 67 22.869
11.8362 67 22.869
12.5877 52 20.4701
11.8362 70 23.469
11.8105 70 23.4484
12.4399 61 22.152
11.5215 101 29.4172
12.4399 63 22.552
12.8767 46 19.5013
11.5922 80 25.2737
12.1381 65 22.7105
11.5729 87 26.6583
11.5215 96 28.4172
12.4399 63 22.552
12.6262 49 19.901
11.8234 74 24.2587
11.8234 75 24.4587
12.8382 48 19.8705
11.6724 73 23.938
12.8767 54 21.1013
12.8382 51 20.4705
11.5922 92 27.6737
12.4496 52 20.3597
12.4785 61 22.1828
11.6179 75 24.2943
12.4881 51 20.1905
11.6179 76 24.4943
11.5729 86 26.4583
11.5922 78 24.8737
11.6468 72 23.7174
12.8767 50 20.3013
12.4881 51 20.1905
11.5408 98 28.8326
12.4399 66 23.152
11.6179 78 24.8943
12.4785 61 22.1828
11.5922 79 25.0737
11.5922 78 24.8737
11.8748 82 25.8998
11.5922 81 25.4737
11.8362 68 23.069
12.4496 55 20.9597
11.6468 75 24.3174
11.8362 68 23.069
11.6179 75 24.2943
11.6468 75 24.3174
11.5665 95 28.2532
12.4496 57 21.3597
11.5665 93 27.8532
11.8105 70 23.4484
12.4496 53 20.5597
11.5472 95 28.2378
12.4399 64 22.752
12.1381 67 23.1105
11.8362 67 22.869
12.8767 48 19.9013
11.5922 79 25.0737
12.4785 52 20.3828
11.5729 87 26.6583
12.4399 63 22.552
11.5922 78 24.8737
11.7238 95 28.3791
11.8105 70 23.4484
11.6179 80 25.2943
12.5877 57 21.4701
12.4399 59 21.752
12.4881 51 20.1905
12.4881 53 20.5905
12.8767 48 19.9013
12.8767 48 19.9013
11.5472 88 26.8378
12.0835 71 23.8668
