12.8767 44 19.1013
12.8767 48 19.9013
12.8767 46 19.5013
12.5877 50 20.0701
12.5877 50 20.0701
12.8767 50 20.3013
12.5877 51 20.2701
12.6262 49 19.901
12.4881 53 20.5905
12.6262 48 19.701
12.4881 54 20.7905
12.4881 52 20.3905
12.4496 53 20.5597
12.4785 53 20.5828
12.4881 53 20.5905
12.4496 54 20.7597
12.4399 55 20.952
12.4496 58 21.5597
12.4785 52 20.3828
12.4399 57 21.352
12.4399 58 21.552
12.4399 59 21.752
12.4399 60 21.952
12.4785 57 21.3828
12.4399 62 22.352
12.5877 58 21.6701
12.0963 72 24.0771
12.4399 67 23.352
13.0951 63 23.076
12.4399 65 22.952
11.8362 68 23.069
12.0835 71 23.8668
11.8362 69 23.269
12.1124 68 23.2899
13.0951 65 23.476
11.6724 70 23.338
11.8362 70 23.469
11.6468 73 23.9174
11.6468 74 24.1174
11.6468 73 23.9174
11.6468 75 24.3174
11.6468 76 24.5174
11.6114 82 25.6891
11.6403 82 25.7123
11.6179 76 24.4943
11.6179 81 25.4943
11.5922 78 24.8737
11.6179 82 25.6943
11.5922 86 26.4737
11.5857 87 26.6686
11.5922 83 25.8737
11.5922 91 27.4737
11.5922 83 25.8737
11.5922 82 25.6737
11.5729 85 26.2583
11.5922 85 26.2737
11.5729 90 27.2583
11.5729 87 26.6583
11.5665 95 28.2532
11.5472 92 27.6378
11.5472 93 27.8378
11.5729 90 27.2583
11.194 146 38.1552
12.4399 60 21.952
11.5922 91 27.4737
11.6724 71 23.538
11.5922 83 25.8737
11.8105 71 23.6484
11.5472 97 28.6378
12.4399 63 22.552
12.1381 66 22.9105
12.1124 68 23.2899
11.5472 87 26.6378
11.5922 78 24.8737
12.4496 53 20.5597
12.4496 54 20.7597
11.6114 84 26.0891
12.4399 65 22.952
11.5472 93 27.8378
12.4399 65 22.952
12.4785 53 20.5828
12.4399 57 21.352
11.6179 78 24.8943
11.6114 85 26.2891
12.4399 70 23.952
11.5472 87 26.6378
12.6262 48 19.701
11.6468 75 24.3174
11.5857 91 27.4686
11.6724 70 23.338
12.4399 57 21.352
11.5472 90 27.2378
11.6724 70 23.338
11.5922 78 24.8737
12.4496 57 21.3597
12.4399 62 22.352
12.4399 62 22.352
12.8382 48 19.8705
11.5472 88 26.8378
12.4785 52 20.3828
12.0835 71 23.8668
12.4399 55 20.952
11.5922 87 26.6737
12.4496 54 20.7597
12.8382 47 19.6705
11.5408 101 29.4326
12.4399 62 22.352
11.6468 72 23.7174
12.4399 58 21.552
12.4399 68 23.552
12.4881 50 19.9905
12.1124 70 23.6899
11.666 80 25.3328
11.6468 78 24.9174
12.4785 51 20.1828
12.8767 47 19.7013
11.5922 79 25.0737
12.4399 56 21.152
11.6468 76 24.5174
12.1124 68 23.2899
11.7559 81 25.6048
11.5472 94 28.0378
12.1381 65 22.7105
12.0835 69 23.4668
11.6724 71 23.538
11.6179 75 24.2943
11.5857 88 26.8686
11.5472 92 27.6378
11.5922 79 25.0737
11.6468 74 24.1174
12.4496 53 20.5597
12.4881 51 20.1905
11.5729 90 27.2583
11.2068 133 35.5654
12.4399 64 22.752
11.2261 136 36.1809
11.5729 88 26.8583
11.5922 83 25.8737
11.5922 79 25.0737
12.5877 50 20.0701
12.4496 53 20.5597
11.5922 82 25.6737
11.5922 79 25.0737
11.5922 82 25.6737
11.6179 75 24.2943
12.8767 45 19.3013
11.5922 82 25.6737
12.4399 60 21.952
12.4399 60 21.952
12.0963 73 24.2771
