11.4412 70 17.2971
11.711 68 17.3399
11.438 74 17.6942
11.4284 77 17.9855
11.5311 82 18.578
12.9634 67 18.3671
11.5504 80 18.3954
13.5703 66 18.8133
11.8876 82 18.8988
11.8812 76 18.2931
11.9326 79 18.6393
11.8876 82 18.8988
11.9326 79 18.6393
13.6121 69 19.1509
12.0739 79 18.7665
11.8876 82 18.8988
11.5504 80 18.3954
11.4412 70 17.2971
11.5504 80 18.3954
11.438 74 17.6942
11.8812 76 18.2931
11.5311 82 18.578
11.438 74 17.6942
11.4412 70 17.2971
11.9326 79 18.6393
11.4284 77 17.9855
11.3128 94 19.5815
11.8876 82 18.8988
11.9326 79 18.6393
11.6403 79 18.3763
11.711 68 17.3399
11.8812 76 18.2931
11.711 75 18.0399
11.4316 87 18.9884
11.8812 76 18.2931
13.5703 66 18.8133
11.711 75 18.0399
11.711 75 18.0399
11.711 68 17.3399
11.8876 82 18.8988
11.4412 70 17.2971
13.8304 69 19.3474
13.8304 69 19.3474
11.8812 76 18.2931
11.711 68 17.3399
12.9634 67 18.3671
12.0739 79 18.7665
13.8304 69 19.3474
13.6121 69 19.1509
12.9634 67 18.3671
11.1747 89 18.9572
11.8876 82 18.8988
11.4316 81 18.3884
11.4284 77 17.9855
11.8812 76 18.2931
11.5504 80 18.3954
12.0739 79 18.7665
11.9326 79 18.6393
11.5504 80 18.3954
13.8304 69 19.3474
11.3128 94 19.5815
11.9326 79 18.6393
12.9634 67 18.3671
11.5311 82 18.578
11.711 75 18.0399
13.5703 66 18.8133
11.711 68 17.3399
11.711 68 17.3399
11.438 74 17.6942
11.5311 82 18.578
11.8876 82 18.8988
11.438 74 17.6942
11.1779 100 20.0601
12.9634 67 18.3671
11.4412 70 17.2971
11.438 74 17.6942
11.3128 94 19.5815
11.8812 76 18.2931
11.8876 82 18.8988
13.6121 69 19.1509
11.5311 82 18.578
11.5408 86 18.9867
11.4284 77 17.9855
11.4412 70 17.2971
11.4284 77 17.9855
11.438 74 17.6942
11.711 75 18.0399
11.1683 108 20.8514
11.9326 79 18.6393
11.711 68 17.3399
11.9326 79 18.6393
12.0739 79 18.7665
11.8876 82 18.8988
11.438 74 17.6942
11.5311 82 18.578
11.5311 82 18.578
11.8876 82 18.8988
12.9634 67 18.3671
11.9326 79 18.6393
11.8812 76 18.2931
12.4496 80 19.2046
11.5504 80 18.3954
11.4284 77 17.9855
11.8812 76 18.2931
12.0642 86 19.4578
11.5504 80 18.3954
11.8876 82 18.8988
11.8812 76 18.2931
12.9634 67 18.3671
11.8876 82 18.8988
11.711 75 18.0399
11.8812 76 18.2931
11.9326 79 18.6393
11.9326 79 18.6393
11.8876 82 18.8988
11.438 74 17.6942
12.0739 79 18.7665
11.5311 82 18.578
11.4284 77 17.9855
11.4412 70 17.2971
11.711 75 18.0399
11.8876 82 18.8988
11.8876 82 18.8988
11.5504 80 18.3954
11.4412 70 17.2971
11.4284 77 17.9855
11.1779 100 20.0601
11.9326 79 18.6393
11.8876 82 18.8988
13.5703 66 18.8133
11.8812 76 18.2931
13.8304 69 19.3474
11.711 68 17.3399
11.711 68 17.3399
11.5311 82 18.578
11.438 74 17.6942
13.8304 69 19.3474
12.9634 67 18.3671
11.711 68 17.3399
12.0739 79 18.7665
11.5311 82 18.578
11.8812 76 18.2931
11.2357 99 20.0121
12.9634 67 18.3671
11.711 75 18.0399
11.8876 82 18.8988
13.8304 69 19.3474
13.8304 69 19.3474
11.4412 70 17.2971
11.8812 76 18.2931
