13.7437 79 59.4231
13.7502 77 58.025
12.806 77 57.7418
12.8478 73 54.9543
12.2505 74 55.4751
12.8478 74 55.6543
11.894 81 60.2682
12.1188 75 56.1356
12.1381 78 58.2414
11.9486 78 58.1846
11.8362 77 57.4509
11.9486 79 58.8846
11.7848 78 58.1355
11.8234 87 64.447
11.7848 82 60.9355
11.666 90 66.4998
12.0835 79 58.925
11.6724 84 62.3017
11.6724 78 58.1017
11.6468 82 60.894
11.7848 81 60.2355
11.6179 85 62.9854
11.5729 95 69.9719
11.5922 85 62.9776
11.7816 84 62.3345
11.5922 89 65.7776
11.5857 97 71.3757
11.5922 89 65.7776
11.7046 89 65.8114
11.6179 89 65.7854
11.5857 101 74.1757
11.5922 95 69.9776
11.5536 96 70.6661
11.5922 99 72.7776
11.5536 106 77.6661
11.5472 105 76.9642
11.5472 106 77.6642
11.5472 100 73.4642
11.8362 97 71.4509
11.5472 102 74.8642
11.5472 105 76.9642
11.5472 104 76.2642
11.483 106 77.6449
11.5215 106 77.6564
11.5729 101 74.1719
11.483 105 76.9449
11.4733 109 79.742
11.4509 108 79.0353
11.4733 108 79.042
11.4412 109 79.7324
11.4412 119 86.7324
11.4733 109 79.742
11.4733 109 79.742
11.7174 94 69.3152
11.6179 85 62.9854
12.8221 77 57.7466
11.894 83 61.6682
11.4412 110 80.4324
11.7816 83 61.6345
11.5729 98 72.0719
11.6179 83 61.5854
11.5536 100 73.4661
11.6468 84 62.294
11.5922 94 69.2776
11.5536 94 69.2661
11.6179 88 65.0854
11.6468 81 60.194
11.6114 93 68.5834
11.5922 92 67.8776
11.7592 82 60.9277
11.5536 101 74.1661
12.806 83 61.9418
11.5922 87 64.3776
11.5922 90 66.4776
11.4926 112 81.8478
12.806 82 61.2418
11.6724 83 61.6017
11.5922 95 69.9776
11.5311 102 74.8593
11.5087 108 79.0526
11.483 105 76.9449
11.5536 102 74.8661
11.5408 111 81.1622
11.5729 99 72.7719
11.955 81 60.2865
11.6724 83 61.6017
11.6468 82 60.894
12.0642 81 60.3193
11.711 99 72.8133
11.5472 105 76.9642
11.483 106 77.6449
11.9358 85 63.0807
11.9004 82 60.9701
11.8362 78 58.1509
11.5311 102 74.8593
11.6179 89 65.7854
11.9486 78 58.1846
11.5729 100 73.4719
13.3776 73 55.1133
11.6179 92 67.8854
12.4207 75 56.2262
11.6724 81 60.2017
11.6179 86 63.6854
11.8748 86 63.7624
11.7848 82 60.9355
11.5472 103 75.5642
11.5922 91 67.1777
11.6179 89 65.7854
11.7816 83 61.6345
11.4412 111 81.1324
11.8362 78 58.1509
11.7688 90 66.5306
11.9486 78 58.1846
12.7932 79 59.138
11.7174 93 68.6152
11.9229 79 58.8769
11.4733 108 79.042
11.5697 111 81.1709
11.8362 78 58.1509
11.5793 92 67.8738
11.8234 86 63.747
11.5087 108 79.0526
11.5954 93 68.5786
11.5536 96 70.6661
11.5922 87 64.3776
12.1188 75 56.1356
11.5472 98 72.0642
11.894 83 61.6682
11.4412 110 80.4324
11.8362 80 59.5509
11.5472 103 75.5642
11.5922 94 69.2776
11.5922 89 65.7776
11.5472 105 76.9642
13.3776 73 55.1133
11.7816 83 61.6345
11.5857 98 72.0757
12.8221 78 58.4466
11.483 105 76.9449
11.4509 109 79.7353
11.5922 90 66.4776
12.0642 81 60.3193
11.5472 104 76.2642
11.6724 83 61.6017
11.5536 98 72.0661
11.6179 92 67.8854
11.955 81 60.2865
11.5922 95 69.9776
11.4733 107 78.342
11.894 82 60.9682
