11.4412 70 17.2971
12.4978 69 18.148
11.4412 70 17.2971
11.711 75 18.0399
13.6121 69 19.1509
11.5504 80 18.3954
11.3256 107 20.8931
11.7848 99 20.5064
11.5504 80 18.3954
11.3545 119 22.1191
12.4978 69 18.148
11.4412 70 17.2971
11.711 75 18.0399
11.4412 70 17.2971
11.5504 88 19.1954
11.711 75 18.0399
11.5504 88 19.1954
11.2999 90 19.1699
12.4978 72 18.448
11.5504 80 18.3954
12.4978 69 18.148
11.5504 80 18.3954
11.4091 114 21.6682
11.5504 80 18.3954
13.8304 69 19.3474
12.0032 90 19.8029
11.5504 80 18.3954
11.4412 75 17.7971
11.5279 105 20.8751
11.4188 104 20.6769
11.4412 70 17.2971
12.4978 69 18.148
11.711 75 18.0399
11.5504 88 19.1954
11.711 75 18.0399
11.3642 109 21.1277
11.5504 80 18.3954
11.422 90 19.2798
11.4412 75 17.7971
11.4412 70 17.2971
11.5119 77 18.0607
11.711 75 18.0399
12.4978 72 18.448
11.711 75 18.0399
11.2999 90 19.1699
11.833 92 19.8497
11.3256 107 20.8931
11.711 75 18.0399
13.8304 69 19.3474
11.4412 70 17.2971
11.3642 104 20.6277
11.422 90 19.2798
11.422 90 19.2798
11.5504 80 18.3954
11.711 75 18.0399
12.4978 72 18.448
11.711 75 18.0399
11.4412 70 17.2971
13.8304 69 19.3474
13.6121 69 19.1509
11.377 109 21.1393
13.5703 66 18.8133
11.711 75 18.0399
12.4978 72 18.448
12.4978 69 18.148
11.711 75 18.0399
12.4978 69 18.148
11.316 109 21.0844
12.4978 69 18.148
11.5504 80 18.3954
11.4412 70 17.2971
11.3738 95 19.7364
11.3545 106 20.8191
11.5504 80 18.3954
12.4978 69 18.148
13.8304 69 19.3474
11.4412 70 17.2971
11.4412 70 17.2971
12.0032 90 19.8029
11.3545 119 22.1191
11.4412 70 17.2971
11.711 75 18.0399
11.5504 88 19.1954
11.3738 95 19.7364
12.4978 72 18.448
11.4412 70 17.2971
11.4412 70 17.2971
11.4091 114 21.6682
11.4412 70 17.2971
11.5504 88 19.1954
11.5504 80 18.3954
11.9904 91 19.8913
12.4978 69 18.148
12.4978 69 18.148
12.4978 69 18.148
11.5119 77 18.0607
13.6121 69 19.1509
12.4978 72 18.448
12.4978 69 18.148
11.5504 88 19.1954
11.711 75 18.0399
12.4978 72 18.448
11.5504 80 18.3954
11.5504 80 18.3954
11.711 75 18.0399
11.5504 80 18.3954
11.9904 89 19.6913
11.7848 99 20.5064
11.711 75 18.0399
11.316 109 21.0844
11.316 109 21.0844
11.5504 88 19.1954
11.711 75 18.0399
11.711 75 18.0399
13.8304 69 19.3474
11.3256 107 20.8931
11.711 75 18.0399
13.6121 69 19.1509
11.711 75 18.0399
11.711 75 18.0399
12.4978 69 18.148
12.4978 69 18.148
11.4412 70 17.2971
11.711 75 18.0399
11.4412 70 17.2971
11.711 75 18.0399
11.316 109 21.0844
11.3353 103 20.5017
11.711 75 18.0399
12.0032 90 19.8029
11.711 75 18.0399
12.4978 72 18.448
12.4978 69 18.148
11.422 90 19.2798
11.422 90 19.2798
11.3545 106 20.8191
11.5119 77 18.0607
11.5504 88 19.1954
11.3738 100 20.2364
11.4412 70 17.2971
13.8304 69 19.3474
13.6121 69 19.1509
11.3642 104 20.6277
11.5279 105 20.8751
11.4412 70 17.2971
12.4978 72 18.448
11.5504 88 19.1954
11.711 75 18.0399
11.422 90 19.2798
11.711 75 18.0399
