14.553 56 39.4212
13.8048 63 43.3219
14.9801 54 38.392
13.8882 64 43.9553
14.553 58 40.6212
14.553 57 40.0212
13.3776 67 45.5511
13.352 68 46.1408
14.553 61 42.4212
13.3776 63 43.1511
14.9544 59 41.3818
13.262 63 43.1048
13.7502 67 45.7001
12.8285 71 47.7314
13.262 64 43.7048
12.8349 65 44.134
12.8092 68 45.9237
12.7803 71 47.7121
12.1381 68 45.6552
12.8092 68 45.9237
12.8349 68 45.934
12.1381 69 46.2552
12.0835 74 49.2334
11.894 75 49.7576
12.1124 71 47.445
12.1124 73 48.645
11.9486 72 47.9794
11.6468 75 49.6587
11.8362 73 48.5345
11.8362 74 49.1345
11.8362 71 47.3345
11.6468 75 49.6587
11.6724 75 49.669
11.6468 76 50.2587
11.6468 77 50.8587
11.6179 78 51.4471
11.6403 85 55.6561
11.6179 77 50.8471
11.5922 80 52.6369
11.6179 80 52.6471
11.5922 79 52.0369
11.5922 89 58.0369
11.6468 77 50.8587
11.5857 91 59.2343
11.5922 87 56.8369
11.5922 86 56.2369
11.5857 87 56.8343
11.5472 96 62.2189
11.5665 95 61.6266
11.5857 88 57.4343
11.7367 86 56.2947
11.5472 92 59.8189
11.5311 91 59.2125
11.5408 98 63.4163
11.5729 98 63.4292
11.5215 93 60.4086
11.5215 93 60.4086
11.5151 136 86.206
14.553 57 40.0212
11.6468 78 51.4587
11.7816 77 50.9127
11.7559 77 50.9024
11.5922 85 55.6369
11.666 81 53.2664
11.5922 83 54.4369
12.7803 72 48.3121
11.5215 91 59.2086
11.9486 71 47.3794
11.6179 78 51.4471
11.5311 91 59.2125
11.9229 75 49.7692
11.9486 72 47.9794
11.9486 73 48.5795
12.8349 73 48.934
11.5922 84 55.0369
11.6179 78 51.4471
13.4355 68 46.1742
11.6468 75 49.6587
11.5215 100 64.6086
13.7502 67 45.7001
11.5922 79 52.0369
11.5922 80 52.6369
12.0963 75 49.8385
11.5922 81 53.2369
11.9229 74 49.1692
13.262 64 43.7048
11.5922 80 52.6369
11.5922 80 52.6369
14.9801 57 40.192
11.5922 81 53.2369
13.7502 66 45.1001
11.9486 71 47.3794
12.7803 72 48.3121
11.5729 87 56.8292
11.5922 90 58.6369
11.7367 88 57.4947
12.7803 69 46.5121
11.5922 84 55.0369
12.8028 75 50.1211
11.6114 86 56.2446
11.6179 86 56.2471
11.5729 88 57.4292
11.5311 90 58.6125
13.8048 62 42.7219
14.264 64 44.1056
11.5922 82 53.8369
11.6468 78 51.4587
13.3776 67 45.5511
12.8349 67 45.334
11.9229 74 49.1692
14.5273 62 43.0109
11.5857 88 57.4343
11.5472 89 58.0189
11.8362 73 48.5345
11.894 77 50.9576
11.9069 73 48.5628
11.6468 77 50.8587
13.7437 69 46.8975
11.5311 98 63.4125
11.9229 75 49.7692
11.5922 92 59.8369
13.8882 64 43.9553
11.5922 87 56.8369
11.5729 89 58.0292
11.5729 88 57.4292
11.6468 75 49.6587
11.5729 90 58.6292
13.3776 66 44.9511
12.8285 73 48.9314
13.7791 65 44.5116
11.6114 85 55.6446
11.6403 81 53.2561
11.5472 93 60.4189
11.8362 72 47.9345
11.5922 80 52.6369
14.2897 60 41.7159
12.8092 67 45.3237
14.553 59 41.2212
14.4984 65 44.7994
12.1381 69 46.2552
11.5922 80 52.6369
12.0963 75 49.8385
14.4984 65 44.7994
11.6724 74 49.069
11.5922 80 52.6369
11.9229 75 49.7692
11.5922 83 54.4369
14.5273 61 42.4109
11.6468 75 49.6587
11.6179 80 52.6471
