12.8382 50 20.2705
12.8767 52 20.7013
12.8767 50 20.3013
12.6615 53 20.7292
12.6262 54 20.901
12.7001 50 20.1601
12.6262 53 20.701
12.7001 53 20.7601
12.6262 54 20.901
12.6262 58 21.701
12.4881 56 21.1905
12.5877 56 21.2701
12.8703 51 20.4962
12.6262 56 21.301
12.4785 57 21.3828
12.4881 57 21.3905
12.4785 56 21.1828
12.4399 59 21.752
12.4496 59 21.7597
12.4785 59 21.7828
12.4399 63 22.552
12.4399 64 22.752
12.4399 65 22.952
12.4399 66 23.152
12.4399 64 22.752
12.4399 65 22.952
12.4399 66 23.152
12.4399 67 23.352
12.2505 68 23.4004
11.8105 72 23.8484
12.4399 68 23.552
12.2087 76 24.967
11.8362 69 23.269
12.2505 70 23.8004
11.7977 79 25.2382
11.8105 74 24.2484
11.8105 73 24.0484
11.7848 74 24.2279
11.7977 81 25.6382
11.7816 73 24.0253
11.6724 76 24.538
11.6468 76 24.5174
11.6468 78 24.9174
11.7816 74 24.2253
11.6403 84 26.1123
11.6403 85 26.3123
11.5922 83 25.8737
11.5922 84 26.0737
11.5922 83 25.8737
11.6468 81 25.5174
11.5922 82 25.6737
11.6724 76 24.538
11.5922 83 25.8737
11.5922 84 26.0737
11.5922 85 26.2737
11.7559 83 26.0048
11.5922 87 26.6737
11.5922 86 26.4737
11.5922 89 27.0737
11.5665 97 28.6532
11.6179 86 26.4943
11.5729 89 27.0583
12.7001 55 21.1601
11.7046 83 25.9636
11.8362 71 23.669
12.6262 54 20.901
11.6724 76 24.538
12.7001 51 20.3601
11.6179 81 25.4943
12.1959 74 24.5567
12.4399 59 21.752
11.5922 92 27.6737
12.4399 65 22.952
12.4881 57 21.3905
12.4399 70 23.952
12.4399 64 22.752
12.4399 62 22.352
12.4881 57 21.3905
12.6615 55 21.1292
11.7816 75 24.4253
11.7816 76 24.6253
12.4785 56 21.1828
11.7848 74 24.2279
12.6198 56 21.2958
12.4399 64 22.752
12.4399 62 22.352
12.4399 70 23.952
12.2087 77 25.167
12.6262 58 21.701
12.4399 63 22.552
11.6403 83 25.9123
11.8362 70 23.469
11.5922 81 25.4737
11.6468 77 24.7174
12.2087 75 24.767
12.5877 58 21.6701
11.5857 95 28.2686
12.8767 54 21.1013
12.4399 60 21.952
11.6468 77 24.7174
11.7848 74 24.2279
11.7848 74 24.2279
11.7848 75 24.4279
12.8767 48 19.9013
11.5922 84 26.0737
12.6262 51 20.301
12.4399 60 21.952
12.6262 54 20.901
12.4399 64 22.752
12.4399 70 23.952
11.6724 76 24.538
12.8767 49 20.1013
11.6179 80 25.2943
12.4399 59 21.752
12.6262 54 20.901
12.8767 52 20.7013
11.7816 75 24.4253
11.8105 74 24.2484
11.8105 72 23.8484
11.6179 81 25.4943
12.6262 51 20.301
12.5877 65 23.0701
12.4399 60 21.952
11.6179 80 25.2943
11.5922 84 26.0737
11.6468 77 24.7174
11.5857 90 27.2686
11.6179 82 25.6943
11.6179 82 25.6943
12.6262 57 21.501
12.2505 67 23.2004
12.5877 59 21.8701
11.6468 77 24.7174
12.5877 57 21.4701
12.4399 63 22.552
12.2505 77 25.2004
12.4785 61 22.1828
11.6468 76 24.5174
11.8362 70 23.469
11.8362 72 23.869
12.6262 54 20.901
12.4881 57 21.3905
11.7559 77 24.8048
11.5922 82 25.6737
12.1381 71 23.9105
11.6179 81 25.4943
11.5922 86 26.4737
12.6262 54 20.901
12.4785 60 21.9828
12.4399 65 22.952
