15.4425 44 35.4328
14.5819 41 33.0746
14.5883 41 33.0765
15.4522 50 39.6356
14.5819 45 35.8746
13.3455 50 39.0037
13.6988 48 37.7096
14.5819 47 37.2746
12.623 45 35.2869
12.623 46 35.9869
12.623 45 35.2869
12.623 48 37.3869
12.6134 49 38.084
12.6069 53 40.8821
12.623 49 38.0869
12.2987 57 43.5896
12.6134 51 39.484
12.2987 56 42.8896
12.4721 52 40.1416
12.6134 55 42.284
12.3083 53 40.7925
11.5247 57 43.3574
11.4701 61 46.141
11.8876 54 41.3663
12.2987 58 44.2896
11.5247 55 41.9574
11.5247 56 42.6574
11.8876 54 41.3663
11.5247 67 50.3574
11.4541 66 49.6362
11.5215 59 44.7565
11.5247 59 44.7574
11.5151 60 45.4545
11.5151 61 46.1545
11.4252 62 46.8276
11.4637 62 46.8391
11.5311 53 40.5593
11.5151 62 46.8545
11.5247 55 41.9574
11.3642 71 53.1092
11.4252 74 55.2276
11.4155 70 52.4247
11.4155 67 50.3247
11.3642 74 55.2092
11.4155 77 57.3247
11.3545 73 54.5064
11.4155 69 51.7247
11.3642 70 52.4092
11.3642 71 53.1092
11.3642 70 52.4092
11.3642 73 54.5092
11.3545 83 61.5064
11.3545 78 58.0064
11.3545 75 55.9064
11.332 76 56.5996
11.3545 76 56.6064
11.3224 81 60.0967
14.5819 53 41.4746
12.623 45 35.2869
12.2987 57 43.5896
12.6166 47 36.685
11.5151 61 46.1545
11.3642 70 52.4092
12.2987 57 43.5896
12.3083 54 41.4925
11.4252 70 52.4276
13.3455 48 37.6037
11.4155 69 51.7247
11.3642 73 54.5092
11.5151 60 45.4545
12.3083 53 40.7925
11.5151 62 46.8545
11.4252 63 47.5275
13.6988 48 37.7096
11.5247 55 41.9574
11.5247 56 42.6574
11.5247 58 44.0574
11.4155 68 51.0247
11.4155 69 51.7247
12.623 45 35.2869
12.6134 49 38.084
11.5247 53 40.5574
11.5215 62 46.8565
11.5151 61 46.1545
11.4252 66 49.6276
11.3545 76 56.6064
11.4252 66 49.6276
11.3642 72 53.8092
12.6134 49 38.084
12.3083 57 43.5925
11.5151 59 44.7545
12.6166 47 36.685
12.6134 60 45.784
12.6134 52 40.184
11.4252 66 49.6276
11.5151 60 45.4545
14.5819 52 40.7746
11.4252 61 46.1276
11.5151 63 47.5545
12.623 49 38.0869
12.3083 56 42.8925
11.3545 74 55.2064
11.4252 67 50.3276
12.3083 56 42.8925
12.6134 49 38.084
11.5247 66 49.6574
11.4252 68 51.0275
14.5819 51 40.0746
12.623 52 40.1869
11.4155 69 51.7247
12.2987 56 42.8896
11.4637 63 47.5391
12.4624 56 42.9387
11.3545 74 55.2064
11.3545 75 55.9064
14.5883 41 33.0765
11.3642 70 52.4092
11.3545 75 55.9064
12.623 50 38.7869
15.4522 41 33.3356
12.3083 53 40.7925
11.4252 73 54.5275
11.5151 59 44.7545
11.4701 71 53.141
12.3083 55 42.1925
12.6069 53 40.8821
11.5247 63 47.5574
11.4252 63 47.5275
12.6134 53 40.884
11.3642 74 55.2092
11.3545 75 55.9064
11.5247 68 51.0574
14.5819 43 34.4746
11.3545 76 56.6064
11.3642 69 51.7092
11.4252 63 47.5275
11.5247 55 41.9574
11.4155 68 51.0247
11.4155 76 56.6247
11.4252 64 48.2276
11.5151 70 52.4545
11.332 76 56.5996
12.3083 52 40.0925
11.3545 74 55.2064
11.332 80 59.3996
11.4701 65 48.941
12.2987 56 42.8896
11.4155 72 53.8247
11.5151 69 51.7545
11.5247 55 41.9574
