12.1606 74 18.3445
11.9583 79 18.6624
12.4143 75 18.6728
12.7322 76 19.059
11.7174 85 19.0457
12.7322 76 19.059
12.684 83 19.7156
11.7174 85 19.0457
11.7174 85 19.0457
11.7174 85 19.0457
11.4894 105 20.8405
11.6018 97 20.1416
11.6468 87 19.1821
12.4978 72 18.448
11.4573 115 21.8116
12.4143 75 18.6728
11.9583 79 18.6624
11.4894 105 20.8405
12.7322 76 19.059
11.5344 95 19.8809
12.7322 76 19.059
11.7174 85 19.0457
12.7322 76 19.059
11.7174 85 19.0457
11.9583 79 18.6624
12.4143 75 18.6728
12.7322 76 19.059
11.7174 85 19.0457
11.7174 85 19.0457
12.7322 76 19.059
11.7174 85 19.0457
11.6596 84 18.8936
11.5697 107 21.1127
12.4978 77 18.948
12.4143 75 18.6728
11.4573 115 21.8116
11.6468 87 19.1821
12.7322 76 19.059
12.2697 73 18.3428
11.9583 79 18.6624
11.7174 85 19.0457
11.9583 79 18.6624
11.6339 105 20.9705
12.684 80 19.4156
12.4143 75 18.6728
11.7174 85 19.0457
12.7322 76 19.059
11.9583 79 18.6624
11.7174 85 19.0457
11.7174 85 19.0457
11.7174 85 19.0457
11.7174 85 19.0457
12.684 80 19.4156
12.4143 75 18.6728
12.6069 71 18.4462
12.7322 76 19.059
12.4143 75 18.6728
13.7887 76 20.0098
11.7174 85 19.0457
11.7174 85 19.0457
11.7174 85 19.0457
11.9583 79 18.6624
12.7322 76 19.059
13.7887 76 20.0098
12.2697 73 18.3428
12.7322 76 19.059
12.7322 76 19.059
11.7174 85 19.0457
11.7945 100 20.615
12.4143 75 18.6728
12.684 83 19.7156
12.7322 76 19.059
11.9583 79 18.6624
12.7322 76 19.059
11.7174 85 19.0457
12.7322 76 19.059
11.6468 87 19.1821
12.7322 76 19.059
11.6596 84 18.8936
12.4143 75 18.6728
12.4978 77 18.948
11.9583 79 18.6624
11.7174 85 19.0457
11.6596 84 18.8936
11.9583 79 18.6624
11.6724 95 20.0052
11.4573 115 21.8116
12.7322 76 19.059
12.7322 76 19.059
11.7174 85 19.0457
12.1606 74 18.3445
11.6724 95 20.0052
11.7174 85 19.0457
12.7322 76 19.059
11.7174 85 19.0457
11.7174 85 19.0457
11.6468 87 19.1821
12.7322 76 19.059
12.4143 75 18.6728
12.4143 75 18.6728
12.7322 76 19.059
11.6114 91 19.5503
12.7322 76 19.059
11.7174 85 19.0457
11.7174 85 19.0457
12.2697 73 18.3428
11.7174 85 19.0457
13.7887 76 20.0098
11.6596 84 18.8936
12.6647 69 18.2983
11.7174 85 19.0457
12.1606 74 18.3445
12.4978 72 18.448
11.5344 95 19.8809
11.7174 85 19.0457
11.9583 79 18.6624
11.7174 85 19.0457
11.9583 79 18.6624
12.7322 76 19.059
12.7322 76 19.059
11.7174 85 19.0457
12.7322 76 19.059
12.4143 75 18.6728
12.7322 76 19.059
13.7887 76 20.0098
11.7174 85 19.0457
12.6069 71 18.4462
11.4573 115 21.8116
11.4894 105 20.8405
12.2697 73 18.3428
12.6069 71 18.4462
12.4143 75 18.6728
11.6114 88 19.2503
12.7322 76 19.059
11.7174 85 19.0457
12.4143 75 18.6728
12.7322 76 19.059
12.7322 76 19.059
11.7174 85 19.0457
12.7322 76 19.059
12.7322 76 19.059
11.6114 91 19.5503
12.7322 76 19.059
12.7322 76 19.059
12.6069 71 18.4462
11.6179 110 21.4561
12.7322 76 19.059
11.7174 85 19.0457
11.7174 85 19.0457
11.5344 95 19.8809
