12.6262 47 19.501
12.8767 48 19.9013
12.6262 49 19.901
12.8382 50 20.2705
12.6262 51 20.301
12.6262 50 20.101
12.8382 48 19.8705
12.6262 52 20.501
12.4496 52 20.3597
12.6262 50 20.101
12.4496 53 20.5597
12.4785 55 20.9828
12.4881 52 20.3905
12.4496 53 20.5597
12.4785 53 20.5828
12.4496 54 20.7597
12.4399 55 20.952
12.4496 64 22.7597
12.4399 56 21.152
12.4399 57 21.352
12.4399 58 21.552
12.4399 62 22.352
12.4399 58 21.552
12.4399 64 22.752
12.4399 71 24.152
12.4399 61 22.152
12.1381 65 22.7105
12.4399 64 22.752
11.8362 67 22.869
12.1381 66 22.9105
12.4399 63 22.552
11.8234 75 24.4587
12.0835 71 23.8668
11.8362 67 22.869
11.6179 74 24.0943
11.8105 70 23.4484
11.8234 77 24.8587
11.6724 71 23.538
11.6724 72 23.738
11.6468 73 23.9174
11.666 80 25.3328
11.6724 70 23.338
11.6114 82 25.6891
11.6468 75 24.3174
11.6724 70 23.338
11.5922 79 25.0737
11.5922 78 24.8737
11.6179 82 25.6943
11.5922 79 25.0737
11.7559 77 24.8048
11.5922 79 25.0737
11.5922 80 25.2737
11.5922 81 25.4737
11.5922 84 26.0737
11.5729 85 26.2583
11.5922 85 26.2737
11.7367 83 25.9893
11.711 84 26.1688
11.5729 85 26.2583
11.5408 95 28.2326
11.5922 79 25.0737
11.5408 96 28.4326
11.4733 167 42.5787
11.8362 68 23.069
11.8362 70 23.469
11.5472 87 26.6378
11.5922 79 25.0737
12.8767 44 19.1013
12.8767 44 19.1013
11.7559 81 25.6048
11.5729 85 26.2583
12.5877 59 21.8701
11.8362 66 22.669
11.9069 69 23.3255
11.4733 167 42.5787
12.4881 50 19.9905
12.4496 57 21.3597
12.5877 51 20.2701
12.4785 52 20.3828
11.5922 81 25.4737
11.5922 80 25.2737
12.4496 57 21.3597
11.5922 85 26.2737
12.8382 46 19.4705
11.5922 83 25.8737
12.4785 52 20.3828
11.5922 85 26.2737
12.4881 53 20.5905
11.5729 86 26.4583
12.8382 48 19.8705
12.0835 69 23.4668
12.8767 44 19.1013
11.8105 71 23.6484
11.5729 86 26.4583
11.7816 72 23.8253
12.6262 51 20.301
11.6179 75 24.2943
12.6262 50 20.101
12.8382 48 19.8705
11.6468 75 24.3174
11.5472 90 27.2378
11.5472 87 26.6378
12.8382 49 20.0705
13.0951 64 23.276
12.4399 61 22.152
12.8382 50 20.2705
11.6724 69 23.138
11.6724 70 23.338
12.6262 49 19.901
11.5922 85 26.2737
12.4399 60 21.952
11.5472 87 26.6378
12.6262 49 19.901
12.4785 53 20.5828
11.5922 83 25.8737
11.711 87 26.7688
12.4399 63 22.552
11.6468 74 24.1174
12.8382 48 19.8705
12.5877 50 20.0701
11.5729 87 26.6583
12.0963 74 24.4771
12.4399 55 20.952
12.4496 54 20.7597
12.4881 52 20.3905
11.5922 87 26.6737
12.4496 55 20.9597
11.5922 80 25.2737
11.6468 79 25.1174
12.4399 58 21.552
12.1124 68 23.2899
11.5922 80 25.2737
12.4785 53 20.5828
11.8105 71 23.6484
12.4785 52 20.3828
11.8105 73 24.0484
11.8362 68 23.069
11.5408 94 28.0326
12.4881 53 20.5905
11.6724 70 23.338
11.6179 76 24.4943
12.4399 65 22.952
11.8362 67 22.869
11.5729 85 26.2583
11.6468 73 23.9174
12.4399 63 22.552
11.6179 79 25.0943
12.8767 50 20.3013
12.6262 48 19.701
11.5729 86 26.4583
