12.3019 63 32.5811
13.4611 63 33.2767
12.3019 60 31.3811
14.553 57 31.5318
12.3019 61 31.7811
14.5273 58 31.9164
13.4611 65 34.0767
12.2697 69 34.9618
12.2473 66 33.7484
14.4727 63 33.8836
12.2473 63 32.5484
12.2697 70 35.3619
12.1188 64 32.8713
12.2216 66 33.7329
12.0931 67 34.0559
12.106 73 36.4636
11.8234 74 36.694
12.0931 67 34.0559
12.106 74 36.8636
11.7816 72 35.869
11.7816 73 36.269
11.6724 70 35.0035
11.8105 70 35.0863
11.8234 77 37.894
11.6724 78 38.2035
11.6724 72 35.8035
11.5922 77 37.7553
11.666 80 38.9996
11.6468 74 36.5881
11.6724 69 34.6035
11.6468 75 36.9881
11.5922 78 38.1553
11.6179 77 37.7707
11.5857 85 40.9514
11.6179 78 38.1707
11.5922 79 38.5553
11.5857 87 41.7514
11.5857 88 42.1514
11.7559 79 38.6536
11.7367 80 39.042
11.7559 80 39.0536
11.5729 84 40.5437
11.5472 85 40.9283
11.5729 85 40.9437
11.5472 86 41.3283
11.5472 87 41.7283
11.5472 88 42.1283
11.5472 89 42.5283
11.5472 90 42.9283
11.5472 95 44.9283
11.5472 92 43.7283
11.5408 93 44.1245
11.5472 91 43.3283
11.5408 94 44.5245
11.5408 93 44.1245
11.5472 87 41.7283
11.5408 97 45.7245
11.5408 107 49.7245
11.5408 99 46.5245
14.553 56 31.1318
11.6179 75 36.9707
12.2216 66 33.7329
12.2762 63 32.5657
12.3019 62 32.1811
14.5273 58 31.9164
11.6179 77 37.7707
14.5273 59 32.3164
11.5922 82 39.7553
12.2473 66 33.7484
12.2762 63 32.5657
11.7816 74 36.669
11.5408 95 44.9245
11.5922 85 40.9553
11.5408 95 44.9245
11.5472 86 41.3283
11.5729 84 40.5437
11.7816 74 36.669
11.6468 73 36.1881
14.553 57 31.5318
11.5408 96 45.3245
12.2473 63 32.5484
11.5922 80 38.9553
11.5922 78 38.1553
11.5408 96 45.3245
11.5729 83 40.1437
12.1188 65 33.2713
11.5408 98 46.1245
12.3019 59 30.9811
11.6724 74 36.6035
11.6724 72 35.8035
14.5273 58 31.9164
11.5472 88 42.1283
11.5922 80 38.9553
11.7816 73 36.269
11.5408 95 44.9245
11.711 84 40.6266
11.5408 100 46.9245
12.3019 60 31.3811
11.6724 71 35.4035
13.4611 63 33.2767
11.8362 70 35.1017
11.5472 93 44.1283
12.3019 59 30.9811
11.5408 97 45.7245
11.5472 87 41.7283
11.5472 86 41.3283
11.5472 85 40.9283
11.6724 71 35.4035
11.8362 67 33.9017
11.5408 99 46.5245
11.8362 67 33.9017
11.8362 70 35.1017
11.8362 70 35.1017
11.5408 95 44.9245
11.8362 67 33.9017
12.2762 61 31.7657
12.2216 66 33.7329
12.2473 63 32.5484
12.1188 66 33.6713
11.7816 75 37.069
11.5729 83 40.1437
11.8362 68 34.3017
11.666 77 37.7996
11.8234 74 36.694
11.5729 82 39.7437
11.8234 76 37.494
14.553 57 31.5318
11.5665 91 43.3399
11.5922 78 38.1553
11.5922 78 38.1553
11.5472 85 40.9283
11.5408 97 45.7245
11.6468 73 36.1881
11.5408 96 45.3245
11.5408 98 46.1245
12.0931 67 34.0559
11.6114 84 40.5669
11.5729 84 40.5437
11.5472 86 41.3283
11.5408 100 46.9245
11.5922 80 38.9553
13.4611 64 33.6767
12.2473 64 32.9484
12.3019 61 31.7811
12.2762 62 32.1657
11.6468 78 38.1881
11.7816 72 35.869
12.1188 66 33.6713
11.5408 93 44.1245
11.6179 78 38.1707
