13.7116 48 23.9981
13.7116 51 24.8981
13.6795 52 25.1757
13.7116 52 25.1981
13.6795 53 25.4757
13.6635 54 25.7644
13.6635 53 25.4644
13.6635 56 26.3644
13.6635 57 26.6644
13.5832 58 26.9082
13.6635 58 26.9644
12.7771 63 27.844
13.5382 63 28.3768
13.0148 61 27.4103
13.3166 61 27.6216
13.0405 64 28.3283
13.5382 64 28.6768
13.0148 62 27.7103
12.7803 67 29.0462
13.0148 63 28.0103
12.5877 66 28.6114
12.3019 65 28.1113
11.9486 73 30.264
12.8092 66 28.7665
12.6134 68 29.2294
12.2762 68 28.9933
11.9486 74 30.564
11.9004 72 29.9303
11.955 69 29.0685
12.2762 67 28.6933
11.9486 77 31.464
12.2473 68 28.9731
11.9294 73 30.2505
11.6724 79 31.8707
11.8362 72 29.8854
11.9004 72 29.9303
11.6724 73 30.0707
11.6468 76 30.9527
11.6724 75 30.6707
11.666 83 33.0662
11.6468 75 30.6527
11.6724 77 31.2707
11.5922 82 32.7145
11.6179 79 31.8325
11.6468 79 31.8527
11.5922 84 33.3145
11.6179 80 32.1325
11.5922 81 32.4145
11.5922 82 32.7145
11.5922 83 33.0145
11.5922 82 32.7145
11.5665 92 35.6965
11.6179 81 32.4325
11.5729 86 33.901
11.5472 87 34.183
11.5472 89 34.783
11.5472 88 34.483
13.6635 53 25.4644
13.6635 56 26.3644
13.6635 54 25.7644
11.8748 75 30.8123
13.6635 58 26.9644
13.6185 62 28.1329
11.5729 85 33.601
11.8362 72 29.8854
11.6724 76 30.9707
12.7514 66 28.726
11.5729 89 34.801
13.7116 59 27.2981
13.5832 60 27.5082
11.6724 75 30.6707
11.5729 85 33.601
11.6724 77 31.2707
11.5472 88 34.483
12.2762 68 28.9933
11.666 80 32.1662
12.3019 65 28.1113
13.7437 56 26.4206
13.6185 62 28.1329
11.5729 84 33.301
11.6724 77 31.2707
11.5729 86 33.901
13.6956 55 26.0869
11.955 67 28.4685
11.894 78 31.7258
11.6179 79 31.8325
11.666 83 33.0662
13.6795 53 25.4757
13.7116 55 26.0981
11.5857 88 34.51
13.0148 62 27.7103
11.9004 72 29.9303
13.5832 60 27.5082
11.6724 75 30.6707
11.5857 87 34.21
11.5922 82 32.7145
12.6134 73 30.7294
13.657 64 28.7599
11.6724 76 30.9707
12.6134 62 27.4294
11.5922 81 32.4145
11.6468 75 30.6527
11.9004 74 30.5303
12.6134 63 27.7294
11.5857 90 35.11
13.4451 60 27.4116
13.0148 63 28.0103
11.9294 70 29.3505
12.3019 66 28.4113
11.9004 74 30.5303
12.2762 68 28.9933
12.3019 66 28.4113
11.955 65 27.8685
11.5729 85 33.601
11.6179 81 32.4325
13.5832 69 30.2082
11.5922 82 32.7145
11.8362 72 29.8854
12.6134 64 28.0294
11.5665 92 35.6965
11.6468 77 31.2527
11.6179 77 31.2325
11.6179 80 32.1325
11.5729 84 33.301
11.5922 83 33.0145
12.1381 68 28.8967
13.6635 55 26.0644
13.6635 54 25.7644
13.6795 52 25.1757
13.6635 55 26.0644
11.6468 79 31.8527
11.6724 77 31.2707
13.6795 52 25.1757
11.6468 74 30.3527
12.2954 73 30.5068
11.5729 94 36.301
11.5922 82 32.7145
13.7116 50 24.5981
12.8092 66 28.7665
13.5832 60 27.5082
11.6179 76 30.9325
13.6635 59 27.2644
13.7116 51 24.8981
12.7803 67 29.0462
12.8285 70 29.98
11.5729 84 33.301
11.7816 76 31.0471
12.8349 62 27.5845
11.6114 87 34.228
13.0405 57 26.2283
