14.553 57 40.0212
13.8048 64 43.9219
14.553 58 40.6212
14.9544 60 41.9818
13.5222 66 45.0089
14.9801 57 40.192
13.3776 63 43.1511
13.352 69 46.7408
13.4611 69 46.7845
13.262 63 43.1048
13.7791 65 44.5116
13.262 64 43.7048
13.262 62 42.5048
13.262 63 43.1048
12.7803 70 47.1121
12.8349 67 45.334
12.0835 72 48.0334
12.8349 66 44.734
12.1381 69 46.2552
12.1124 72 48.045
12.1381 71 47.4552
11.9486 72 47.9794
12.0706 79 52.2283
12.0963 79 52.2385
11.8105 75 49.7242
11.9486 73 48.5795
11.666 81 53.2664
11.8105 76 50.3242
11.6275 84 55.051
11.8362 73 48.5345
11.6468 77 50.8587
11.666 84 55.0664
11.6114 85 55.6446
11.6468 78 51.4587
11.6179 79 52.0471
11.5922 82 53.8369
11.5922 79 52.0369
11.7816 78 51.5127
11.6468 76 50.2587
11.5922 83 54.4369
11.5857 91 59.2343
11.6468 79 52.0587
11.5922 86 56.2369
11.5922 85 55.6369
11.5922 84 55.0369
11.5665 96 62.2266
11.5857 87 56.8343
11.6468 83 54.4587
11.5729 90 58.6292
11.5472 94 61.0189
11.5665 98 63.4266
11.5215 101 65.2086
11.5215 93 60.4086
11.5472 90 58.6189
11.5215 93 60.4086
11.483 95 61.5932
11.5215 94 61.0086
11.3995 121 77.1598
13.3776 66 44.9511
13.8882 64 43.9553
13.7502 66 45.1001
11.666 81 53.2664
11.5729 91 59.2292
11.6724 73 48.469
14.9544 58 40.7818
11.6179 78 51.4471
11.7559 82 53.9024
11.3995 122 77.7598
11.5215 95 61.6086
11.6179 80 52.6471
14.9801 58 40.792
11.5922 82 53.8369
12.1381 72 48.0552
11.483 95 61.5932
11.5857 89 58.0343
11.9486 70 46.7794
11.5922 87 56.8369
11.5729 89 58.0292
11.5729 91 59.2292
13.3776 64 43.7511
14.553 59 41.2212
12.8285 75 50.1314
12.0835 76 50.4334
12.1124 71 47.445
11.6724 73 48.469
11.6468 80 52.6587
14.9255 60 41.9702
11.5922 81 53.2369
11.6724 76 50.269
13.3776 66 44.9511
11.5922 81 53.2369
11.8105 76 50.3242
12.1124 72 48.045
12.0706 79 52.2283
14.9255 62 43.1702
12.0578 76 50.4231
11.483 95 61.5932
11.6179 81 53.2471
12.0706 79 52.2283
11.5472 92 59.8189
12.8285 73 48.9314
12.8092 70 47.1237
12.1381 71 47.4552
11.6179 79 52.0471
13.7791 64 43.9116
13.8882 63 43.3553
13.8882 63 43.3553
11.5472 90 58.6189
11.5729 89 58.0292
11.6179 83 54.4471
11.5215 95 61.6086
11.5408 98 63.4163
12.7482 83 54.8993
13.2556 72 48.5023
14.9544 59 41.3818
11.8105 75 49.7242
11.483 95 61.5932
11.5215 93 60.4086
11.5729 88 57.4292
12.1381 67 45.0552
11.5922 87 56.8369
11.9486 73 48.5795
11.5922 83 54.4369
13.8882 65 44.5553
11.5857 96 62.2343
11.5922 83 54.4369
11.6724 74 49.069
11.5857 88 57.4343
12.8349 68 45.934
11.5857 91 59.2343
11.8362 73 48.5345
11.6724 74 49.069
11.5472 91 59.2189
11.5922 86 56.2369
13.4611 67 45.5845
11.483 95 61.5932
11.5922 83 54.4369
11.5215 94 61.0086
11.5922 84 55.0369
12.1124 70 46.845
11.6403 85 55.6561
11.6179 78 51.4471
14.9255 60 41.9702
11.8362 72 47.9345
11.5922 82 53.8369
11.5215 93 60.4086
11.5922 87 56.8369
11.6179 80 52.6471
11.5922 83 54.4369
11.5922 82 53.8369
