14.553 56 39.4212
13.3776 63 43.1511
14.553 57 40.0212
14.4984 61 42.3994
14.553 58 40.6212
13.3776 66 44.9511
14.553 60 41.8212
13.1978 68 46.0791
14.4727 65 44.7891
14.553 59 41.2212
13.8048 62 42.7219
13.262 63 43.1048
13.8048 63 43.3219
12.7803 68 45.9121
13.262 64 43.7048
12.8092 67 45.3237
12.8349 66 44.734
12.8028 74 49.5211
12.8349 67 45.334
12.1124 70 46.845
12.8092 68 45.9237
11.9069 72 47.9627
12.1381 70 46.8552
11.8362 74 49.1345
11.894 75 49.7576
12.0578 75 49.8231
12.0963 78 51.6385
11.8362 72 47.9345
11.6724 73 48.469
11.8234 80 52.7294
11.6724 74 49.069
11.6468 75 49.6587
11.6724 75 49.669
11.6403 83 54.4561
11.6468 77 50.8587
11.6179 78 51.4471
11.5922 82 53.8369
11.5922 79 52.0369
11.5922 81 53.2369
11.5472 89 58.0189
11.5472 90 58.6189
11.6179 78 51.4471
11.5922 81 53.2369
11.6468 78 51.4587
11.7046 82 53.8818
11.5922 89 58.0369
11.6403 81 53.2561
11.5857 94 61.0343
11.5665 95 61.6266
11.6114 84 55.0446
11.5729 89 58.0292
11.5472 90 58.6189
11.5665 97 62.8266
11.5215 92 59.8086
11.5472 91 59.2189
11.5215 92 59.8086
11.5215 93 60.4086
11.5922 80 52.6369
11.6179 79 52.0471
12.1124 71 47.445
11.5922 92 59.8369
11.5472 91 59.2189
11.5922 85 55.6369
11.6179 76 50.2471
11.5215 93 60.4086
11.5922 82 53.8369
11.5857 88 57.4343
11.5922 80 52.6369
11.6724 72 47.869
11.6114 86 56.2446
11.8105 74 49.1242
11.5922 79 52.0369
11.5922 78 51.4369
12.7547 71 47.7019
13.2364 65 44.2945
11.6403 85 55.6561
14.5273 61 42.4109
11.5857 90 58.6343
12.1124 73 48.645
12.8349 65 44.134
14.2897 61 42.3159
13.0951 65 44.238
11.9486 71 47.3794
11.8362 72 47.9345
11.6468 75 49.6587
13.3776 66 44.9511
11.6179 79 52.0471
11.5472 90 58.6189
13.4611 64 43.7845
12.0963 75 49.8385
11.9229 73 48.5692
11.6114 83 54.4446
11.6724 75 49.669
12.8349 65 44.134
11.7559 82 53.9024
11.6468 75 49.6587
12.8349 65 44.134
11.6468 78 51.4587
12.8349 64 43.534
11.5922 88 57.4369
12.8028 74 49.5211
11.5215 93 60.4086
12.1124 71 47.445
12.8349 66 44.734
12.8092 67 45.3237
11.5922 79 52.0369
12.8349 64 43.534
12.1124 71 47.445
11.6179 82 53.8471
11.5922 79 52.0369
11.5215 92 59.8086
13.8048 63 43.3219
12.5716 68 45.8286
12.0963 77 51.0385
11.5922 80 52.6369
14.5273 61 42.4109
11.5857 92 59.8343
12.8028 75 50.1211
11.5922 86 56.2369
11.6468 81 53.2587
11.5311 90 58.6125
12.8349 64 43.534
11.6468 78 51.4587
11.6403 82 53.8561
11.5922 88 57.4369
11.8362 69 46.1345
12.0835 73 48.6334
14.553 56 39.4212
12.8092 69 46.5237
11.5472 91 59.2189
14.553 59 41.2212
11.6468 76 50.2587
11.5729 89 58.0292
11.5922 85 55.6369
12.8349 64 43.534
12.0963 78 51.6385
11.8362 72 47.9345
12.1381 70 46.8552
13.8048 62 42.7219
11.6468 75 49.6587
12.1381 68 45.6552
14.553 57 40.0212
14.9544 58 40.7818
11.6468 75 49.6587
11.5857 87 56.8343
11.7559 79 52.1024
11.5215 93 60.4086
11.5857 88 57.4343
12.0931 78 51.6373
11.6179 81 53.2471
