11.4412 70 17.2971
12.4978 69 18.148
11.4412 75 17.7971
11.711 75 18.0399
13.6121 69 19.1509
11.5504 80 18.3954
11.422 90 19.2798
11.3545 119 22.1191
11.5504 80 18.3954
11.4412 75 17.7971
11.8523 94 20.0671
11.4412 75 17.7971
11.3545 106 20.8191
11.4412 70 17.2971
11.422 90 19.2798
11.9904 91 19.8913
12.4978 72 18.448
11.833 92 19.8497
11.4412 75 17.7971
13.5703 66 18.8133
11.9904 91 19.8913
11.5504 88 19.1954
13.6121 69 19.1509
11.9904 91 19.8913
11.377 109 21.1393
11.711 75 18.0399
12.4978 69 18.148
11.4412 75 17.7971
11.5504 88 19.1954
11.3642 102 20.4277
11.5279 105 20.8751
12.4978 69 18.148
11.711 75 18.0399
11.5825 100 20.4243
11.4412 70 17.2971
13.6121 69 19.1509
11.5504 80 18.3954
12.4978 69 18.148
13.8304 69 19.3474
11.4412 70 17.2971
11.711 75 18.0399
11.5504 80 18.3954
13.6121 69 19.1509
11.4412 70 17.2971
13.5703 66 18.8133
11.4412 75 17.7971
12.4978 69 18.148
11.3642 102 20.4277
12.4978 69 18.148
11.5504 80 18.3954
11.711 75 18.0399
11.4412 70 17.2971
12.4978 69 18.148
11.8298 104 21.0468
11.4412 70 17.2971
11.4412 70 17.2971
13.5703 66 18.8133
12.4978 69 18.148
11.4412 75 17.7971
11.4412 70 17.2971
11.9904 91 19.8913
12.4978 69 18.148
11.5119 77 18.0607
11.5504 80 18.3954
11.4412 70 17.2971
13.8304 69 19.3474
11.6596 106 21.0936
11.5504 80 18.3954
11.5504 80 18.3954
11.5119 77 18.0607
11.6821 96 20.1139
12.4978 69 18.148
11.3642 109 21.1277
11.5504 80 18.3954
11.711 75 18.0399
11.5504 80 18.3954
11.5504 88 19.1954
13.5703 66 18.8133
12.4978 69 18.148
11.3642 102 20.4277
11.9904 91 19.8913
13.8304 69 19.3474
11.3545 106 20.8191
11.4412 70 17.2971
13.8304 69 19.3474
11.316 109 21.0844
11.4412 70 17.2971
11.4412 70 17.2971
11.7784 97 20.3006
12.4978 72 18.448
11.4412 70 17.2971
11.9904 91 19.8913
11.5504 80 18.3954
11.3256 105 20.6931
12.4978 72 18.448
11.711 75 18.0399
11.4412 75 17.7971
12.4978 69 18.148
11.4412 70 17.2971
11.3545 119 22.1191
13.8304 69 19.3474
11.6692 96 20.1023
11.4412 70 17.2971
11.5119 77 18.0607
12.4978 72 18.448
11.5504 80 18.3954
11.316 109 21.0844
12.0417 92 20.0376
11.9904 91 19.8913
11.4412 70 17.2971
11.5504 80 18.3954
12.0032 90 19.8029
13.8304 69 19.3474
13.6121 69 19.1509
11.9904 91 19.8913
11.4412 70 17.2971
11.4412 70 17.2971
11.4412 70 17.2971
12.4978 69 18.148
11.4412 75 17.7971
11.4412 70 17.2971
11.711 75 18.0399
12.4978 69 18.148
11.3545 106 20.8191
12.4978 69 18.148
11.711 75 18.0399
12.4978 69 18.148
11.5504 80 18.3954
13.6121 69 19.1509
11.4412 70 17.2971
11.5504 80 18.3954
11.4412 70 17.2971
12.4978 69 18.148
11.711 75 18.0399
13.6121 69 19.1509
13.8304 69 19.3474
11.9904 91 19.8913
11.4412 75 17.7971
11.5504 80 18.3954
11.3738 100 20.2364
12.4978 72 18.448
12.4978 69 18.148
11.5504 88 19.1954
11.6821 96 20.1139
11.5504 88 19.1954
11.5119 77 18.0607
11.377 109 21.1393
11.4188 98 20.0769
11.711 75 18.0399
11.4412 70 17.2971
