12.8767 47 19.7013
12.8382 47 19.6705
12.8767 49 20.1013
12.8382 47 19.6705
12.6262 48 19.701
12.8767 50 20.3013
12.4881 52 20.3905
12.8382 51 20.4705
12.6262 49 19.901
12.4881 50 19.9905
12.4881 51 20.1905
12.4496 52 20.3597
12.4399 54 20.752
12.4881 55 20.9905
12.4881 49 19.7905
12.4496 54 20.7597
12.4399 58 21.552
12.4496 55 20.9597
12.4399 56 21.152
12.4399 57 21.352
12.4399 61 22.152
12.4399 59 21.752
12.4399 63 22.552
12.4399 64 22.752
12.4399 71 24.152
12.4399 63 22.552
12.1381 65 22.7105
12.5877 59 21.8701
11.8362 74 24.269
12.1381 66 22.9105
12.4785 61 22.1828
11.8362 68 23.069
12.1381 67 23.1105
11.8234 76 24.6587
11.6724 70 23.338
11.7559 74 24.2048
11.8105 72 23.8484
11.6724 71 23.538
11.666 79 25.1328
11.6468 73 23.9174
11.666 80 25.3328
11.6468 81 25.5174
11.6179 75 24.2943
11.5922 79 25.0737
11.5922 78 24.8737
11.6179 77 24.6943
11.5857 85 26.2686
11.6179 76 24.4943
11.5922 79 25.0737
11.5922 80 25.2737
11.5922 81 25.4737
11.5472 91 27.4378
11.5857 90 27.2686
11.5665 91 27.4532
11.5922 84 26.0737
11.5729 85 26.2583
11.5729 95 28.2583
11.5472 87 26.6378
11.5729 87 26.6583
11.5472 88 26.8378
11.5472 89 27.0378
12.4399 55 20.952
11.5922 84 26.0737
12.6262 51 20.301
12.4496 53 20.5597
12.4399 62 22.352
12.4881 50 19.9905
12.4881 50 19.9905
11.8362 68 23.069
11.6403 80 25.3123
12.8767 44 19.1013
11.6724 71 23.538
11.5922 79 25.0737
12.8382 50 20.2705
12.4399 56 21.152
12.4881 49 19.7905
12.8767 50 20.3013
12.8382 48 19.8705
12.4399 61 22.152
12.8767 46 19.5013
11.7559 80 25.4048
12.6262 52 20.501
11.5922 79 25.0737
12.4881 53 20.5905
11.6179 76 24.4943
12.8382 51 20.4705
12.8382 47 19.6705
11.5729 83 25.8583
11.5472 88 26.8378
11.5922 78 24.8737
11.5922 79 25.0737
12.4881 55 20.9905
11.5472 89 27.0378
11.6724 79 25.138
12.4785 53 20.5828
12.4496 52 20.3597
12.8767 43 18.9013
12.4399 63 22.552
12.4399 60 21.952
11.5922 78 24.8737
12.4881 50 19.9905
12.4399 64 22.752
12.4399 67 23.352
11.5729 83 25.8583
12.1381 65 22.7105
11.6179 74 24.0943
12.6262 51 20.301
11.8362 69 23.269
11.5729 84 26.0583
12.1381 72 24.1105
11.7559 74 24.2048
11.6724 71 23.538
11.8105 70 23.4484
12.4399 57 21.352
11.5857 91 27.4686
12.4399 59 21.752
11.7816 71 23.6253
11.5472 97 28.6378
12.4496 53 20.5597
12.4399 55 20.952
11.5729 84 26.0583
11.5472 87 26.6378
11.7816 72 23.8253
11.5922 79 25.0737
11.6724 71 23.538
11.5665 91 27.4532
11.5472 88 26.8378
11.6724 70 23.338
12.4399 71 24.152
12.4496 58 21.5597
12.4399 59 21.752
11.8362 69 23.269
11.6724 73 23.938
11.6468 73 23.9174
11.8362 68 23.069
12.8382 48 19.8705
11.8105 70 23.4484
11.8362 70 23.469
11.6468 81 25.5174
11.8362 67 22.869
12.8382 47 19.6705
12.4496 52 20.3597
12.4496 53 20.5597
11.666 79 25.1328
11.6724 71 23.538
12.8382 51 20.4705
11.5408 95 28.2326
12.6262 51 20.301
12.8382 48 19.8705
12.4399 54 20.752
