13.8882 64 33.9329
12.729 61 32.0374
14.553 59 32.3318
13.3776 66 34.4266
12.729 62 32.4374
13.8882 66 34.7329
14.4984 64 34.299
12.729 63 32.8374
12.3019 64 32.9811
14.553 61 33.1318
12.729 62 32.4374
12.1188 65 33.2713
12.2473 69 34.9484
12.1188 66 33.6713
12.5459 64 33.1276
12.0642 72 36.0385
12.0931 69 34.8559
12.0642 73 36.4385
12.0385 72 36.0231
12.0931 70 35.2559
12.2473 68 34.5484
11.8362 73 36.3017
11.9486 71 35.5692
12.0642 71 35.6385
11.8362 74 36.7017
11.7816 79 38.669
11.6468 78 38.1881
11.7816 80 39.069
11.666 84 40.5996
11.6468 80 38.9881
11.6468 86 41.3881
11.6724 79 38.6035
11.6179 80 38.9707
11.6403 87 41.7842
11.6114 88 42.1669
11.7816 79 38.669
11.6468 77 37.7881
11.7816 80 39.069
11.6468 78 38.1881
11.6468 79 38.5881
11.5922 89 42.5553
11.5793 87 41.7476
11.5922 85 40.9553
11.5536 90 42.9322
11.5344 98 46.1206
11.5729 88 42.1437
11.5793 90 42.9476
11.5536 91 43.3322
11.5472 93 44.1283
11.5472 90 42.9283
11.5536 92 43.7322
11.5472 102 47.7283
11.5472 94 44.5283
11.5472 95 44.9283
11.5472 103 48.1283
11.5472 97 45.7283
11.5247 99 46.5148
11.5472 98 46.1283
11.5247 99 46.5148
11.2935 199 86.3761
11.5247 97 45.7148
11.5472 94 44.5283
11.6724 78 38.2035
14.553 58 31.9318
11.6179 79 38.5707
12.7033 66 34.022
11.5536 91 43.3322
12.3019 64 32.9811
12.729 63 32.8374
12.106 72 36.0636
11.6724 76 37.4035
11.5922 83 40.1553
13.8882 66 34.7329
11.8362 74 36.7017
14.553 61 33.1318
11.5793 87 41.7476
13.3776 68 35.2266
11.5247 100 46.9148
11.5922 91 43.3553
11.8234 83 40.294
12.106 75 37.2636
12.106 73 36.4636
11.5247 96 45.3148
12.0931 72 36.0559
11.8234 82 39.894
11.5793 88 42.1476
14.5273 61 33.1164
11.5472 96 45.3283
12.7033 65 33.622
14.9255 61 33.3553
12.2762 67 34.1657
11.5472 98 46.1283
11.6082 86 41.3649
11.5793 87 41.7476
11.5472 98 46.1283
12.0642 72 36.0385
11.6339 82 39.7803
11.5793 87 41.7476
11.8105 75 37.0863
11.5472 91 43.3283
11.5472 93 44.1283
11.5408 103 48.1245
12.0385 74 36.8231
11.5536 92 43.7322
12.0385 72 36.0231
11.6468 79 38.5881
11.6114 88 42.1669
11.6724 75 37.0035
11.666 83 40.1996
12.7033 64 33.222
11.5536 100 46.9322
11.8105 77 37.8863
12.3019 65 33.3811
11.5922 84 40.5553
11.5472 96 45.3283
11.8234 83 40.294
12.0642 70 35.2385
11.5729 90 42.9437
11.7816 77 37.869
11.6724 76 37.4035
11.5793 90 42.9476
11.8362 73 36.3017
12.1188 67 34.0713
11.9486 73 36.3692
12.6744 67 34.4046
12.106 73 36.4636
11.5344 97 45.7206
11.5793 86 41.3476
11.5472 96 45.3283
11.5247 98 46.1148
11.6724 76 37.4035
11.5857 92 43.7514
11.5536 92 43.7322
11.5665 97 45.7399
11.6468 80 38.9881
13.8882 64 33.9329
13.8882 66 34.7329
11.5472 97 45.7283
11.8362 74 36.7017
12.0385 75 37.2231
14.553 58 31.9318
12.106 75 37.2636
11.5247 96 45.3148
13.8882 65 34.3329
11.5536 92 43.7322
11.6468 79 38.5881
11.6724 76 37.4035
14.553 61 33.1318
12.1188 65 33.2713
11.5922 85 40.9553
