13.4419 66 60.7442
13.4419 66 60.7442
12.2344 70 64.2234
11.4059 76 69.5406
11.4059 76 69.5406
11.4541 86 78.5454
11.4509 86 78.5451
11.4509 86 78.5451
11.2903 96 87.529
11.4059 96 87.5406
11.7624 93 84.8762
11.4541 86 78.5454
11.4059 101 92.0406
13.4419 66 60.7442
13.4419 66 60.7442
13.4419 66 60.7442
11.4541 86 78.5454
13.4419 66 60.7442
11.4059 84 76.7406
11.4509 86 78.5451
12.2344 70 64.2234
11.4509 86 78.5451
11.4059 76 69.5406
11.4541 86 78.5454
11.4509 86 78.5451
11.4509 86 78.5451
11.4059 76 69.5406
11.4059 76 69.5406
11.3577 93 84.8358
11.3224 122 110.932
11.4541 86 78.5454
11.2453 111 101.025
13.4419 66 60.7442
13.4419 66 60.7442
11.4059 76 69.5406
11.4059 92 83.9406
13.4419 66 60.7442
13.4419 66 60.7442
12.2344 70 64.2234
11.4509 86 78.5451
11.4509 86 78.5451
11.4541 86 78.5454
11.3995 115 104.64
11.4059 76 69.5406
11.4059 76 69.5406
13.4419 66 60.7442
11.4059 76 69.5406
11.4509 86 78.5451
12.2344 70 64.2234
11.3995 115 104.64
11.4059 76 69.5406
11.4059 76 69.5406
11.4509 86 78.5451
11.4509 86 78.5451
11.2903 96 87.529
11.4059 76 69.5406
11.4059 76 69.5406
11.4509 86 78.5451
11.2453 101 92.0245
11.4509 86 78.5451
11.4509 86 78.5451
11.4059 76 69.5406
11.4059 76 69.5406
11.4509 86 78.5451
13.4419 66 60.7442
11.4541 86 78.5454
11.4059 76 69.5406
13.4355 69 63.4435
11.4059 76 69.5406
11.4059 76 69.5406
11.4059 86 78.5406
13.4419 66 60.7442
11.4059 76 69.5406
11.4509 86 78.5451
12.2344 70 64.2234
13.4419 66 60.7442
11.4509 86 78.5451
11.4059 76 69.5406
11.4509 86 78.5451
11.3674 117 106.437
11.4059 76 69.5406
11.7624 95 86.6762
13.4419 66 60.7442
13.4419 66 60.7442
11.4509 86 78.5451
11.4509 86 78.5451
11.4059 76 69.5406
11.2903 96 87.529
13.4419 66 60.7442
13.4419 66 60.7442
12.2344 70 64.2234
11.4059 86 78.5406
11.4059 76 69.5406
11.4059 76 69.5406
12.2344 70 64.2234
11.4059 76 69.5406
11.4509 86 78.5451
11.4541 86 78.5454
11.4541 86 78.5454
13.4419 66 60.7442
11.4509 86 78.5451
13.4355 69 63.4435
11.3224 122 110.932
11.4059 76 69.5406
11.4509 86 78.5451
12.2344 70 64.2234
11.4059 76 69.5406
12.2344 70 64.2234
11.4059 76 69.5406
11.5472 105 95.6547
11.3224 122 110.932
11.4059 76 69.5406
11.4059 91 83.0406
11.3995 115 104.64
11.4509 86 78.5451
11.4059 76 69.5406
11.4059 76 69.5406
11.4059 101 92.0406
11.4316 89 81.2432
11.4059 76 69.5406
11.3995 115 104.64
13.4419 66 60.7442
13.4419 66 60.7442
13.4419 66 60.7442
12.2344 70 64.2234
12.2344 70 64.2234
11.4541 86 78.5454
11.4059 101 92.0406
11.4541 86 78.5454
11.4059 76 69.5406
11.4348 107 97.4435
13.4419 66 60.7442
11.4509 86 78.5451
11.4509 86 78.5451
11.4059 76 69.5406
13.4419 66 60.7442
11.4509 86 78.5451
11.4509 86 78.5451
11.4059 76 69.5406
13.4419 66 60.7442
11.4541 86 78.5454
13.4419 66 60.7442
11.2453 111 101.025
11.4059 76 69.5406
11.3995 115 104.64
11.4541 86 78.5454
11.4509 86 78.5451
13.4419 66 60.7442
11.4059 76 69.5406
11.4059 76 69.5406
