14.2511 52 40.6753
14.7136 49 38.7141
15.0026 47 37.4008
14.5819 47 37.2746
13.7662 54 41.9299
14.5723 52 40.7717
13.702 49 38.4106
13.702 50 39.1106
12.6166 51 39.485
13.702 54 41.9106
12.6069 56 42.9821
12.6166 56 42.985
12.6166 57 43.685
12.6069 59 45.0821
11.5311 56 42.6593
12.6166 65 49.285
11.5311 57 43.3593
11.5311 56 42.6593
11.5247 68 51.0574
11.5311 59 44.7593
11.5247 60 45.4574
11.5151 65 48.9545
11.4605 69 51.7382
11.4637 69 51.7391
11.5151 72 53.8545
11.5215 72 53.8565
11.5151 67 50.3545
11.5151 68 51.0545
11.4155 70 52.4247
11.5311 58 44.0593
11.4701 66 49.641
11.4926 66 49.6478
11.5151 66 49.6545
12.517 58 44.3551
11.4155 72 53.8247
11.4252 69 51.7276
11.4252 73 54.5275
11.422 74 55.2266
11.4252 74 55.2276
11.3931 72 53.8179
11.3545 79 58.7064
11.422 75 55.9266
11.3706 73 54.5112
11.332 80 59.3996
11.3642 74 55.2092
11.3706 74 55.2112
11.3642 84 62.2092
11.3642 79 58.7092
11.3642 77 57.3092
11.4605 70 52.4381
11.3642 78 58.0092
11.332 82 60.7996
11.361 82 60.8083
11.332 80 59.3996
11.3224 85 62.8967
11.3706 78 58.0112
11.2229 151 109.067
11.3224 85 62.8967
11.422 71 53.1266
11.3642 73 54.5092
12.7322 50 38.8197
11.3224 85 62.8967
11.5151 75 55.9545
11.5247 60 45.4574
12.6069 57 43.6821
12.6166 53 40.885
11.4637 67 50.3391
14.5819 51 40.0746
11.422 71 53.1266
12.6069 57 43.6821
11.5151 68 51.0545
14.7136 49 38.7141
11.5311 61 46.1593
12.6069 55 42.2821
14.5819 45 35.8746
11.5215 66 49.6565
11.5215 63 47.5565
11.5151 69 51.7545
11.361 82 60.8083
14.7136 50 39.4141
11.4252 74 55.2276
11.3545 82 60.8064
11.4701 66 49.641
11.4252 73 54.5275
11.5311 58 44.0593
11.4316 66 49.6295
11.4541 73 54.5362
11.4926 64 48.2478
11.3931 82 60.8179
12.6166 57 43.685
14.5723 51 40.0717
12.6166 56 42.985
11.5215 66 49.6565
11.332 79 58.6996
11.4252 74 55.2276
11.422 71 53.1266
12.4656 57 43.6397
12.623 49 38.0869
15.0026 46 36.7008
13.7662 54 41.9299
11.4252 69 51.7276
11.3642 83 61.5092
15.4522 45 36.1356
14.7136 50 39.4141
12.3019 60 45.6906
11.5215 63 47.5565
11.422 70 52.4266
11.3642 77 57.3092
11.5311 57 43.3593
11.422 75 55.9266
11.1201 148 106.936
11.332 82 60.7996
11.3642 87 64.3092
11.3706 74 55.2112
11.4155 72 53.8247
13.702 49 38.4106
11.4637 66 49.6391
11.5151 64 48.2545
11.3706 76 56.6112
11.5247 63 47.5574
11.332 84 62.1996
13.7662 54 41.9299
11.4252 69 51.7276
11.5151 66 49.6545
11.3224 86 63.5967
11.5151 69 51.7545
11.5311 62 46.8593
13.702 49 38.4106
11.361 80 59.4083
11.4252 68 51.0275
11.5151 73 54.5545
11.4252 70 52.4276
11.5247 60 45.4574
11.4926 66 49.6478
11.4155 72 53.8247
11.4252 68 51.0275
12.6069 60 45.7821
12.6166 58 44.385
11.4701 66 49.641
11.5151 75 55.9545
12.3019 62 47.0906
11.3706 73 54.5112
11.4701 66 49.641
12.4656 56 42.9397
11.5247 62 46.8574
11.5247 62 46.8574
11.5311 57 43.3593
11.361 82 60.8083
11.361 81 60.1083
11.5311 58 44.0593
