11.4412 70 17.2971
11.711 68 17.3399
11.438 74 17.6942
11.4284 77 17.9855
11.5311 82 18.578
12.9634 67 18.3671
11.711 75 18.0399
13.6121 69 19.1509
12.0739 79 18.7665
11.8876 82 18.8988
12.4496 80 19.2046
12.0739 79 18.7665
11.8812 76 18.2931
11.8812 76 18.2931
11.9326 79 18.6393
11.9326 79 18.6393
13.6121 69 19.1509
11.4316 87 18.9884
11.4284 77 17.9855
11.1747 89 18.9572
11.711 68 17.3399
11.8812 76 18.2931
11.4316 81 18.3884
11.3128 94 19.5815
11.8812 76 18.2931
11.9326 79 18.6393
11.711 75 18.0399
12.9634 67 18.3671
11.9326 79 18.6393
11.4284 77 17.9855
11.4284 77 17.9855
11.438 74 17.6942
12.0739 79 18.7665
12.0739 79 18.7665
11.8812 76 18.2931
11.9326 79 18.6393
12.0739 79 18.7665
11.4284 77 17.9855
11.8876 82 18.8988
11.438 74 17.6942
11.4284 77 17.9855
11.4412 70 17.2971
12.5909 83 19.6318
12.9634 67 18.3671
12.0739 79 18.7665
11.6628 84 18.8965
11.8812 76 18.2931
11.5311 82 18.578
11.711 68 17.3399
12.9634 67 18.3671
11.5311 82 18.578
11.438 74 17.6942
11.4284 77 17.9855
11.5311 82 18.578
13.6121 69 19.1509
11.4284 77 17.9855
12.9634 67 18.3671
11.711 75 18.0399
12.0739 79 18.7665
11.438 74 17.6942
11.4316 81 18.3884
11.4284 77 17.9855
11.8812 76 18.2931
12.4496 80 19.2046
11.4412 70 17.2971
11.3674 80 18.2306
11.711 75 18.0399
11.3128 94 19.5815
11.4412 70 17.2971
11.8812 76 18.2931
11.711 68 17.3399
11.4284 77 17.9855
11.1747 89 18.9572
11.3064 82 18.3757
11.4412 70 17.2971
11.9326 79 18.6393
11.5311 82 18.578
11.8876 82 18.8988
11.4412 70 17.2971
11.1683 102 20.2514
11.6403 79 18.3763
11.9326 79 18.6393
11.4412 70 17.2971
11.4284 77 17.9855
11.8876 82 18.8988
11.3128 94 19.5815
11.711 75 18.0399
12.0739 79 18.7665
12.9634 67 18.3671
11.711 75 18.0399
11.4412 70 17.2971
11.5504 80 18.3954
12.3982 77 18.8584
11.4284 77 17.9855
11.711 68 17.3399
12.0739 79 18.7665
11.4412 70 17.2971
11.8812 76 18.2931
11.4412 70 17.2971
11.4412 70 17.2971
12.3982 80 19.1584
11.8876 82 18.8988
11.4284 77 17.9855
13.6121 69 19.1509
11.4412 70 17.2971
11.3674 80 18.2306
11.4284 77 17.9855
11.9326 79 18.6393
11.711 75 18.0399
12.0739 79 18.7665
11.9326 79 18.6393
11.3128 94 19.5815
11.9326 79 18.6393
11.711 68 17.3399
11.4701 87 19.0231
13.8304 69 19.3474
13.8304 69 19.3474
11.4412 70 17.2971
12.9634 67 18.3671
12.9634 67 18.3671
13.6121 69 19.1509
11.9422 86 19.348
12.0739 79 18.7665
11.8812 76 18.2931
11.711 68 17.3399
11.5311 82 18.578
11.5311 82 18.578
11.4316 81 18.3884
11.8812 85 19.1931
11.8812 76 18.2931
12.0739 79 18.7665
11.1747 89 18.9572
11.9326 79 18.6393
11.4284 77 17.9855
11.2261 92 19.3035
11.3128 94 19.5815
13.6121 69 19.1509
11.1747 89 18.9572
11.4412 70 17.2971
11.711 75 18.0399
11.4412 70 17.2971
11.711 68 17.3399
12.0739 79 18.7665
11.8876 82 18.8988
11.1683 92 19.2514
13.8304 69 19.3474
12.0739 79 18.7665
11.438 74 17.6942
11.4316 81 18.3884
11.8876 82 18.8988
