15.4522 40 35.0904
15.4522 50 43.0904
14.5819 51 43.7164
15.4522 42 36.6904
14.5819 43 37.3164
13.7084 47 40.3417
14.5723 48 41.3145
12.623 45 38.5246
12.6134 50 42.5227
12.623 50 42.5246
12.623 48 40.9246
12.6134 49 41.7227
12.6166 49 41.7233
12.623 49 41.7246
12.2987 57 48.0597
12.6134 51 43.3227
12.4721 52 44.0944
12.6134 52 44.1227
12.2987 57 48.0597
12.4721 56 47.2944
11.5247 54 45.5049
11.5215 58 48.7043
11.878 58 48.7756
12.3083 54 45.6617
11.5247 58 48.7049
11.5151 60 50.303
11.5247 55 46.3049
11.5151 62 51.903
11.5151 59 49.503
11.5215 59 49.5043
11.5247 59 49.5049
11.5151 69 57.503
11.5151 61 51.103
11.4252 62 51.885
11.4541 66 55.0908
11.4701 62 51.894
11.5151 62 51.903
11.3642 70 58.2728
11.4252 64 53.485
11.4252 68 56.685
11.4252 75 62.285
11.3545 74 61.4709
11.3642 74 61.4728
11.4155 71 59.0831
11.3642 69 57.4728
11.4155 72 59.8831
11.3642 70 58.2728
11.3642 74 61.4728
11.3642 75 62.2728
11.3642 76 63.0728
11.3545 74 61.4709
11.3545 78 64.6709
11.4155 66 55.0831
11.332 76 63.0664
11.3545 76 63.0709
11.3224 81 67.0645
11.332 81 67.0664
11.332 79 65.4664
11.332 83 68.6664
11.4316 73 60.6863
11.3224 87 71.8645
15.4522 45 39.0904
11.4155 67 55.8831
11.3642 75 62.2728
11.332 76 63.0664
11.4155 66 55.0831
11.5247 58 48.7049
11.332 87 71.8664
11.3545 77 63.8709
11.4637 62 51.8927
11.3224 84 69.4645
11.3642 81 67.0728
11.5151 62 51.903
11.3642 70 58.2728
11.4637 62 51.8927
11.332 77 63.8664
12.6134 51 43.3227
11.3642 82 67.8728
12.6134 50 42.5227
11.3224 84 69.4645
11.3642 70 58.2728
11.3706 76 63.0741
12.3083 54 45.6617
14.5723 46 39.7145
11.3642 71 59.0728
11.4701 62 51.894
11.5247 54 45.5049
11.5247 68 56.7049
11.4541 66 55.0908
12.4721 51 43.2944
11.4541 68 56.6908
11.5247 55 46.3049
11.4637 62 51.8927
12.6134 54 45.7227
12.2987 56 47.2597
12.4721 52 44.0944
11.3642 81 67.0728
11.4252 67 55.885
12.623 52 44.1246
11.4155 69 57.4831
12.6134 53 44.9227
12.3019 56 47.2604
11.5151 59 49.503
11.4541 66 55.0908
11.332 81 67.0664
14.5819 42 36.5164
11.3642 69 57.4728
12.6134 51 43.3227
11.3545 73 60.6709
11.3224 84 69.4645
12.4721 52 44.0944
11.3642 71 59.0728
11.332 79 65.4664
11.4252 65 54.285
11.3642 71 59.0728
11.3642 72 59.8728
12.6134 53 44.9227
12.6134 49 41.7227
12.623 49 41.7246
11.3545 75 62.2709
12.6166 50 42.5233
11.3642 75 62.2728
12.3083 55 46.4617
11.332 85 70.2664
14.5819 40 34.9164
12.3083 54 45.6617
12.6134 49 41.7227
11.3545 75 62.2709
15.4425 45 39.0885
11.5247 60 50.3049
11.4637 66 55.0927
12.6134 49 41.7227
11.5247 57 47.9049
11.3224 82 67.8645
14.5723 48 41.3145
11.4252 65 54.285
15.4522 44 38.2904
11.3642 74 61.4728
11.332 78 64.6664
11.4316 69 57.4863
11.3545 77 63.8709
12.6134 49 41.7227
11.4155 71 59.0831
11.3642 76 63.0728
11.3545 74 61.4709
11.5151 61 51.103
11.4541 66 55.0908
14.5883 40 34.9177
11.3545 75 62.2709
11.3642 80 66.2728
