13.4419 66 60.7442
13.4419 66 60.7442
12.2344 70 64.2234
11.4059 76 69.5406
11.4059 76 69.5406
11.5022 85 77.6502
11.4509 86 78.5451
11.4509 86 78.5451
11.4059 76 69.5406
11.4509 86 78.5451
11.3545 120 109.135
11.4059 76 69.5406
11.3224 122 110.932
11.4059 91 83.0406
11.4509 86 78.5451
11.4059 76 69.5406
11.4348 120 109.143
11.5022 85 77.6502
11.4509 86 78.5451
11.2453 101 92.0245
12.2344 70 64.2234
13.4419 66 60.7442
11.4509 86 78.5451
11.271 99 90.2271
11.4059 84 76.7406
11.4509 86 78.5451
13.4419 66 60.7442
13.4419 66 60.7442
13.4419 66 60.7442
12.2344 70 64.2234
11.4509 86 78.5451
11.4059 76 69.5406
11.4059 76 69.5406
13.4419 66 60.7442
11.4059 76 69.5406
11.4509 86 78.5451
11.4059 76 69.5406
11.4059 76 69.5406
11.4509 86 78.5451
11.4509 86 78.5451
12.2344 70 64.2234
13.4419 66 60.7442
11.4509 86 78.5451
11.3995 115 104.64
11.4509 86 78.5451
13.4419 66 60.7442
11.4059 76 69.5406
11.4059 76 69.5406
11.5022 85 77.6502
13.4419 66 60.7442
12.2344 70 64.2234
11.5022 85 77.6502
12.2344 70 64.2234
11.4669 101 92.0467
11.4059 76 69.5406
11.4059 76 69.5406
11.4509 86 78.5451
12.2344 70 64.2234
11.4509 86 78.5451
11.5022 85 77.6502
11.4059 76 69.5406
12.2344 70 64.2234
11.4509 86 78.5451
11.5022 85 77.6502
11.4059 76 69.5406
11.3545 118 107.335
11.4059 76 69.5406
11.4509 86 78.5451
11.4059 76 69.5406
11.2453 101 92.0245
11.4059 76 69.5406
11.5022 85 77.6502
11.4509 86 78.5451
11.2453 101 92.0245
11.4059 76 69.5406
11.4059 76 69.5406
11.4059 84 76.7406
13.4419 66 60.7442
11.4509 86 78.5451
13.4419 66 60.7442
13.4419 66 60.7442
11.271 99 90.2271
11.4509 86 78.5451
13.4419 66 60.7442
11.4509 86 78.5451
11.3224 122 110.932
11.4059 76 69.5406
13.4419 66 60.7442
11.3224 122 110.932
11.4509 86 78.5451
11.4509 86 78.5451
13.4419 66 60.7442
11.2903 96 87.529
13.4419 66 60.7442
11.2903 96 87.529
13.4419 66 60.7442
13.4419 66 60.7442
12.2665 92 84.0266
11.5022 85 77.6502
12.2344 70 64.2234
11.4509 86 78.5451
11.4509 86 78.5451
11.4509 86 78.5451
12.2344 70 64.2234
11.5022 85 77.6502
11.4348 120 109.143
11.5022 85 77.6502
12.2344 70 64.2234
11.4509 86 78.5451
11.5022 110 100.15
11.4059 76 69.5406
11.4509 86 78.5451
11.4509 86 78.5451
11.4509 86 78.5451
11.4509 86 78.5451
12.2344 70 64.2234
11.4509 86 78.5451
11.4059 76 69.5406
11.4059 76 69.5406
11.5022 85 77.6502
11.4509 86 78.5451
11.4509 86 78.5451
11.4059 76 69.5406
12.2344 70 64.2234
11.4509 86 78.5451
13.4419 66 60.7442
12.2344 70 64.2234
11.4509 86 78.5451
11.3224 122 110.932
11.4509 86 78.5451
11.4059 91 83.0406
11.4059 76 69.5406
12.2344 70 64.2234
11.4059 76 69.5406
11.5022 85 77.6502
11.4509 86 78.5451
13.4419 66 60.7442
11.2903 96 87.529
11.4509 86 78.5451
11.4059 84 76.7406
11.4509 86 78.5451
11.4509 86 78.5451
12.2344 70 64.2234
11.4059 76 69.5406
11.5022 85 77.6502
11.4316 89 81.2432
11.4059 76 69.5406
11.4059 84 76.7406
11.4059 86 78.5406
11.4059 76 69.5406
