15.4522 40 32.6356
14.5819 44 35.1746
13.352 48 37.6056
15.4522 41 33.3356
14.5819 42 33.7746
14.5819 52 40.7746
13.7084 53 41.2125
14.5819 44 35.1746
12.623 45 35.2869
12.3083 53 40.7925
12.623 47 36.6869
12.623 51 39.4869
12.6134 49 38.084
12.6166 58 44.385
12.623 58 44.3869
12.6134 53 40.884
12.6134 51 39.484
12.4624 56 42.9387
12.6134 55 42.284
12.3083 53 40.7925
12.4721 56 42.9416
11.5247 54 41.2574
11.5311 57 43.3593
11.8876 54 41.3663
12.3083 63 47.7925
11.5247 58 44.0574
11.5247 54 41.2574
11.4637 64 48.2391
11.5151 62 46.8545
11.5151 59 44.7545
11.5215 59 44.7565
11.5247 62 46.8574
11.5151 69 51.7545
11.5151 61 46.1545
11.4252 62 46.8276
11.4541 66 49.6362
11.4701 62 46.841
11.5151 62 46.8545
11.4252 66 49.6276
11.5247 56 42.6574
11.4155 69 51.7247
11.4252 64 48.2276
11.3545 74 55.2064
11.5247 59 44.7574
11.4155 68 51.0247
11.3642 69 51.7092
11.4155 78 58.0247
11.3642 70 52.4092
11.3642 71 53.1092
11.3642 72 53.8092
11.3642 73 54.5092
11.3545 74 55.2064
11.3545 78 58.0064
11.3545 75 55.9064
11.4316 68 51.0295
11.3642 70 52.4092
11.332 77 57.2996
11.332 81 60.0996
11.332 79 58.6996
11.3224 84 62.1967
11.4541 69 51.7362
12.623 46 35.9869
12.6134 49 38.084
11.3545 76 56.6064
11.4637 63 47.5391
12.623 45 35.2869
11.3545 75 55.9064
11.4541 69 51.7362
14.5723 46 36.5717
12.4721 52 40.1416
14.5723 45 35.8717
11.3642 74 55.2092
11.332 83 61.4996
11.5151 63 47.5545
11.5215 59 44.7565
12.6166 48 37.385
12.623 49 38.0869
12.6134 50 38.784
11.5247 55 41.9574
11.5311 54 41.2593
15.4522 39 31.9356
12.6134 53 40.884
11.3642 73 54.5092
11.5151 60 45.4545
14.5819 51 40.0746
11.3545 78 58.0064
11.332 85 62.8996
11.3545 76 56.6064
12.3083 56 42.8925
13.7084 47 37.0125
12.623 45 35.2869
11.4252 67 50.3276
12.623 45 35.2869
12.623 49 38.0869
11.5151 68 51.0545
11.5247 56 42.6574
12.3083 54 41.4925
12.623 53 40.8869
15.4522 44 35.4356
11.5151 68 51.0545
11.8491 57 43.4547
14.5819 45 35.8746
12.6166 49 38.085
11.5311 54 41.2593
11.5247 67 50.3574
11.4155 68 51.0247
11.4155 70 52.4247
11.5215 59 44.7565
11.4316 72 53.8295
11.332 80 59.3996
11.3642 72 53.8092
11.332 76 56.5996
13.7084 47 37.0125
11.4155 66 49.6247
11.4637 64 48.2391
14.5787 45 35.8736
12.3083 53 40.7925
11.5247 54 41.2574
11.332 78 57.9996
11.5247 55 41.9574
12.3083 53 40.7925
11.332 80 59.3996
12.623 45 35.2869
12.3083 56 42.8925
12.6166 58 44.385
11.5215 68 51.0565
11.3545 73 54.5064
11.5215 68 51.0565
11.4605 66 49.6382
11.4252 74 55.2276
11.3545 74 55.2064
11.4316 72 53.8295
11.4701 62 46.841
13.3455 49 38.3037
12.6069 53 40.8821
13.3455 50 39.0037
11.3642 71 53.1092
11.3642 79 58.7092
11.5247 60 45.4574
11.3642 71 53.1092
11.3545 76 56.6064
12.3083 51 39.3925
11.4155 67 50.3247
11.3642 72 53.8092
11.3642 78 58.0092
14.5819 50 39.3746
11.3224 80 59.3967
14.5819 51 40.0746
12.623 52 40.1869
11.3642 68 51.0092
