12.8767 57 21.7013
12.8703 54 21.0962
12.6262 57 21.501
13.7598 55 22.0078
12.8703 60 22.2962
12.6262 61 22.301
12.6262 57 21.501
12.4881 63 22.5905
12.5877 63 22.6701
12.6198 60 22.0958
12.5877 62 22.4701
12.4881 59 21.7905
12.6198 59 21.8958
12.4881 65 22.9905
12.4496 65 22.9597
12.4496 66 23.1597
12.4496 61 22.1597
12.4881 61 22.1905
12.4496 66 23.1597
12.4496 65 22.9597
12.4496 66 23.1597
12.4496 69 23.7597
12.4399 68 23.552
12.4175 72 24.334
12.4496 73 24.5597
12.1124 74 24.4899
12.4399 71 24.152
12.4399 74 24.752
11.9486 72 23.9589
12.0706 81 25.8565
11.9486 73 24.1589
11.8362 76 24.669
11.9486 74 24.3589
11.8362 77 24.869
11.6724 76 24.538
11.7848 78 25.0279
11.8105 76 24.6484
11.8105 80 25.4484
11.6724 77 24.738
11.6724 80 25.338
11.7592 78 25.0073
11.8362 78 25.069
11.6468 82 25.7174
11.7303 80 25.3842
11.6468 86 26.5174
11.6179 84 26.0943
11.5729 94 28.0583
11.5922 86 26.4737
11.6179 84 26.0943
11.5922 87 26.6737
11.5922 88 26.8737
11.6468 83 25.9174
11.5857 97 28.6686
11.5922 89 27.0737
11.5729 90 27.2583
11.589 92 27.6712
11.5922 92 27.6737
11.5665 100 29.2532
11.5408 101 29.4326
12.4817 62 22.3854
11.5922 90 27.2737
12.4399 73 24.552
12.4496 65 22.9597
12.6037 69 23.883
11.589 92 27.6712
11.7559 86 26.6048
11.6179 84 26.0943
12.6198 63 22.6958
12.4817 65 22.9854
12.4721 68 23.5777
11.5922 91 27.4737
11.5729 90 27.2583
12.5877 61 22.2701
12.8767 52 20.7013
12.5877 62 22.4701
12.7001 57 21.5601
12.4817 62 22.3854
12.4399 70 23.952
11.8105 80 25.4484
12.4496 69 23.7597
12.4399 70 23.952
12.4496 65 22.9597
11.5857 94 28.0686
11.5922 89 27.0737
12.4496 61 22.1597
11.5857 98 28.8686
13.7919 58 22.6335
12.5877 63 22.6701
11.6724 78 24.938
11.5857 98 28.8686
12.5877 67 23.4701
12.4399 74 24.752
12.1124 74 24.4899
11.6403 88 26.9123
11.589 92 27.6712
12.4496 67 23.3597
11.7816 82 25.8253
11.6724 78 24.938
11.6468 80 25.3174
11.5472 94 28.0378
12.6198 62 22.4958
11.8105 79 25.2484
11.6468 85 26.3174
12.4399 75 24.952
11.8234 84 26.2587
12.5877 60 22.0701
11.6468 81 25.5174
11.7046 84 26.1637
11.6724 80 25.338
12.4399 68 23.552
12.4496 65 22.9597
13.5029 56 22.0023
11.6724 80 25.338
12.8767 54 21.1013
11.5922 92 27.6737
11.5568 94 28.0455
12.8703 57 21.6962
12.8703 62 22.6962
12.6198 60 22.0958
11.6468 81 25.5174
13.7919 56 22.2335
11.8234 84 26.2587
12.4881 58 21.5905
11.9486 72 23.9589
12.4496 65 22.9597
12.4881 58 21.5905
11.5922 93 27.8737
11.5922 92 27.6737
11.5857 97 28.6686
11.8362 77 24.869
11.5825 99 29.066
12.6262 60 22.101
12.4881 58 21.5905
11.5922 89 27.0737
11.9486 75 24.5589
11.6468 81 25.5174
12.6262 57 21.501
12.4432 70 23.9545
11.7816 80 25.4253
11.5922 86 26.4737
11.6114 91 27.4891
11.5857 93 27.8686
11.6114 91 27.4891
12.2248 71 23.9798
11.5472 95 28.2378
11.7816 82 25.8253
11.9229 77 24.9383
12.5877 59 21.8701
11.5922 86 26.4737
11.6724 78 24.938
