12.7001 54 41.61
12.7001 55 42.31
12.7001 56 43.01
12.7322 54 41.6197
12.6166 61 46.485
12.7001 58 44.41
11.6403 59 44.7921
12.6069 63 47.8821
11.5247 69 51.7574
11.6307 64 48.2892
11.5247 62 46.8574
11.5247 63 47.5574
11.5247 67 50.3574
11.5247 74 55.2574
11.4605 73 54.5381
11.5247 69 51.7574
11.5215 67 50.3565
11.5151 68 51.0545
11.5215 68 51.0565
11.4605 73 54.5381
11.4541 76 56.6362
11.4637 68 51.0391
11.4701 70 52.441
11.3642 78 58.0092
11.4637 80 59.4391
11.4252 72 53.8276
11.4155 77 57.3247
11.4252 77 57.3276
11.3642 82 60.8092
11.361 80 59.4083
11.3642 83 61.5092
11.3642 80 59.4092
11.361 81 60.1083
11.3642 87 64.3092
11.361 79 58.7083
11.3642 79 58.7092
11.361 83 61.5083
11.332 83 61.4996
11.361 79 58.7083
11.332 82 60.7996
12.1702 74 55.4511
11.332 87 64.2996
11.3224 94 69.1967
11.332 83 61.4996
11.3224 84 62.1967
11.3224 90 66.3967
11.422 80 59.4266
11.361 85 62.9083
11.3224 92 67.7967
11.361 87 64.3083
11.3224 101 74.0967
11.3224 95 69.8967
11.3834 85 62.915
11.332 90 66.3996
11.361 93 68.5083
11.3224 101 74.0967
11.3224 99 72.6967
11.3224 100 73.3967
11.422 94 69.2266
11.3224 98 71.9967
11.4252 74 55.2276
11.4252 72 53.8276
11.6403 60 45.4921
11.332 87 64.2996
11.6403 59 44.7921
11.332 95 69.8996
11.3642 78 58.0092
11.3224 87 64.2967
11.5247 64 48.2574
12.3019 65 49.1906
11.3224 97 71.2967
11.361 83 61.5083
11.3224 90 66.3967
11.4252 76 56.6276
12.7001 57 43.71
11.3224 95 69.8967
11.4605 73 54.5381
11.5247 64 48.2574
11.3224 99 72.6967
11.3642 80 59.4092
11.332 82 60.7996
11.5247 62 46.8574
12.7001 56 43.01
11.4252 74 55.2276
11.332 83 61.4996
11.4155 77 57.3247
11.3224 88 64.9967
11.332 90 66.3996
11.5215 69 51.7565
11.361 81 60.1083
11.3642 79 58.7092
11.3706 77 57.3112
11.332 87 64.2996
11.361 82 60.8083
11.5247 64 48.2574
12.6904 58 44.4071
11.361 79 58.7083
11.3224 90 66.3967
11.3224 87 64.2967
11.332 82 60.7996
11.361 82 60.8083
11.4155 79 58.7247
11.6403 60 45.4921
11.3642 77 57.3092
12.6904 59 45.1071
11.4637 71 53.1391
11.5151 78 58.0545
12.3019 66 49.8906
11.4637 74 55.2391
12.6166 61 46.485
11.361 88 65.0083
11.3224 102 74.7967
11.6403 59 44.7921
11.3642 78 58.0092
11.4155 77 57.3247
11.3224 97 71.2967
11.3224 91 67.0967
12.6904 59 45.1071
11.5151 68 51.0545
11.5247 62 46.8574
11.3642 78 58.0092
11.3224 86 63.5967
11.361 79 58.7083
11.4252 74 55.2276
11.4252 69 51.7276
11.332 85 62.8996
11.4701 69 51.741
11.3224 91 67.0967
11.3642 77 57.3092
11.3224 88 64.9967
11.4252 76 56.6276
11.5311 62 46.8593
11.5311 61 46.1593
11.4316 74 55.2295
11.332 84 62.1996
11.5151 70 52.4545
11.332 88 64.9996
11.3224 99 72.6967
11.4701 73 54.541
14.1227 53 41.3368
11.3224 98 71.9967
11.3224 96 70.5967
14.1227 52 40.6368
11.332 92 67.7996
11.5151 69 51.7545
11.5151 69 51.7545
11.3642 79 58.7092
11.5247 68 51.0574
11.4637 70 52.4391
11.3224 98 71.9967
