11.4412 70 17.2971
11.711 68 17.3399
11.438 74 17.6942
11.4284 77 17.9855
11.5311 82 18.578
12.9634 67 18.3671
11.5504 80 18.3954
13.6121 69 19.1509
12.0739 79 18.7665
11.8812 76 18.2931
11.8876 82 18.8988
12.0739 79 18.7665
11.3128 94 19.5815
11.9326 79 18.6393
12.0739 79 18.7665
11.8876 82 18.8988
11.8812 76 18.2931
13.6121 69 19.1509
11.8812 76 18.2931
11.8876 82 18.8988
11.438 74 17.6942
11.9326 79 18.6393
11.8876 82 18.8988
11.4252 84 18.6827
11.4284 77 17.9855
11.9326 79 18.6393
11.4412 70 17.2971
11.4412 70 17.2971
13.8304 69 19.3474
11.5311 82 18.578
12.9634 67 18.3671
11.5119 77 18.0607
11.6403 79 18.3763
11.4284 77 17.9855
12.0739 79 18.7665
13.6121 69 19.1509
11.4412 70 17.2971
11.8812 76 18.2931
11.438 74 17.6942
11.711 68 17.3399
11.8812 76 18.2931
11.8876 82 18.8988
11.9326 79 18.6393
11.9326 79 18.6393
11.438 74 17.6942
11.438 74 17.6942
11.8812 76 18.2931
11.438 74 17.6942
11.8812 76 18.2931
12.0739 79 18.7665
11.2807 102 20.3526
11.5311 82 18.578
11.8812 76 18.2931
11.9326 79 18.6393
12.9634 67 18.3671
13.6121 69 19.1509
11.4412 70 17.2971
11.5504 80 18.3954
13.8304 69 19.3474
11.4412 70 17.2971
11.438 74 17.6942
12.9634 67 18.3671
11.5504 80 18.3954
11.438 74 17.6942
12.0739 79 18.7665
12.9634 67 18.3671
11.711 68 17.3399
11.4412 70 17.2971
12.9634 67 18.3671
11.4284 77 17.9855
11.438 74 17.6942
11.8876 82 18.8988
11.4316 87 18.9884
11.5311 82 18.578
11.9326 79 18.6393
11.8812 76 18.2931
11.711 75 18.0399
12.0739 79 18.7665
12.0739 79 18.7665
11.4316 81 18.3884
11.3674 80 18.2306
11.8812 76 18.2931
11.8812 76 18.2931
11.711 68 17.3399
11.4412 70 17.2971
11.2197 95 19.5977
11.8876 82 18.8988
11.711 68 17.3399
11.6403 79 18.3763
13.8304 69 19.3474
11.9326 79 18.6393
11.6468 85 18.9821
11.4766 84 18.7289
11.3128 94 19.5815
11.3674 80 18.2306
11.088 107 20.6792
11.8876 82 18.8988
12.9634 67 18.3671
12.9634 67 18.3671
11.438 74 17.6942
11.8876 82 18.8988
11.8812 76 18.2931
11.8812 76 18.2931
11.4412 70 17.2971
11.4284 77 17.9855
12.0739 79 18.7665
11.6917 82 18.7225
11.9326 79 18.6393
11.8876 82 18.8988
12.9634 67 18.3671
11.4284 77 17.9855
11.438 74 17.6942
11.8876 82 18.8988
12.0739 79 18.7665
11.8812 76 18.2931
11.9326 79 18.6393
11.4284 77 17.9855
11.8876 82 18.8988
11.438 74 17.6942
11.5311 82 18.578
11.8812 76 18.2931
11.9326 79 18.6393
12.0739 79 18.7665
12.0739 79 18.7665
11.711 68 17.3399
11.3674 80 18.2306
11.4284 77 17.9855
11.9326 79 18.6393
11.711 68 17.3399
11.9326 79 18.6393
11.4412 70 17.2971
12.3982 77 18.8584
13.5703 66 18.8133
11.4412 70 17.2971
11.8876 82 18.8988
12.0739 79 18.7665
11.8876 82 18.8988
11.5311 82 18.578
11.1169 99 19.9052
11.8876 82 18.8988
11.711 68 17.3399
13.8304 69 19.3474
12.9634 67 18.3671
12.0739 79 18.7665
11.4412 70 17.2971
13.5703 66 18.8133
11.9326 79 18.6393
12.0739 79 18.7665
12.0739 79 18.7665
11.8812 76 18.2931
