12.6198 61 22.2958
12.8382 62 22.6705
12.6262 63 22.701
12.6198 67 23.4958
12.8382 63 22.8705
12.6198 61 22.2958
12.5877 66 23.2701
12.5877 66 23.2701
12.5877 67 23.4701
12.4175 73 24.534
12.4496 71 24.1597
12.4432 72 24.3545
12.4432 75 24.9545
12.2505 76 25.0004
11.8362 78 25.069
12.1381 77 25.1105
12.4432 76 25.1545
12.1381 78 25.3105
12.1124 75 24.6899
11.8362 77 24.869
12.0963 85 26.6771
11.6724 78 24.938
11.7592 82 25.8073
11.7977 87 26.8382
11.666 88 26.9328
11.6179 86 26.4943
11.666 90 27.3328
11.6468 84 26.1174
11.6179 88 26.8943
11.6724 79 25.138
11.6468 83 25.9174
11.6179 84 26.0943
11.6179 87 26.6943
11.5922 88 26.8737
11.6179 88 26.8943
11.5857 96 28.4686
11.5922 97 28.6737
11.5922 91 27.4737
11.6468 86 26.5174
11.5922 95 28.2737
11.589 101 29.4712
11.5857 101 29.4686
11.7367 92 27.7893
11.589 95 28.2712
11.5665 103 29.8532
11.5472 95 28.2378
11.8555 94 28.2844
11.5472 98 28.8378
11.5408 106 30.4326
11.5729 96 28.4583
11.5729 97 28.6583
11.5472 102 29.6378
11.5344 101 29.4275
11.5472 101 29.4378
11.5279 111 31.4224
11.589 94 28.0712
11.589 95 28.2712
11.6981 104 30.1585
12.4175 73 24.534
11.5922 89 27.0737
11.5729 99 29.0583
11.5729 100 29.2583
11.8362 76 24.669
11.6179 85 26.2943
11.8105 80 25.4484
12.8703 63 22.8962
11.6114 92 27.6891
12.2087 84 26.567
12.8703 59 22.0962
11.7303 84 26.1842
11.5922 88 26.8737
13.0951 75 25.476
11.5087 108 30.8069
12.4175 78 25.534
11.589 92 27.6712
12.8703 61 22.4962
11.7559 84 26.2048
11.8234 85 26.4587
12.5877 66 23.2701
12.2505 77 25.2004
13.2074 73 25.166
11.8105 79 25.2484
11.5472 100 29.2378
11.5472 99 29.0378
12.6198 64 22.8958
11.5729 95 28.2583
11.5472 103 29.8378
11.6468 88 26.9174
12.2505 74 24.6004
12.8382 62 22.6705
12.4432 78 25.5545
12.8703 71 24.4962
11.5729 97 28.6583
11.6468 85 26.3174
11.5729 96 28.4583
12.5877 66 23.2701
11.6468 82 25.7174
12.6198 64 22.8958
11.6724 79 25.138
11.5922 88 26.8737
11.8105 79 25.2484
11.5472 103 29.8378
11.711 99 29.1688
12.4432 76 25.1545
12.5877 72 24.4701
11.8362 80 25.469
12.4432 78 25.5545
11.7559 84 26.2048
11.6275 87 26.702
11.7816 83 26.0253
11.5922 94 28.0737
11.5472 99 29.0378
11.6724 81 25.538
11.666 88 26.9328
11.5857 97 28.6686
11.7559 87 26.8048
12.4175 77 25.334
13.0951 75 25.476
12.4432 79 25.7545
12.2248 79 25.5798
11.6724 80 25.338
11.8105 78 25.0484
12.1381 78 25.3105
11.9486 75 24.5589
11.5472 98 28.8378
11.5408 110 31.2326
12.2505 74 24.6004
12.4432 70 23.9545
11.5279 114 32.0224
11.6179 85 26.2943
11.5665 102 29.6532
12.1959 81 25.9567
11.8362 77 24.869
11.6468 86 26.5174
11.6468 84 26.1174
11.7848 80 25.4279
11.5344 113 31.8275
11.5922 89 27.0737
11.5472 97 28.6378
11.6468 86 26.5174
11.5344 105 30.2275
11.9069 81 25.7255
12.4432 79 25.7545
11.6114 92 27.6891
11.5472 97 28.6378
11.5472 95 28.2378
11.5279 114 32.0224
11.711 97 28.7688
12.5877 66 23.2701
12.8767 58 21.9013
