15.4522 43 37.4904
14.5819 45 38.9164
14.5819 49 42.1164
14.5723 51 43.7145
14.5723 52 44.5145
12.623 47 40.1246
12.7225 53 44.9445
13.702 47 40.3404
14.5819 52 44.5164
12.6166 50 42.5233
12.623 50 42.5246
12.6166 60 50.5233
12.6166 52 44.1233
12.3019 60 50.4604
12.6069 57 48.1214
12.9794 51 43.3959
12.6069 53 44.9214
11.5311 56 47.1062
12.6069 56 47.3214
11.5215 61 51.1043
11.5247 58 48.7049
11.5215 62 51.9043
11.4637 66 55.0927
11.5247 60 50.3049
11.5215 61 51.1043
11.5247 59 49.5049
11.5151 60 50.303
11.5311 56 47.1062
11.5151 66 55.103
11.4252 73 60.685
11.4701 62 51.894
11.5311 60 50.3062
11.5151 73 60.703
11.4252 65 54.285
11.4252 75 62.285
11.3642 74 61.4728
11.4252 68 56.685
11.4155 78 64.6831
11.4252 78 64.685
11.4155 79 65.4831
11.4155 71 59.0831
11.3642 72 59.8728
11.3834 76 63.0767
11.3545 79 65.4709
11.3642 71 59.0728
11.3545 78 64.6709
12.2023 66 55.2405
11.3706 70 58.2741
11.3642 76 63.0728
11.361 77 63.8722
11.332 78 64.6664
11.3545 87 71.8709
11.361 76 63.0722
11.332 79 65.4664
11.332 83 68.6664
11.332 81 67.0664
11.5247 58 48.7049
11.4155 72 59.8831
11.5151 73 60.703
15.4522 43 37.4904
11.4926 64 53.4985
11.3545 78 64.6709
11.4605 69 57.4921
12.6166 55 46.5233
11.4316 73 60.6863
11.3642 76 63.0728
11.8876 55 46.3775
11.4252 68 56.685
11.4701 64 53.494
15.4522 46 39.8904
11.3642 72 59.8728
12.7322 47 40.1464
12.3083 56 47.2617
12.6166 51 43.3233
11.3642 76 63.0728
11.5215 60 50.3043
11.361 77 63.8722
12.623 50 42.5246
11.3224 83 68.6645
11.4252 69 57.485
12.2922 63 52.8584
11.5151 63 52.703
11.4155 67 55.8831
12.6069 56 47.3214
11.4155 73 60.6831
11.361 79 65.4722
11.5151 62 51.903
14.5819 45 38.9164
12.6166 54 45.7233
11.3931 75 62.2786
11.4155 72 59.8831
11.5151 62 51.903
11.5311 58 48.7062
12.6069 54 45.7214
11.4155 70 58.2831
11.5311 58 48.7062
12.7322 49 41.7464
14.5723 51 43.7145
11.3642 70 58.2728
11.4155 69 57.4831
11.4155 72 59.8831
11.5215 71 59.1043
11.5215 65 54.3043
11.5151 64 53.503
11.4252 72 59.885
12.9794 51 43.3959
14.5819 48 41.3164
12.3019 61 51.2604
13.7084 47 40.3417
11.3545 76 63.0709
11.332 79 65.4664
11.5151 72 59.903
12.6166 53 44.9233
11.4252 66 55.085
11.3642 84 69.4728
12.1991 69 57.6398
12.6166 50 42.5233
15.4522 43 37.4904
11.4155 68 56.6831
11.5311 61 51.1062
11.5215 65 54.3043
11.5215 62 51.9043
11.4926 67 55.8985
11.3642 85 70.2728
11.3642 72 59.8728
12.6069 52 44.1214
12.6166 62 52.1233
11.4541 71 59.0908
14.5819 43 37.3164
11.332 81 67.0664
12.6069 57 48.1214
11.5151 63 52.703
11.5151 62 51.903
11.5215 61 51.1043
12.6134 53 44.9227
11.3642 85 70.2728
11.4155 71 59.0831
11.361 77 63.8722
13.702 49 41.9404
11.332 78 64.6664
11.4252 64 53.485
11.3642 73 60.6728
12.6712 52 44.1342
11.3642 76 63.0728
12.7322 47 40.1464
11.4155 78 64.6831
11.3545 77 63.8709
12.6069 55 46.5214
11.5311 58 48.7062
12.6166 52 44.1233
