14.4984 67 45.9994
14.553 65 44.8212
13.3776 73 49.1511
13.7437 75 50.4975
12.7932 73 48.9173
13.8048 69 46.9219
12.5652 70 47.0261
12.5234 80 53.0094
12.0835 78 51.6334
12.2633 74 49.3053
11.7816 79 52.1127
12.1188 75 49.8475
11.8362 74 49.1345
11.666 84 55.0664
11.8362 75 49.7345
11.6724 78 51.469
11.6724 79 52.069
11.6403 87 56.8561
11.6724 80 52.669
11.6468 83 54.4587
11.6179 82 53.8471
11.6403 89 58.0561
11.6179 83 54.4471
11.6179 91 59.2471
11.5922 87 56.8369
11.5922 87 56.8369
11.5857 93 60.4343
11.7559 84 55.1024
11.6179 84 55.0471
11.5922 89 58.0369
11.5344 99 64.0137
11.8748 87 56.9499
11.5729 98 63.4292
11.6339 86 56.2536
11.5665 100 64.6266
11.5536 95 61.6215
11.5472 94 61.0189
11.5536 97 62.8215
11.5729 92 59.8292
11.5472 95 61.6189
11.5472 105 67.6189
11.5472 97 62.8189
11.5311 98 63.4125
11.5729 94 61.0292
11.5215 100 64.6086
11.483 104 66.9932
11.4926 97 62.797
11.5215 101 65.2086
11.483 99 63.9932
11.483 109 69.9932
11.4733 110 70.5893
11.483 103 66.3932
11.483 101 65.1932
11.4733 103 66.3893
11.6179 83 54.4471
11.5472 96 62.2189
11.6179 81 53.2471
12.5395 74 49.4158
11.6179 92 59.8471
11.5408 102 65.8163
11.5729 91 59.2292
11.483 99 63.9932
11.5472 96 62.2189
13.4611 72 48.5845
14.4984 69 47.1994
11.8362 76 50.3345
11.483 104 66.9932
13.4611 70 47.3845
11.6724 77 50.869
11.483 101 65.1932
11.6724 76 50.269
11.5922 85 55.6369
11.6403 87 56.8561
11.6403 88 57.4561
11.5408 104 67.0163
11.5793 90 58.6317
11.5857 94 61.0343
12.8221 71 47.7288
11.483 100 64.5932
11.483 110 70.5932
11.8362 83 54.5345
11.6468 80 52.6587
11.483 101 65.1932
11.4926 100 64.597
12.1124 76 50.445
11.8234 84 55.1294
11.5729 91 59.2292
11.7816 80 52.7127
11.6114 89 58.0446
11.6403 89 58.0561
11.6114 91 59.2446
11.6724 79 52.069
11.5922 90 58.6369
11.6724 75 49.669
11.6468 82 53.8587
11.5793 89 58.0317
11.5215 97 62.8086
11.5922 90 58.6369
11.5729 98 63.4292
13.8048 66 45.1219
11.6179 85 55.6471
11.8362 75 49.7345
11.5215 99 64.0086
13.3776 70 47.3511
11.6468 83 54.4587
11.5922 89 58.0369
11.5729 92 59.8292
11.6403 88 57.4561
11.483 103 66.3932
11.483 98 63.3932
11.5729 98 63.4292
11.6114 91 59.2446
12.2505 81 53.5002
11.5922 87 56.8369
12.1381 73 48.6552
11.5793 92 59.8317
11.711 92 59.8844
12.1381 71 47.4552
11.6724 76 50.269
11.6468 80 52.6587
11.4926 101 65.197
11.5922 86 56.2369
11.5729 92 59.8292
11.5922 83 54.4369
11.6724 77 50.869
11.6724 80 52.669
14.5273 68 46.6109
12.5652 73 48.8261
12.106 82 54.0424
11.483 110 70.5932
11.5922 85 55.6369
11.4733 102 65.7893
12.5652 73 48.8261
11.6468 80 52.6587
12.8221 71 47.7288
11.4733 102 65.7893
12.8478 68 45.9391
12.7932 73 48.9173
11.5793 92 59.8317
11.666 87 56.8664
11.483 109 69.9932
11.8362 83 54.5345
13.7437 75 50.4975
12.8478 67 45.3391
11.5472 92 59.8189
11.5793 92 59.8317
13.3776 70 47.3511
11.5536 94 61.0215
11.5408 105 67.6163
11.6468 80 52.6587
