13.4419 66 60.7442
13.4419 66 60.7442
12.2344 70 64.2234
11.4059 76 69.5406
11.4059 76 69.5406
11.5022 85 77.6502
11.4509 86 78.5451
11.271 99 90.2271
11.4509 86 78.5451
11.2453 111 101.025
11.3224 122 110.932
11.4509 86 78.5451
11.4059 76 69.5406
11.4059 76 69.5406
12.2344 70 64.2234
11.4059 76 69.5406
11.4059 76 69.5406
11.4509 86 78.5451
13.4419 66 60.7442
11.4509 86 78.5451
12.2344 70 64.2234
11.4509 86 78.5451
11.4509 86 78.5451
11.4509 86 78.5451
12.2344 70 64.2234
11.2261 104 94.7226
11.2453 111 101.025
11.5022 85 77.6502
13.4419 66 60.7442
11.4059 76 69.5406
11.4509 86 78.5451
11.4059 76 69.5406
11.3995 111 101.04
12.2344 70 64.2234
11.4059 76 69.5406
11.5022 85 77.6502
11.3995 111 101.04
13.4419 66 60.7442
11.4059 76 69.5406
13.4419 66 60.7442
11.4059 76 69.5406
11.4509 86 78.5451
11.4509 86 78.5451
11.4059 76 69.5406
11.2453 111 101.025
11.4669 105 95.6467
11.4509 86 78.5451
13.4419 66 60.7442
11.4059 76 69.5406
11.4509 86 78.5451
11.4509 86 78.5451
11.4509 86 78.5451
11.5022 85 77.6502
12.2344 70 64.2234
11.4059 76 69.5406
11.5022 85 77.6502
11.4059 101 92.0406
13.4419 66 60.7442
13.4419 66 60.7442
11.3995 115 104.64
12.2344 70 64.2234
11.4059 76 69.5406
12.2344 70 64.2234
13.4419 66 60.7442
11.4509 86 78.5451
11.2903 96 87.529
11.4059 76 69.5406
11.4059 76 69.5406
11.4059 76 69.5406
11.2453 111 101.025
11.5022 85 77.6502
12.2344 70 64.2234
11.4059 76 69.5406
11.4059 76 69.5406
13.4419 66 60.7442
13.4419 66 60.7442
13.4419 66 60.7442
11.4509 86 78.5451
12.2344 70 64.2234
11.5022 85 77.6502
13.4419 66 60.7442
11.4509 86 78.5451
11.4059 91 83.0406
11.5022 85 77.6502
11.4059 91 83.0406
13.4419 66 60.7442
11.4059 76 69.5406
11.4059 76 69.5406
11.4059 101 92.0406
11.4059 76 69.5406
11.4059 76 69.5406
13.4419 66 60.7442
13.4419 66 60.7442
11.4059 76 69.5406
11.3674 117 106.437
11.5022 85 77.6502
11.4509 86 78.5451
11.4059 76 69.5406
11.4509 86 78.5451
12.2344 70 64.2234
13.4355 69 63.4435
12.2344 70 64.2234
12.2344 70 64.2234
11.4059 76 69.5406
11.4059 76 69.5406
13.4419 66 60.7442
11.4059 76 69.5406
11.4059 76 69.5406
11.5022 85 77.6502
11.4059 76 69.5406
11.4509 86 78.5451
11.5022 85 77.6502
11.5472 105 95.6547
11.4059 76 69.5406
11.3224 122 110.932
11.5022 85 77.6502
11.4059 76 69.5406
11.5022 85 77.6502
11.2453 111 101.025
11.3545 118 107.335
13.4419 66 60.7442
12.2344 70 64.2234
11.3899 112 101.939
13.4419 66 60.7442
11.4059 76 69.5406
11.4316 89 81.2432
11.4509 86 78.5451
13.4419 66 60.7442
11.3674 117 106.437
12.2344 70 64.2234
11.4059 76 69.5406
11.5472 105 95.6547
11.4059 76 69.5406
11.5022 85 77.6502
12.2344 70 64.2234
11.2903 96 87.529
11.4509 86 78.5451
11.4059 76 69.5406
11.2903 96 87.529
11.4059 101 92.0406
11.4509 86 78.5451
12.2344 70 64.2234
11.4059 76 69.5406
11.5022 85 77.6502
11.4059 76 69.5406
13.4419 66 60.7442
11.8426 97 88.4843
11.4059 76 69.5406
11.5022 85 77.6502
11.4059 86 78.5406
