13.824 76 32.4768
12.8221 75 31.4755
13.8176 73 31.5723
12.8221 74 31.1755
13.7726 78 33.0408
13.5254 76 32.2678
13.4708 76 32.2295
12.8221 77 32.0755
12.4432 78 32.1102
13.7919 75 32.1543
13.8176 73 31.5723
12.8221 76 31.7755
12.4432 79 32.4102
11.7592 83 33.1314
12.4432 83 33.6102
11.7592 84 33.4314
12.4432 77 31.8102
12.4432 84 33.9102
11.7592 86 34.0314
11.6179 88 34.5325
11.7848 82 32.8494
11.6468 87 34.2527
11.6468 84 33.3527
11.6724 84 33.3707
11.6724 83 33.0707
11.6114 95 36.628
11.6468 88 34.5527
11.6179 90 35.1325
11.6179 89 34.8325
11.6179 92 35.7325
11.7559 90 35.2292
11.6179 100 38.1325
11.5922 92 35.7145
11.5922 98 37.5145
11.5922 94 36.3145
11.7046 94 36.3932
11.5922 96 36.9145
11.5922 99 37.8145
11.5857 107 40.21
11.5857 108 40.51
11.5729 102 38.701
11.5922 100 38.1145
11.6179 92 35.7325
11.5472 107 40.183
11.5729 102 38.701
11.5472 107 40.183
11.5472 104 39.283
11.5472 105 39.583
11.5922 97 37.2145
11.5472 107 40.183
11.5472 108 40.483
11.5408 119 43.7785
11.5472 113 41.983
11.5408 112 41.6786
11.5472 114 42.283
11.5408 113 41.9785
11.5408 119 43.7785
11.5408 115 42.5785
11.5857 107 40.21
11.589 108 40.5123
11.5472 111 41.383
13.7919 75 32.1543
11.6468 86 33.9527
11.5472 104 39.283
11.5472 108 40.483
11.5922 96 36.9145
11.5472 109 40.783
11.5922 96 36.9145
11.6403 93 36.0482
11.5665 110 41.0965
12.4432 79 32.4102
11.7559 99 37.9292
11.6114 95 36.628
11.7592 85 33.7314
11.5922 92 35.7145
11.6532 113 42.0572
13.7855 72 31.2498
13.7919 75 32.1543
11.7784 91 35.5449
12.4432 78 32.1102
11.5922 93 36.0145
11.5857 108 40.51
11.5922 100 38.1145
11.7303 88 34.6112
11.5922 93 36.0145
11.6179 88 34.5325
13.5125 79 33.1588
12.4432 82 33.3102
13.7855 74 31.8498
11.5472 106 39.883
11.6179 86 33.9325
11.5472 112 41.683
11.5408 117 43.1786
11.8298 109 40.9809
11.8748 96 37.1123
11.5408 115 42.5785
11.666 91 35.4662
11.7784 90 35.2449
12.4175 81 32.9922
11.5922 92 35.7145
13.9043 69 30.433
11.6724 85 33.6707
12.4432 78 32.1102
11.6179 88 34.5325
11.5922 91 35.4145
11.5729 102 38.701
11.7848 81 32.5494
11.5922 95 36.6145
11.5922 100 38.1145
11.5922 92 35.7145
11.5472 105 39.583
12.8221 73 30.8755
11.5472 104 39.283
11.6468 85 33.6527
11.7592 83 33.1314
11.5665 111 41.3965
11.5922 100 38.1145
11.6724 82 32.7707
12.4432 81 33.0102
11.5408 111 41.3786
13.7309 82 34.2116
11.6724 82 32.7707
11.5922 97 37.2145
13.7855 72 31.2498
12.4432 78 32.1102
13.5575 76 32.2902
11.5729 100 38.101
11.6114 97 37.228
11.6403 94 36.3482
11.5408 113 41.9785
13.7726 75 32.1408
11.6403 94 36.3482
12.4175 83 33.5922
13.5382 79 33.1768
11.5857 109 40.81
11.5472 106 39.883
11.5472 104 39.283
11.5472 112 41.683
12.7964 80 32.9575
11.6724 85 33.6707
11.6179 91 35.4325
11.5954 97 37.2168
11.6468 87 34.2527
11.5408 112 41.6786
12.4432 82 33.3102
11.5922 95 36.6145
11.5472 106 39.883
11.5408 112 41.6786
11.5408 114 42.2785
11.6596 105 39.6617
