14.553 56 47.7106
12.9762 61 51.3952
12.9473 60 50.5895
13.4611 64 53.8922
12.7001 56 47.34
12.6904 63 52.9381
12.6069 64 53.7214
12.7001 58 48.94
12.3019 68 56.8604
12.623 60 50.5246
11.8555 66 55.1711
12.6166 66 55.3233
11.5311 67 55.9062
11.894 64 53.5788
11.5311 67 55.9062
11.5151 70 58.303
11.5311 64 53.5062
11.5247 67 55.9049
11.5151 72 59.903
11.5247 69 57.5049
11.5247 70 58.3049
11.5151 71 59.103
11.5215 71 59.1043
11.5247 71 59.1049
11.5151 72 59.903
11.4637 73 60.6927
11.4798 73 60.696
11.5151 82 67.903
11.4252 74 61.485
11.5408 70 58.3082
11.4252 76 63.085
12.517 68 56.9034
11.4155 76 63.0831
11.4155 82 67.8831
11.3642 86 71.0728
11.3706 79 65.4741
11.3545 86 71.0709
11.3642 78 64.6728
11.3642 84 69.4728
11.3642 80 66.2728
11.3642 83 68.6728
11.361 87 71.8722
11.3545 88 72.6709
11.3224 89 73.4645
11.3545 83 68.6709
11.4316 78 64.6863
11.332 85 70.2664
11.3224 92 75.8645
11.332 89 73.4664
11.332 84 69.4664
11.332 90 74.2664
11.3224 91 75.0645
11.3224 90 74.2645
11.3224 93 76.6645
11.3224 97 79.8645
11.3224 93 76.6645
12.1606 87 72.0321
11.3224 106 87.0645
11.3642 83 68.6728
12.7001 58 48.94
14.553 57 48.5106
11.4701 72 59.894
11.332 90 74.2664
12.7001 57 48.14
11.3642 82 67.8728
11.3642 80 66.2728
12.668 66 55.3336
11.878 70 58.3756
12.7001 57 48.14
11.3224 98 80.6645
11.3642 84 69.4728
11.3545 83 68.6709
11.4155 76 63.0831
12.6166 60 50.5233
11.3642 79 65.4728
11.3224 90 74.2645
11.422 83 68.6844
12.9473 60 50.5895
11.4637 73 60.6927
11.5151 74 61.503
11.5247 64 53.5049
11.361 84 69.4722
11.3642 84 69.4728
11.5311 65 54.3062
11.3224 89 73.4645
11.5408 72 59.9082
11.332 87 71.8664
11.4316 79 65.4863
11.4252 78 64.685
11.4252 77 63.885
11.332 84 69.4664
11.4155 78 64.6831
11.4316 78 64.6863
11.4252 75 62.285
11.4252 72 59.885
11.5247 72 59.9049
12.6712 64 53.7342
11.3224 89 73.4645
11.3224 91 75.0645
12.6069 64 53.7214
11.4155 81 67.0831
11.4155 80 66.2831
11.3545 85 70.2709
12.7001 58 48.94
11.3642 81 67.0728
11.5311 66 55.1062
12.9859 55 46.5972
11.5247 65 54.3049
11.5311 68 56.7062
11.5247 68 56.7049
11.3706 79 65.4741
11.4252 75 62.285
11.3224 91 75.0645
11.5247 69 57.5049
11.361 87 71.8722
11.332 86 71.0664
11.3706 82 67.8741
11.3642 82 67.8728
11.4541 77 63.8908
11.5311 68 56.7062
12.639 63 52.9278
11.4701 71 59.094
11.332 90 74.2664
11.4541 77 63.8908
11.4252 78 64.685
11.4798 73 60.696
12.668 66 55.3336
11.3642 79 65.4728
12.7001 58 48.94
11.332 92 75.8664
11.3642 78 64.6728
11.5311 74 61.5062
12.6904 64 53.7381
11.5247 66 55.1049
11.4316 77 63.8863
11.4155 82 67.8831
11.6403 64 53.5281
11.4155 79 65.4831
11.3224 90 74.2645
11.3545 83 68.6709
12.1702 78 64.834
11.4701 77 63.894
11.3224 98 80.6645
11.3642 83 68.6728
11.3642 78 64.6728
11.361 87 71.8722
11.4637 76 63.0927
11.5311 65 54.3062
11.5247 65 54.3049
11.3545 83 68.6709
