11.4412 70 17.2971
12.4978 69 18.148
12.4978 72 18.448
11.5504 80 18.3954
13.8304 69 19.3474
11.5504 80 18.3954
11.5408 91 19.4867
11.8394 94 20.0555
13.6121 69 19.1509
11.711 75 18.0399
11.711 75 18.0399
13.5703 66 18.8133
12.4978 69 18.148
11.4412 70 17.2971
11.4412 70 17.2971
11.711 75 18.0399
12.4978 69 18.148
11.711 75 18.0399
13.5703 66 18.8133
11.4412 70 17.2971
12.4978 69 18.148
11.6692 96 20.1023
12.4978 72 18.448
12.4978 72 18.448
11.5986 84 18.8387
11.4252 82 18.4827
11.5408 91 19.4867
12.4978 72 18.448
12.4978 72 18.448
12.4978 72 18.448
11.711 75 18.0399
11.5408 91 19.4867
11.4412 75 17.7971
13.6121 69 19.1509
11.4412 70 17.2971
13.6121 69 19.1509
11.4412 70 17.2971
11.3545 119 22.1191
11.5986 84 18.8387
11.9904 89 19.6913
12.4978 72 18.448
12.4978 69 18.148
11.5119 77 18.0607
11.5504 80 18.3954
13.6121 69 19.1509
11.5504 80 18.3954
11.5986 84 18.8387
11.5504 80 18.3954
11.4412 70 17.2971
11.711 75 18.0399
11.711 75 18.0399
13.6121 69 19.1509
12.4978 72 18.448
11.8394 88 19.4555
11.4316 85 18.7884
11.4412 70 17.2971
11.483 88 19.1347
13.8304 69 19.3474
11.4412 75 17.7971
11.4412 70 17.2971
11.4188 104 20.6769
11.3545 119 22.1191
11.5986 84 18.8387
12.4978 69 18.148
13.8304 69 19.3474
11.4316 85 18.7884
11.5408 91 19.4867
11.5408 91 19.4867
11.711 75 18.0399
13.6121 69 19.1509
11.5504 80 18.3954
11.833 92 19.8497
11.5986 84 18.8387
11.4412 70 17.2971
12.4978 72 18.448
11.4412 75 17.7971
11.483 88 19.1347
12.4978 69 18.148
11.4091 114 21.6682
11.4412 70 17.2971
13.6121 69 19.1509
13.8304 69 19.3474
13.8304 69 19.3474
11.5408 91 19.4867
11.711 75 18.0399
11.4412 75 17.7971
11.4252 82 18.4827
12.4978 69 18.148
11.377 109 21.1393
12.4978 69 18.148
12.4978 69 18.148
11.4252 82 18.4827
11.4412 70 17.2971
11.8394 94 20.0555
11.833 92 19.8497
13.8304 69 19.3474
11.5408 91 19.4867
11.5504 80 18.3954
11.711 75 18.0399
11.711 75 18.0399
11.4412 70 17.2971
11.4412 70 17.2971
11.711 75 18.0399
11.4412 70 17.2971
12.4978 69 18.148
11.5504 80 18.3954
11.4412 75 17.7971
11.9904 91 19.8913
11.483 88 19.1347
12.4978 69 18.148
11.4316 104 20.6884
12.4978 72 18.448
11.5504 80 18.3954
13.5703 66 18.8133
11.4412 70 17.2971
11.4412 70 17.2971
11.4316 85 18.7884
11.6692 96 20.1023
11.4412 75 17.7971
11.711 75 18.0399
11.4412 70 17.2971
11.711 75 18.0399
11.5504 80 18.3954
11.4412 70 17.2971
11.711 75 18.0399
11.5504 80 18.3954
11.2999 90 19.1699
12.4978 69 18.148
11.4412 70 17.2971
11.4412 70 17.2971
13.6121 69 19.1509
12.4978 72 18.448
11.4412 70 17.2971
11.3642 109 21.1277
12.4978 72 18.448
12.4978 69 18.148
11.5504 80 18.3954
13.5703 66 18.8133
11.4412 70 17.2971
11.711 75 18.0399
11.5504 88 19.1954
11.4412 70 17.2971
11.4252 82 18.4827
12.4978 72 18.448
13.8304 69 19.3474
11.4252 82 18.4827
11.711 75 18.0399
11.4412 70 17.2971
11.5504 88 19.1954
11.5504 88 19.1954
