12.4432 84 41.0659
11.7592 91 43.4555
11.6339 135 60.9803
11.5376 149 66.5225
12.4175 90 43.4505
11.6339 135 60.9803
11.5376 149 66.5225
11.7848 87 41.8709
11.7784 96 45.4671
11.6339 138 62.1803
11.5376 149 66.5225
11.817 137 61.8902
11.5376 149 66.5225
11.5055 152 67.7033
11.6339 138 62.1803
11.7848 87 41.8709
11.7848 87 41.8709
11.5633 140 62.938
12.4432 86 41.8659
12.4432 86 41.8659
11.7303 93 44.2382
11.7592 91 43.4555
11.7848 87 41.8709
11.7592 91 43.4555
11.7592 91 43.4555
11.5055 152 67.7033
11.5376 149 66.5225
11.7303 93 44.2382
11.6339 138 62.1803
11.7848 87 41.8709
11.6339 141 63.3803
11.5376 148 66.1225
11.5376 149 66.5225
11.6339 135 60.9803
11.955 131 59.573
12.4175 90 43.4505
11.7784 96 45.4671
11.6339 138 62.1803
11.7848 87 41.8709
11.817 137 61.8902
12.4432 86 41.8659
11.7848 87 41.8709
11.7303 93 44.2382
11.5376 149 66.5225
12.4432 86 41.8659
11.5376 149 66.5225
12.4432 86 41.8659
11.7848 87 41.8709
11.6339 141 63.3803
12.4432 86 41.8659
11.7784 96 45.4671
11.5055 152 67.7033
11.6724 129 58.6035
11.5922 140 62.9553
12.4432 86 41.8659
11.5376 149 66.5225
11.6339 138 62.1803
11.5376 149 66.5225
12.4432 86 41.8659
11.7784 96 45.4671
12.4432 86 41.8659
11.6339 138 62.1803
12.4175 90 43.4505
12.4432 86 41.8659
11.7592 91 43.4555
11.5376 148 66.1225
12.4175 90 43.4505
11.6339 138 62.1803
11.7848 87 41.8709
11.7848 87 41.8709
12.4175 90 43.4505
11.9486 86 41.5692
11.7945 134 60.6767
11.7848 87 41.8709
12.4432 85 41.4659
11.817 137 61.8902
12.4432 86 41.8659
12.4175 90 43.4505
11.5376 149 66.5225
11.5729 147 65.7437
11.6724 90 43.0035
11.6724 90 43.0035
11.7945 134 60.6767
11.5633 140 62.938
12.4432 86 41.8659
11.6339 135 60.9803
11.6339 138 62.1803
11.817 137 61.8902
11.6339 138 62.1803
11.5376 149 66.5225
11.5376 148 66.1225
11.6339 138 62.1803
11.6724 90 43.0035
12.4432 86 41.8659
11.817 137 61.8902
11.955 131 59.573
11.5376 148 66.1225
11.817 137 61.8902
12.4432 86 41.8659
12.4432 86 41.8659
12.411 89 43.0466
11.6724 90 43.0035
11.7848 87 41.8709
11.7945 134 60.6767
11.6339 138 62.1803
11.7784 96 45.4671
11.7592 91 43.4555
11.5376 149 66.5225
11.7848 87 41.8709
12.4432 86 41.8659
11.7592 91 43.4555
11.5729 147 65.7437
11.7592 91 43.4555
11.5376 149 66.5225
11.7784 96 45.4671
11.6724 90 43.0035
11.6339 141 63.3803
12.4432 86 41.8659
12.4432 86 41.8659
12.4432 86 41.8659
11.499 152 67.6994
11.5376 149 66.5225
11.6339 138 62.1803
12.4432 86 41.8659
11.5376 149 66.5225
11.7303 93 44.2382
11.5376 144 64.5225
11.6339 138 62.1803
11.5376 149 66.5225
11.5376 149 66.5225
11.6339 141 63.3803
11.5376 148 66.1225
12.4432 86 41.8659
11.5376 149 66.5225
11.6339 138 62.1803
11.5376 149 66.5225
12.4432 86 41.8659
11.5376 149 66.5225
11.6339 135 60.9803
11.6339 141 63.3803
11.5376 149 66.5225
11.5376 149 66.5225
12.4432 86 41.8659
11.6724 90 43.0035
11.5376 148 66.1225
11.6339 141 63.3803
11.6339 141 63.3803
11.7592 91 43.4555
11.6339 138 62.1803
11.955 131 59.573
