13.6506 73 31.4554
13.7919 70 30.6543
13.8176 67 29.7723
13.6956 70 30.5869
12.5909 76 31.6136
12.7771 76 31.744
13.2492 71 30.5744
12.8221 74 31.1755
13.6956 71 30.8869
12.8221 73 30.8755
12.8221 76 31.7755
12.4432 77 31.8102
12.8221 72 30.5755
12.7964 75 31.4575
12.8221 75 31.4755
12.4432 78 32.1102
11.7848 78 31.6494
12.4432 77 31.8102
11.7848 81 32.5494
12.4432 78 32.1102
11.6724 80 32.1707
11.7592 84 33.4314
11.7848 80 32.2494
11.6468 84 33.3527
11.666 91 35.4662
11.6403 92 35.7482
11.6179 86 33.9325
11.9294 83 33.2505
11.6724 81 32.4707
11.6179 88 34.5325
11.5922 87 34.2145
11.6179 87 34.2325
11.5922 90 35.1145
11.5922 89 34.8145
11.5922 99 37.8145
11.5922 91 35.4145
11.5922 92 35.7145
11.7046 92 35.7932
11.7046 93 36.0932
11.6917 94 36.3842
11.5922 95 36.6145
11.5536 100 38.0875
11.5472 103 38.983
11.5729 102 38.701
11.5729 99 37.801
11.5729 101 38.401
11.5472 102 38.683
11.5729 101 38.401
11.5472 104 39.283
11.5472 105 39.583
11.5472 104 39.283
11.8298 106 40.0809
11.6596 107 40.2617
11.5472 103 38.983
11.8298 109 40.9809
11.5408 111 41.3786
11.5376 114 42.2763
11.5472 105 39.583
11.5376 113 41.9763
11.5472 102 38.683
11.5408 112 41.6786
13.641 72 31.1487
11.5729 99 37.801
11.6403 91 35.4482
11.5729 101 38.401
11.5665 110 41.0965
11.5408 110 41.0785
11.9004 85 33.8303
12.4432 78 32.1102
11.5472 103 38.983
12.4432 77 31.8102
11.6724 82 32.7707
13.2492 71 30.5744
11.5857 103 39.01
11.5922 91 35.4145
13.5832 71 30.8082
11.6179 87 34.2325
12.4175 82 33.2922
11.7848 82 32.8494
11.5472 105 39.583
11.6724 81 32.4707
11.6179 87 34.2325
12.7964 75 31.4575
11.8105 83 33.1674
11.6724 80 32.1707
11.5311 122 44.6718
11.5922 88 34.5145
13.6956 68 29.9869
13.5832 71 30.8082
11.5857 99 37.81
11.7559 93 36.1292
13.9107 74 31.9375
11.5922 92 35.7145
11.666 90 35.1662
11.666 91 35.4662
11.6403 91 35.4482
11.7848 81 32.5494
11.7848 81 32.5494
11.5954 99 37.8168
11.5729 100 38.101
12.8221 73 30.8755
13.4708 74 31.6295
13.2492 71 30.5744
12.4432 83 33.6102
11.5472 105 39.583
11.5793 97 37.2055
11.5922 91 35.4145
11.6468 84 33.3527
11.5376 113 41.9763
11.6596 107 40.2617
13.5832 73 31.4082
11.8105 81 32.5674
11.5922 88 34.5145
11.6403 92 35.7482
11.5472 107 40.183
11.5472 107 40.183
11.6403 92 35.7482
11.666 90 35.1662
11.8234 111 41.5764
11.5922 90 35.1145
13.5767 75 32.0037
11.5922 92 35.7145
11.5922 94 36.3145
11.5729 101 38.401
13.6506 74 31.7554
13.5382 74 31.6768
13.018 76 31.9126
11.5729 98 37.501
11.6179 86 33.9325
12.7964 75 31.4575
12.4432 80 32.7102
11.7559 88 34.6292
11.7592 82 32.8314
11.6724 80 32.1707
11.5376 112 41.6763
12.8221 73 30.8755
13.2492 71 30.5744
11.7816 85 33.7471
11.6179 87 34.2325
13.018 76 31.9126
11.6724 81 32.4707
11.5922 92 35.7145
11.6179 87 34.2325
11.5472 108 40.483
13.5832 71 30.8082
11.5922 90 35.1145
11.5954 94 36.3168
11.5922 92 35.7145
11.5376 114 42.2763
11.5472 105 39.583
