13.808 63 28.5656
13.7759 65 29.1431
13.4676 68 29.8273
13.5511 66 29.2857
12.5909 70 29.8136
13.9043 62 28.333
13.808 63 28.5656
12.7771 70 29.944
12.7964 70 29.9575
12.8221 67 29.0755
12.7964 72 30.5575
12.5909 74 31.0136
12.7771 71 30.244
12.5652 74 30.9956
12.7964 73 30.8575
12.4432 70 29.7102
12.5909 75 31.3136
12.1959 77 31.6371
12.4175 75 31.1922
12.1959 78 31.9371
12.0996 75 30.9697
11.7848 76 31.0494
12.2505 82 33.1753
12.0996 76 31.2697
11.6724 78 31.5707
11.7848 76 31.0494
11.7527 86 34.0269
11.7848 79 31.9494
11.6724 80 32.1707
11.7848 76 31.0494
11.7592 78 31.6314
11.6468 83 33.0527
11.6403 89 34.8482
11.6468 83 33.0527
11.6468 91 35.4527
11.6179 85 33.6325
11.8105 82 32.8674
11.5922 86 33.9145
11.6114 93 36.028
11.5922 85 33.6145
11.5922 86 33.9145
11.7559 86 34.0292
11.5857 97 37.21
11.5922 89 34.8145
11.5857 92 35.71
11.5922 90 35.1145
11.5857 93 36.01
11.5793 94 36.3055
11.5857 92 35.71
11.5793 93 36.0055
11.5729 96 36.901
11.5729 103 39.001
11.5536 95 36.5875
11.5729 95 36.601
11.5536 98 37.4875
11.5472 97 37.183
11.5793 95 36.6055
11.5472 98 37.483
11.5729 97 37.201
11.5922 91 35.4145
11.2839 134 48.0987
11.7431 92 35.8202
11.5729 96 36.901
11.6468 80 32.1527
11.7046 83 33.0932
11.7527 87 34.3269
11.7303 81 32.5112
11.5536 95 36.5875
13.4676 65 28.9273
11.5665 104 39.2965
11.5857 93 36.01
11.6179 85 33.6325
12.5652 74 30.9956
11.5472 99 37.783
11.5536 98 37.4875
11.5344 104 39.2741
11.5536 98 37.4875
12.0193 77 31.5135
11.5729 101 38.401
12.5909 71 30.1136
13.7759 64 28.8431
11.6724 78 31.5707
11.5922 88 34.5145
11.6724 80 32.1707
11.6724 78 31.5707
13.6956 65 29.0869
13.9043 62 28.333
11.5922 93 36.0145
12.2087 82 33.1461
12.2505 71 29.8753
12.5909 74 31.0136
11.5793 95 36.6055
13.6635 66 29.3644
13.4804 67 29.5363
12.0996 75 30.9697
11.666 88 34.5662
11.5857 98 37.51
11.5793 96 36.9055
11.7592 79 31.9314
11.5857 93 36.01
11.5922 99 37.8145
13.2042 68 29.643
12.5652 74 30.9956
13.808 61 27.9656
13.7983 70 30.6588
13.808 63 28.5656
11.6082 91 35.4258
13.808 62 28.2656
11.7848 76 31.0494
11.5922 88 34.5145
12.8221 71 30.2755
11.7592 82 32.8314
12.8221 69 29.6755
12.8221 68 29.3755
11.5408 106 39.8785
11.5922 89 34.8145
12.7964 69 29.6575
14.0809 61 28.1566
12.2248 77 31.6574
11.5922 86 33.9145
12.4432 76 31.5102
11.6179 84 33.3325
11.7784 85 33.7449
11.7848 77 31.3494
11.6339 90 35.1437
11.666 94 36.3662
11.5408 107 40.1786
11.6403 90 35.1482
11.5472 99 37.783
12.045 80 32.4315
12.0739 77 31.5517
12.0739 77 31.5517
11.5922 87 34.2145
11.6082 90 35.1258
11.7592 80 32.2314
11.5922 89 34.8145
11.5857 95 36.61
12.2248 77 31.6574
11.5857 92 35.71
12.8221 67 29.0755
13.6956 61 27.8869
11.5472 103 38.983
11.5922 86 33.9145
12.7964 74 31.1575
13.0405 70 30.1283
11.6468 81 32.4527
11.5536 101 38.3875
12.2505 73 30.4753
11.5729 94 36.301
12.4432 76 31.5102
