13.5222 47 23.5655
13.7116 43 22.4981
13.6795 44 22.7757
13.6699 49 24.2689
13.6699 49 24.2689
13.0951 47 23.2665
13.6699 50 24.5689
13.0951 51 24.4665
13.6699 45 23.0689
13.0565 49 23.8396
13.0951 52 24.7665
12.7675 52 24.5373
13.0565 50 24.1396
12.806 51 24.2642
12.7675 54 25.1373
12.7675 53 24.8373
13.0951 48 23.5665
12.6423 54 25.0496
12.7675 63 27.8373
12.6037 56 25.6226
12.6037 59 26.5226
12.2954 67 28.7068
12.2762 63 27.4933
12.3019 60 26.6113
11.9294 65 27.8505
12.8349 59 26.6845
11.955 64 27.5685
11.955 65 27.8685
11.9294 69 29.0505
11.9486 73 30.264
11.8362 67 28.3854
11.9294 67 28.4505
11.8362 68 28.6854
11.8362 73 30.1854
11.6179 74 30.3325
11.8362 66 28.0854
11.8234 77 31.3764
11.6468 73 30.0527
11.666 79 31.8662
11.6468 77 31.2527
11.6724 71 29.4707
11.6403 81 32.4482
11.6179 75 30.6325
11.6468 75 30.6527
11.5922 78 31.5145
11.6179 77 31.2325
11.5922 78 31.5145
11.6179 78 31.5325
11.5857 86 33.91
11.7559 77 31.3292
11.5922 81 32.4145
11.5729 82 32.701
11.5922 82 32.7145
11.5472 85 33.583
11.5665 91 35.3965
11.5472 89 34.783
11.5472 87 34.183
11.5472 86 33.883
11.5729 83 33.001
12.2954 67 28.7068
13.5125 51 24.7588
13.6795 44 22.7757
12.806 50 23.9642
12.806 51 24.2642
11.5665 91 35.3965
11.6724 72 29.7707
12.8349 57 26.0845
12.3019 61 26.9113
13.7598 46 23.4319
13.6699 49 24.2689
11.8362 68 28.6854
11.5729 83 33.001
11.6275 80 32.1392
11.8748 71 29.6123
13.0951 47 23.2665
11.5472 85 33.583
12.6423 53 24.7496
13.6699 49 24.2689
11.9294 68 28.7505
11.8362 68 28.6854
11.9004 67 28.4303
13.0951 47 23.2665
11.5857 86 33.91
11.5729 84 33.301
11.6179 74 30.3325
12.7675 53 24.8373
11.6724 73 30.0707
12.3019 62 27.2113
13.0951 48 23.5665
13.0951 50 24.1665
11.6114 83 33.028
11.955 63 27.2685
12.7675 53 24.8373
11.5472 85 33.583
11.6724 71 29.4707
12.806 51 24.2642
11.7816 74 30.4471
13.7116 46 23.3981
11.6724 70 29.1707
11.5922 77 31.2145
13.0565 49 23.8396
12.806 51 24.2642
11.5922 79 31.8145
11.5922 78 31.5145
11.7816 72 29.8471
11.5472 85 33.583
11.6179 84 33.3325
11.5729 87 34.201
13.6699 49 24.2689
12.806 59 26.6642
11.6724 70 29.1707
11.9294 68 28.7505
12.2762 65 28.0933
12.3019 62 27.2113
11.955 63 27.2685
13.7116 42 22.1981
11.5922 79 31.8145
13.0951 45 22.6665
11.9486 72 29.964
13.6795 43 22.4757
12.806 55 25.4642
12.806 56 25.7642
11.955 70 29.3685
11.955 64 27.5685
13.0951 47 23.2665
13.5222 48 23.8655
11.6179 76 30.9325
11.5922 80 32.1145
13.0951 51 24.4665
12.806 54 25.1642
11.6724 71 29.4707
12.6037 62 27.4226
11.9101 72 29.9371
11.9294 67 28.4505
13.7983 44 22.8588
13.0951 46 22.9665
11.955 65 27.8685
11.5729 83 33.001
13.7116 52 25.1981
11.9229 74 30.5461
13.7598 45 23.1319
11.6468 73 30.0527
13.6795 52 25.1757
11.666 77 31.2662
13.6795 45 23.0757
11.9294 68 28.7505
11.5922 77 31.2145
11.6179 78 31.5325
11.6018 83 33.0213
12.806 53 24.8642
