11.4412 70 17.2971
12.4978 69 18.148
12.4978 72 18.448
13.6121 69 19.1509
11.6371 81 18.5734
11.6371 81 18.5734
11.4412 75 17.7971
12.4978 69 18.148
11.4412 70 17.2971
13.8304 69 19.3474
13.6121 69 19.1509
11.6275 79 18.3647
12.4978 69 18.148
12.4978 69 18.148
11.6371 81 18.5734
11.4412 70 17.2971
11.4412 70 17.2971
11.6371 81 18.5734
12.4978 69 18.148
11.6371 81 18.5734
11.4412 70 17.2971
12.4978 69 18.148
13.6121 69 19.1509
13.6121 69 19.1509
12.4978 69 18.148
12.4978 69 18.148
11.6371 81 18.5734
13.8304 69 19.3474
11.4412 70 17.2971
11.6435 94 19.8792
12.4978 69 18.148
13.6121 69 19.1509
11.4412 70 17.2971
12.4978 69 18.148
11.6435 94 19.8792
11.8041 89 19.5237
13.8304 69 19.3474
12.4978 69 18.148
11.4412 70 17.2971
12.4978 69 18.148
11.7977 86 19.2179
12.4721 77 18.9249
11.6275 79 18.3647
11.6371 81 18.5734
13.8304 69 19.3474
13.8304 69 19.3474
12.6166 77 19.0549
12.4978 69 18.148
11.6371 81 18.5734
12.4978 69 18.148
11.6371 81 18.5734
11.6275 79 18.3647
11.4766 70 17.3289
12.4978 69 18.148
11.4412 70 17.2971
11.6371 81 18.5734
12.6166 77 19.0549
11.6371 81 18.5734
11.6371 81 18.5734
12.4978 69 18.148
12.4978 72 18.448
11.6371 81 18.5734
12.5331 72 18.4798
11.4059 80 18.2653
11.6371 81 18.5734
12.4978 69 18.148
12.4978 69 18.148
11.6371 81 18.5734
13.6121 69 19.1509
11.4412 70 17.2971
12.4978 69 18.148
11.4412 70 17.2971
12.4978 72 18.448
11.4412 70 17.2971
12.4978 72 18.448
13.6121 69 19.1509
12.4978 69 18.148
11.6371 81 18.5734
13.6121 69 19.1509
11.6371 81 18.5734
11.9101 78 18.5191
12.4978 69 18.148
12.4978 69 18.148
11.6371 91 19.5734
11.4412 70 17.2971
12.4978 69 18.148
12.4978 69 18.148
12.4978 69 18.148
11.8041 89 19.5237
11.7559 86 19.1803
12.4721 77 18.9249
12.4978 69 18.148
12.4978 72 18.448
11.6371 81 18.5734
12.5331 72 18.4798
11.4412 70 17.2971
11.6371 81 18.5734
12.4978 69 18.148
11.4412 70 17.2971
12.4978 69 18.148
12.4978 69 18.148
11.9101 78 18.5191
11.6275 79 18.3647
12.4978 69 18.148
13.6121 69 19.1509
12.4978 69 18.148
13.8304 69 19.3474
12.5331 72 18.4798
13.5703 66 18.8133
11.6371 81 18.5734
11.6371 81 18.5734
12.5331 72 18.4798
11.7977 86 19.2179
11.6371 81 18.5734
11.6435 94 19.8792
13.8304 69 19.3474
11.4412 70 17.2971
11.6371 81 18.5734
11.6371 81 18.5734
11.6371 81 18.5734
11.6371 81 18.5734
11.5247 89 19.2723
11.6371 81 18.5734
11.4412 70 17.2971
12.4978 69 18.148
12.4978 69 18.148
11.6371 81 18.5734
11.6371 81 18.5734
11.4412 75 17.7971
12.4978 72 18.448
11.6371 81 18.5734
12.6166 77 19.0549
11.6371 81 18.5734
13.6121 69 19.1509
12.4978 69 18.148
11.4766 75 17.8289
12.5331 72 18.4798
12.4978 72 18.448
12.4721 77 18.9249
11.9101 78 18.5191
11.4412 70 17.2971
11.4412 70 17.2971
11.6435 94 19.8792
13.6121 69 19.1509
11.7977 86 19.2179
11.4412 75 17.7971
12.4978 69 18.148
11.4412 70 17.2971
12.4978 69 18.148
13.8304 69 19.3474
