12.8767 53 20.9013
12.8767 54 21.1013
12.8703 53 20.8962
12.8767 58 21.9013
12.8703 56 21.4962
12.5877 59 21.8701
13.7919 62 23.4335
12.8703 62 22.6962
12.5877 60 22.0701
12.4496 61 22.1597
12.6262 62 22.501
12.4881 58 21.5905
12.4881 59 21.7905
12.4496 60 21.9597
12.4817 62 22.3854
12.4881 62 22.3905
12.4496 65 22.9597
12.4496 66 23.1597
12.4496 67 23.3597
12.4496 68 23.5597
12.4399 67 23.352
12.4496 67 23.3597
12.4399 70 23.952
12.1381 70 23.7105
12.4399 73 24.552
11.9486 73 24.1589
12.183 79 25.5464
12.4721 69 23.7776
11.894 78 25.1152
11.894 79 25.3152
11.8105 78 25.0484
11.666 84 26.1328
11.894 80 25.5152
11.8105 77 24.8484
11.8362 77 24.869
11.666 85 26.3328
11.6468 81 25.5174
11.6724 78 24.938
11.6468 81 25.5174
11.6724 81 25.538
11.5922 86 26.4737
11.6179 81 25.4943
11.6403 90 27.3123
11.6179 84 26.0943
11.5922 87 26.6737
11.6179 82 25.6943
11.5922 88 26.8737
11.7559 84 26.2048
11.5922 88 26.8737
11.5922 89 27.0737
11.5922 93 27.8737
11.5729 91 27.4583
11.5857 98 28.8686
11.5729 92 27.6583
11.2903 177 44.4322
11.9358 80 25.5486
12.4881 60 21.9905
12.4399 70 23.952
12.6198 59 21.8958
11.8362 75 24.469
11.6468 81 25.5174
11.6468 80 25.3174
12.5877 60 22.0701
11.8234 83 26.0587
11.6724 77 24.738
11.8362 76 24.669
11.9486 74 24.3589
12.6262 57 21.501
12.4496 66 23.1597
11.5922 86 26.4737
11.5922 94 28.0737
11.5472 96 28.4378
12.4496 69 23.7597
12.8382 58 21.8705
12.4881 65 22.9905
12.6262 60 22.101
12.4881 61 22.1905
12.6198 58 21.6958
12.5877 66 23.2701
12.8767 56 21.5013
12.8767 53 20.9013
12.4496 64 22.7597
12.8703 56 21.4962
12.6262 56 21.301
11.7848 77 24.8279
12.2248 72 24.1798
12.4496 67 23.3597
11.5922 89 27.0737
11.5472 94 28.0378
13.1818 69 24.3454
12.6615 62 22.5292
11.9486 74 24.3589
11.5729 92 27.6583
12.4496 62 22.3597
12.8703 57 21.6962
12.4817 61 22.1854
11.8105 78 25.0484
11.6179 83 25.8943
12.4399 81 26.152
11.5857 95 28.2686
12.4496 77 25.3597
13.7919 56 22.2335
11.6468 80 25.3174
11.6468 82 25.7174
12.6262 62 22.501
11.5922 87 26.6737
11.9486 76 24.7589
12.6262 62 22.501
11.6724 77 24.738
11.7367 89 27.1893
12.6262 57 21.501
11.6468 81 25.5174
12.8703 55 21.2962
12.4817 62 22.3854
12.1381 73 24.3105
11.6724 81 25.538
12.4399 72 24.352
12.8767 57 21.7013
12.0963 79 25.4771
12.4881 59 21.7905
12.4817 60 21.9854
11.894 79 25.3152
11.6179 83 25.8943
11.2903 174 43.8322
11.6468 81 25.5174
11.6403 88 26.9123
12.4881 62 22.3905
12.4496 63 22.5597
12.6262 58 21.701
11.894 79 25.3152
12.4881 58 21.5905
11.666 84 26.1328
11.6724 79 25.138
11.5922 85 26.2737
12.8767 58 21.9013
11.7977 84 26.2382
11.9486 73 24.1589
11.6724 77 24.738
11.6179 84 26.0943
12.8767 57 21.7013
11.8362 77 24.869
11.7367 89 27.1893
12.2248 72 24.1798
12.4399 71 24.152
11.2903 177 44.4322
13.7919 56 22.2335
12.6262 61 22.301
12.4496 65 22.9597
11.5922 87 26.6737
12.4496 66 23.1597
