14.4984 70 53.3495
13.8048 68 51.7414
13.3776 72 54.4133
13.7502 76 57.3251
13.7502 77 58.025
12.8221 76 57.0466
13.3231 78 58.5969
12.1188 75 56.1356
12.5652 72 54.1696
12.2505 82 61.0751
12.4207 76 56.9262
12.1188 76 56.8356
11.7816 81 60.2345
11.9486 77 57.4846
11.955 77 57.4865
12.0931 79 58.9279
11.6724 78 58.1017
11.6724 79 58.8017
11.7816 82 60.9345
11.6468 81 60.194
11.6468 81 60.194
11.6724 81 60.2017
11.6018 91 67.1805
11.5922 87 64.3776
11.7816 81 60.2345
11.6468 82 60.894
11.5922 85 62.9776
11.5922 87 64.3776
11.5922 88 65.0776
11.5922 87 64.3776
11.5857 95 69.9757
11.5922 89 65.7776
11.5857 97 71.3757
11.5536 93 68.5661
11.5922 91 67.1777
11.6179 85 62.9854
11.7431 90 66.5229
11.5922 87 64.3776
11.5793 101 74.1738
11.5472 102 74.8642
11.5536 96 70.6661
11.5472 99 72.7642
11.5536 95 69.9661
11.5472 98 72.0642
11.5472 97 71.3642
11.5472 100 73.4642
11.5215 102 74.8565
11.5472 101 74.1642
11.483 110 80.4449
11.4926 110 80.4478
11.5215 104 76.2564
11.4926 101 74.1478
11.483 106 77.6449
11.483 106 77.6449
11.4509 105 76.9353
11.4733 107 78.342
11.4091 144 104.223
11.3706 180 129.411
11.5922 87 64.3776
11.6179 85 62.9854
11.6724 77 57.4017
11.5215 102 74.8565
11.9294 78 58.1788
11.4733 105 76.942
11.5408 105 76.9622
11.5472 104 76.2642
11.5922 88 65.0776
11.5793 94 69.2738
11.6468 86 63.694
11.894 81 60.2682
11.5472 98 72.0642
12.2633 73 54.779
11.5922 85 62.9776
11.5215 102 74.8565
11.5729 100 73.4719
11.5922 85 62.9776
12.1188 77 57.5356
11.6468 80 59.494
12.2505 75 56.1751
11.5922 87 64.3776
13.7437 79 59.4231
11.8298 98 72.1489
11.5922 89 65.7776
11.483 106 77.6449
11.5857 95 69.9757
11.6468 81 60.194
11.5793 90 66.4738
11.6468 81 60.194
11.483 101 74.1449
11.7142 143 103.614
11.5311 108 79.0593
13.8048 70 53.1414
11.711 96 70.7133
14.5273 68 51.9582
11.5472 100 73.4642
11.6724 78 58.1017
11.8748 88 65.1624
11.8362 77 57.4509
13.7437 78 58.7231
13.8048 69 52.4414
11.7848 78 58.1355
11.6339 88 65.0902
11.8362 78 58.1509
11.5472 98 72.0642
11.7559 82 60.9268
11.4926 110 80.4478
12.1188 75 56.1356
11.5472 95 69.9642
13.5222 73 55.1566
12.1188 77 57.5356
13.7791 75 56.6337
13.8048 70 53.1414
11.4412 108 79.0324
11.5793 92 67.8738
11.5472 101 74.1642
11.5922 88 65.0776
11.711 98 72.1133
11.6468 79 58.794
11.5472 100 73.4642
11.6179 84 62.2854
11.6403 91 67.1921
11.6179 81 60.1854
11.6468 83 61.594
13.8048 70 53.1414
11.8362 85 63.0509
12.8478 75 56.3543
11.7303 82 60.9191
11.483 113 82.5449
11.6468 83 61.594
11.8362 77 57.4509
11.4733 104 76.242
11.5922 93 68.5776
11.5215 104 76.2564
13.8048 71 53.8414
11.8362 78 58.1509
12.806 82 61.2418
11.5729 95 69.9719
11.6468 84 62.294
11.483 103 75.5449
11.5408 106 77.6622
11.5857 97 71.3757
11.3866 153 110.516
11.5536 95 69.9661
11.6468 80 59.494
11.5922 85 62.9776
11.8748 84 62.3624
11.5311 101 74.1593
12.106 84 62.4318
11.5472 101 74.1642
11.7559 82 60.9268
