12.5652 79 59.0696
12.4432 85 63.2329
11.8362 84 62.3509
12.2505 81 60.3751
11.7848 85 63.0355
12.2505 81 60.3751
11.7848 84 62.3355
11.7592 89 65.8277
11.7592 90 66.5277
11.6724 89 65.8017
11.7592 89 65.8277
11.7592 91 67.2277
11.6468 92 67.894
11.6468 93 68.594
11.5922 96 70.6776
11.6403 100 73.4921
11.7816 91 67.2345
11.6468 92 67.894
11.5922 97 71.3776
11.7559 95 70.0268
11.5857 106 77.6757
11.5633 123 89.569
11.5633 130 94.469
12.3725 124 90.5117
11.5633 132 95.869
11.5633 132 95.869
11.5311 136 98.6593
11.5633 134 97.269
11.5633 134 97.269
11.5247 140 101.457
11.5311 133 96.5593
11.5247 138 100.057
11.5247 140 101.457
11.499 143 103.55
11.5247 141 102.157
11.5247 133 96.5574
11.5536 137 99.3661
11.5247 138 100.057
11.4284 148 107.029
11.5536 139 100.766
11.6468 90 66.494
11.5633 133 96.569
11.6468 92 67.894
11.6435 146 105.693
11.5633 126 91.669
11.499 144 104.25
11.5311 133 96.5593
11.5633 132 95.869
11.5247 139 100.757
11.7848 87 64.4354
11.5311 133 96.5593
11.7592 87 64.4277
12.3693 140 101.711
11.6468 93 68.594
12.1959 86 63.8588
11.7592 91 67.2277
11.7784 96 70.7335
11.6724 88 65.1017
11.5793 131 95.1738
11.6468 91 67.194
11.6468 90 66.494
11.5311 133 96.5593
11.6403 99 72.7921
11.5633 136 98.669
11.5922 96 70.6776
11.5633 131 95.169
12.2248 141 102.367
11.5633 134 97.269
11.5922 97 71.3776
12.4432 80 59.7329
11.6468 90 66.494
11.5311 134 97.2593
11.6114 102 74.8834
11.5633 131 95.169
11.6468 90 66.494
11.5247 139 100.757
11.6179 94 69.2854
11.5247 139 100.757
11.6724 89 65.8017
11.7848 87 64.4354
12.2505 81 60.3751
11.5857 129 93.7757
11.7784 94 69.3335
11.5311 138 100.059
12.2248 85 63.1674
11.7592 89 65.8277
11.499 141 102.15
11.7592 89 65.8277
11.7559 95 70.0268
12.3372 140 101.701
11.5633 130 94.469
11.5633 133 96.569
11.7848 86 63.7355
11.499 146 105.65
11.7592 87 64.4277
11.5633 136 98.669
11.7848 87 64.4354
11.894 87 64.4682
11.8105 89 65.8432
11.5633 132 95.869
11.499 144 104.25
11.5922 101 74.1776
11.9486 81 60.2846
11.6468 99 72.794
12.1381 84 62.4414
11.6724 97 71.4017
11.438 141 102.131
11.5633 133 96.569
11.7848 83 61.6355
11.9229 87 64.4769
12.3404 127 92.6021
12.2505 80 59.6751
11.499 142 102.85
11.499 140 101.45
11.5633 130 94.469
11.499 154 111.25
12.5652 79 59.0696
11.6179 92 67.8854
11.7592 88 65.1277
11.6724 88 65.1017
11.5247 141 102.157
11.5857 106 77.6757
11.5247 138 100.057
11.9229 85 63.0769
11.6724 87 64.4017
11.5793 132 95.8738
11.5247 138 100.057
11.6821 134 97.3046
11.5376 145 104.961
11.499 146 105.65
11.499 147 106.35
12.334 133 96.8002
11.7303 92 67.9191
11.499 150 108.45
11.499 148 107.05
11.6179 94 69.2854
12.1381 84 62.4414
12.334 131 95.4002
11.5633 134 97.269
11.499 148 107.05
11.5247 141 102.157
11.6468 93 68.594
11.5376 147 106.361
11.5311 133 96.5593
11.3963 151 109.119
11.5633 130 94.469
11.5793 129 93.7738
11.5311 136 98.6593
11.5311 138 100.059
11.5633 128 93.069
