13.4419 66 39.7209
13.0116 67 40.0058
12.2344 70 41.1172
11.9872 74 42.9936
11.3995 75 43.1997
11.2967 88 49.6484
11.2871 82 46.6435
12.4496 80 46.2248
11.2453 89 50.1227
11.3096 102 56.6548
11.0013 105 58.0006
11.0013 105 58.0006
11.6468 85 48.3234
11.0013 105 58.0006
11.2871 82 46.6435
12.0739 79 45.5369
13.0116 67 40.0058
11.9872 74 42.9936
12.2344 70 41.1172
11.8812 76 43.9406
11.9326 79 45.4663
11.8812 76 43.9406
11.8812 76 43.9406
11.9326 79 45.4663
11.1779 100 55.589
11.9326 79 45.4663
11.8812 76 43.9406
11.3995 75 43.1997
11.2261 92 51.613
11.2871 82 46.6435
11.2967 88 49.6484
11.9872 74 42.9936
11.2871 80 45.6435
11.2871 80 45.6435
11.3995 75 43.1997
13.0116 67 40.0058
11.0013 105 58.0006
11.3995 75 43.1997
11.2967 88 49.6484
11.2453 87 49.1227
11.9326 79 45.4663
11.0013 105 58.0006
11.0013 105 58.0006
12.4046 83 47.7023
11.2871 82 46.6435
11.9872 74 42.9936
11.2967 88 49.6484
11.2871 80 45.6435
11.3995 75 43.1997
11.0013 105 58.0006
13.4419 66 39.7209
11.8812 76 43.9406
12.5909 80 46.2954
11.0013 105 58.0006
11.9872 74 42.9936
11.9872 74 42.9936
11.3995 75 43.1997
11.0013 105 58.0006
11.9326 79 45.4663
13.4419 66 39.7209
12.2344 70 41.1172
11.0013 105 58.0006
11.9872 74 42.9936
11.1683 102 56.5841
12.4046 83 47.7023
11.2967 88 49.6484
11.2453 87 49.1227
12.2344 70 41.1172
11.0013 105 58.0006
13.4419 66 39.7209
11.2871 80 45.6435
11.2871 80 45.6435
11.3128 94 52.6564
11.2967 88 49.6484
11.3995 75 43.1997
11.0013 105 58.0006
12.0739 79 45.5369
11.0013 105 58.0006
12.2344 70 41.1172
11.0013 105 58.0006
11.2871 80 45.6435
13.0116 67 40.0058
11.8812 76 43.9406
10.8889 113 61.9444
11.3128 100 55.6564
11.0013 105 58.0006
12.2344 70 41.1172
13.4419 66 39.7209
11.2871 80 45.6435
11.2197 95 53.1098
11.9326 79 45.4663
11.2967 88 49.6484
11.3995 75 43.1997
12.2344 70 41.1172
13.4419 66 39.7209
11.0013 105 58.0006
11.2871 82 46.6435
12.0739 79 45.5369
11.0013 105 58.0006
11.3995 75 43.1997
11.8812 76 43.9406
11.3995 75 43.1997
12.0739 79 45.5369
13.4419 66 39.7209
11.8812 76 43.9406
11.0013 105 58.0006
11.0013 105 58.0006
11.9326 79 45.4663
11.2453 87 49.1227
13.4419 66 39.7209
11.0013 105 58.0006
13.4419 66 39.7209
13.0116 67 40.0058
11.9872 74 42.9936
11.0013 105 58.0006
11.0013 105 58.0006
11.8812 76 43.9406
10.9467 110 60.4733
11.8812 76 43.9406
13.0116 67 40.0058
11.2967 88 49.6484
11.9326 79 45.4663
11.2871 82 46.6435
11.8812 76 43.9406
12.3982 77 44.6991
11.2967 88 49.6484
13.0116 67 40.0058
11.0013 105 58.0006
13.4419 66 39.7209
11.0013 105 58.0006
12.2344 70 41.1172
11.2871 80 45.6435
13.0116 67 40.0058
11.0013 105 58.0006
11.2967 88 49.6484
12.4496 80 46.2248
11.1715 86 48.5857
13.0116 67 40.0058
11.2871 80 45.6435
11.9872 74 42.9936
13.0116 67 40.0058
10.9467 120 65.4733
13.0116 67 40.0058
13.4419 66 39.7209
13.0116 67 40.0058
11.0013 105 58.0006
11.9326 79 45.4663
11.0013 105 58.0006
11.0013 105 58.0006
11.3995 75 43.1997
