11.4412 70 17.2971
11.711 68 17.3399
11.438 74 17.6942
11.4284 77 17.9855
11.5311 82 18.578
12.9634 67 18.3671
11.711 75 18.0399
13.5703 66 18.8133
12.0739 79 18.7665
11.9326 79 18.6393
11.9326 79 18.6393
12.0739 79 18.7665
11.8812 76 18.2931
11.8876 82 18.8988
12.0739 79 18.7665
11.5119 77 18.0607
11.3674 80 18.2306
13.6121 69 19.1509
11.9326 79 18.6393
11.4412 70 17.2971
12.5909 80 19.3318
11.711 75 18.0399
12.3982 77 18.8584
11.4412 70 17.2971
13.8304 69 19.3474
11.1747 89 18.9572
11.4766 84 18.7289
11.9326 79 18.6393
11.9326 79 18.6393
11.711 75 18.0399
11.8812 76 18.2931
11.9326 79 18.6393
11.3128 94 19.5815
11.4412 70 17.2971
12.9634 67 18.3671
11.5119 77 18.0607
11.711 75 18.0399
12.0739 79 18.7665
11.8812 76 18.2931
11.9326 79 18.6393
12.0739 79 18.7665
11.5504 80 18.3954
12.9634 67 18.3671
12.4046 86 19.7642
11.8812 76 18.2931
11.4412 70 17.2971
11.4284 77 17.9855
11.711 68 17.3399
13.6121 69 19.1509
11.4412 70 17.2971
11.711 68 17.3399
11.5311 82 18.578
11.711 75 18.0399
11.8876 82 18.8988
11.4284 77 17.9855
11.6468 85 18.9821
11.711 68 17.3399
11.711 68 17.3399
11.4316 81 18.3884
11.4412 70 17.2971
11.8812 76 18.2931
11.711 75 18.0399
12.0739 79 18.7665
12.9634 67 18.3671
11.5311 82 18.578
11.0238 106 20.5214
11.8812 76 18.2931
12.0739 79 18.7665
11.711 75 18.0399
11.8876 82 18.8988
11.3674 80 18.2306
11.4412 70 17.2971
11.711 68 17.3399
13.6121 69 19.1509
11.6403 79 18.3763
11.8812 76 18.2931
13.6121 69 19.1509
11.711 68 17.3399
11.8812 76 18.2931
11.9326 79 18.6393
12.0739 79 18.7665
11.4316 81 18.3884
11.4284 77 17.9855
12.9634 67 18.3671
11.4284 77 17.9855
11.711 75 18.0399
11.711 68 17.3399
11.5311 82 18.578
11.5504 80 18.3954
11.8876 82 18.8988
11.5311 82 18.578
11.4412 70 17.2971
11.711 68 17.3399
11.9326 79 18.6393
11.4284 77 17.9855
12.9634 67 18.3671
11.711 75 18.0399
11.711 68 17.3399
11.4412 70 17.2971
11.3128 94 19.5815
13.5703 66 18.8133
11.438 74 17.6942
11.8876 82 18.8988
11.711 75 18.0399
11.9326 79 18.6393
11.5119 77 18.0607
11.438 74 17.6942
11.4284 77 17.9855
12.9634 67 18.3671
12.4046 86 19.7642
11.438 74 17.6942
11.5311 82 18.578
11.5504 80 18.3954
11.5311 82 18.578
11.8812 76 18.2931
12.4496 80 19.2046
11.8812 76 18.2931
12.0739 79 18.7665
11.9326 79 18.6393
11.438 74 17.6942
11.711 75 18.0399
11.438 74 17.6942
11.4412 70 17.2971
12.9634 67 18.3671
11.2261 92 19.3035
11.5311 82 18.578
11.8876 82 18.8988
11.711 68 17.3399
11.4284 77 17.9855
11.8876 82 18.8988
11.2261 92 19.3035
11.9326 79 18.6393
11.9326 79 18.6393
13.6121 69 19.1509
11.711 68 17.3399
13.5703 66 18.8133
11.8812 76 18.2931
11.4284 77 17.9855
11.9326 79 18.6393
11.4284 77 17.9855
11.6403 79 18.3763
11.9326 79 18.6393
12.0739 79 18.7665
11.5311 82 18.578
11.711 68 17.3399
11.438 74 17.6942
11.3128 94 19.5815
12.0739 79 18.7665
11.3128 94 19.5815
11.8812 76 18.2931
