14.9801 57 48.596
14.9801 56 47.796
14.2897 62 52.4579
14.9801 59 50.196
14.553 60 50.9106
13.3776 68 57.0755
14.2897 65 54.8579
13.4355 70 58.6871
13.3776 70 58.6755
14.5273 62 52.5055
13.8048 65 54.761
14.5273 63 53.3055
12.8092 68 56.9619
13.7502 70 58.75
12.7803 71 59.3561
12.3757 77 64.0751
12.8349 66 55.367
12.3789 72 60.0758
12.1381 70 58.4276
12.3661 74 61.6732
12.0963 78 64.8193
11.8234 79 65.5647
12.1381 72 60.0276
11.8234 80 66.3647
11.6468 76 63.1293
11.8105 76 63.1621
11.6724 75 62.3345
11.6468 78 64.7294
11.6468 77 63.9294
11.6468 79 65.5294
11.6468 82 67.9294
11.6179 79 65.5236
11.6403 86 71.1281
11.6114 87 71.9223
11.5922 85 70.3184
11.5922 83 68.7184
11.7559 79 65.5512
11.5087 81 67.1017
11.5922 81 67.1184
12.517 77 64.1034
11.3834 91 75.0767
11.332 95 78.2664
11.3224 98 80.6645
11.3224 99 81.4645
11.3642 96 79.0728
11.3834 91 75.0767
11.332 94 77.4664
11.3642 92 75.8728
11.332 94 77.4664
11.3224 98 80.6645
11.3545 96 79.0709
11.3834 91 75.0767
11.3545 98 80.6709
11.3224 100 82.2645
11.3224 105 86.2645
11.6179 80 66.3236
11.8362 73 60.7672
12.8349 66 55.367
11.8362 72 59.9672
11.3834 91 75.0767
14.9801 59 50.196
12.1381 72 60.0276
11.6468 78 64.7294
12.7803 71 59.3561
11.5922 83 68.7184
11.3224 100 82.2645
11.6179 81 67.1236
11.4477 86 71.0895
11.6468 77 63.9294
13.7502 70 58.75
11.422 91 75.0844
12.1606 90 74.4321
11.6724 74 61.5345
14.5273 65 54.9055
12.8285 75 62.5657
13.7791 68 57.1558
13.352 70 58.6704
12.7803 70 58.5561
11.3642 95 78.2728
13.352 71 59.4704
11.3834 91 75.0767
11.3224 100 82.2645
14.5273 63 53.3055
11.6179 81 67.1236
11.332 92 75.8664
11.5857 89 73.5172
14.5273 65 54.9055
13.4611 66 55.4922
11.3545 98 80.6709
12.8349 68 56.967
11.5922 81 67.1184
11.4155 88 72.6831
11.4252 84 69.485
13.3776 69 57.8755
11.3642 91 75.0728
14.9801 59 50.196
11.4766 95 78.2953
11.6468 76 63.1293
11.3931 85 70.2786
14.9544 62 52.5909
11.8105 76 63.1621
12.0963 79 65.6193
11.3224 100 82.2645
11.5922 82 67.9184
11.8362 70 58.3672
13.8048 65 54.761
11.3224 97 79.8645
11.6403 84 69.5281
14.5273 62 52.5055
11.4252 84 69.485
11.5922 83 68.7184
11.5087 81 67.1017
12.8349 66 55.367
11.6403 85 70.3281
14.2897 63 53.2579
14.4727 67 56.4945
14.5273 65 54.9055
12.8349 64 53.767
11.3224 98 80.6645
11.3224 108 88.6645
12.8349 66 55.367
11.6468 78 64.7294
11.5922 85 70.3184
11.3834 94 77.4767
11.6179 80 66.3236
11.6724 76 63.1345
11.3834 91 75.0767
12.4207 76 63.2841
11.5922 83 68.7184
12.3661 73 60.8732
13.3776 65 54.6755
14.9801 60 50.996
12.4849 78 64.897
14.4727 68 57.2945
11.3834 91 75.0767
14.5273 64 54.1055
14.5273 61 51.7055
11.3931 85 70.2786
11.8234 79 65.5647
14.9544 61 51.7909
13.4355 72 60.2871
13.3776 67 56.2755
11.3931 85 70.2786
11.666 83 68.7332
11.8362 72 59.9672
11.3834 100 82.2767
11.8362 70 58.3672
11.6468 79 65.5294
11.3642 91 75.0728
12.1124 72 60.0225
