12.6198 61 22.2958
12.6198 63 22.6958
12.8767 60 22.3013
12.8703 66 23.4962
12.6198 62 22.4958
12.8382 64 23.0705
12.4432 74 24.7545
12.4432 74 24.7545
12.4432 75 24.9545
13.2074 73 25.166
11.8234 85 26.4587
12.1381 77 25.1105
12.4432 76 25.1545
12.1959 81 25.9567
11.8362 77 24.869
12.1124 80 25.6899
11.666 87 26.7328
11.6724 81 25.538
11.8105 80 25.4484
11.8362 83 26.069
11.666 88 26.9328
11.6468 84 26.1174
11.666 90 27.3328
11.6468 84 26.1174
11.6724 82 25.738
11.6114 92 27.6891
11.6724 81 25.538
11.5922 88 26.8737
11.6179 87 26.6943
11.6114 95 28.2891
11.5922 89 27.0737
11.5922 92 27.6737
11.5922 90 27.2737
11.5922 89 27.0737
11.5472 101 29.4378
11.5922 93 27.8737
11.5857 101 29.4686
11.589 93 27.8712
11.5922 95 28.2737
11.5665 103 29.8532
11.5729 97 28.6583
11.5472 98 28.8378
11.5472 100 29.2378
11.5408 106 30.4326
11.5472 98 28.8378
11.5954 90 27.2763
11.5472 100 29.2378
11.8298 100 29.4638
11.5344 104 30.0275
11.5472 104 30.0378
11.5279 112 31.6223
11.5279 113 31.8223
11.5344 105 30.2275
11.5022 115 32.2018
11.544 117 32.6352
11.4669 136 36.3735
12.4496 70 23.9597
11.8234 86 26.6587
12.2505 77 25.2004
12.0835 81 25.8668
11.5954 88 26.8763
11.6179 87 26.6943
11.6179 86 26.4943
11.5087 107 30.6069
11.5922 89 27.0737
11.666 90 27.3328
11.5472 103 29.8378
11.5472 98 28.8378
11.5472 97 28.6378
11.5729 95 28.2583
11.5922 91 27.4737
12.4432 74 24.7545
11.8105 78 25.0484
11.5729 94 28.0583
11.6596 100 29.3277
11.4766 124 33.9812
11.5922 88 26.8737
11.5472 96 28.4378
11.5087 107 30.6069
12.4175 78 25.534
11.5472 98 28.8378
11.6114 96 28.4891
11.7303 84 26.1842
11.5922 96 28.4737
11.589 93 27.8712
12.5877 67 23.4701
11.5857 102 29.6686
11.5857 102 29.6686
11.7816 84 26.2253
11.5087 108 30.8069
11.5472 104 30.0378
12.4432 74 24.7545
12.4175 76 25.134
12.5877 72 24.4701
11.5472 98 28.8378
11.6468 87 26.7174
11.6114 93 27.8891
11.6724 81 25.538
11.5922 88 26.8737
11.4766 125 34.1812
11.5472 96 28.4378
11.5665 104 30.0532
12.8382 64 23.0705
12.8703 59 22.0962
12.4175 77 25.334
11.5022 115 32.2018
11.5472 98 28.8378
12.0963 85 26.6771
11.6179 87 26.6943
11.5857 101 29.4686
11.6179 86 26.4943
11.8362 78 25.069
11.5344 106 30.4275
11.6724 82 25.738
11.5472 98 28.8378
11.5472 99 29.0378
11.5922 90 27.2737
12.4175 76 25.134
12.1959 80 25.7567
11.5408 110 31.2326
11.5472 102 29.6378
12.8703 59 22.0962
11.5408 107 30.6326
11.5344 105 30.2275
11.5344 102 29.6275
11.8105 81 25.6484
11.5922 89 27.0737
11.8362 80 25.469
11.6114 96 28.4891
11.7527 92 27.8022
12.8767 60 22.3013
11.666 87 26.7328
11.6468 85 26.3174
12.4175 77 25.334
11.7816 84 26.2253
11.8234 86 26.6587
11.5472 108 30.8378
12.5877 67 23.4701
11.5922 90 27.2737
12.1381 84 26.5105
11.5922 87 26.6737
11.5408 105 30.2326
11.6724 82 25.738
11.6179 85 26.2943
11.8105 81 25.6484
11.5472 100 29.2378
11.5472 110 31.2378
11.5857 97 28.6686
11.4766 124 33.9812
11.5472 96 28.4378
