14.553 57 44.2659
14.9544 59 45.7863
14.508 67 51.2524
13.3776 66 50.2133
13.1978 67 50.8593
14.553 56 43.5659
14.4984 64 49.1495
14.264 63 48.3792
13.2588 69 52.2776
12.7001 63 47.91
13.8048 63 48.2414
14.2094 67 51.1628
14.2351 67 51.1705
12.1381 67 50.5414
12.3789 74 55.5137
12.0963 75 56.1289
12.1381 69 51.9414
12.1124 68 51.2337
13.0951 67 50.8285
11.5247 80 59.4574
11.9165 68 51.1749
11.7913 80 59.5374
11.9069 71 53.2721
12.0706 78 58.2212
11.5247 70 52.4574
11.5247 75 55.9574
11.4637 81 60.1391
11.5247 75 55.9574
11.5247 74 55.2574
11.4252 80 59.4276
11.5247 75 55.9574
11.4252 76 56.6276
11.5247 71 53.1574
11.4155 84 62.2247
11.3642 88 65.0092
11.5247 74 55.2574
11.4252 85 62.9276
11.3642 82 60.8092
11.3931 84 62.2179
11.4155 82 60.8247
11.4252 82 60.8276
11.3642 85 62.9092
11.4637 78 58.0391
11.3642 87 64.3092
11.5183 83 61.5555
11.4252 80 59.4276
11.3545 90 66.4064
11.3545 94 69.2064
11.332 89 65.6996
11.3545 94 69.2064
11.332 90 66.3996
11.332 93 68.4996
11.3931 85 62.9179
11.3224 99 72.6967
12.1606 87 64.5482
11.332 91 67.0996
11.0623 151 109.019
11.0687 148 106.921
11.8234 78 58.147
11.5247 71 53.1574
11.6082 71 53.1825
12.1702 85 63.1511
11.3642 90 66.4092
14.5273 59 45.6582
11.332 93 68.4996
11.0302 153 110.409
12.1124 71 53.3337
11.3931 84 62.2179
14.2351 66 50.4705
12.1381 68 51.2414
11.3642 84 62.2092
11.3642 86 63.6092
11.8105 73 54.6432
11.332 95 69.8996
11.4155 84 62.2247
13.1143 67 50.8343
11.4252 81 60.1276
11.5247 71 53.1574
13.4611 64 48.8383
14.2897 62 47.6869
11.332 94 69.1996
11.5151 79 58.7545
11.332 90 66.3996
11.4252 79 58.7276
11.3545 94 69.2064
11.4316 83 61.5295
12.0835 73 54.725
12.0963 74 55.4289
11.332 93 68.4996
11.3642 82 60.8092
11.5247 81 60.1574
12.1381 67 50.5414
11.4155 83 61.5247
12.0835 71 53.3251
14.553 56 43.5659
12.1124 70 52.6337
14.2897 63 48.3869
11.5151 80 59.4545
11.332 96 70.5996
14.2897 61 46.9869
11.4252 80 59.4276
11.5247 77 57.3574
11.3642 87 64.3092
11.1008 147 106.23
11.8362 71 53.2509
12.1124 72 54.0337
14.553 59 45.6659
12.1927 82 61.0578
11.3642 87 64.3092
11.332 95 69.8996
14.4984 61 47.0495
11.4252 82 60.8276
12.0578 75 56.1173
11.4862 87 64.3459
13.3776 66 50.2133
14.553 55 42.8659
11.4252 80 59.4276
11.5247 69 51.7574
12.7001 63 47.91
11.5247 72 53.8574
11.3545 94 69.2064
11.4252 79 58.7276
11.4252 78 58.0275
12.1124 70 52.6337
11.4155 82 60.8247
11.5247 75 55.9574
11.4252 79 58.7276
11.4316 86 63.6295
11.0687 143 103.421
11.7816 75 56.0345
14.553 60 46.3659
11.5247 72 53.8574
11.332 89 65.6996
11.3642 87 64.3092
12.1124 70 52.6337
14.4984 63 48.4495
11.3224 99 72.6967
11.6082 71 53.1825
11.332 95 69.8996
11.4252 78 58.0275
15.1439 60 46.5432
11.3995 90 66.4198
14.553 56 43.5659
11.5151 81 60.1545
11.3545 88 65.0064
14.4984 64 49.1495
11.5247 77 57.3574
13.1978 70 52.9593
12.1124 70 52.6337
11.3642 90 66.4092
