13.4419 66 39.7209
13.0116 67 40.0058
12.5941 68 40.297
13.1529 67 40.0764
12.2344 70 41.1172
13.1529 67 40.0764
11.9872 74 42.9936
11.3995 75 43.1997
11.2871 82 46.6435
11.2871 80 45.6435
11.9326 79 45.4663
11.2871 80 45.6435
11.3128 94 52.6564
11.0013 105 58.0006
11.0013 105 58.0006
11.0013 105 58.0006
11.0013 105 58.0006
13.1529 67 40.0764
13.1529 67 40.0764
13.0116 67 40.0058
11.0013 105 58.0006
13.4419 66 39.7209
11.0013 105 58.0006
13.4419 66 39.7209
11.2871 80 45.6435
11.0013 105 58.0006
13.0116 67 40.0058
11.8812 76 43.9406
11.0013 105 58.0006
11.2967 88 49.6484
12.5941 68 40.297
12.2344 70 41.1172
11.3995 75 43.1997
12.2344 70 41.1172
11.0013 105 58.0006
11.2967 88 49.6484
11.9872 74 42.9936
11.833 82 46.9165
11.8876 82 46.9438
12.2344 70 41.1172
11.2967 88 49.6484
11.3995 75 43.1997
11.2967 88 49.6484
12.5941 68 40.297
13.1529 67 40.0764
11.2871 82 46.6435
13.1529 67 40.0764
11.0013 105 58.0006
11.3995 75 43.1997
11.0013 105 58.0006
11.2871 82 46.6435
11.9872 74 42.9936
11.3995 75 43.1997
11.3995 75 43.1997
11.0013 105 58.0006
11.0013 105 58.0006
11.0013 105 58.0006
11.0013 105 58.0006
11.9326 79 45.4663
11.2871 80 45.6435
11.0013 105 58.0006
12.2344 70 41.1172
11.9872 74 42.9936
10.9467 110 60.4733
11.2871 80 45.6435
11.8876 82 46.9438
13.1529 67 40.0764
11.0013 105 58.0006
11.3995 75 43.1997
13.4419 66 39.7209
11.1747 89 50.0873
11.9872 74 42.9936
11.0013 105 58.0006
13.1529 67 40.0764
11.2967 88 49.6484
13.0116 67 40.0058
11.3995 75 43.1997
12.5941 68 40.297
11.2871 82 46.6435
11.0013 105 58.0006
11.2871 80 45.6435
11.2967 88 49.6484
11.2871 82 46.6435
11.0013 105 58.0006
11.0013 105 58.0006
11.2871 80 45.6435
10.8889 113 61.9444
13.1529 67 40.0764
11.0013 105 58.0006
11.0013 105 58.0006
11.0013 105 58.0006
11.0013 105 58.0006
11.2871 82 46.6435
12.2344 70 41.1172
11.8812 76 43.9406
13.1529 67 40.0764
11.0013 105 58.0006
11.9872 74 42.9936
11.2967 88 49.6484
11.0013 105 58.0006
11.0013 105 58.0006
12.5941 68 40.297
12.2344 70 41.1172
13.1529 67 40.0764
11.0013 105 58.0006
12.2344 70 41.1172
13.1529 67 40.0764
13.1529 67 40.0764
11.0013 105 58.0006
12.2344 70 41.1172
12.5941 68 40.297
11.3995 75 43.1997
12.0739 79 45.5369
11.0013 105 58.0006
11.9872 74 42.9936
12.5941 68 40.297
11.0013 105 58.0006
11.8812 76 43.9406
13.1529 67 40.0764
11.2967 88 49.6484
13.1529 67 40.0764
11.8812 76 43.9406
11.0013 105 58.0006
11.0013 105 58.0006
13.1529 67 40.0764
11.2967 88 49.6484
11.2871 82 46.6435
11.0013 105 58.0006
11.9872 74 42.9936
11.2871 80 45.6435
12.5941 68 40.297
11.3128 94 52.6564
12.5941 68 40.297
11.0013 105 58.0006
10.8889 113 61.9444
13.4419 66 39.7209
13.0116 67 40.0058
11.2453 87 49.1227
11.9872 74 42.9936
11.0013 105 58.0006
11.0013 105 58.0006
11.0013 105 58.0006
11.0013 105 58.0006
12.5941 68 40.297
12.2344 70 41.1172
13.1529 67 40.0764
11.8812 76 43.9406
13.4419 66 39.7209
11.3995 75 43.1997
11.2967 88 49.6484
