11.4412 70 17.2971
12.4978 69 18.148
11.4412 75 17.7971
11.711 75 18.0399
13.8304 69 19.3474
11.5504 80 18.3954
11.3256 105 20.6931
11.4188 104 20.6769
11.711 75 18.0399
11.3545 106 20.8191
11.4412 70 17.2971
11.5504 80 18.3954
11.5504 88 19.1954
11.4412 70 17.2971
11.5504 80 18.3954
11.4412 75 17.7971
11.3738 100 20.2364
11.711 75 18.0399
11.4412 70 17.2971
11.4412 70 17.2971
12.4978 69 18.148
11.3738 100 20.2364
11.605 111 21.5445
11.4412 70 17.2971
13.6121 69 19.1509
13.5703 66 18.8133
11.4412 70 17.2971
11.4188 101 20.3769
12.4978 72 18.448
11.5504 80 18.3954
11.5504 80 18.3954
11.5504 88 19.1954
12.4978 69 18.148
11.4412 70 17.2971
12.4978 69 18.148
11.4412 70 17.2971
11.5504 80 18.3954
11.4412 70 17.2971
12.4978 69 18.148
11.8394 88 19.4555
11.6596 106 21.0936
12.4978 69 18.148
12.4978 72 18.448
13.8304 69 19.3474
11.4412 75 17.7971
11.5504 88 19.1954
11.3545 106 20.8191
11.4412 70 17.2971
12.4978 69 18.148
11.3834 93 19.5451
11.4412 70 17.2971
11.4412 70 17.2971
13.8304 69 19.3474
11.9904 89 19.6913
12.4978 72 18.448
11.4412 70 17.2971
11.711 75 18.0399
13.6121 69 19.1509
11.4412 70 17.2971
11.3834 93 19.5451
12.4978 69 18.148
11.5504 88 19.1954
11.711 75 18.0399
11.711 75 18.0399
11.711 75 18.0399
13.5703 66 18.8133
11.711 75 18.0399
11.4412 70 17.2971
11.5504 80 18.3954
13.6121 69 19.1509
11.7784 97 20.3006
13.8304 69 19.3474
11.5504 80 18.3954
12.4978 69 18.148
11.4412 70 17.2971
11.4188 101 20.3769
11.6146 98 20.2532
11.3834 93 19.5451
11.4412 70 17.2971
11.4412 70 17.2971
13.8304 69 19.3474
11.4412 70 17.2971
12.4978 72 18.448
12.4978 69 18.148
11.4412 70 17.2971
13.5703 66 18.8133
12.4978 69 18.148
11.5504 80 18.3954
11.4412 70 17.2971
12.4978 69 18.148
12.4978 69 18.148
12.4978 69 18.148
11.422 90 19.2798
11.5504 88 19.1954
13.6121 69 19.1509
11.711 75 18.0399
12.4978 69 18.148
11.4188 104 20.6769
13.8304 69 19.3474
11.3545 106 20.8191
11.5504 80 18.3954
11.711 75 18.0399
11.4412 70 17.2971
12.4978 69 18.148
11.5504 88 19.1954
12.4978 72 18.448
11.4412 70 17.2971
13.8304 69 19.3474
11.4412 70 17.2971
11.4412 70 17.2971
13.6121 69 19.1509
11.3064 82 18.3757
12.4978 69 18.148
11.3256 107 20.8931
11.3545 106 20.8191
12.4978 69 18.148
12.4978 72 18.448
11.3642 109 21.1277
13.5703 66 18.8133
11.4412 75 17.7971
12.4978 69 18.148
11.3256 105 20.6931
11.5504 80 18.3954
11.9904 91 19.8913
11.711 75 18.0399
11.4412 70 17.2971
11.5504 80 18.3954
13.6121 69 19.1509
11.6692 96 20.1023
11.9904 91 19.8913
11.711 75 18.0399
11.5504 80 18.3954
11.4412 70 17.2971
11.5504 88 19.1954
13.8304 69 19.3474
11.377 109 21.1393
11.4412 70 17.2971
13.6121 69 19.1509
11.5504 80 18.3954
11.4412 70 17.2971
11.711 75 18.0399
11.4188 104 20.6769
11.5504 80 18.3954
11.316 109 21.0844
11.5504 80 18.3954
11.711 75 18.0399
11.3545 119 22.1191
11.4316 104 20.6884
11.5504 80 18.3954
11.5504 80 18.3954
