11.4412 70 17.2971
11.438 74 17.6942
11.4284 77 17.9855
12.4978 69 18.148
12.6583 68 18.1925
12.4978 72 18.448
12.9634 67 18.3671
11.5504 80 18.3954
13.6121 69 19.1509
11.9326 79 18.6393
12.0739 79 18.7665
12.0739 79 18.7665
11.1747 89 18.9572
12.6583 68 18.1925
12.4978 69 18.148
12.9634 67 18.3671
12.4978 69 18.148
11.3128 94 19.5815
11.4412 70 17.2971
12.6583 68 18.1925
12.4978 69 18.148
11.4412 70 17.2971
11.8876 82 18.8988
11.4412 70 17.2971
12.9634 67 18.3671
11.4412 70 17.2971
12.0739 79 18.7665
11.4412 70 17.2971
11.9326 79 18.6393
11.9326 79 18.6393
11.4412 70 17.2971
11.4412 75 17.7971
12.6583 68 18.1925
12.4978 69 18.148
13.6121 69 19.1509
11.8876 82 18.8988
12.4978 69 18.148
11.4284 77 17.9855
12.4978 69 18.148
11.8812 76 18.2931
11.8812 76 18.2931
12.4978 69 18.148
12.0739 79 18.7665
11.4284 77 17.9855
11.8812 76 18.2931
11.4284 77 17.9855
13.5703 66 18.8133
11.8876 82 18.8988
12.4978 69 18.148
11.8812 76 18.2931
12.4978 69 18.148
13.8304 69 19.3474
12.0739 79 18.7665
11.438 74 17.6942
13.8304 69 19.3474
11.4412 75 17.7971
11.4284 77 17.9855
12.6583 68 18.1925
13.6121 69 19.1509
11.4284 77 17.9855
12.6583 68 18.1925
11.4284 77 17.9855
11.711 75 18.0399
13.8304 69 19.3474
11.711 75 18.0399
12.6583 68 18.1925
12.9634 67 18.3671
11.4316 81 18.3884
12.9634 67 18.3671
11.1169 99 19.9052
11.9326 79 18.6393
12.6583 68 18.1925
11.438 74 17.6942
13.8304 69 19.3474
13.6121 69 19.1509
11.8812 76 18.2931
11.1362 94 19.4225
12.4978 69 18.148
12.0739 79 18.7665
11.4284 77 17.9855
11.4284 77 17.9855
12.4978 69 18.148
11.6917 82 18.7225
11.438 74 17.6942
11.4412 70 17.2971
11.4412 70 17.2971
11.8812 76 18.2931
11.8812 76 18.2931
11.9326 79 18.6393
12.6583 68 18.1925
11.8812 76 18.2931
12.4978 69 18.148
13.5703 66 18.8133
12.9634 67 18.3671
11.4412 70 17.2971
12.4978 69 18.148
11.8876 82 18.8988
13.6121 69 19.1509
11.4284 77 17.9855
12.9634 67 18.3671
11.711 75 18.0399
11.4412 70 17.2971
11.8876 82 18.8988
11.8876 82 18.8988
11.8812 76 18.2931
11.711 75 18.0399
11.6917 82 18.7225
11.8812 76 18.2931
11.3064 97 19.8757
13.6121 69 19.1509
11.438 74 17.6942
12.4978 69 18.148
11.9326 79 18.6393
11.438 74 17.6942
12.6583 68 18.1925
12.9634 67 18.3671
12.9634 67 18.3671
11.4284 77 17.9855
11.4284 77 17.9855
11.711 75 18.0399
13.5703 66 18.8133
11.4412 70 17.2971
12.0739 79 18.7665
12.6583 68 18.1925
13.5703 66 18.8133
11.4412 70 17.2971
11.8876 82 18.8988
13.6121 69 19.1509
13.6121 69 19.1509
11.9326 79 18.6393
12.4978 69 18.148
12.6583 68 18.1925
11.438 74 17.6942
11.4284 77 17.9855
11.4284 77 17.9855
11.8812 76 18.2931
11.8876 82 18.8988
12.4496 80 19.2046
13.8304 69 19.3474
11.6917 82 18.7225
12.0739 79 18.7665
11.8876 82 18.8988
11.4284 77 17.9855
11.8812 76 18.2931
11.4412 70 17.2971
13.6121 69 19.1509
12.4978 69 18.148
13.5703 66 18.8133
11.8876 82 18.8988
11.5119 77 18.0607
