13.7437 79 52.8975
13.7502 77 51.7001
12.806 77 51.3224
12.8478 73 48.9391
12.2505 74 49.3002
12.8478 74 49.5391
11.894 81 53.3576
12.1188 75 49.8475
12.1381 78 51.6552
11.9486 78 51.5795
11.8362 77 50.9345
11.9486 79 52.1795
11.7848 78 51.5139
11.8234 87 56.9294
11.7848 82 53.9139
11.666 90 58.6664
12.0835 79 52.2334
11.6724 84 55.069
11.6724 78 51.469
11.6468 82 53.8587
11.7848 81 53.3139
11.6179 85 55.6471
11.5729 95 61.6292
11.5922 85 55.6369
11.7816 84 55.1127
11.5922 89 58.0369
11.5857 97 62.8343
11.5922 89 58.0369
11.7046 89 58.0818
11.6179 89 58.0471
11.5857 101 65.2343
11.5922 95 61.6369
11.5536 96 62.2215
11.5922 99 64.0369
11.5536 106 68.2215
11.5472 105 67.6189
11.5472 106 68.2189
11.5472 100 64.6189
11.8362 97 62.9345
11.5472 102 65.8189
11.5472 105 67.6189
11.5472 104 67.0189
11.483 106 68.1932
11.5215 106 68.2086
11.5729 101 65.2292
11.483 105 67.5932
11.4733 109 69.9893
11.4509 108 69.3803
11.4733 108 69.3893
11.4412 109 69.9765
11.4412 119 75.9765
11.4733 109 69.9893
11.4733 109 69.9893
11.7174 94 61.087
11.6179 85 55.6471
12.8221 77 51.3288
11.894 83 54.5576
11.4412 110 70.5765
11.7816 83 54.5127
11.5729 98 63.4292
11.6179 83 54.4471
11.5536 100 64.6215
11.6468 84 55.0587
11.5922 94 61.0369
11.5536 94 61.0215
11.6179 88 57.4471
11.6468 81 53.2587
11.6114 93 60.4446
11.5922 92 59.8369
11.7592 82 53.9037
11.5536 101 65.2215
12.806 83 54.9224
11.5922 87 56.8369
11.5922 90 58.6369
11.4926 112 71.7971
12.806 82 54.3224
11.6724 83 54.469
11.5922 95 61.6369
11.5311 102 65.8125
11.5087 108 69.4035
11.483 105 67.5932
11.5536 102 65.8214
11.5408 111 71.2163
11.5729 99 64.0292
11.955 81 53.382
11.6724 83 54.469
11.6468 82 53.8587
12.0642 81 53.4257
11.711 99 64.0844
11.5472 105 67.6189
11.483 106 68.1932
11.9358 85 55.7743
11.9004 82 53.9602
11.8362 78 51.5345
11.5311 102 65.8125
11.6179 89 58.0471
11.9486 78 51.5795
11.5729 100 64.6292
13.3776 73 49.1511
11.6179 92 59.8471
12.4207 75 49.9683
11.6724 81 53.269
11.6179 86 56.2471
11.8748 86 56.3499
11.7848 82 53.9139
11.5472 103 66.4189
11.5922 91 59.2369
11.6179 89 58.0471
11.7816 83 54.5127
11.4412 111 71.1765
11.8362 78 51.5345
11.7688 90 58.7075
11.9486 78 51.5795
12.7932 79 52.5173
11.7174 93 60.487
11.9229 79 52.1692
11.4733 108 69.3893
11.5697 111 71.2279
11.8362 78 51.5345
11.5793 92 59.8317
11.8234 86 56.3294
11.5087 108 69.4035
11.5954 93 60.4382
11.5536 96 62.2215
11.5922 87 56.8369
12.1188 75 49.8475
11.5472 98 63.4189
11.894 83 54.5576
11.4412 110 70.5765
11.8362 80 52.7345
11.5472 103 66.4189
11.5922 94 61.0369
11.5922 89 58.0369
11.5472 105 67.6189
13.3776 73 49.1511
11.7816 83 54.5127
11.5857 98 63.4343
12.8221 78 51.9288
11.483 105 67.5932
11.4509 109 69.9803
11.5922 90 58.6369
12.0642 81 53.4257
11.5472 104 67.0189
11.6724 83 54.469
11.5536 98 63.4215
11.6179 92 59.8471
11.955 81 53.382
11.5922 95 61.6369
11.4733 107 68.7893
11.894 82 53.9576
