12.4978 69 18.148
12.4978 69 18.148
11.6114 77 18.1503
11.6114 88 19.2503
11.7174 85 19.0457
12.6005 72 18.5405
12.3019 113 22.3717
12.4978 69 18.148
11.6114 77 18.1503
11.6114 77 18.1503
11.9936 90 19.7942
11.7174 85 19.0457
11.544 70 17.3896
11.6114 88 19.2503
12.4978 69 18.148
12.7322 76 19.059
12.4978 69 18.148
12.4978 69 18.148
11.6114 88 19.2503
11.6114 91 19.5503
11.7174 85 19.0457
11.6114 91 19.5503
12.4978 84 19.648
12.3019 90 20.0717
12.1606 71 18.0445
11.4188 87 18.9769
11.9936 100 20.7942
12.7322 76 19.059
11.7174 85 19.0457
11.7174 85 19.0457
11.4059 92 19.4653
12.4978 69 18.148
12.4367 82 19.3931
12.7322 76 19.059
11.4188 87 18.9769
11.4412 82 18.4971
12.4978 69 18.148
11.4059 92 19.4653
13.7887 76 20.0098
12.4978 69 18.148
11.9936 90 19.7942
13.7887 76 20.0098
11.4412 75 17.7971
11.7174 85 19.0457
11.7174 85 19.0457
12.6005 72 18.5405
12.4978 69 18.148
12.7322 76 19.059
11.7174 85 19.0457
11.6114 77 18.1503
11.9936 90 19.7942
12.4978 69 18.148
11.6114 88 19.2503
11.6114 77 18.1503
12.4978 69 18.148
12.4978 69 18.148
11.4412 82 18.4971
11.6468 87 19.1821
11.7174 85 19.0457
11.6114 77 18.1503
11.6114 77 18.1503
12.4978 69 18.148
12.4978 69 18.148
12.5331 78 19.0798
11.6114 77 18.1503
11.4766 70 17.3289
11.6114 77 18.1503
11.6114 91 19.5503
12.4978 69 18.148
12.4978 84 19.648
11.5344 95 19.8809
12.4978 69 18.148
12.4978 69 18.148
11.6114 77 18.1503
11.6114 91 19.5503
11.9936 90 19.7942
12.3019 90 20.0717
11.7174 85 19.0457
11.6114 77 18.1503
12.4978 69 18.148
11.7174 85 19.0457
11.9936 90 19.7942
12.4978 69 18.148
12.4978 69 18.148
12.3019 90 20.0717
12.4978 69 18.148
12.4978 69 18.148
11.5344 95 19.8809
11.9486 89 19.6538
11.6114 88 19.2503
11.7174 85 19.0457
11.9936 100 20.7942
11.7174 85 19.0457
11.6114 77 18.1503
11.6468 87 19.1821
11.7174 85 19.0457
12.4978 69 18.148
11.6468 87 19.1821
12.4978 69 18.148
11.9486 89 19.6538
12.7322 76 19.059
11.6114 77 18.1503
12.4978 69 18.148
11.6114 77 18.1503
12.7322 76 19.059
12.4978 69 18.148
12.0032 98 20.6029
12.4978 69 18.148
12.6005 72 18.5405
12.4978 69 18.148
12.4978 69 18.148
12.4978 69 18.148
11.4059 85 18.7653
11.6114 77 18.1503
12.4978 69 18.148
11.6114 77 18.1503
11.6114 77 18.1503
11.9936 90 19.7942
12.0032 98 20.6029
12.3276 93 20.3948
11.6114 77 18.1503
12.4978 69 18.148
13.7887 76 20.0098
12.5331 72 18.4798
11.6114 91 19.5503
12.5106 79 19.1595
11.6114 77 18.1503
12.4978 69 18.148
11.6114 88 19.2503
12.4978 69 18.148
12.4978 69 18.148
12.3276 93 20.3948
11.6114 88 19.2503
11.9486 99 20.6538
12.4978 69 18.148
11.7174 85 19.0457
12.4978 69 18.148
12.4978 69 18.148
11.7174 85 19.0457
11.6114 91 19.5503
12.4978 69 18.148
11.7174 85 19.0457
12.4978 69 18.148
11.7174 85 19.0457
11.9486 89 19.6538
12.4978 69 18.148
12.3276 93 20.3948
12.3019 90 20.0717
11.4766 70 17.3289
11.7174 85 19.0457
