11.4412 70 17.2971
11.711 68 17.3399
11.438 74 17.6942
11.4284 77 17.9855
11.4412 70 17.2971
12.9634 67 18.3671
11.711 75 18.0399
13.6121 69 19.1509
11.8876 82 18.8988
12.4496 80 19.2046
11.9326 79 18.6393
11.8812 76 18.2931
12.0739 79 18.7665
11.4412 70 17.2971
11.711 75 18.0399
13.6121 69 19.1509
11.711 75 18.0399
12.9634 67 18.3671
11.438 74 17.6942
11.4284 77 17.9855
11.8812 76 18.2931
11.711 68 17.3399
11.8876 82 18.8988
13.6121 69 19.1509
11.711 68 17.3399
11.711 68 17.3399
13.6121 69 19.1509
11.4284 77 17.9855
11.8876 82 18.8988
11.711 68 17.3399
12.9634 67 18.3671
11.438 74 17.6942
11.711 68 17.3399
11.8812 76 18.2931
11.4412 70 17.2971
11.711 68 17.3399
11.4412 70 17.2971
11.711 75 18.0399
11.711 68 17.3399
11.711 68 17.3399
13.5703 66 18.8133
11.9326 79 18.6393
12.0739 79 18.7665
11.4412 70 17.2971
11.9326 79 18.6393
12.9634 67 18.3671
13.8304 69 19.3474
11.4284 77 17.9855
11.3128 94 19.5815
11.8876 82 18.8988
11.711 75 18.0399
12.0739 79 18.7665
11.4412 70 17.2971
12.9634 67 18.3671
11.438 74 17.6942
11.4284 77 17.9855
11.8876 82 18.8988
12.0739 79 18.7665
12.0739 79 18.7665
12.9634 67 18.3671
11.8812 76 18.2931
11.711 68 17.3399
11.9326 79 18.6393
11.4284 77 17.9855
11.711 68 17.3399
12.0739 79 18.7665
12.4978 72 18.448
13.6121 69 19.1509
11.4284 77 17.9855
13.8304 69 19.3474
11.9326 79 18.6393
11.8876 82 18.8988
11.4412 70 17.2971
11.9326 79 18.6393
11.4412 70 17.2971
11.4284 77 17.9855
12.9634 67 18.3671
11.4316 81 18.3884
12.0739 79 18.7665
11.5504 80 18.3954
12.0739 79 18.7665
11.438 74 17.6942
11.4284 77 17.9855
11.8812 76 18.2931
11.8812 76 18.2931
12.9634 67 18.3671
11.711 68 17.3399
12.4978 72 18.448
12.9634 67 18.3671
11.9326 79 18.6393
11.9326 79 18.6393
12.9634 67 18.3671
11.4412 70 17.2971
11.1747 89 18.9572
11.8812 76 18.2931
11.438 74 17.6942
13.6121 69 19.1509
11.711 68 17.3399
11.9326 79 18.6393
12.0739 79 18.7665
11.8876 82 18.8988
12.0739 79 18.7665
12.0739 79 18.7665
11.4284 77 17.9855
13.8304 69 19.3474
11.3128 94 19.5815
11.711 75 18.0399
11.711 68 17.3399
11.2261 92 19.3035
11.711 68 17.3399
13.6121 69 19.1509
12.9634 67 18.3671
12.9634 67 18.3671
11.8876 82 18.8988
11.4284 77 17.9855
11.4284 77 17.9855
12.9634 67 18.3671
11.711 75 18.0399
13.5703 66 18.8133
11.1297 99 19.9168
11.4284 77 17.9855
11.8812 76 18.2931
12.9634 67 18.3671
12.9634 67 18.3671
12.9634 67 18.3671
11.438 74 17.6942
11.8812 76 18.2931
11.3128 94 19.5815
11.4284 77 17.9855
12.0739 79 18.7665
11.8876 82 18.8988
11.438 74 17.6942
11.4412 75 17.7971
11.8812 76 18.2931
12.9634 67 18.3671
11.4412 70 17.2971
12.0739 79 18.7665
11.8812 76 18.2931
11.711 68 17.3399
11.5504 80 18.3954
11.711 68 17.3399
12.0739 79 18.7665
11.4412 70 17.2971
13.6121 69 19.1509
11.8812 76 18.2931
11.4284 77 17.9855
11.6403 79 18.3763
11.4284 77 17.9855
11.8876 82 18.8988
13.6121 69 19.1509
