14.5819 42 36.5164
14.5819 43 37.3164
14.5723 48 41.3145
14.5819 48 41.3164
14.5819 49 42.1164
12.6134 51 43.3227
12.7322 47 40.1464
14.5723 50 42.9145
14.5819 47 40.5164
12.623 46 39.3246
12.623 49 41.7246
12.6166 50 42.5233
12.6134 54 45.7227
12.6166 54 45.7233
12.6166 61 51.3233
12.6069 53 44.9214
12.3019 60 50.4604
12.6069 57 48.1214
11.5311 64 53.5062
12.6069 55 46.5214
11.5311 54 45.5062
11.5247 57 47.9049
11.5311 57 47.9062
11.5247 56 47.1049
11.5247 57 47.9049
11.5215 60 50.3043
11.5151 64 53.503
11.5151 61 51.103
11.5215 70 58.3043
11.5151 62 51.903
11.4252 63 52.685
11.4605 67 55.8921
11.5151 63 52.703
11.4252 64 53.485
11.4252 74 61.485
11.4155 70 58.2831
11.4252 67 55.885
11.4155 68 56.6831
11.4252 68 56.685
11.4252 63 52.685
11.3642 70 58.2728
11.4155 73 60.6831
11.3642 71 59.0728
11.3545 76 63.0709
11.3545 77 63.8709
11.3642 77 63.8728
11.4637 67 55.8927
11.3545 76 63.0709
11.361 76 63.0722
11.3642 76 63.0728
11.3545 77 63.8709
11.3224 82 67.8645
11.3545 81 67.0709
11.3224 83 68.6645
11.332 89 73.4664
11.5247 59 49.5049
14.5819 56 47.7164
11.3545 85 70.2709
11.4155 67 55.8831
12.6069 52 44.1214
11.4155 68 56.6831
11.4252 68 56.685
12.623 48 40.9246
11.5151 64 53.503
11.5151 61 51.103
11.4155 77 63.8831
11.4252 67 55.885
11.361 76 63.0722
11.5151 63 52.703
11.3545 86 71.0709
11.4155 71 59.0831
12.6069 53 44.9214
11.5215 64 53.5043
11.332 79 65.4664
11.4541 70 58.2908
11.5215 59 49.5043
11.4701 63 52.694
14.5819 47 40.5164
14.5819 44 38.1164
11.4155 68 56.6831
11.3545 81 67.0709
11.3642 83 68.6728
11.3545 79 65.4709
11.5151 63 52.703
11.4252 75 62.285
11.4252 66 55.085
11.3642 71 59.0728
11.4252 63 52.685
11.5151 59 49.503
12.7322 47 40.1464
11.3545 76 63.0709
11.3545 76 63.0709
11.5311 54 45.5062
11.3642 72 59.8728
12.6134 51 43.3227
14.5819 48 41.3164
12.6166 49 41.7233
11.332 80 66.2664
11.332 78 64.6664
11.4155 77 63.8831
11.3545 80 66.2709
11.5311 56 47.1062
11.3642 70 58.2728
11.5247 58 48.7049
11.4701 62 51.894
12.6069 54 45.7214
11.3642 75 62.2728
11.3642 79 65.4728
14.5723 56 47.7145
11.4541 68 56.6908
11.5311 55 46.3062
11.3642 84 69.4728
12.6069 63 52.9214
11.3224 82 67.8645
11.5151 62 51.903
11.4155 69 57.4831
11.5151 70 58.303
11.3224 84 69.4645
12.6166 52 44.1233
11.4155 70 58.2831
11.4541 68 56.6908
11.3642 85 70.2728
11.4252 65 54.285
11.5247 58 48.7049
11.4155 71 59.0831
11.5151 64 53.503
12.6166 54 45.7233
11.4252 62 51.885
11.5247 60 50.3049
11.332 78 64.6664
14.5723 50 42.9145
14.5723 50 42.9145
14.5819 45 38.9164
11.3545 76 63.0709
12.6166 48 40.9233
11.5311 55 46.3062
11.332 78 64.6664
14.5819 52 44.5164
14.5819 45 38.9164
13.3455 52 44.2691
11.5215 70 58.3043
12.623 48 40.9246
11.3642 85 70.2728
11.4252 64 53.485
12.623 47 40.1246
12.623 47 40.1246
14.5819 46 39.7164
11.5151 72 59.903
11.3642 84 69.4728
12.6069 55 46.5214
