12.5652 79 52.4261
12.4432 85 55.9773
11.8362 84 55.1345
12.2505 81 53.5002
11.7848 85 55.7139
12.2505 81 53.5002
11.7848 84 55.1139
11.7592 89 58.1037
11.7592 90 58.7037
11.6724 89 58.069
11.7592 89 58.1037
11.7592 91 59.3037
11.6468 92 59.8587
11.6468 93 60.4587
11.5922 96 62.2369
11.6403 100 64.6561
11.7816 91 59.3127
11.6468 92 59.8587
11.5922 97 62.8369
11.7559 95 61.7024
11.5857 106 68.2343
11.5633 123 78.4253
11.5633 130 82.6253
12.3725 124 79.349
11.5633 132 83.8253
11.5633 132 83.8253
11.5311 136 86.2125
11.5633 134 85.0253
11.5633 134 85.0253
11.5247 140 88.6099
11.5311 133 84.4125
11.5247 138 87.4099
11.5247 140 88.6099
11.499 143 90.3996
11.5247 141 89.2099
11.5247 133 84.4099
11.5536 137 86.8215
11.5247 138 87.4099
11.4284 148 93.3714
11.5536 139 88.0215
11.6468 90 58.6587
11.5633 133 84.4253
11.6468 92 59.8587
11.6435 146 92.2574
11.5633 126 80.2253
11.499 144 90.9996
11.5311 133 84.4125
11.5633 132 83.8253
11.5247 139 88.0099
11.7848 87 56.9139
11.5311 133 84.4125
11.7592 87 56.9037
12.3693 140 88.9477
11.6468 93 60.4587
12.1959 86 56.4784
11.7592 91 59.3037
11.7784 96 62.3114
11.6724 88 57.469
11.5793 131 83.2317
11.6468 91 59.2587
11.6468 90 58.6587
11.5311 133 84.4125
11.6403 99 64.0561
11.5633 136 86.2253
11.5922 96 62.2369
11.5633 131 83.2253
12.2248 141 89.4899
11.5633 134 85.0253
11.5922 97 62.8369
12.4432 80 52.9773
11.6468 90 58.6587
11.5311 134 85.0125
11.6114 102 65.8446
11.5633 131 83.2253
11.6468 90 58.6587
11.5247 139 88.0099
11.6179 94 61.0471
11.5247 139 88.0099
11.6724 89 58.069
11.7848 87 56.9139
12.2505 81 53.5002
11.5857 129 82.0343
11.7784 94 61.1114
11.5311 138 87.4125
12.2248 85 55.8899
11.7592 89 58.1037
11.499 141 89.1996
11.7592 89 58.1037
11.7559 95 61.7024
12.3372 140 88.9349
11.5633 130 82.6253
11.5633 133 84.4253
11.7848 86 56.3139
11.499 146 92.1996
11.7592 87 56.9037
11.5633 136 86.2253
11.7848 87 56.9139
11.894 87 56.9576
11.8105 89 58.1242
11.5633 132 83.8253
11.499 144 90.9996
11.5922 101 65.2369
11.9486 81 53.3794
11.6468 99 64.0587
12.1381 84 55.2552
11.6724 97 62.869
11.438 141 89.1752
11.5633 133 84.4253
11.7848 83 54.5139
11.9229 87 56.9692
12.3404 127 81.1362
12.2505 80 52.9002
11.499 142 89.7996
11.499 140 88.5996
11.5633 130 82.6253
11.499 154 96.9996
12.5652 79 52.4261
11.6179 92 59.8471
11.7592 88 57.5037
11.6724 88 57.469
11.5247 141 89.2099
11.5857 106 68.2343
11.5247 138 87.4099
11.9229 85 55.7692
11.6724 87 56.869
11.5793 132 83.8317
11.5247 138 87.4099
11.6821 134 85.0728
11.5376 145 91.615
11.499 146 92.1996
11.499 147 92.7996
12.334 133 84.7336
11.7303 92 59.8921
11.499 150 94.5996
11.499 148 93.3996
11.6179 94 61.0471
12.1381 84 55.2552
12.334 131 83.5336
11.5633 134 85.0253
11.499 148 93.3996
11.5247 141 89.2099
11.6468 93 60.4587
11.5376 147 92.815
11.5311 133 84.4125
11.3963 151 95.1585
11.5633 130 82.6253
11.5793 129 82.0317
11.5311 136 86.2125
11.5311 138 87.4125
11.5633 128 81.4253
