11.4412 70 17.2971
11.711 68 17.3399
11.438 74 17.6942
11.4284 77 17.9855
12.4978 72 18.448
12.9634 67 18.3671
11.711 75 18.0399
13.8304 69 19.3474
11.8812 76 18.2931
11.8812 76 18.2931
12.0739 79 18.7665
11.3128 94 19.5815
12.0739 79 18.7665
12.0739 79 18.7665
11.9326 79 18.6393
11.711 68 17.3399
13.6121 69 19.1509
11.8876 82 18.8988
12.4978 72 18.448
12.4496 83 19.5046
11.4412 70 17.2971
12.4046 86 19.7642
12.0739 79 18.7665
12.9634 67 18.3671
11.711 68 17.3399
11.8876 82 18.8988
12.9634 67 18.3671
11.438 74 17.6942
11.9326 79 18.6393
12.9634 67 18.3671
11.4412 70 17.2971
11.711 68 17.3399
11.438 74 17.6942
11.8876 82 18.8988
11.8362 86 19.2526
11.711 68 17.3399
13.5703 66 18.8133
12.0739 79 18.7665
12.9634 67 18.3671
11.438 74 17.6942
11.711 68 17.3399
12.9634 67 18.3671
11.8812 76 18.2931
11.711 68 17.3399
12.9634 67 18.3671
12.0739 79 18.7665
11.438 74 17.6942
11.711 68 17.3399
11.8876 82 18.8988
11.1811 95 19.563
11.4412 70 17.2971
11.8812 76 18.2931
11.6403 79 18.3763
11.2261 92 19.3035
11.4412 70 17.2971
11.8876 82 18.8988
12.0739 79 18.7665
11.711 75 18.0399
11.4412 70 17.2971
13.8304 69 19.3474
11.4412 70 17.2971
11.438 74 17.6942
11.6468 85 18.9821
11.4412 70 17.2971
12.0739 79 18.7665
11.9326 79 18.6393
11.711 75 18.0399
13.5703 66 18.8133
11.711 75 18.0399
11.4412 70 17.2971
11.8812 76 18.2931
11.8812 76 18.2931
13.8304 69 19.3474
11.711 75 18.0399
11.3128 94 19.5815
11.711 68 17.3399
11.4412 75 17.7971
11.4284 77 17.9855
11.438 74 17.6942
11.438 74 17.6942
11.8812 76 18.2931
12.9634 67 18.3671
11.8876 82 18.8988
11.8812 76 18.2931
11.4284 77 17.9855
11.438 74 17.6942
12.0739 79 18.7665
11.4412 70 17.2971
11.8812 76 18.2931
11.8876 82 18.8988
12.0739 79 18.7665
11.9326 79 18.6393
11.438 74 17.6942
12.9634 67 18.3671
11.438 74 17.6942
11.4412 70 17.2971
11.4412 70 17.2971
11.5408 86 18.9867
11.8812 76 18.2931
11.8876 82 18.8988
11.8812 76 18.2931
11.5504 80 18.3954
13.6121 69 19.1509
11.711 75 18.0399
11.438 74 17.6942
11.5119 77 18.0607
11.8812 76 18.2931
11.8876 82 18.8988
12.5909 80 19.3318
11.3128 94 19.5815
11.8812 76 18.2931
12.3982 77 18.8584
11.4412 75 17.7971
11.8812 76 18.2931
13.8304 69 19.3474
11.1747 89 18.9572
11.711 68 17.3399
11.4412 75 17.7971
12.0739 79 18.7665
11.9326 79 18.6393
12.4978 72 18.448
13.8304 69 19.3474
11.1747 89 18.9572
13.8304 69 19.3474
11.4412 70 17.2971
11.711 68 17.3399
13.8304 69 19.3474
11.711 75 18.0399
11.4412 70 17.2971
12.4978 72 18.448
11.4284 77 17.9855
11.8812 76 18.2931
11.4412 70 17.2971
11.8812 76 18.2931
11.711 75 18.0399
11.438 74 17.6942
11.711 75 18.0399
11.711 68 17.3399
11.8876 82 18.8988
11.438 74 17.6942
11.438 74 17.6942
12.0739 79 18.7665
12.0739 79 18.7665
13.8304 69 19.3474
11.8812 76 18.2931
13.5703 66 18.8133
11.5119 77 18.0607
11.8812 76 18.2931
11.1779 100 20.0601
12.9634 67 18.3671
