13.4419 66 39.7209
12.2344 70 41.1172
13.4419 66 39.7209
12.2344 70 41.1172
11.9583 79 45.4791
11.7174 85 48.3587
11.4541 86 48.727
11.4252 88 49.7126
11.4541 86 48.727
11.3577 93 52.1789
11.4541 86 48.727
13.4419 66 39.7209
11.7174 85 48.3587
12.2344 70 41.1172
11.4252 88 49.7126
12.2344 70 41.1172
11.4541 86 48.727
11.4541 86 48.727
11.4541 86 48.727
12.2344 70 41.1172
12.2344 70 41.1172
11.9583 79 45.4791
12.2344 70 41.1172
13.4419 66 39.7209
11.9583 79 45.4791
13.4419 66 39.7209
13.4419 66 39.7209
11.4541 86 48.727
11.4541 86 48.727
13.4419 66 39.7209
11.4252 88 49.7126
13.4419 66 39.7209
11.3577 93 52.1789
12.2344 70 41.1172
12.2344 70 41.1172
13.4419 66 39.7209
11.7174 85 48.3587
12.2344 70 41.1172
13.4419 66 39.7209
11.4252 88 49.7126
13.4419 66 39.7209
12.2344 70 41.1172
12.2344 70 41.1172
11.3577 93 52.1789
11.7174 85 48.3587
13.4419 66 39.7209
11.9583 79 45.4791
12.2344 70 41.1172
11.4541 86 48.727
13.4419 66 39.7209
11.4541 86 48.727
12.2344 70 41.1172
11.4541 86 48.727
11.4252 88 49.7126
12.2344 70 41.1172
12.2344 70 41.1172
11.4541 86 48.727
11.7174 85 48.3587
12.2344 70 41.1172
11.4541 86 48.727
11.4541 86 48.727
12.2344 70 41.1172
11.4541 86 48.727
11.3577 93 52.1789
11.9583 79 45.4791
13.4419 66 39.7209
12.2344 70 41.1172
12.2344 70 41.1172
12.2344 70 41.1172
11.4541 86 48.727
13.4419 66 39.7209
11.7174 85 48.3587
11.4252 88 49.7126
12.2344 70 41.1172
11.4541 86 48.727
13.4419 66 39.7209
12.2344 70 41.1172
13.4419 66 39.7209
11.7174 85 48.3587
12.2344 70 41.1172
11.7174 85 48.3587
13.4419 66 39.7209
11.4541 86 48.727
11.9583 79 45.4791
12.2344 70 41.1172
11.3577 93 52.1789
11.4541 86 48.727
12.2344 70 41.1172
11.4252 88 49.7126
11.9583 79 45.4791
11.3577 93 52.1789
11.4252 88 49.7126
11.4252 88 49.7126
11.4541 86 48.727
11.4541 86 48.727
13.4419 66 39.7209
13.4419 66 39.7209
12.2344 70 41.1172
11.7174 85 48.3587
12.2344 70 41.1172
11.4252 88 49.7126
11.4541 86 48.727
13.4419 66 39.7209
11.7174 85 48.3587
12.2344 70 41.1172
11.4541 86 48.727
11.3577 93 52.1789
11.7174 85 48.3587
11.4541 86 48.727
11.7174 85 48.3587
11.4541 86 48.727
12.2344 70 41.1172
11.3577 93 52.1789
11.4252 88 49.7126
11.4541 86 48.727
13.4419 66 39.7209
11.4541 86 48.727
11.4541 86 48.727
11.4541 86 48.727
12.2344 70 41.1172
11.7174 85 48.3587
11.7174 85 48.3587
13.4419 66 39.7209
13.4419 66 39.7209
11.7174 85 48.3587
11.4541 86 48.727
11.4541 86 48.727
11.7174 85 48.3587
13.4419 66 39.7209
13.4419 66 39.7209
13.4419 66 39.7209
11.4541 86 48.727
13.4419 66 39.7209
13.4419 66 39.7209
11.4541 86 48.727
12.2344 70 41.1172
11.4541 86 48.727
11.4541 86 48.727
11.4541 86 48.727
11.4252 88 49.7126
12.2344 70 41.1172
11.3577 93 52.1789
13.4419 66 39.7209
11.9583 79 45.4791
11.4541 86 48.727
13.4419 66 39.7209
11.4541 86 48.727
11.9583 79 45.4791
13.4355 69 41.2177
13.4355 69 41.2177
