11.4412 70 17.2971
11.438 74 17.6942
11.4284 77 17.9855
12.4978 69 18.148
12.6583 68 18.1925
12.4978 72 18.448
12.9634 67 18.3671
11.711 75 18.0399
13.6121 69 19.1509
11.9326 79 18.6393
12.0739 79 18.7665
11.4766 84 18.7289
11.8812 76 18.2931
11.8812 76 18.2931
11.4284 77 17.9855
11.438 74 17.6942
11.4284 77 17.9855
12.4978 72 18.448
11.4412 70 17.2971
12.9634 67 18.3671
12.9634 67 18.3671
11.8876 82 18.8988
12.4978 72 18.448
12.9634 67 18.3671
11.9326 79 18.6393
11.4412 70 17.2971
11.4412 70 17.2971
11.438 74 17.6942
13.5703 66 18.8133
11.438 74 17.6942
11.711 75 18.0399
12.4978 69 18.148
11.711 75 18.0399
12.6583 68 18.1925
11.3128 94 19.5815
12.0739 79 18.7665
11.4412 75 17.7971
11.8876 82 18.8988
11.711 75 18.0399
12.6583 68 18.1925
11.9326 79 18.6393
12.0739 79 18.7665
11.438 74 17.6942
11.438 74 17.6942
11.711 75 18.0399
12.4978 72 18.448
11.4284 77 17.9855
11.8876 82 18.8988
11.4412 70 17.2971
12.4978 69 18.148
12.4978 72 18.448
12.9634 67 18.3671
11.8876 82 18.8988
11.3128 94 19.5815
11.3128 94 19.5815
11.8876 82 18.8988
12.6583 68 18.1925
11.4284 77 17.9855
11.3128 94 19.5815
11.438 74 17.6942
12.4978 69 18.148
12.9634 67 18.3671
11.711 75 18.0399
11.4412 70 17.2971
11.9326 79 18.6393
13.8304 69 19.3474
11.9326 79 18.6393
12.9634 67 18.3671
11.4412 75 17.7971
11.711 75 18.0399
11.4316 81 18.3884
11.438 74 17.6942
12.4978 72 18.448
11.438 74 17.6942
11.4284 77 17.9855
11.438 74 17.6942
11.711 75 18.0399
11.711 75 18.0399
11.9326 79 18.6393
11.9326 79 18.6393
12.0739 79 18.7665
12.4978 72 18.448
12.6583 68 18.1925
11.4412 70 17.2971
12.6583 68 18.1925
12.4978 69 18.148
11.9326 79 18.6393
11.9326 79 18.6393
11.4412 75 17.7971
12.0739 79 18.7665
11.438 74 17.6942
11.8812 76 18.2931
12.6583 68 18.1925
13.6121 69 19.1509
11.4412 70 17.2971
11.4412 75 17.7971
11.4412 75 17.7971
11.4412 70 17.2971
11.3128 94 19.5815
11.9326 79 18.6393
11.5504 80 18.3954
11.8876 82 18.8988
11.438 74 17.6942
11.4284 77 17.9855
11.4412 70 17.2971
11.4412 70 17.2971
12.4978 69 18.148
11.8876 82 18.8988
11.3128 94 19.5815
12.4978 69 18.148
11.4412 70 17.2971
11.9326 79 18.6393
11.9326 79 18.6393
12.0739 79 18.7665
11.4412 70 17.2971
11.438 74 17.6942
11.4284 77 17.9855
11.9326 79 18.6393
11.438 74 17.6942
12.0739 79 18.7665
11.8812 76 18.2931
11.4284 77 17.9855
11.4316 81 18.3884
11.4284 77 17.9855
12.0739 79 18.7665
12.0739 79 18.7665
11.711 75 18.0399
12.6583 68 18.1925
11.8876 82 18.8988
13.6121 69 19.1509
11.4284 77 17.9855
12.9634 67 18.3671
11.711 75 18.0399
12.4978 69 18.148
12.0739 79 18.7665
11.8812 76 18.2931
13.5703 66 18.8133
11.4284 77 17.9855
12.9634 67 18.3671
11.0751 96 19.5676
13.5703 66 18.8133
11.438 74 17.6942
11.9326 79 18.6393
11.4412 70 17.2971
12.0739 79 18.7665
11.332 88 18.9988
11.9326 79 18.6393
11.438 74 17.6942
11.9326 79 18.6393
11.0751 96 19.5676
