621.903
638.238
648.832
657.023
661.084
665.143
669.574
684.452
702.245
705.593
707.606
711.028
714.428
716.233
719.317
723.943
726.233
731.863
735.6
736.592
740.949
745.622
748.883
750.961
751.382
752.467
755.799
759.391
761.003
764.136
764.306
767.593
768.461
771.343
771.548
774.874
782.728
783.252
784.145
787.849
789.089
792.013
792.411
795.13
795.534
795.872
796.212
799.204
799.239
799.245
800
800.491
805.639
805.7
810.511
810.81
810.958
810.993
810.993
813.291
816.904
817.925
819.81
821.409
821.73
821.769
822.26
822.511
827.36
828.162
828.776
828.776
828.776
828.776
828.911
828.911
829.251
833.648
833.687
833.841
833.841
834.441
834.782
836.887
836.887
836.925
836.925
836.925
836.967
836.967
837.092
837.131
837.471
837.471
837.471
838.656
838.685
838.685
838.685
838.814
