11.2775 132 95.7832
11.3224 99 72.6967
11.3224 98 71.9967
11.3224 103 75.4967
11.3224 98 71.9967
11.3224 99 72.6967
11.3224 100 73.3967
11.3224 102 74.7967
11.3224 103 75.4967
11.3224 97 71.2967
11.3224 98 71.9967
11.3224 99 72.6967
11.3224 101 74.0967
11.3224 102 74.7967
11.3224 97 71.2967
11.3224 98 71.9967
11.3224 99 72.6967
11.3224 100 73.3967
11.3224 105 76.8967
11.3224 108 78.9967
11.3224 96 70.5967
11.3224 98 71.9967
11.3224 99 72.6967
11.3224 102 74.7967
11.3224 96 70.5967
11.3224 97 71.2967
11.3224 98 71.9967
11.3224 99 72.6967
11.3224 100 73.3967
11.3224 102 74.7967
11.3224 98 71.9967
11.3224 99 72.6967
11.3224 102 74.7967
11.3224 107 78.2967
11.3224 95 69.8967
11.3224 96 70.5967
11.3224 97 71.2967
11.3224 98 71.9967
11.3224 99 72.6967
11.3224 100 73.3967
11.3224 101 74.0967
11.3224 108 78.9967
11.3224 110 80.3967
11.3224 111 81.0967
11.3224 95 69.8967
11.3224 96 70.5967
11.3224 103 75.4967
11.3224 105 76.8967
11.3224 98 71.9967
11.4252 76 56.6276
11.3224 96 70.5967
11.3224 97 71.2967
11.3224 95 69.8967
11.0687 150 108.321
11.4252 76 56.6276
11.3224 99 72.6967
11.0687 143 103.421
11.0687 148 106.921
11.0623 151 109.019
11.0302 153 110.409
11.4252 75 55.9276
11.3224 94 69.1967
11.3224 96 70.5967
11.3224 99 72.6967
11.3224 100 73.3967
11.4252 74 55.2276
11.4252 76 56.6276
11.3642 81 60.1092
11.3224 93 68.4967
11.3224 94 69.1967
11.3224 95 69.8967
11.3224 98 71.9967
11.3224 99 72.6967
11.3224 100 73.3967
11.5247 67 50.3574
11.4252 75 55.9276
11.3224 93 68.4967
11.3224 94 69.1967
11.3224 97 71.2967
11.3224 98 71.9967
11.3224 99 72.6967
11.3224 100 73.3967
11.4252 73 54.5275
11.4252 76 56.6276
11.3642 80 59.4092
11.3642 81 60.1092
11.3224 94 69.1967
11.3224 95 69.8967
11.3224 96 70.5967
11.3224 97 71.2967
11.3224 98 71.9967
11.3224 99 72.6967
11.3224 100 73.3967
11.3224 109 79.6967
11.3224 110 80.3967
11.5247 66 49.6574
11.4252 74 55.2276
11.4252 75 55.9276
11.4252 76 56.6276
11.3642 79 58.7092
11.3642 81 60.1092
11.332 86 63.5996
11.3224 92 67.7967
11.3224 94 69.1967
11.3224 95 69.8967
11.3224 96 70.5967
11.3224 97 71.2967
11.3224 98 71.9967
11.3224 106 77.5967
12.7001 59 45.11
11.5247 65 48.9574
11.5247 67 50.3574
11.4252 74 55.2276
11.4252 75 55.9276
11.3642 79 58.7092
11.3642 80 59.4092
11.3642 81 60.1092
11.332 85 62.8996
11.3224 91 67.0967
11.3224 93 68.4967
11.3224 94 69.1967
11.3224 95 69.8967
11.3224 96 70.5967
11.3224 97 71.2967
11.3224 100 73.3967
11.3224 101 74.0967
12.7001 58 44.41
12.6166 60 45.785
11.5247 67 50.3574
11.4252 74 55.2276
11.4252 75 55.9276
11.3642 80 59.4092
11.3224 89 65.6967
11.3224 90 66.3967
11.3224 92 67.7967
11.3224 93 68.4967
11.3224 95 69.8967
11.3224 96 70.5967
11.3224 98 71.9967
11.3224 99 72.6967
11.3224 100 73.3967
11.3224 102 74.7967
11.3224 103 75.4967
11.3224 105 76.8967
11.3224 106 77.5967
12.7001 57 43.71
12.7001 58 44.41
12.7001 59 45.11
11.5247 66 49.6574
11.5247 67 50.3574
11.5151 70 52.4545
11.4252 73 54.5275
11.4252 74 55.2276
11.4252 75 55.9276
11.4252 76 56.6276
11.3642 80 59.4092
11.3642 81 60.1092
11.332 84 62.1996
11.332 86 63.5996
11.3224 90 66.3967
11.3224 91 67.0967
11.3224 92 67.7967
11.3224 93 68.4967
11.3224 94 69.1967
11.3224 95 69.8967
11.3224 96 70.5967
11.3224 97 71.2967
11.3224 98 71.9967
11.3224 99 72.6967
11.3224 104 76.1967
12.7001 58 44.41
12.6166 59 45.085
12.7001 59 45.11
11.5247 65 48.9574
11.5247 66 49.6574
11.5247 67 50.3574
11.5151 70 52.4545
11.4637 72 53.8391
11.4252 74 55.2276
11.4252 75 55.9276
11.4252 76 56.6276
11.3642 78 58.0092
11.3642 79 58.7092
11.3642 80 59.4092
11.3642 81 60.1092
11.332 84 62.1996
11.332 85 62.8996
11.332 86 63.5996
11.3224 89 65.6967
11.3224 90 66.3967
11.3224 91 67.0967
11.3224 92 67.7967
11.3224 93 68.4967
11.3224 94 69.1967
11.3224 96 70.5967
11.3224 97 71.2967
11.3224 99 72.6967
11.3224 100 73.3967
11.3224 101 74.0967
11.3224 102 74.7967
11.3224 107 78.2967
12.7001 56 43.01
12.7001 57 43.71
12.7001 58 44.41
12.6166 60 45.785
11.5247 64 48.2574
11.5247 65 48.9574
11.5247 66 49.6574
11.5247 67 50.3574
11.5151 70 52.4545
11.4252 72 53.8276
11.4252 74 55.2276
11.4252 75 55.9276
11.4155 76 56.6247
11.4252 76 56.6276
11.3642 78 58.0092
11.3642 79 58.7092
11.3642 80 59.4092
11.3642 81 60.1092
11.332 84 62.1996
11.332 85 62.8996
11.332 86 63.5996
11.3224 89 65.6967
11.3224 90 66.3967
11.3224 91 67.0967
11.3224 92 67.7967
11.3224 93 68.4967
11.3224 97 71.2967
11.3224 98 71.9967
11.3224 106 77.5967
12.7001 55 42.31
12.7001 57 43.71
12.7001 58 44.41
12.6166 59 45.085
12.7001 59 45.11
12.6166 60 45.785
11.5311 62 46.8593
11.5247 63 47.5574
11.5247 64 48.2574
11.5247 66 49.6574
11.5247 67 50.3574
11.5151 69 51.7545
11.4637 72 53.8391
11.4252 73 54.5275
11.4252 74 55.2276
11.4252 75 55.9276
11.3706 76 56.6112
11.3706 77 57.3112
11.3642 78 58.0092
11.3642 79 58.7092
11.3642 80 59.4092
11.361 81 60.1083
11.3642 81 60.1092
11.332 84 62.1996
11.3224 89 65.6967
11.3224 90 66.3967
11.3224 91 67.0967
11.3224 92 67.7967
11.3224 93 68.4967
11.3224 94 69.1967
11.3224 95 69.8967
11.3224 96 70.5967
11.3224 97 71.2967
11.3224 98 71.9967
11.3224 102 74.7967
12.7001 54 41.61
12.7001 55 42.31
12.7001 56 43.01
12.7001 58 44.41
12.6166 59 45.085
12.639 59 45.0917
12.7001 59 45.11
12.6166 60 45.785
11.5311 61 46.1593
11.894 61 46.2682
11.5247 62 46.8574
11.5311 62 46.8593
11.5247 64 48.2574
11.5247 65 48.9574
11.5247 66 49.6574
11.5247 67 50.3574
11.5151 68 51.0545
11.4701 70 52.441
11.5151 70 52.4545
11.4637 71 53.1391
11.4252 72 53.8276
11.4637 72 53.8391
11.4252 75 55.9276
11.4252 76 56.6276
11.3706 77 57.3112
11.3642 79 58.7092
11.332 81 60.0996
11.3642 81 60.1092
11.332 83 61.4996
11.332 85 62.8996
11.332 86 63.5996
11.3224 87 64.2967
11.3224 88 64.9967
11.3224 89 65.6967
11.3224 91 67.0967
11.3224 93 68.4967
11.3224 94 69.1967
11.3224 95 69.8967
11.3224 97 71.2967
11.3224 99 72.6967
11.3224 100 73.3967
11.3224 101 74.0967
11.3224 102 74.7967
12.7001 54 41.61
12.7001 55 42.31
12.7001 56 43.01
12.7001 57 43.71
12.7001 58 44.41
12.6166 59 45.085
12.6904 59 45.1071
11.894 60 45.5682
11.5311 62 46.8593
11.5247 63 47.5574
11.5247 64 48.2574
11.5247 66 49.6574
11.5151 67 50.3545
11.5215 67 50.3565
11.5247 67 50.3574
11.5151 68 51.0545
11.5151 69 51.7545
11.4637 70 52.4391
11.5151 70 52.4545
11.4637 72 53.8391
11.4252 73 54.5275
11.4252 74 55.2276
11.4252 75 55.9276
11.3706 76 56.6112
11.4252 76 56.6276
11.3642 77 57.3092
11.3642 78 58.0092
11.3642 80 59.4092
11.361 81 60.1083
11.332 82 60.7996
11.332 83 61.4996
11.332 84 62.1996
11.3224 86 63.5967
11.3224 87 64.2967
11.3224 88 64.9967
11.3224 90 66.3967
11.3224 91 67.0967
11.3224 92 67.7967
11.3224 93 68.4967
11.3224 95 69.8967
11.3224 101 74.0967
