11.5922 95 69.9776
11.5922 94 69.2776
11.5922 95 69.9776
11.5922 95 69.9776
12.8478 74 55.6543
11.5922 92 67.8776
11.5922 93 68.5776
11.5922 95 69.9776
11.5472 104 76.2642
12.2505 76 56.8751
11.9486 78 58.1846
11.6724 83 61.6017
11.6179 86 63.6854
11.5922 91 67.1777
11.5922 92 67.8776
11.5922 93 68.5776
11.5922 94 69.2776
11.5922 95 69.9776
11.5536 99 72.7661
11.5472 104 76.2642
11.3481 132 95.8044
12.8478 73 54.9543
12.8478 75 56.3543
11.9486 78 58.1846
11.7848 82 60.9355
11.6179 85 62.9854
11.5922 91 67.1777
11.5922 92 67.8776
11.5922 93 68.5776
11.5922 94 69.2776
11.5922 95 69.9776
11.5536 98 72.0661
11.5472 104 76.2642
11.4412 120 87.4324
11.4155 122 88.8247
11.3481 131 95.1044
11.3481 132 95.8044
12.8478 74 55.6543
11.8362 79 58.8509
11.6724 83 61.6017
11.6179 84 62.2854
11.6179 86 63.6854
11.5922 89 65.7776
11.5922 91 67.1777
11.5922 92 67.8776
11.5922 93 68.5776
11.5922 95 69.9776
11.5536 97 71.3661
11.5536 98 72.0661
11.5536 99 72.7661
11.5472 103 75.5642
11.5215 104 76.2564
11.5472 104 76.2642
11.483 107 78.3449
11.4412 119 86.7324
11.4412 121 88.1324
11.3995 124 90.2198
11.3481 130 94.4044
12.2505 75 56.1751
11.9486 77 57.4846
11.8362 78 58.1509
11.8362 79 58.8509
11.7848 81 60.2355
11.6179 83 61.5854
11.6724 83 61.6017
11.5922 88 65.0776
11.5922 91 67.1777
11.5922 92 67.8776
11.5922 93 68.5776
11.5922 94 69.2776
11.5922 95 69.9776
11.5536 96 70.6661
11.5215 104 76.2564
11.5472 104 76.2642
11.483 106 77.6449
11.483 107 78.3449
11.4733 109 79.742
11.4412 118 86.0324
11.4412 119 86.7324
11.4412 120 87.4324
11.4155 122 88.8247
11.3995 123 89.5198
11.3995 126 91.6198
11.3738 127 92.3121
11.3481 128 93.0044
11.3738 128 93.0121
11.3481 130 94.4044
11.3481 131 95.1044
11.3481 132 95.8044
13.8048 71 53.8414
13.8048 72 54.5414
12.8478 74 55.6543
12.2505 75 56.1751
11.9486 76 56.7846
12.1188 76 56.8356
11.9486 77 57.4846
11.8362 78 58.1509
11.9486 78 58.1846
11.7848 79 58.8355
11.8362 79 58.8509
11.7848 81 60.2355
11.6724 82 60.9017
11.7816 82 60.9345
11.6468 83 61.594
11.6179 84 62.2854
11.6179 85 62.9854
11.5922 86 63.6777
11.5922 88 65.0776
11.5922 90 66.4776
11.5922 92 67.8776
11.5922 93 68.5776
11.5922 94 69.2776
11.5536 95 69.9661
11.5922 95 69.9776
11.5536 96 70.6661
11.5536 97 71.3661
11.5536 98 72.0661
11.5472 99 72.7642
11.5536 99 72.7661
11.5472 101 74.1642
11.5472 102 74.8642
11.4926 104 76.2478
11.5215 104 76.2564
11.483 106 77.6449
11.483 107 78.3449
11.4509 109 79.7353
11.4412 111 81.1324
11.4412 118 86.0324
11.4412 119 86.7324
11.4412 120 87.4324
11.4155 121 88.1247
11.4412 121 88.1324
11.3995 122 88.8198
11.3995 123 89.5198
11.3995 124 90.2198
11.3738 126 91.6121
11.3481 130 94.4044
11.2775 132 95.7832
