12.4978 69 18.148
12.4978 69 18.148
12.4978 69 18.148
12.4978 69 18.148
11.4412 70 17.2971
12.4978 69 18.148
11.4412 70 17.2971
12.4978 69 18.148
11.4412 70 17.2971
12.4978 69 18.148
11.4412 70 17.2971
12.4978 69 18.148
11.4412 70 17.2971
12.4978 69 18.148
11.4412 70 17.2971
12.4978 69 18.148
13.5703 66 18.8133
11.4412 70 17.2971
12.4978 69 18.148
13.5703 66 18.8133
11.4412 70 17.2971
12.4978 69 18.148
13.5703 66 18.8133
11.4412 70 17.2971
12.4978 69 18.148
13.5703 66 18.8133
11.4412 70 17.2971
12.4978 69 18.148
13.5703 66 18.8133
11.4412 70 17.2971
12.4978 69 18.148
13.5703 66 18.8133
11.4412 70 17.2971
12.4978 69 18.148
13.5703 66 18.8133
11.4412 70 17.2971
12.4978 69 18.148
11.4059 80 18.2653
13.5703 66 18.8133
11.4412 70 17.2971
12.4978 69 18.148
13.5703 66 18.8133
11.4412 70 17.2971
12.4978 69 18.148
13.5703 66 18.8133
11.4412 70 17.2971
12.4978 69 18.148
13.5703 66 18.8133
11.4412 70 17.2971
12.4978 69 18.148
13.5703 66 18.8133
11.4412 70 17.2971
12.4978 69 18.148
13.5703 66 18.8133
11.4412 70 17.2971
12.4978 69 18.148
13.5703 66 18.8133
11.4412 70 17.2971
12.4978 69 18.148
11.3064 82 18.3757
13.5703 66 18.8133
11.4412 70 17.2971
12.4978 69 18.148
13.5703 66 18.8133
11.4412 70 17.2971
12.4978 69 18.148
11.3064 82 18.3757
13.5703 66 18.8133
11.4412 70 17.2971
12.4978 69 18.148
13.5703 66 18.8133
11.4412 70 17.2971
12.4978 69 18.148
11.3064 82 18.3757
13.5703 66 18.8133
11.4412 70 17.2971
12.4978 69 18.148
13.5703 66 18.8133
11.4412 70 17.2971
12.4978 69 18.148
11.3064 82 18.3757
13.5703 66 18.8133
11.4412 70 17.2971
12.4978 69 18.148
13.5703 66 18.8133
11.4412 70 17.2971
12.4978 69 18.148
11.3064 82 18.3757
13.5703 66 18.8133
11.4412 70 17.2971
12.4978 69 18.148
11.3064 82 18.3757
13.5703 66 18.8133
11.2999 90 19.1699
11.4412 70 17.2971
12.4978 69 18.148
13.5703 66 18.8133
11.4412 70 17.2971
12.4978 69 18.148
11.4059 80 18.2653
13.5703 66 18.8133
11.4412 70 17.2971
12.4978 69 18.148
11.2999 90 19.1699
11.4412 70 17.2971
12.4978 69 18.148
13.5703 66 18.8133
11.4412 70 17.2971
12.4978 69 18.148
13.5703 66 18.8133
11.4412 70 17.2971
12.4978 69 18.148
11.3064 82 18.3757
13.5703 66 18.8133
11.4412 70 17.2971
12.4978 69 18.148
13.5703 66 18.8133
11.2999 90 19.1699
11.4412 70 17.2971
12.4978 69 18.148
11.3064 82 18.3757
13.5703 66 18.8133
11.4412 70 17.2971
12.4978 69 18.148
13.5703 66 18.8133
11.4412 70 17.2971
12.4978 69 18.148
13.5703 66 18.8133
11.4412 70 17.2971
12.4978 69 18.148
11.4059 80 18.2653
13.5703 66 18.8133
11.4412 70 17.2971
12.4978 69 18.148
13.5703 66 18.8133
11.2999 90 19.1699
11.4412 70 17.2971
12.4978 69 18.148
11.3064 82 18.3757
13.5703 66 18.8133
11.2999 90 19.1699
11.4412 70 17.2971
12.4978 69 18.148
13.5703 66 18.8133
11.2999 90 19.1699
11.4412 70 17.2971
12.4978 69 18.148
13.5703 66 18.8133
11.2999 90 19.1699
11.4412 70 17.2971
12.4978 69 18.148
13.5703 66 18.8133
11.2903 110 21.1613
11.4412 70 17.2971
12.4978 69 18.148
11.3064 82 18.3757
13.5703 66 18.8133
