11.5922 95 78.3184
11.5922 94 77.5184
11.5922 95 78.3184
11.5922 95 78.3184
12.8478 74 61.7696
11.5922 92 75.9184
11.5922 93 76.7184
11.5922 95 78.3184
11.5472 104 85.5094
12.2505 76 63.2501
11.9486 78 64.7897
11.6724 83 68.7345
11.6179 86 71.1236
11.5922 91 75.1184
11.5922 92 75.9184
11.5922 93 76.7184
11.5922 94 77.5184
11.5922 95 78.3184
11.5536 99 81.5107
11.5472 104 85.5094
11.3481 132 107.87
12.8478 73 60.9696
12.8478 75 62.5696
11.9486 78 64.7897
11.7848 82 67.957
11.6179 85 70.3236
11.5922 91 75.1184
11.5922 92 75.9184
11.5922 93 76.7184
11.5922 94 77.5184
11.5922 95 78.3184
11.5536 98 80.7107
11.5472 104 85.5094
11.4412 120 98.2882
11.4155 122 99.8831
11.3481 131 107.07
11.3481 132 107.87
12.8478 74 61.7696
11.8362 79 65.5672
11.6724 83 68.7345
11.6179 84 69.5236
11.6179 86 71.1236
11.5922 89 73.5184
11.5922 91 75.1184
11.5922 92 75.9184
11.5922 93 76.7184
11.5922 95 78.3184
11.5536 97 79.9107
11.5536 98 80.7107
11.5536 99 81.5107
11.5472 103 84.7094
11.5215 104 85.5043
11.5472 104 85.5094
11.483 107 87.8966
11.4412 119 97.4883
11.4412 121 99.0882
11.3995 124 101.48
11.3481 130 106.27
12.2505 75 62.4501
11.9486 77 63.9897
11.8362 78 64.7672
11.8362 79 65.5672
11.7848 81 67.157
11.6179 83 68.7236
11.6724 83 68.7345
11.5922 88 72.7184
11.5922 91 75.1184
11.5922 92 75.9184
11.5922 93 76.7184
11.5922 94 77.5184
11.5922 95 78.3184
11.5536 96 79.1107
11.5215 104 85.5043
11.5472 104 85.5094
11.483 106 87.0966
11.483 107 87.8966
11.4733 109 89.4947
11.4412 118 96.6882
11.4412 119 97.4883
11.4412 120 98.2882
11.4155 122 99.8831
11.3995 123 100.68
11.3995 126 103.08
11.3738 127 103.875
11.3481 128 104.67
11.3738 128 104.675
11.3481 130 106.27
11.3481 131 107.07
11.3481 132 107.87
13.8048 71 59.561
13.8048 72 60.361
12.8478 74 61.7696
12.2505 75 62.4501
11.9486 76 63.1897
12.1188 76 63.2238
11.9486 77 63.9897
11.8362 78 64.7672
11.9486 78 64.7897
11.7848 79 65.557
11.8362 79 65.5672
11.7848 81 67.157
11.6724 82 67.9345
11.7816 82 67.9563
11.6468 83 68.7294
11.6179 84 69.5236
11.6179 85 70.3236
11.5922 86 71.1184
11.5922 88 72.7184
11.5922 90 74.3184
11.5922 92 75.9184
11.5922 93 76.7184
11.5922 94 77.5184
11.5536 95 78.3107
11.5922 95 78.3184
11.5536 96 79.1107
11.5536 97 79.9107
11.5536 98 80.7107
11.5472 99 81.5094
11.5536 99 81.5107
11.5472 101 83.1094
11.5472 102 83.9094
11.4926 104 85.4985
11.5215 104 85.5043
11.483 106 87.0966
11.483 107 87.8966
11.4509 109 89.4902
11.4412 111 91.0882
11.4412 118 96.6882
11.4412 119 97.4883
11.4412 120 98.2882
11.4155 121 99.0831
11.4412 121 99.0882
11.3995 122 99.8799
11.3995 123 100.68
11.3995 124 101.48
11.3738 126 103.075
11.3481 130 106.27
11.2775 132 107.855
