11.7848 87 56.9139
11.6724 90 58.669
11.7848 86 56.3139
11.7848 87 56.9139
11.6724 89 58.069
11.6724 90 58.669
11.7848 85 55.7139
11.7848 86 56.3139
11.7848 87 56.9139
11.6724 88 57.469
11.6724 89 58.069
11.6724 90 58.669
11.6468 92 59.8587
11.5922 98 63.4369
11.5633 132 83.8253
11.5633 133 84.4253
11.5247 140 88.6099
12.2505 81 53.5002
11.9486 82 53.9794
11.7848 84 55.1139
11.7848 85 55.7139
11.7848 86 56.3139
11.7848 87 56.9139
11.6724 88 57.469
11.6724 89 58.069
11.6724 90 58.669
11.6468 91 59.2587
11.6468 92 59.8587
11.6179 93 60.4471
11.6179 94 61.0471
11.5922 97 62.8369
11.5633 129 82.0253
11.5633 131 83.2253
11.5633 132 83.8253
11.5633 133 84.4253
11.5247 139 88.0099
11.5247 140 88.6099
12.5652 79 52.4261
12.2505 80 52.9002
12.4432 80 52.9773
11.9486 81 53.3794
12.2505 81 53.5002
11.7848 83 54.5139
11.7848 84 55.1139
11.7848 85 55.7139
11.7848 86 56.3139
11.6724 87 56.869
11.7592 87 56.9037
11.7848 87 56.9139
11.6724 88 57.469
11.6724 89 58.069
11.6468 90 58.6587
11.6468 91 59.2587
11.6179 92 59.8471
11.6468 92 59.8587
11.6179 94 61.0471
11.5922 96 62.2369
11.5922 97 62.8369
11.5922 101 65.2369
11.5857 106 68.2343
11.5633 123 78.4253
11.5633 126 80.2253
11.5633 128 81.4253
11.5633 130 82.6253
11.5633 131 83.2253
11.5633 132 83.8253
11.5247 133 84.4099
11.5311 133 84.4125
11.5633 133 84.4253
11.5247 138 87.4099
11.5247 139 88.0099
11.499 140 88.5996
11.5247 140 88.6099
11.438 141 89.1752
11.499 141 89.1996
11.4284 148 93.3714
11.3963 151 95.1585
