11.0976 164 41.6781
11.5922 94 28.0737
11.5922 95 28.2737
11.3449 157 40.4759
11.5922 93 27.8737
11.5922 95 28.2737
11.5472 104 30.0378
11.5922 93 27.8737
11.5922 94 28.0737
11.5922 95 28.2737
11.5472 103 29.8378
11.3353 158 40.6682
11.5922 92 27.6737
11.5922 93 27.8737
11.5922 94 28.0737
11.5922 95 28.2737
11.5472 102 29.6378
11.5472 104 30.0378
12.4432 75 24.9545
11.5922 92 27.6737
11.5922 93 27.8737
11.5922 94 28.0737
11.5922 95 28.2737
11.5472 102 29.6378
11.5472 103 29.8378
11.5472 104 30.0378
11.5922 90 27.2737
11.5922 92 27.6737
11.5922 93 27.8737
11.5922 94 28.0737
11.5472 101 29.4378
11.5472 102 29.6378
11.5472 103 29.8378
12.4432 74 24.7545
11.6724 83 25.938
11.6468 84 26.1174
11.6468 85 26.3174
11.5922 89 27.0737
11.5922 91 27.4737
11.5922 92 27.6737
11.5922 93 27.8737
11.5922 94 28.0737
11.5472 100 29.2378
11.5472 102 29.6378
11.5472 103 29.8378
11.5472 104 30.0378
12.4432 75 24.9545
11.6468 84 26.1174
11.6724 84 26.138
11.6468 85 26.3174
11.6179 86 26.4943
11.6179 87 26.6943
11.5922 89 27.0737
11.5922 90 27.2737
11.5922 91 27.4737
11.5922 92 27.6737
11.5922 93 27.8737
11.5922 95 28.2737
11.5472 98 28.8378
11.5472 100 29.2378
11.5472 101 29.4378
11.5472 102 29.6378
11.5472 104 30.0378
11.5087 110 31.2069
12.4432 74 24.7545
12.4432 75 24.9545
12.1381 77 25.1105
11.6724 82 25.738
11.6724 83 25.938
11.6724 84 26.138
11.6468 85 26.3174
11.6179 86 26.4943
11.6179 87 26.6943
11.5922 88 26.8737
11.6179 88 26.8943
11.5922 89 27.0737
11.5922 90 27.2737
11.5922 92 27.6737
11.5922 93 27.8737
11.5922 94 28.0737
11.5922 95 28.2737
11.5472 97 28.6378
11.5472 99 29.0378
11.5472 101 29.4378
11.5472 102 29.6378
11.5472 103 29.8378
11.5472 104 30.0378
11.5087 108 30.8069
11.5087 109 31.0069
11.3449 114 31.8759
11.3449 117 32.4759
12.8767 59 22.1013
12.8703 62 22.6962
12.6262 65 23.101
12.4432 74 24.7545
12.2505 75 24.8004
12.1381 76 24.9105
12.4432 75 24.9545
11.8362 78 25.069
11.6724 81 25.538
11.6468 85 26.3174
11.6179 87 26.6943
11.6179 88 26.8943
11.5922 89 27.0737
11.5922 90 27.2737
11.5922 91 27.4737
11.5922 93 27.8737
11.5922 94 28.0737
11.5922 95 28.2737
11.5729 96 28.4583
11.5472 97 28.6378
11.5472 98 28.8378
11.5472 99 29.0378
11.5472 100 29.2378
11.5472 101 29.4378
11.5472 102 29.6378
11.5472 103 29.8378
11.5472 104 30.0378
11.5344 105 30.2275
11.5087 109 31.0069
12.8703 59 22.0962
12.8767 59 22.1013
12.6262 62 22.501
12.6262 64 22.901
12.6262 66 23.301
12.4432 73 24.5545
11.8362 77 24.869
12.1381 76 24.9105
12.4432 75 24.9545
11.8362 78 25.069
12.1381 77 25.1105
11.8362 79 25.269
11.6724 80 25.338
11.7848 80 25.4279
11.8105 80 25.4484
11.8362 80 25.469
11.6724 81 25.538
11.6724 82 25.738
11.6724 83 25.938
11.6468 84 26.1174
11.6179 85 26.2943
11.6468 85 26.3174
11.6179 86 26.4943
11.6179 87 26.6943
11.5922 88 26.8737
11.6179 88 26.8943
11.5922 89 27.0737
11.5922 90 27.2737
11.5922 91 27.4737
11.5922 92 27.6737
11.5922 93 27.8737
11.5922 94 28.0737
11.5729 95 28.2583
11.5472 97 28.6378
11.5729 97 28.6583
11.5472 98 28.8378
11.5472 99 29.0378
11.5472 100 29.2378
11.5472 101 29.4378
11.5472 102 29.6378
11.5472 103 29.8378
11.5344 104 30.0275
11.5472 104 30.0378
