11.6724 90 27.338
11.7848 86 26.6279
11.6724 89 27.138
11.6179 95 28.2943
12.4432 81 26.1545
11.7848 85 26.4279
11.7848 86 26.6279
11.6724 88 26.938
11.6724 89 27.138
11.6724 90 27.338
11.6179 94 28.0943
11.5729 105 30.2583
11.5633 132 35.6506
11.5633 133 35.8506
11.5247 140 37.2198
11.5247 141 37.4198
11.4669 153 39.7735
12.8221 78 25.8577
12.4432 80 25.9545
12.8221 79 26.0577
12.4432 81 26.1545
11.9486 84 26.3589
11.7848 85 26.4279
13.7919 77 26.4335
11.7848 86 26.6279
11.6724 87 26.738
11.6724 88 26.938
11.6724 89 27.138
11.6468 92 27.7174
11.6179 93 27.8943
11.6179 94 28.0943
11.5922 98 28.8737
11.5729 104 30.0583
11.5633 129 35.0506
11.5633 131 35.4506
11.5633 132 35.6506
11.5633 133 35.8506
11.5311 134 36.0249
11.5311 135 36.2249
11.5311 136 36.4249
11.5247 139 37.0198
11.5247 140 37.2198
11.5247 141 37.4198
11.4926 142 37.5941
11.4926 143 37.7941
11.4926 144 37.9941
11.4669 151 39.3735
11.4669 152 39.5735
11.4669 154 39.9735
11.361 158 40.6888
11.361 159 40.8888
11.361 162 41.4888
11.0976 164 41.6781
12.8221 77 25.6577
12.4432 79 25.7545
12.8221 78 25.8577
12.2505 81 26.0004
11.9486 84 26.3589
11.7848 85 26.4279
13.7919 77 26.4335
11.6724 86 26.538
11.9486 85 26.5589
11.7848 86 26.6279
11.6724 87 26.738
11.6724 88 26.938
11.6724 89 27.138
11.6468 90 27.3174
11.6724 90 27.338
11.6468 91 27.5174
11.6179 92 27.6943
11.6468 92 27.7174
11.6179 94 28.0943
11.5922 96 28.4737
11.5922 97 28.6737
11.5922 98 28.8737
11.5729 103 29.8583
11.5729 104 30.0583
11.5633 128 34.8506
11.5633 130 35.2506
11.5633 131 35.4506
11.5633 132 35.6506
11.5311 133 35.8249
11.5633 133 35.8506
11.5311 134 36.0249
11.5311 135 36.2249
11.5311 136 36.4249
11.5247 138 36.8198
11.5247 139 37.0198
11.5247 140 37.2198
11.4926 141 37.3941
11.5247 141 37.4198
11.4926 142 37.5941
11.4669 148 38.7735
11.4669 150 39.1735
11.4669 151 39.3735
11.4669 152 39.5735
11.4669 153 39.7735
11.4669 154 39.9735
11.3674 155 40.0939
11.361 157 40.4888
11.361 159 40.8888
11.361 160 41.0888
