11.5022 124 45.2516
11.5472 104 39.283
11.5022 123 44.9516
11.5022 124 45.2516
11.3417 134 48.1392
11.5472 103 38.983
11.5472 104 39.283
11.5022 121 44.3516
11.1875 159 55.5313
11.5922 91 35.4145
11.5472 104 39.283
11.5922 89 34.8145
11.5922 91 35.4145
11.5472 103 38.983
11.5472 104 39.283
11.6468 83 33.0527
11.5922 88 34.5145
11.5922 90 35.1145
11.5922 91 35.4145
11.5472 102 38.683
11.5472 103 38.983
11.5472 104 39.283
11.5922 87 34.2145
11.5922 88 34.5145
11.5922 89 34.8145
11.5922 90 35.1145
11.5922 91 35.4145
11.5472 102 38.683
11.5472 103 38.983
11.5472 104 39.283
11.7848 77 31.3494
11.6468 83 33.0527
11.5922 88 34.5145
11.5922 89 34.8145
11.5922 90 35.1145
11.5472 101 38.383
11.5472 103 38.983
11.5472 104 39.283
11.6468 83 33.0527
11.5922 87 34.2145
11.5922 88 34.5145
11.5922 89 34.8145
11.5922 90 35.1145
11.5922 91 35.4145
11.5472 100 38.083
11.5472 101 38.383
11.5472 102 38.683
11.5472 103 38.983
11.5344 106 39.8741
11.6468 82 32.7527
11.6468 83 33.0527
11.5922 88 34.5145
11.5922 89 34.8145
11.5922 90 35.1145
11.5922 91 35.4145
11.5472 100 38.083
11.5472 101 38.383
11.5472 102 38.683
11.5472 103 38.983
11.5472 104 39.283
12.8221 68 29.3755
11.7848 76 31.0494
11.6724 79 31.8707
11.6468 81 32.4527
11.6179 84 33.3325
11.5922 88 34.5145
11.5922 89 34.8145
11.5922 90 35.1145
11.5922 91 35.4145
11.5857 93 36.01
11.5472 100 38.083
11.5472 101 38.383
11.5472 102 38.683
11.5472 104 39.283
11.5087 108 40.4561
12.8221 67 29.0755
12.8221 68 29.3755
11.7848 76 31.0494
11.7848 77 31.3494
11.6724 79 31.8707
11.6468 81 32.4527
11.6468 82 32.7527
11.6179 84 33.3325
11.5922 86 33.9145
11.5922 87 34.2145
11.5922 89 34.8145
11.5922 90 35.1145
11.5922 91 35.4145
11.5857 92 35.71
11.5472 99 37.783
11.5472 100 38.083
11.5472 101 38.383
11.5472 102 38.683
11.5472 103 38.983
11.5472 104 39.283
11.5344 105 39.5741
13.0405 66 28.9283
12.8221 68 29.3755
12.4432 71 30.0102
12.2505 73 30.4753
12.0996 74 30.6697
11.7848 75 30.7494
11.7592 78 31.6314
11.6724 79 31.8707
11.6468 80 32.1527
11.6468 81 32.4527
11.6468 82 32.7527
11.6468 83 33.0527
11.6179 84 33.3325
11.5922 86 33.9145
11.5922 87 34.2145
11.5922 88 34.5145
11.5922 89 34.8145
11.5922 90 35.1145
11.5857 91 35.41
11.5922 91 35.4145
11.5857 93 36.01
11.5793 94 36.3055
11.5472 98 37.483
11.5472 100 38.083
11.5472 102 38.683
11.5472 103 38.983
11.5344 104 39.2741
11.5472 104 39.283
11.5344 105 39.5741
11.5344 106 39.8741
13.4676 64 28.6273
13.5832 64 28.7082
12.8221 66 28.7755
13.0405 66 28.9283
12.8221 67 29.0755
12.2505 72 30.1753
12.0996 74 30.6697
11.7592 78 31.6314
11.6724 79 31.8707
11.6468 80 32.1527
11.6468 81 32.4527
11.6179 84 33.3325
11.5922 85 33.6145
11.5922 87 34.2145
11.5922 88 34.5145
11.5922 89 34.8145
11.5922 90 35.1145
11.5922 91 35.4145
11.5857 92 35.71
11.5793 93 36.0055
11.5857 93 36.01
11.5793 94 36.3055
11.5472 98 37.483
11.5472 99 37.783
11.5472 100 38.083
11.5472 101 38.383
11.5472 102 38.683
11.5472 103 38.983
11.5472 104 39.283
13.6956 61 27.8869
13.4676 65 28.9273
12.8221 67 29.0755
12.8221 68 29.3755
12.4432 70 29.7102
12.2505 71 29.8753
12.2505 73 30.4753
11.7848 76 31.0494
11.7848 77 31.3494
11.6724 78 31.5707
11.7592 78 31.6314
11.6468 80 32.1527
11.6468 81 32.4527
11.6468 83 33.0527
11.6179 84 33.3325
11.5922 85 33.6145
11.5922 86 33.9145
11.5922 87 34.2145
11.5922 88 34.5145
11.5922 89 34.8145
11.5922 90 35.1145
11.5922 91 35.4145
11.5857 92 35.71
11.5793 93 36.0055
11.5857 93 36.01
11.5729 94 36.301
11.5793 94 36.3055
11.5472 97 37.183
11.5472 98 37.483
11.5472 99 37.783
11.5472 103 38.983
11.5344 104 39.2741
11.2839 134 48.0987
13.808 59 27.3656
13.6956 60 27.5869
13.808 60 27.6656
13.6956 61 27.8869
13.6956 62 28.1869
13.5832 63 28.4082
12.8221 67 29.0755
12.8221 68 29.3755
12.4432 71 30.0102
12.2505 72 30.1753
12.2505 73 30.4753
11.7848 76 31.0494
11.6724 78 31.5707
11.6724 79 31.8707
11.6468 80 32.1527
11.6468 81 32.4527
11.6468 82 32.7527
11.6468 83 33.0527
11.5922 85 33.6145
11.5922 86 33.9145
11.5922 87 34.2145
11.5922 88 34.5145
11.5922 89 34.8145
11.5922 90 35.1145
11.5857 92 35.71
11.5857 93 36.01
11.5729 94 36.301
11.5472 95 36.583
11.5472 97 37.183
11.5472 98 37.483
11.5472 99 37.783
11.5472 101 38.383
11.5087 106 39.8561
13.808 58 27.0656
13.808 60 27.6656
13.6956 61 27.8869
13.5832 62 28.1082
13.6956 62 28.1869
13.0405 66 28.9283
12.6134 68 29.2294
12.8221 68 29.3755
12.4432 69 29.4102
12.3821 71 29.9675
12.4432 71 30.0102
12.1381 73 30.3967
12.2505 73 30.4753
11.9486 74 30.564
12.0996 74 30.6697
11.7848 76 31.0494
11.7592 77 31.3314
11.7848 77 31.3494
11.6468 79 31.8527
11.6724 79 31.8707
11.6468 81 32.4527
11.6468 82 32.7527
11.6179 83 33.0325
11.6468 83 33.0527
11.5922 84 33.3145
11.6179 84 33.3325
11.5922 85 33.6145
11.5922 86 33.9145
11.5922 87 34.2145
11.5922 88 34.5145
11.5922 89 34.8145
11.5922 90 35.1145
11.5922 91 35.4145
11.5857 92 35.71
11.5857 93 36.01
11.5472 94 36.283
11.5729 94 36.301
11.5472 96 36.883
11.5472 97 37.183
11.5472 98 37.483
11.5472 101 38.383
