11.6724 88 57.469
11.5922 98 63.4369
11.9486 82 53.9794
11.7848 84 55.1139
11.6724 88 57.469
11.6179 93 60.4471
11.6179 94 61.0471
11.5922 97 62.8369
11.9486 81 53.3794
11.7848 83 54.5139
11.7848 84 55.1139
11.6724 87 56.869
11.6724 88 57.469
11.6179 92 59.8471
11.6179 94 61.0471
11.5922 96 62.2369
11.5922 97 62.8369
11.5922 101 65.2369
12.2505 79 52.3002
11.9486 80 52.7794
11.9486 81 53.3794
11.7848 84 55.1139
11.6724 85 55.669
11.6724 87 56.869
11.6724 88 57.469
11.6179 92 59.8471
11.6179 93 60.4471
11.5922 95 61.6369
11.5922 96 62.2369
11.5922 97 62.8369
11.5922 100 64.6369
11.4027 141 89.1611
13.5222 76 51.0089
12.5652 77 51.2261
12.2505 78 51.7002
11.9486 79 52.1795
11.9486 82 53.9794
11.7848 83 54.5139
11.7848 84 55.1139
11.6724 86 56.269
11.6724 87 56.869
11.6724 88 57.469
11.6468 89 58.0587
11.6179 90 58.6471
11.6179 93 60.4471
11.5922 94 61.0369
11.6179 94 61.0471
11.5922 95 61.6369
11.5922 96 62.2369
11.5922 97 62.8369
11.5922 98 63.4369
11.5922 99 64.0369
11.5922 100 64.6369
11.5729 103 66.4292
11.4123 133 84.3649
11.4027 140 88.5611
12.2505 77 51.1002
12.5652 77 51.2261
13.2074 77 51.483
11.9486 79 52.1795
11.9486 80 52.7794
11.9486 81 53.3794
11.8362 82 53.9345
11.6724 84 55.069
11.7848 84 55.1139
11.6724 85 55.669
11.6724 86 56.269
11.6724 87 56.869
11.6468 88 57.4587
11.6724 88 57.469
11.6179 89 58.0471
11.6468 89 58.0587
11.6179 90 58.6471
11.6179 91 59.2471
11.6179 93 60.4471
11.6179 94 61.0471
11.5922 95 61.6369
11.5922 96 62.2369
11.5922 97 62.8369
11.5922 98 63.4369
11.5922 99 64.0369
11.5922 100 64.6369
11.5922 101 65.2369
11.5729 102 65.8292
11.5857 102 65.8343
11.5472 105 67.6189
11.5472 106 68.2189
11.5472 108 69.4189
11.4155 125 79.5662
11.4123 132 83.7649
11.4027 139 87.9611
11.3449 141 89.138
11.4027 141 89.1611
11.3353 149 93.9341
