11.2775 132 95.7832
11.3224 99 72.6967
11.3224 98 71.9967
11.3224 103 75.4967
14.553 59 45.6659
11.332 94 69.1996
11.3224 98 71.9967
11.3224 99 72.6967
11.3224 100 73.3967
11.3224 102 74.7967
11.3224 103 75.4967
14.553 58 44.9659
11.332 93 68.4996
11.332 94 69.1996
11.3224 97 71.2967
11.3224 98 71.9967
11.3224 99 72.6967
11.3224 101 74.0967
11.3224 102 74.7967
14.2897 62 47.6869
11.332 92 67.7996
11.332 94 69.1996
11.3224 97 71.2967
11.3224 98 71.9967
11.3224 99 72.6967
11.3224 100 73.3967
11.3224 105 76.8967
11.3224 108 78.9967
14.553 59 45.6659
14.2897 61 46.9869
11.332 91 67.0996
11.332 93 68.4996
11.332 94 69.1996
11.3224 96 70.5967
11.3224 98 71.9967
11.3224 99 72.6967
11.3224 102 74.7967
14.553 59 45.6659
14.2897 60 46.2869
14.2897 61 46.9869
11.332 90 66.3996
11.332 92 67.7996
11.332 93 68.4996
11.332 94 69.1996
11.3224 96 70.5967
11.3224 97 71.2967
11.3224 98 71.9967
11.3224 99 72.6967
11.3224 100 73.3967
11.3224 102 74.7967
14.553 58 44.9659
14.553 59 45.6659
14.2897 61 46.9869
13.8048 62 47.5414
14.2897 62 47.6869
11.3642 87 64.3092
11.332 90 66.3996
11.332 93 68.4996
11.332 94 69.1996
11.3224 98 71.9967
11.3224 99 72.6967
11.3224 102 74.7967
11.3224 107 78.2967
14.553 57 44.2659
14.553 59 45.6659
11.4252 79 58.7276
11.3642 86 63.6092
11.3642 87 64.3092
11.332 91 67.0996
11.332 93 68.4996
11.332 94 69.1996
11.3224 95 69.8967
11.3224 96 70.5967
11.3224 97 71.2967
11.3224 98 71.9967
11.3224 99 72.6967
11.3224 100 73.3967
11.3224 101 74.0967
11.3224 108 78.9967
11.3224 110 80.3967
11.3224 111 81.0967
14.553 58 44.9659
14.2897 59 45.5869
14.553 59 45.6659
14.2897 61 46.9869
14.2897 62 47.6869
12.4207 66 49.9262
11.5247 72 53.8574
11.4252 78 58.0275
11.4252 80 59.4276
11.4252 81 60.1276
11.3642 85 62.9092
11.3642 86 63.6092
11.332 91 67.0996
11.332 92 67.7996
11.332 93 68.4996
11.332 94 69.1996
11.3224 95 69.8967
11.3224 96 70.5967
11.3224 103 75.4967
11.3224 105 76.8967
14.553 58 44.9659
14.553 59 45.6659
14.2897 60 46.2869
14.2897 61 46.9869
14.264 62 47.6792
12.1381 66 49.8414
11.5247 71 53.1574
11.5247 73 54.5574
11.5247 74 55.2574
11.4252 77 57.3276
11.4252 79 58.7276
11.4252 80 59.4276
11.4252 81 60.1276
11.3642 84 62.2092
11.3642 85 62.9092
11.3642 86 63.6092
11.332 92 67.7996
11.332 93 68.4996
11.332 94 69.1996
11.3224 98 71.9967
14.553 56 43.5659
14.553 57 44.2659
14.553 58 44.9659
14.553 59 45.6659
14.2897 61 46.9869
14.2897 62 47.6869
11.5247 71 53.1574
11.5247 72 53.8574
11.5247 73 54.5574
11.5247 75 55.9574
11.4252 76 56.6276
11.4252 77 57.3276
11.4252 78 58.0275
11.4252 79 58.7276
11.4252 80 59.4276
11.4252 81 60.1276
11.3642 84 62.2092
11.3642 85 62.9092
11.3642 86 63.6092
11.3642 87 64.3092
11.3545 89 65.7064
11.332 90 66.3996
11.332 91 67.0996
11.332 92 67.7996
11.332 93 68.4996
11.3224 96 70.5967
11.3224 97 71.2967
14.553 57 44.2659
14.2897 59 45.5869
14.5273 59 45.6582
14.2897 61 46.9869
12.7001 62 47.21
12.1381 66 49.8414
11.5247 70 52.4574
11.5247 72 53.8574
11.5247 73 54.5574
11.5247 74 55.2574
11.5247 75 55.9574
11.4252 77 57.3276
11.4252 78 58.0275
11.4252 79 58.7276
11.4252 81 60.1276
11.3642 83 61.5092
11.3642 84 62.2092
11.3642 85 62.9092
11.3642 86 63.6092
11.3642 87 64.3092
11.332 91 67.0996
11.332 92 67.7996
11.332 93 68.4996
11.332 94 69.1996
11.3224 95 69.8967
11.0687 150 108.321
14.553 55 42.8659
14.553 56 43.5659
14.553 57 44.2659
14.5273 59 45.6582
14.553 59 45.6659
14.2897 61 46.9869
14.2897 62 47.6869
12.7001 63 47.91
11.5247 69 51.7574
11.5247 70 52.4574
11.5247 71 53.1574
11.5247 72 53.8574
11.5247 74 55.2574
11.5247 75 55.9574
11.4252 76 56.6276
11.4252 78 58.0275
11.4252 79 58.7276
11.4252 80 59.4276
11.4252 81 60.1276
11.3642 82 60.8092
11.4155 82 60.8247
11.3642 84 62.2092
11.3642 85 62.9092
11.3642 86 63.6092
11.3642 87 64.3092
11.3545 88 65.0064
11.332 89 65.6996
11.332 90 66.3996
11.332 91 67.0996
11.332 93 68.4996
11.332 94 69.1996
11.3224 99 72.6967
11.0687 143 103.421
11.0687 148 106.921
11.0623 151 109.019
11.0302 153 110.409
14.553 55 42.8659
14.553 56 43.5659
14.553 57 44.2659
14.553 58 44.9659
12.7001 62 47.21
12.6166 63 47.885
11.6403 66 49.6921
11.5247 70 52.4574
11.5247 72 53.8574
11.5247 73 54.5574
11.5247 74 55.2574
11.4252 75 55.9276
11.4637 75 55.9391
11.5151 75 55.9545
11.5247 75 55.9574
11.4252 77 57.3276
11.4252 78 58.0275
11.4252 79 58.7276
11.4155 81 60.1247
11.4252 81 60.1276
11.3642 82 60.8092
11.3706 82 60.8112
11.3642 83 61.5092
11.3642 84 62.2092
11.3642 85 62.9092
11.3642 86 63.6092
11.3545 87 64.3064
11.3642 87 64.3092
11.3545 88 65.0064
11.332 89 65.6996
11.3545 89 65.7064
11.332 91 67.0996
11.3224 94 69.1967
11.3224 96 70.5967
11.3224 99 72.6967
11.3224 100 73.3967
