14.9801 56 43.694
14.553 57 44.2659
14.9801 57 44.394
14.553 58 44.9659
14.2897 59 45.5869
14.553 59 45.6659
14.2897 60 46.2869
14.2897 61 46.9869
13.8048 62 47.5414
14.264 62 47.6792
14.2897 62 47.6869
12.8349 63 47.9505
13.8048 63 48.2414
14.264 63 48.3792
12.8349 64 48.6505
12.8092 65 49.3428
12.8349 65 49.3505
12.1381 66 49.8414
12.4207 66 49.9262
12.8092 66 50.0428
12.8349 66 50.0505
12.1381 67 50.5414
12.4207 67 50.6262
12.1381 68 51.2414
12.1381 69 51.9414
11.6082 70 52.4825
11.8362 70 52.5509
12.1124 70 52.6337
12.1381 70 52.6414
11.5247 71 53.1574
11.8362 71 53.2509
11.5247 72 53.8574
11.8362 72 53.9509
11.5247 73 54.5574
11.5247 74 55.2574
11.5247 76 56.6574
11.4252 77 57.3276
11.4926 77 57.3478
11.5087 77 57.3526
11.5151 77 57.3545
11.5247 77 57.3574
11.4252 78 58.0275
11.4926 78 58.0478
11.4252 79 58.7276
11.4252 80 59.4276
11.4252 81 60.1276
11.4252 82 60.8276
11.3931 83 61.5179
11.4252 83 61.5275
11.3642 84 62.2092
11.3931 84 62.2179
11.3642 85 62.9092
11.3931 85 62.9179
11.3642 86 63.6092
11.3642 87 64.3092
11.3642 88 65.0092
11.3642 89 65.7093
11.332 90 66.3996
11.3642 90 66.4092
11.332 91 67.0996
11.3545 91 67.1064
11.3642 91 67.1093
11.332 92 67.7996
11.3545 92 67.8064
11.332 93 68.4996
11.332 94 69.1996
11.332 95 69.8996
11.3224 98 71.9967
12.3468 157 113.604
12.5267 135 98.258
12.806 150 108.842
13.1207 107 78.8362
12.2376 125 91.1713
11.9839 156 112.795
13.0083 110 80.9025
11.894 136 98.7682
12.9666 101 74.59
12.7964 107 78.7389
13.0629 118 86.5189
13.1272 135 98.4381
11.9294 154 111.379
12.7771 156 113.033
12.3468 196 140.904
13.368 94 69.8104
13.6474 115 84.5942
13.3006 101 74.6902
12.1895 143 103.757
12.7129 129 94.1139
13.2299 114 83.769
12.6808 149 108.104
13.0694 152 110.321
11.5986 136 98.6796
12.3789 131 95.4137
13.49 118 86.647
13.9236 113 83.2771
13.3423 112 82.4027
13.4098 135 98.5229
13.4547 135 98.5364
