14.5819 41 35.7164
14.5819 42 36.5164
14.5819 43 37.3164
14.5819 44 38.1164
14.5819 45 38.9164
12.623 46 39.3246
12.7322 46 39.3464
14.5723 46 39.7145
14.5819 46 39.7164
12.623 47 40.1246
12.7322 47 40.1464
12.623 48 40.9246
12.6166 49 41.7233
12.623 49 41.7246
12.6166 50 42.5233
12.6166 51 43.3233
12.623 51 43.3246
12.6069 52 44.1214
12.6166 52 44.1233
12.6069 53 44.9214
12.6166 53 44.9233
11.5311 54 45.5062
12.6069 54 45.7214
12.6134 54 45.7227
12.6166 54 45.7233
11.5311 55 46.3062
11.8876 55 46.3775
12.4721 55 46.4944
12.6069 55 46.5214
11.5247 56 47.1049
11.5311 56 47.1062
11.5247 57 47.9049
11.5311 57 47.9062
11.5247 58 48.7049
11.5215 59 49.5043
11.5247 59 49.5049
11.5151 60 50.303
11.5215 60 50.3043
11.5247 60 50.3049
11.5151 61 51.103
11.4252 62 51.885
11.4701 62 51.894
11.5151 62 51.903
11.4252 63 52.685
11.4637 63 52.6927
11.5151 63 52.703
11.4252 64 53.485
11.4252 65 54.285
11.4252 66 55.085
11.4155 67 55.8831
11.4252 67 55.885
11.4155 68 56.6831
11.3642 69 57.4728
11.4155 69 57.4831
11.3642 70 58.2728
11.3706 70 58.2741
11.4155 70 58.2831
11.3642 71 59.0728
11.3642 72 59.8728
11.3642 73 60.6728
11.3642 74 61.4728
11.3545 75 62.2709
11.361 75 62.2722
11.3642 75 62.2728
11.3545 76 63.0709
11.332 77 63.8664
11.3545 77 63.8709
11.332 78 64.6664
11.3545 78 64.6709
11.332 79 65.4664
12.5588 129 105.712
12.4078 115 94.4816
12.6904 133 108.938
12.4399 111 91.288
11.8587 208 168.772
12.0321 142 116.006
13.7277 138 113.146
12.411 114 93.6822
13.246 145 118.649
13.3263 117 96.2653
12.4849 174 141.697
11.9518 138 112.79
13.4547 104 85.8909
13.413 133 109.083
12.0514 119 97.6103
12.5973 106 87.3195
12.0193 114 93.6039
13.2653 140 114.653
12.2312 124 101.646
12.912 132 108.182
13.2171 104 85.8434
13.7277 91 75.5455
12.9377 84 69.7875
13.4162 128 105.083
13.4162 102 84.2832
13.4098 118 97.082
13.2942 111 91.4588
12.5299 113 92.906
13.0148 136 111.403
13.0918 116 95.4184
