14.9801 56 43.694
14.9801 57 44.394
14.9801 58 45.094
14.553 59 45.6659
14.9801 59 45.794
14.553 60 46.3659
14.553 61 47.0659
14.553 62 47.7659
14.5273 63 48.4582
14.553 63 48.4659
13.8048 64 48.9414
14.5273 64 49.1582
14.553 64 49.1659
12.8349 65 49.3505
13.8048 65 49.6414
12.8349 66 50.0505
13.8048 66 50.3414
12.8349 67 50.7505
12.4207 68 51.3262
12.8349 68 51.4505
12.4207 69 52.0262
12.1381 70 52.6414
12.4207 70 52.7262
11.8362 71 53.2509
12.1381 71 53.3414
12.4207 71 53.4262
11.8362 72 53.9509
12.1381 72 54.0414
11.6724 73 54.6017
11.8362 73 54.6509
11.6724 74 55.3017
11.8362 74 55.3509
11.6724 75 56.0017
11.6468 76 56.694
11.6724 76 56.7017
11.6468 77 57.394
11.6724 77 57.4017
11.6179 78 58.0854
11.6468 78 58.094
11.6179 79 58.7854
11.6468 79 58.794
11.6179 80 59.4854
11.5922 81 60.1777
11.6179 81 60.1854
11.5087 82 60.8526
11.5922 82 60.8776
11.5922 83 61.5776
11.5922 84 62.2776
11.4252 85 62.9276
11.5922 85 62.9776
11.3931 86 63.6179
11.499 86 63.6497
11.3931 87 64.3179
11.3834 90 66.415
11.3834 91 67.115
11.3834 92 67.815
11.332 94 69.1996
11.3834 94 69.215
11.332 95 69.8996
11.3834 95 69.915
11.3224 98 71.9967
11.3224 99 72.6967
11.3224 100 73.3967
11.3224 102 74.7967
11.3224 103 75.4967
13.6153 131 95.7846
12.9152 113 82.9746
13.7855 106 78.3356
14.3635 113 83.4091
12.2376 86 63.8713
12.7932 129 94.138
11.8812 146 105.764
12.3821 143 103.815
13.657 180 130.097
13.4001 110 81.02
13.2042 131 95.6613
12.4721 143 103.842
13.5639 148 107.669
12.973 167 120.792
11.7367 150 108.521
13.2909 142 103.387
12.4432 112 82.1329
13.4322 108 79.6297
12.1702 113 82.7511
11.8651 124 90.3595
11.4605 121 88.1381
13.185 122 89.3555
12.7065 146 106.012
12.183 161 116.355
11.8137 142 102.944
13.2653 132 96.3796
14.8581 131 96.1574
13.2396 149 108.272
12.5491 143 103.865
13.3584 116 85.2075
