11.4412 70 17.2971
11.711 68 17.3399
11.438 74 17.6942
11.4284 77 17.9855
11.711 75 18.0399
11.3674 80 18.2306
12.9634 67 18.3671
11.3064 82 18.3757
11.6403 79 18.3763
11.4316 81 18.3884
11.5504 80 18.3954
13.5703 66 18.8133
11.1747 89 18.9572
13.6121 69 19.1509
11.1683 92 19.2514
11.2261 92 19.3035
13.8304 69 19.3474
11.1362 94 19.4225
11.1811 95 19.563
11.0751 96 19.5676
11.3128 94 19.5815
11.361 95 19.7249
11.2261 98 19.9035
11.0238 106 20.5214
10.9724 120 21.8751
10.9338 125 22.3405
11.7816 90 19.6035
11.8715 98 20.4844
13.0533 80 19.748
12.5074 103 21.5566
13.429 129 24.9861
13.5382 108 22.9844
12.8606 107 22.2746
13.3712 98 21.8341
12.9859 118 23.4873
13.8754 96 22.0879
12.6519 104 21.7867
12.9762 100 21.6786
13.0597 97 21.4538
12.0931 111 21.9838
11.8844 125 23.196
13.4226 103 22.3803
13.7052 112 23.5347
12.3629 110 22.1266
11.7335 146 25.1601
11.9743 121 22.8769
12.9409 120 23.6468
13.5671 95 21.7104
12.8382 93 20.8543
13.3584 112 23.2225
11.9422 109 21.648
12.4849 134 24.6364
12.1317 94 20.3185
12.9827 105 22.1844
12.4399 107 21.896
12.8606 88 20.3746
