13.4419 66 39.7209
12.2344 70 41.1172
13.4355 69 41.2177
11.9872 74 42.9936
11.9261 76 43.9631
11.8202 84 47.9101
11.7174 85 48.3587
11.4541 86 48.727
11.4252 88 49.7126
11.3577 93 52.1789
11.3481 98 54.6741
11.3031 104 57.6516
11.2935 109 60.1468
13.5511 83 48.2755
12.045 98 55.0225
11.9101 88 49.955
12.8446 139 75.9223
12.6294 123 67.8147
12.6166 81 46.8083
12.4817 121 66.7408
11.4701 127 69.2351
13.5318 104 58.7659
13.0405 113 63.0202
13.3552 96 54.6776
13.1432 105 59.0716
12.5042 112 62.2521
12.2055 95 53.6028
11.4541 132 71.727
12.045 103 57.5225
13.2877 101 57.1439
11.7913 97 54.3956
13.2781 105 59.139
13.1304 121 67.0652
11.5472 124 67.7736
13.1304 124 68.5652
13.3423 77 45.1712
11.8683 103 57.4342
12.7964 114 63.3982
11.7688 90 50.8844
12.517 104 58.2585
12.0032 120 66.0016
12.3565 85 48.6782
12.3051 87 49.6525
