13.4419 66 60.7442
12.6455 67 61.5645
12.6134 69 63.3613
12.2344 70 64.2234
11.4605 73 66.846
11.2903 75 68.629
11.2646 83 75.8265
11.255 85 77.6255
11.2453 101 92.0245
11.2261 104 94.7226
11.027 113 102.803
12.4239 83 75.9424
13.6506 89 81.4651
13.4483 91 83.2448
13.0983 114 103.91
13.5703 90 82.357
13.5735 97 88.6573
13.991 108 98.5991
14.0809 105 95.9081
11.8298 97 88.483
12.9152 96 87.6915
11.9775 82 74.9977
12.4496 118 107.445
12.4913 107 97.5491
12.6615 114 103.866
13.1143 94 85.9114
13.0597 98 89.506
12.7932 117 106.579
11.9839 145 131.698
12.9441 96 87.6944
13.0276 102 93.1028
13.2171 126 114.722
13.2139 90 82.3214
11.2678 130 118.127
13.6667 111 101.267
11.8009 102 92.9801
12.3308 121 110.133
12.4945 111 101.149
13.8176 90 82.3818
13.7694 105 95.8769
12.8895 97 88.589
