11.4412 70 17.2971
11.711 68 17.3399
11.438 74 17.6942
11.4284 77 17.9855
11.711 75 18.0399
11.5119 77 18.0607
11.3674 80 18.2306
11.8812 76 18.2931
12.9634 67 18.3671
11.3064 82 18.3757
11.4316 81 18.3884
11.5504 80 18.3954
11.5311 82 18.578
11.4252 84 18.6827
11.4766 84 18.7289
13.5703 66 18.8133
11.1747 89 18.9572
13.6121 69 19.1509
11.1683 92 19.2514
11.1362 94 19.4225
11.0751 96 19.5676
11.3128 94 19.5815
11.3353 94 19.6017
11.1233 103 20.311
11.0238 106 20.5214
10.9724 120 21.8751
10.9338 125 22.3405
13.3391 95 21.5052
12.0867 92 20.078
11.9615 102 20.9653
12.8092 86 20.1283
12.668 95 20.9012
14.0167 94 22.015
12.4046 111 22.2642
12.7643 127 24.1879
13.1753 85 20.3578
11.8234 104 21.041
13.3744 99 21.937
13.3391 88 20.8052
12.6712 99 21.304
12.4303 104 21.5873
11.9101 115 22.2191
14.5434 106 23.689
12.4078 90 20.1671
13.7823 92 21.604
13.4997 99 22.0497
12.8895 127 24.3006
13.8144 82 20.6329
11.666 125 22.9994
13.474 131 25.2266
13.6346 119 24.1711
11.3385 96 19.8046
13.2717 107 22.6445
12.8125 96 21.1312
12.9152 115 23.1237
12.7675 125 23.9908
12.8895 101 21.7006
