13.4419 66 60.7442
12.6455 67 61.5645
12.6134 69 63.3613
12.2344 70 64.2234
11.4605 73 66.846
11.2903 75 68.629
11.2646 83 75.8265
11.255 85 77.6255
11.2453 101 92.0245
11.2261 104 94.7226
11.027 113 102.803
11.422 132 119.942
11.7592 100 91.1759
12.2119 87 79.5212
12.4046 101 92.1405
14.3282 90 82.4328
13.2299 92 84.123
12.3115 125 113.731
13.1625 87 79.6162
11.7592 120 109.176
13.4611 128 116.546
12.2665 100 91.2267
12.9216 103 93.9922
13.535 114 103.953
12.6904 118 107.469
12.896 89 81.3896
13.5414 104 94.9541
11.7656 115 104.677
12.7739 86 78.6774
12.6583 124 112.866
13.2364 112 102.124
13.3712 91 83.2371
13.1432 94 85.9143
13.1272 79 72.4127
12.7225 109 99.3723
13.0019 77 70.6002
13.5928 103 94.0593
12.5138 125 113.751
13.2235 89 81.4223
12.4721 105 95.7472
12.8349 100 91.2835
