11.4412 70 17.2971
11.711 68 17.3399
11.438 74 17.6942
11.4284 77 17.9855
11.3674 80 18.2306
12.9634 67 18.3671
11.3064 82 18.3757
11.6403 79 18.3763
11.4316 81 18.3884
11.5504 80 18.3954
11.5311 82 18.578
11.4766 84 18.7289
13.5703 66 18.8133
11.1747 89 18.9572
13.6121 69 19.1509
13.8304 69 19.3474
11.1362 94 19.4225
11.0751 96 19.5676
11.3128 94 19.5815
11.1779 100 20.0601
11.0238 106 20.5214
10.9338 125 22.3405
13.1946 108 22.6751
12.5812 115 22.8231
13.3423 86 20.6081
11.8683 92 19.8815
12.0225 126 23.4202
12.5941 104 21.7347
13.4098 110 23.0688
13.1882 105 22.3694
12.2119 119 22.8908
12.4399 85 19.696
13.8048 85 20.9243
13.7116 95 21.8405
12.3436 113 22.4092
13.0565 118 23.5509
12.1413 114 22.3272
13.4772 84 20.5295
13.1689 101 21.952
13.6988 86 20.9289
12.9827 97 21.3844
11.6981 104 20.9283
12.8767 94 20.989
12.0064 91 19.9058
13.6506 102 22.4855
12.9313 103 21.9382
12.0963 125 23.3867
12.1702 104 21.3532
13.7887 86 21.0098
13.4772 101 22.2295
12.5074 99 21.1566
12.7547 90 20.4792
