11.4412 70 17.2971
11.4412 75 17.7971
12.4978 69 18.148
11.4059 80 18.2653
11.6275 79 18.3647
11.6371 81 18.5734
13.5703 66 18.8133
12.0835 80 18.8751
11.4766 86 18.9289
13.6121 69 19.1509
11.3642 94 19.6277
11.3545 98 20.0191
14.6525 98 22.9873
13.2909 113 23.2618
12.0963 102 21.0867
12.5202 93 20.5682
12.5716 83 19.6145
13.0854 124 24.1769
11.2999 96 19.7699
12.8799 97 21.2919
13.6988 101 22.4289
13.3873 106 22.6486
13.5382 96 21.7844
13.5832 73 19.5249
13.2331 85 20.4098
12.7964 92 20.7168
13.5093 94 21.5584
11.4348 119 22.1913
11.9904 97 20.4913
12.9794 106 22.2815
14.508 113 24.3572
12.167 76 18.5503
15.2241 85 22.2017
11.8266 102 20.8439
12.5202 97 20.9682
14.0103 95 22.1092
12.4078 105 21.6671
11.9775 113 22.0798
12.4624 103 21.5162
12.8863 87 20.2977
14.5112 96 22.6601
13.0083 96 21.3075
