11.4412 70 17.2971
11.438 74 17.6942
11.4412 75 17.7971
11.4284 77 17.9855
11.711 75 18.0399
12.4978 69 18.148
11.4059 80 18.2653
11.3064 82 18.3757
12.4978 72 18.448
13.5703 66 18.8133
13.6121 69 19.1509
11.2999 90 19.1699
11.2261 92 19.3035
13.8304 69 19.3474
11.3128 94 19.5815
11.1779 100 20.0601
11.1843 101 20.1659
11.0238 106 20.5214
11.0784 110 20.9705
10.9338 125 22.3405
12.183 93 20.2647
14.2286 117 24.5058
12.7579 95 20.9821
11.5954 93 19.7358
12.0739 111 21.9665
13.0726 101 21.8653
12.9377 98 21.4439
13.0565 97 21.4509
14.3378 87 21.604
11.4477 99 20.2029
14.781 76 20.9029
12.0289 90 19.826
12.8478 99 21.463
12.1509 116 22.5358
12.2473 121 23.1225
13.3712 88 20.8341
12.106 81 18.9954
14.0745 91 21.7671
11.2261 119 22.0035
13.2653 102 22.1387
13.4965 82 20.3468
12.9538 95 21.1584
13.718 79 20.2462
13.307 116 23.5763
13.5125 75 19.6613
11.3738 100 20.2364
12.7482 101 21.5734
13.1529 98 21.6376
12.3211 96 20.689
11.9101 122 22.9191
