15.4522 40 32.6356
14.5819 41 33.0746
15.4522 41 33.3356
14.5819 42 33.7746
14.5819 43 34.4746
14.5819 44 35.1746
12.623 45 35.2869
14.5819 45 35.8746
12.623 46 35.9869
14.5819 46 36.5746
12.623 47 36.6869
12.6166 48 37.385
12.623 48 37.3869
12.6134 49 38.084
12.6166 49 38.085
12.623 49 38.0869
12.6134 50 38.784
12.6134 51 39.484
12.6069 52 40.1821
12.6134 52 40.184
11.8876 53 40.6663
12.3083 53 40.7925
12.6069 53 40.8821
12.6134 53 40.884
11.5247 54 41.2574
11.5311 54 41.2593
11.8876 54 41.3663
12.3083 54 41.4925
11.5247 55 41.9574
11.5311 55 41.9593
11.8876 55 42.0663
11.5247 56 42.6574
11.5247 57 43.3574
11.5215 58 44.0565
11.5247 58 44.0574
11.5151 59 44.7545
11.5215 59 44.7565
11.5247 59 44.7574
11.5151 60 45.4545
11.4252 61 46.1276
11.4701 61 46.141
11.5151 61 46.1545
11.4252 62 46.8276
11.4637 62 46.8391
11.4701 62 46.841
11.5151 62 46.8545
11.4252 63 47.5275
11.4252 64 48.2276
11.4252 65 48.9276
11.4252 66 49.6276
11.4155 67 50.3247
11.4252 67 50.3276
11.4155 68 51.0247
11.4252 68 51.0275
11.3642 69 51.7092
11.4155 69 51.7247
11.3642 70 52.4092
11.4155 70 52.4247
11.3642 71 53.1092
11.3642 72 53.8092
11.3642 73 54.5092
11.3545 74 55.2064
11.3642 74 55.2092
11.3545 75 55.9064
11.3642 75 55.9092
11.3545 76 56.6064
11.332 77 57.2996
11.3545 77 57.3064
11.332 78 57.9996
11.3545 78 58.0064
14.7617 91 68.1285
13.018 139 101.205
13.8208 106 78.3462
13.2299 158 114.569
11.4637 130 94.4391
13.8433 142 103.553
11.5954 143 103.579
12.0996 137 99.5299
12.6647 113 82.8994
12.4078 152 110.122
13.7116 115 84.6135
13.2042 115 84.4613
13.0212 109 80.2064
12.0225 150 108.607
11.9775 135 98.0933
12.5042 124 90.5512
14.569 106 78.5707
13.3263 109 80.2979
13.1593 173 125.048
13.352 108 79.6056
12.9859 140 101.896
12.0353 136 98.8106
13.2331 129 94.2699
12.4913 189 136.047
14.0328 84 63.0098
12.35 119 87.005
12.411 110 80.7233
13.1818 153 111.055
11.5247 135 97.9574
14.0231 130 95.2069
