14.553 51 36.4212
14.553 52 37.0212
14.553 53 37.6212
14.5273 54 38.2109
14.553 54 38.2212
14.2897 55 38.7159
14.5273 55 38.8109
14.553 55 38.8212
14.2897 56 39.3159
12.8349 57 39.334
14.4984 56 39.3994
14.5273 56 39.4109
14.2897 57 39.9159
12.8349 58 39.934
14.2897 58 40.5159
12.8349 59 40.534
14.1259 59 41.0504
12.7803 60 41.1121
12.8349 60 41.134
13.3776 60 41.3511
12.5716 61 41.6286
12.7803 61 41.7121
12.5716 62 42.2286
12.7803 62 42.3121
12.5716 63 42.8286
12.1381 64 43.2552
12.5716 64 43.4286
12.1381 65 43.8552
12.5459 65 44.0184
12.5716 65 44.0286
12.1381 66 44.4552
11.8362 67 44.9345
12.1124 67 45.045
12.1381 67 45.0552
11.8362 68 45.5345
12.1124 68 45.645
12.1381 68 45.6552
11.6724 69 46.069
11.8362 69 46.1345
11.6724 70 46.669
11.8362 70 46.7345
11.6724 71 47.269
11.8105 71 47.3242
11.6468 72 47.8587
11.6724 72 47.869
11.6468 73 48.4587
11.6179 74 49.0471
11.6468 74 49.0587
11.6179 75 49.6471
11.6468 75 49.6587
11.6179 76 50.2471
11.5922 77 50.8369
11.6179 77 50.8471
11.5922 78 51.4369
11.5922 79 52.0369
11.5922 80 52.6369
11.5729 81 53.2292
11.5922 81 53.2369
11.5215 82 53.8086
11.5729 82 53.8292
11.5922 82 53.8369
11.5215 83 54.4086
11.5215 84 55.0086
11.5151 85 55.606
11.5215 85 55.6086
11.5151 86 56.206
11.5215 86 56.2086
11.5087 87 56.8035
11.5151 87 56.806
11.483 88 57.3932
11.8491 150 94.7396
12.7322 123 78.8929
11.9422 127 80.9769
13.49 120 77.396
13.4997 129 82.7999
13.1978 101 65.8791
12.7514 153 96.9006
12.3019 151 95.5208
11.9069 139 88.1628
13.0373 114 73.6149
12.5748 132 84.2299
12.2505 125 79.9002
12.2697 137 87.1079
13.4098 98 64.1639
12.6904 161 101.676
13.1657 131 83.8663
12.9024 178 111.961
13.0469 130 83.2188
13.0629 107 69.4252
12.9859 104 67.5944
13.3295 155 98.3318
13.3616 142 90.5446
13.58 128 82.232
13.5543 105 68.4217
11.5954 144 91.0382
12.8125 124 79.525
11.6339 93 60.4536
12.6326 123 78.8531
12.3308 119 76.3323
12.6776 126 80.671
