11.4412 70 17.2971
11.711 68 17.3399
11.438 74 17.6942
11.4284 77 17.9855
11.711 75 18.0399
11.3674 80 18.2306
11.8812 76 18.2931
12.9634 67 18.3671
11.3064 82 18.3757
11.6403 79 18.3763
13.5703 66 18.8133
11.1747 89 18.9572
13.6121 69 19.1509
11.1683 92 19.2514
11.2261 92 19.3035
11.3802 91 19.3422
13.8304 69 19.3474
11.1362 94 19.4225
11.1811 95 19.563
11.0751 96 19.5676
11.3128 94 19.5815
11.1233 105 20.511
11.0238 106 20.5214
10.9724 120 21.8751
10.9338 125 22.3405
13.4226 91 21.1803
12.9024 92 20.8121
11.3899 112 21.4509
13.7116 133 25.6405
13.3969 93 21.3572
12.4753 101 21.3277
14.4053 135 26.4647
14.6686 87 21.9017
13.1529 117 23.5376
13.3006 118 23.7705
12.7803 99 21.4023
12.806 98 21.3254
13.246 117 23.6214
12.7643 101 21.5879
13.0822 99 21.674
13.6731 91 21.4058
12.5138 121 23.3624
13.6635 122 24.4971
12.9859 90 20.6873
13.2524 137 25.6272
12.3468 109 22.0121
12.9538 104 22.0584
12.4303 97 20.8873
12.745 92 20.6705
12.7418 86 20.0676
11.7527 88 19.3775
13.4387 94 21.4948
13.5157 87 20.8642
12.7771 89 20.3994
13.2203 123 24.1983
