13.4419 66 60.7442
13.4355 69 63.4435
12.2344 70 64.2234
11.4059 76 69.5406
11.3866 79 72.2387
11.3385 89 81.2338
11.2903 96 87.529
11.271 99 90.2271
11.2453 101 92.0245
11.2261 104 94.7226
11.2453 111 101.025
11.2261 114 103.723
11.1394 126 114.514
13.1625 91 83.2162
12.1606 94 85.8161
12.4078 98 89.4408
11.6724 97 88.4672
13.0373 77 70.6037
12.2152 100 91.2215
11.7013 122 110.97
12.0482 96 87.6048
13.2749 99 90.4275
13.1561 113 103.016
12.7322 123 111.973
12.8735 94 85.8873
11.6789 105 95.6679
12.7258 111 101.173
11.483 99 90.2483
12.2473 138 125.425
13.0565 85 77.8056
12.9762 101 92.1976
12.9827 100 91.2983
12.5523 86 78.6552
12.122 94 85.8122
13.6827 105 95.8683
13.7213 95 86.8721
12.7514 87 79.5751
12.4014 101 92.1401
13.0019 103 94.0002
12.4913 115 104.749
12.9409 93 84.9941
12.2473 102 93.0247
13.2331 109 99.4233
