13.4419 66 39.7209
12.2344 70 41.1172
13.4355 69 41.2177
11.9872 74 42.9936
11.9261 76 43.9631
11.5857 77 44.2929
11.5761 83 47.2881
11.4541 86 48.727
11.4252 88 49.7126
11.3577 93 52.1789
11.3481 98 54.6741
11.3031 104 57.6516
11.2935 109 60.1468
14.6686 96 55.3343
13.7437 99 56.3719
13.3295 99 56.1647
13.2588 84 48.6294
13.2235 102 57.6118
13.6859 86 49.843
13.1657 104 58.5829
13.2267 90 51.6134
13.3873 90 51.6936
13.3423 111 62.1712
12.5106 85 48.7553
13.2428 134 73.6214
12.3821 95 53.6911
12.1702 136 74.0851
13.413 103 58.2065
13.3231 91 52.1615
12.4656 104 58.2328
13.5478 93 53.2739
11.3963 128 69.6981
12.7771 113 62.8886
13.7855 117 65.3927
12.4399 92 52.22
11.8748 118 64.9374
12.9762 84 48.4881
13.1625 111 62.0812
12.6037 102 57.3019
13.5832 112 62.7916
13.2203 105 59.1101
13.1657 91 52.0829
13.2203 107 60.1101
