11.4412 70 17.2971
11.711 68 17.3399
11.438 74 17.6942
11.4284 77 17.9855
11.711 75 18.0399
11.5119 77 18.0607
11.3674 80 18.2306
11.8812 76 18.2931
12.9634 67 18.3671
11.3064 82 18.3757
11.5504 80 18.3954
11.5311 82 18.578
13.5703 66 18.8133
11.1747 89 18.9572
11.4316 87 18.9884
13.6121 69 19.1509
11.1683 92 19.2514
13.8304 69 19.3474
11.1362 94 19.4225
11.0751 96 19.5676
11.0238 106 20.5214
10.9724 120 21.8751
10.9338 125 22.3405
11.817 96 20.2353
12.7065 103 21.7358
12.3179 117 22.7861
12.6037 90 20.3434
11.4509 109 21.2058
12.9762 102 21.8786
13.4836 80 20.1353
11.8651 91 19.7786
13.4676 108 22.9208
13.2653 119 23.8387
13.3969 76 19.6572
13.474 126 24.7266
11.3738 112 21.4364
12.2633 100 21.037
13.1914 110 22.8723
12.8092 99 21.4283
13.2974 115 23.4676
13.7694 108 23.1925
12.3436 101 21.2092
12.9859 110 22.6873
12.4175 110 22.1757
13.0083 121 23.8075
12.2023 129 23.8821
11.7913 105 21.1121
12.0931 84 19.2838
12.6326 107 22.0694
13.246 83 20.2214
14.3089 103 23.178
14.0873 77 20.3786
12.7193 98 21.2474
