11.4412 70 17.2971
11.711 68 17.3399
11.438 74 17.6942
11.4284 77 17.9855
11.711 75 18.0399
11.5119 77 18.0607
11.3674 80 18.2306
12.9634 67 18.3671
11.3064 82 18.3757
11.6403 79 18.3763
11.5504 80 18.3954
11.5311 82 18.578
11.4766 84 18.7289
13.5703 66 18.8133
11.1747 89 18.9572
11.4316 87 18.9884
13.6121 69 19.1509
11.1683 92 19.2514
13.8304 69 19.3474
11.1362 94 19.4225
11.0751 96 19.5676
11.3128 94 19.5815
11.1779 100 20.0601
11.0238 106 20.5214
10.9724 120 21.8751
10.9338 125 22.3405
11.5729 112 21.6156
13.2845 109 22.8561
12.1895 103 21.2705
14.1419 92 21.9277
11.6179 114 21.8561
13.0373 115 23.2335
13.4772 92 21.3295
13.4258 84 20.4832
13.2299 77 19.6069
13.2171 86 20.4954
12.0867 118 22.678
12.6904 102 21.6214
11.6724 108 21.3052
13.2749 82 20.1474
11.8394 120 22.6555
12.8028 107 22.2225
13.3776 100 22.0399
11.9261 116 22.3335
12.6358 98 21.1723
13.4804 121 24.2324
13.2203 110 22.8983
12.4207 120 23.1786
12.9891 96 21.2902
12.8831 85 20.0948
13.1336 92 21.0202
13.14 93 21.126
13.4419 87 20.7977
12.8221 90 20.5399
12.7868 99 21.4081
13.9621 111 23.6659
