13.8048 71 53.8414
13.8048 72 54.5414
12.8478 73 54.9543
13.3776 73 55.1133
12.2505 74 55.4751
12.8478 74 55.6543
12.1188 75 56.1356
12.2505 75 56.1751
12.8478 75 56.3543
11.9486 76 56.7846
12.1188 76 56.8356
12.2505 76 56.8751
11.8362 77 57.4509
11.9486 77 57.4846
11.6724 78 58.1017
11.7848 78 58.1355
11.8362 78 58.1509
11.9486 78 58.1846
11.7848 79 58.8355
11.8362 79 58.8509
11.6468 81 60.194
11.6724 81 60.2017
11.7848 81 60.2355
11.6468 82 60.894
11.6724 82 60.9017
11.7816 82 60.9345
11.7848 82 60.9355
11.6179 83 61.5854
11.6468 83 61.594
11.6724 83 61.6017
11.6179 84 62.2854
11.5922 85 62.9776
11.6179 85 62.9854
11.5922 86 63.6777
11.6179 86 63.6854
11.5922 87 64.3776
11.5922 88 65.0776
11.5922 89 65.7776
11.5922 90 66.4776
11.5922 91 67.1777
11.5793 92 67.8738
11.5922 92 67.8776
11.5922 93 68.5776
11.5536 94 69.2661
11.5922 94 69.2776
11.5536 95 69.9661
11.5922 95 69.9776
11.5536 96 70.6661
11.5536 97 71.3661
11.5472 98 72.0642
11.5536 98 72.0661
11.5472 99 72.7642
11.5536 99 72.7661
11.5472 100 73.4642
11.5472 101 74.1642
11.5311 102 74.8593
11.5472 102 74.8642
11.5472 103 75.5642
11.4926 104 76.2478
11.5215 104 76.2564
11.5472 104 76.2642
11.483 105 76.9449
11.483 106 77.6449
11.4733 107 78.342
11.483 107 78.3449
11.4509 108 79.0353
11.4733 108 79.042
11.4412 109 79.7324
11.4509 109 79.7353
11.4733 109 79.742
13.0469 129 94.2141
12.501 151 109.45
13.4676 129 94.3403
13.5061 159 115.352
13.3905 155 112.517
12.1927 108 79.2578
11.8844 134 97.3653
12.578 106 77.9734
13.2877 97 71.8863
11.8298 153 110.649
13.2813 118 86.5844
14.447 139 101.634
13.0437 134 97.7131
12.1285 174 125.439
11.8587 143 103.658
12.639 119 87.0917
12.2601 168 121.278
13.7855 124 90.9356
12.6134 121 88.484
12.5267 142 103.158
13.9268 146 106.378
12 115 84.1
12.6487 113 82.8946
13.4515 116 85.2355
12.896 122 89.2688
12.639 112 82.1917
12.7964 103 75.9389
13.2942 90 66.9882
13.4066 125 91.522
13.0051 119 87.2015
