11.4412 70 17.2971
11.4412 75 17.7971
11.711 75 18.0399
11.5119 77 18.0607
12.4978 69 18.148
11.4059 80 18.2653
11.3064 82 18.3757
13.5703 66 18.8133
11.2999 90 19.1699
11.422 90 19.2798
11.3834 93 19.5451
11.3738 100 20.2364
11.3642 102 20.4277
11.3353 103 20.5017
11.3642 104 20.6277
11.3256 105 20.6931
11.3545 106 20.8191
11.3256 107 20.8931
11.316 109 21.0844
11.2903 111 21.2613
11.4091 114 21.6682
11.3545 119 22.1191
11.0912 123 22.2821
12.8157 122 23.7341
13.3552 110 23.0197
12.5684 111 22.4116
13.4355 91 21.1919
12.6134 104 21.752
11.6211 102 20.659
12.6969 125 23.9272
12.3854 113 22.4468
13.368 105 22.5312
13.3423 96 21.6081
12.9056 92 20.815
11.6949 82 18.7254
12.7322 107 22.159
12.3051 99 20.9746
12.3372 88 19.9035
12.7129 111 22.5416
13.1143 131 24.9029
12.3725 148 25.9353
12.4496 109 22.1046
13.6378 88 21.074
13.4708 107 22.8237
12.6069 118 23.1462
12.2569 96 20.6312
13.3006 113 23.2705
14.3988 112 24.159
13.429 73 19.3861
13.1818 123 24.1636
12.0642 107 21.5578
13.1689 96 21.452
12.3372 105 21.6035
