12.3019 58 30.5811
14.553 55 30.7318
12.3019 59 30.9811
14.553 56 31.1318
12.3019 60 31.3811
14.5273 57 31.5164
14.553 57 31.5318
12.2762 61 31.7657
12.3019 61 31.7811
14.5273 58 31.9164
14.553 58 31.9318
12.2473 62 32.1484
12.2762 62 32.1657
12.3019 62 32.1811
14.5273 59 32.3164
12.1188 63 32.4713
12.2473 63 32.5484
12.2762 63 32.5657
12.1188 64 32.8713
12.1188 65 33.2713
11.8362 66 33.5017
12.0931 66 33.6559
12.1188 66 33.6713
11.8362 67 33.9017
12.1188 67 34.0713
11.8362 68 34.3017
11.6724 69 34.6035
11.8105 69 34.6863
11.8362 69 34.7017
11.6724 70 35.0035
11.8105 70 35.0863
11.6724 71 35.4035
11.6468 72 35.7881
11.6724 72 35.8035
11.6468 73 36.1881
11.6724 73 36.2035
11.6179 74 36.5707
11.6468 74 36.5881
11.6179 75 36.9707
11.6468 75 36.9881
11.6179 76 37.3707
11.5922 77 37.7553
11.6179 77 37.7707
11.5922 78 38.1553
11.6179 78 38.1707
11.5922 79 38.5553
11.5922 80 38.9553
11.5922 81 39.3553
11.5729 82 39.7437
11.5922 82 39.7553
11.5729 83 40.1437
11.5922 83 40.1553
11.5472 84 40.5283
11.5729 84 40.5437
11.5472 85 40.9283
11.5729 85 40.9437
11.5472 86 41.3283
11.5472 87 41.7283
11.5472 88 42.1283
11.5472 89 42.5283
11.5472 90 42.9283
11.5472 91 43.3283
11.5408 92 43.7245
11.5472 92 43.7283
11.5408 93 44.1245
11.5408 94 44.5245
11.5408 95 44.9245
11.5408 96 45.3245
11.5408 97 45.7245
11.5408 98 46.1245
13.2171 123 57.1303
13.6763 139 63.8058
12.7033 153 68.822
11.5729 169 74.5437
13.1657 114 53.4994
13.0469 161 72.2281
12.4817 154 69.089
13.185 159 71.511
12.8831 108 50.9299
12.668 175 77.6008
13.8337 101 48.7002
12.4432 125 57.4659
13.4868 138 63.2921
12.9024 97 46.5414
14.7778 125 58.8667
12.7129 126 58.0277
13.3744 124 57.6247
12.806 146 66.0836
13.3423 93 45.2054
11.8041 176 77.4825
12.045 106 49.627
13.0533 116 54.232
13.1432 105 49.8859
13.2074 116 54.3245
12.1895 122 56.1137
12.7386 141 64.0432
12.8189 112 52.4913
13.5125 116 54.5075
12.668 127 58.4008
13.474 129 59.6844
