13.4419 66 60.7442
13.4355 69 63.4435
12.2344 70 64.2234
11.4059 76 69.5406
11.3866 79 72.2387
11.3577 93 84.8358
11.2903 96 87.529
11.2903 98 89.329
11.2453 101 92.0245
11.2453 103 93.8245
11.2453 111 101.025
11.2453 113 102.825
11.2261 116 105.523
12.0257 80 73.2026
12.334 153 138.933
13.1625 115 104.816
12.8349 95 86.7835
13.0083 101 92.2008
13.2717 105 95.8272
13.8369 97 88.6837
13.1079 128 116.511
11.7303 115 104.673
12.684 91 83.1684
13.3712 114 103.937
13.5157 83 76.0516
11.3866 132 119.939
12.8253 109 99.3825
13.7277 121 110.273
12.9281 87 79.5928
12.9987 97 88.5999
13.6217 100 91.3622
12.6101 119 108.361
13.6057 85 77.8606
13.474 114 103.947
12.5684 100 91.2568
13.5575 79 72.4557
13.1272 80 73.3127
14.3732 113 103.137
12.896 90 82.2896
12.5556 119 108.356
12.3468 82 75.0347
13.0822 90 82.3082
13.034 112 102.103
