13.4419 66 39.7209
13.0116 67 40.0058
12.2344 70 41.1172
11.9872 74 42.9936
11.3995 75 43.1997
11.2871 80 45.6435
11.1715 84 47.5857
11.1683 92 51.5841
11.1329 95 53.0665
11.1169 99 55.0584
11.0013 105 58.0006
10.9467 110 60.4733
10.8889 113 61.9444
10.8343 128 69.4171
12.0706 87 49.5353
13.1721 112 62.5861
12.9345 129 70.9672
11.9326 97 54.4663
13.9364 85 49.4682
12.0899 110 61.045
12.7322 102 57.3661
13.2139 101 57.1069
12.35 106 59.175
12.9409 89 50.9705
11.7913 108 59.8956
13.2139 129 71.1069
12.9955 80 46.4978
12.9859 95 53.9929
12.4528 105 58.7264
13.0276 95 54.0138
12.806 116 64.403
12.7482 130 71.3741
12.9024 96 54.4512
14.1227 123 68.5613
12.7964 106 59.3982
12.6166 90 51.3083
14.0809 107 60.5405
13.5992 79 46.2996
12.3308 78 45.1654
11.6757 117 64.3378
13.6474 106 59.8237
12.2922 105 58.6461
12.9024 75 43.9512
11.9936 112 61.9968
