13.4419 66 39.7209
13.0116 67 40.0058
12.2344 70 41.1172
11.9872 74 42.9936
11.3995 75 43.1997
11.2871 80 45.6435
11.1715 84 47.5857
11.2453 87 49.1227
11.1683 92 51.5841
11.1329 95 53.0665
11.1169 99 55.0584
11.0013 105 58.0006
10.9467 110 60.4733
10.8889 113 61.9444
10.8343 128 69.4171
14.0617 80 47.0308
13.1496 89 51.0748
12.395 115 63.6975
12.2601 97 54.6301
12.8574 138 75.4287
12.6423 111 61.8211
12.8767 91 51.9383
13.079 88 50.5395
13.2653 110 61.6326
11.5697 120 65.7848
13.946 101 57.473
12.9666 99 55.9833
13.307 126 69.6535
12.6808 100 56.3404
13.596 144 78.798
14.2351 81 47.6175
14.203 80 47.1015
12.0193 114 63.0096
12.729 90 51.3645
12.5941 111 61.797
13.3327 99 56.1663
11.9422 94 52.9711
13.0148 97 55.0074
11.4798 119 65.2399
11.3963 105 58.1981
12.1124 82 47.0562
12.5395 129 70.7698
11.7913 99 55.3956
13.4804 100 56.7402
13.0951 94 53.5475
