11.4412 70 17.2971
11.711 68 17.3399
11.438 74 17.6942
11.4284 77 17.9855
11.711 75 18.0399
11.5119 77 18.0607
11.3674 80 18.2306
12.9634 67 18.3671
11.3064 82 18.3757
11.5504 80 18.3954
11.5311 82 18.578
13.5703 66 18.8133
11.1747 89 18.9572
13.6121 69 19.1509
13.8304 69 19.3474
11.1362 94 19.4225
11.3674 92 19.4306
11.0751 96 19.5676
11.3128 94 19.5815
11.3096 102 20.3786
11.0238 106 20.5214
10.9338 125 22.3405
13.3263 101 22.0936
13.9236 72 19.7312
13.6281 112 23.4653
12.8735 90 20.5861
13.3327 110 22.9994
13.0437 91 20.8393
13.0629 80 19.7566
13.307 87 20.6763
14.0135 87 21.3121
12.7771 108 22.2994
14.6782 74 20.6104
13.5157 99 22.0642
11.8523 125 23.1671
12.0289 103 21.126
12.5652 114 22.7087
12.8863 125 24.0977
13.262 98 21.7358
11.5922 105 20.9329
12.2954 121 23.1659
13.1625 99 21.7462
11.7431 110 21.5688
13.6859 85 20.8173
12.4689 131 24.322
13.0918 87 20.4827
13.0565 90 20.7509
13.5928 137 25.9335
13.5735 84 20.6162
12.2023 112 22.1821
12.2344 102 21.211
11.2293 121 22.2064
