11.4412 70 17.2971
11.438 74 17.6942
11.4412 75 17.7971
11.4284 77 17.9855
11.711 75 18.0399
12.4978 69 18.148
12.6583 68 18.1925
11.4059 80 18.2653
12.9634 67 18.3671
11.3064 82 18.3757
12.4978 72 18.448
13.5703 66 18.8133
11.1747 89 18.9572
11.0751 96 19.5676
11.3128 94 19.5815
11.1169 99 19.9052
11.1779 100 20.0601
11.0238 106 20.5214
10.9338 125 22.3405
14.6012 109 24.041
13.1111 92 21
12.5716 112 22.5145
13.0019 97 21.4017
13.6795 96 21.9116
12.9794 109 22.5815
13.0758 113 23.0682
12.8799 128 24.3919
13.5832 115 23.7249
13.307 80 19.9763
11.6821 97 20.2139
14.1452 98 22.5306
13.718 107 23.0462
14.9512 79 21.3561
12.9891 125 24.1902
13.0597 107 22.4538
13.5896 91 21.3306
13.7983 108 23.2185
12.167 113 22.2503
12.5909 94 20.7318
12.9891 95 21.1902
12.5267 105 21.774
13.6121 112 23.4509
12.7258 111 22.5532
13.4579 90 21.1121
13.2492 104 22.3243
14.5369 98 22.8832
13.1689 110 22.852
12.0096 115 22.3087
12.2055 87 19.685
