11.4412 70 17.2971
11.711 68 17.3399
11.438 74 17.6942
11.4284 77 17.9855
11.711 75 18.0399
11.5119 77 18.0607
11.3674 80 18.2306
12.9634 67 18.3671
11.3064 82 18.3757
11.6403 79 18.3763
11.4316 81 18.3884
11.5504 80 18.3954
11.4766 84 18.7289
13.5703 66 18.8133
11.1747 89 18.9572
13.6121 69 19.1509
11.1683 92 19.2514
13.8304 69 19.3474
11.1362 94 19.4225
11.0751 96 19.5676
11.3128 94 19.5815
11.1169 99 19.9052
11.1779 100 20.0601
11.3128 100 20.1815
11.0238 106 20.5214
10.9724 120 21.8751
10.9338 125 22.3405
11.4701 119 22.2231
12.3629 104 21.5266
12.2248 83 19.3023
12.9249 94 21.0324
12.8414 115 23.0572
11.9711 85 19.274
13.5543 99 22.0988
14.0263 121 24.7237
13.3873 89 20.9486
13.1015 99 21.6913
12.0931 129 23.7838
13.5029 114 23.5526
12.6358 106 21.9723
14.1162 79 20.6046
13.3102 101 22.0792
14.1452 117 24.4306
12.6069 92 20.5462
12.3468 114 22.5121
13.1175 113 23.1058
13.5286 83 20.4757
13.2171 88 20.6954
12.3051 94 20.4746
12.5331 86 19.8798
13.4162 96 21.6746
11.9872 96 20.3884
12.2312 105 21.5081
12.9345 103 21.941
12.5042 95 20.7538
13.2781 96 21.5503
13.0854 99 21.6769
