14.1227 52 44.4245
12.7001 53 44.94
14.1227 53 45.2245
12.7001 54 45.74
12.7322 54 45.7464
12.7001 55 46.54
12.7001 56 47.34
12.6166 57 48.1233
12.7001 57 48.14
11.6403 58 48.7281
12.6166 58 48.9233
12.6904 58 48.9381
12.7001 58 48.94
11.5247 59 49.5049
11.6403 59 49.5281
12.6904 59 49.7381
11.6403 60 50.3281
11.5247 61 51.1049
11.5311 61 51.1062
11.5247 62 51.9049
11.5311 62 51.9062
11.5247 63 52.7049
11.5247 64 53.5049
11.5215 65 54.3043
11.5247 65 54.3049
11.5215 66 55.1043
11.5151 67 55.903
11.5215 67 55.9043
11.5247 67 55.9049
11.4637 68 56.6927
11.4701 68 56.694
11.5151 68 56.703
11.5215 68 56.7043
11.4252 69 57.485
11.4637 69 57.4927
11.4701 69 57.494
11.4252 70 58.285
11.4637 70 58.2927
11.4252 71 59.085
11.4252 72 59.885
11.4252 73 60.685
11.4252 74 61.485
11.3706 75 62.2741
11.4252 75 62.285
11.3642 76 63.0728
11.3706 76 63.0741
11.4252 76 63.085
11.3642 77 63.8728
11.3706 77 63.8741
11.4155 77 63.8831
11.4252 77 63.885
11.361 78 64.6722
11.3642 78 64.6728
11.361 79 65.4722
11.3642 79 65.4728
11.332 80 66.2664
11.361 80 66.2722
11.332 81 67.0664
11.361 81 67.0722
11.332 82 67.8664
11.361 82 67.8722
11.332 83 68.6664
11.3224 84 69.4645
11.332 84 69.4664
11.3224 85 70.2645
11.3224 86 71.0645
11.3224 87 71.8645
11.3224 88 72.6645
11.3224 89 73.4645
11.3224 90 74.2645
13.2974 130 106.659
13.262 129 105.852
13.6249 146 119.525
11.5472 107 87.9094
12.3886 104 85.6777
13.5318 106 87.5064
13.5254 106 87.5051
12.9281 115 94.5856
13.0051 129 105.801
12.1156 141 115.223
11.939 114 93.5878
13.3937 135 110.679
13.8497 110 90.7699
12.7579 120 98.5516
14.0456 106 87.6091
13.1079 139 113.822
13.3327 128 105.067
11.5954 99 81.5191
12.3661 152 124.073
12.6423 152 124.128
12.2408 132 108.048
12.912 124 101.782
14.219 113 93.2438
12.7964 122 100.159
12.3404 151 123.268
11.7913 143 116.758
12.2248 131 107.245
12.9538 109 89.7908
11.7463 157 127.949
12.5588 147 120.112
