12.4432 84 26.7545
11.7848 87 26.8279
12.4432 85 26.9545
11.7848 88 27.0279
12.4432 86 27.1545
11.6724 90 27.338
12.4432 87 27.3545
11.6724 129 35.138
11.6339 135 36.3071
11.6339 138 36.9071
11.6339 139 37.1071
11.5633 140 37.2506
11.5922 140 37.2737
11.5376 144 38.0301
11.5376 148 38.8301
11.5376 149 39.0301
11.5376 150 39.2301
11.499 152 39.5992
11.5055 152 39.6044
13.1432 113 33.1146
13.2203 131 36.7762
13.1561 107 31.9249
12.6166 118 33.6933
13.5093 123 35.4075
12.2152 128 35.3721
12.0032 127 35.0026
13.2524 97 30.0019
13.3969 115 33.7175
12.578 126 35.2624
12.5234 139 37.8188
13.1721 112 32.9377
13.6281 82 27.3025
13.5222 145 39.8177
11.6917 164 42.1534
13.5318 119 34.6254
12.5909 145 39.0727
12.2248 181 45.9798
13.2845 123 35.2276
13.8915 119 34.9132
13.5992 122 35.2794
12.1445 117 33.1156
12.8221 145 39.2577
13.1015 129 36.2812
12.9602 119 34.1681
13.3038 105 31.643
12.3147 150 39.8518
13.6281 142 39.3025
13.3552 135 37.6841
13.1625 124 35.33
