14.9801 56 39.592
14.9801 58 40.792
14.9801 59 41.392
14.9544 60 41.9818
14.9801 60 41.992
14.553 61 42.4212
14.9544 61 42.5818
14.553 62 43.0212
14.9544 62 43.1818
14.5273 63 43.6109
14.553 63 43.6212
13.8048 64 43.9219
13.8882 64 43.9553
14.5273 64 44.2109
14.553 64 44.2212
12.8349 66 44.734
12.8478 66 44.7391
13.3776 66 44.9511
13.8048 66 45.1219
12.8349 67 45.334
13.0951 67 45.438
12.4207 68 45.7683
12.1381 69 46.2552
12.4207 69 46.3683
12.1381 70 46.8552
12.1124 71 47.445
12.1381 71 47.4552
11.9486 72 47.9794
12.1124 72 48.045
12.1381 72 48.0552
11.8362 73 48.5345
12.1124 73 48.645
11.6724 74 49.069
11.8362 74 49.1345
11.6724 75 49.669
11.8362 75 49.7345
11.6724 76 50.269
11.6468 77 50.8587
11.6724 77 50.869
11.6468 78 51.4587
11.6468 79 52.0587
11.5922 80 52.6369
11.6179 80 52.6471
11.6468 80 52.6587
11.5922 81 53.2369
11.6179 81 53.2471
11.5922 82 53.8369
11.5922 83 54.4369
11.5922 84 55.0369
11.5922 85 55.6369
11.5922 86 56.2369
11.5922 87 56.8369
11.5922 88 57.4369
11.5729 89 58.0292
11.5793 89 58.0317
11.5922 89 58.0369
11.5729 90 58.6292
11.5793 90 58.6317
11.5922 90 58.6369
11.5311 91 59.2125
11.5472 91 59.2189
11.5729 91 59.2292
11.5311 92 59.8125
11.5472 92 59.8189
11.5215 93 60.4086
11.4926 94 60.997
11.5215 94 61.0086
11.483 95 61.5932
11.4926 95 61.597
11.483 96 62.1932
13.1207 150 95.2483
13.3616 113 73.1446
13.0597 130 83.2239
12.8414 134 85.5365
12.7418 109 70.4967
12.3661 157 99.1464
13.4933 153 97.1973
11.7078 159 100.083
12.7193 120 77.0877
12.6294 148 93.8518
12.8125 151 95.725
13.5478 168 106.219
12.2633 129 82.3053
12.1702 111 71.4681
11.6692 176 110.268
13.4258 115 74.3703
13.3712 101 65.9485
13.2492 157 99.4997
11.8523 117 74.9409
12.411 133 84.7644
11.939 125 79.7756
12.0674 120 76.827
13.352 131 83.9408
12.456 148 93.7824
13.1785 124 79.6714
12.2216 118 75.6886
12.8414 119 76.5365
12.3243 104 67.3297
12.3468 166 104.539
12.6519 121 77.6608
