14.553 55 42.8659
14.553 56 43.5659
14.9801 56 43.694
14.553 57 44.2659
14.553 58 44.9659
14.2897 59 45.5869
14.5273 59 45.6582
14.553 59 45.6659
14.2897 60 46.2869
14.2897 61 46.9869
14.4984 61 47.0495
12.7001 62 47.21
13.8048 62 47.5414
14.264 62 47.6792
14.2897 62 47.6869
12.7001 63 47.91
13.8048 63 48.2414
14.264 63 48.3792
14.2897 63 48.3869
12.1381 66 49.8414
12.4207 66 49.9262
12.1381 67 50.5414
11.9165 68 51.1749
12.1124 68 51.2337
12.1381 68 51.2414
11.5247 69 51.7574
12.1124 69 51.9337
12.1381 69 51.9414
11.5247 70 52.4574
11.6082 70 52.4825
11.8362 70 52.5509
11.9069 70 52.5721
12.1124 70 52.6337
11.5247 71 53.1574
11.5247 72 53.8574
11.5247 73 54.5574
11.5247 74 55.2574
11.5247 75 55.9574
11.4252 76 56.6276
11.5247 76 56.6574
11.4252 77 57.3276
11.4252 78 58.0275
11.4252 79 58.7276
11.4252 80 59.4276
11.4252 81 60.1276
11.3642 82 60.8092
11.4155 82 60.8247
11.4252 82 60.8276
11.3642 83 61.5092
11.3931 83 61.5179
11.4155 83 61.5247
11.4252 83 61.5275
11.3642 84 62.2092
11.3642 85 62.9092
11.3642 86 63.6092
11.3642 87 64.3092
11.3545 88 65.0064
11.3642 88 65.0092
11.332 89 65.6996
11.3545 89 65.7064
11.3642 89 65.7093
11.332 90 66.3996
11.3545 90 66.4064
11.332 91 67.0996
11.332 92 67.7996
11.332 93 68.4996
11.332 94 69.1996
11.3224 95 69.8967
11.332 95 69.8996
11.332 96 70.5996
13.1143 138 100.534
12.9345 116 85.0803
14.0552 137 100.117
13.5735 120 88.0721
12.9313 173 124.979
13.0983 102 75.3295
12.9024 108 79.4707
13.3873 112 82.4162
15.0283 146 106.708
14.1162 119 87.5349
13.2813 147 106.884
12.4624 141 102.439
12.8253 105 77.3476
11.5954 151 109.179
13.0918 126 92.1275
12.2762 138 100.283
12.6615 145 105.298
13.1207 112 82.3362
12.7707 134 97.6312
13.0116 134 97.7035
12.9987 121 88.5996
12.6037 134 97.5811
12.8767 110 80.863
13.3198 135 98.496
13.4194 118 86.6258
13.5928 111 81.7778
13.5639 184 132.869
13.0051 126 92.1015
12.6455 161 116.494
13.9685 112 82.5906
