14.5819 41 35.7164
15.4522 41 35.8904
14.5819 42 36.5164
15.4522 42 36.6904
14.5819 43 37.3164
14.5819 44 38.1164
12.623 45 38.5246
14.5819 45 38.9164
12.623 46 39.3246
13.7084 46 39.5417
14.5819 46 39.7164
12.623 47 40.1246
12.6166 48 40.9233
12.623 48 40.9246
12.6166 49 41.7233
12.6134 50 42.5227
12.6166 50 42.5233
12.6134 51 43.3227
12.6069 52 44.1214
12.6134 52 44.1227
11.8876 53 44.7775
12.6069 53 44.9214
12.6134 53 44.9227
11.5311 54 45.5062
11.8876 54 45.5775
12.6069 54 45.7214
11.5247 55 46.3049
11.5311 55 46.3062
11.5247 56 47.1049
11.5247 57 47.9049
11.5247 58 48.7049
11.5151 59 49.503
11.5215 59 49.5043
11.5247 59 49.5049
11.5151 60 50.303
11.5247 60 50.3049
11.4252 61 51.085
11.4701 61 51.094
11.5151 61 51.103
11.4252 62 51.885
11.4701 62 51.894
11.4252 63 52.685
11.4252 64 53.485
11.4252 65 54.285
11.4252 66 55.085
11.4155 67 55.8831
11.4252 67 55.885
11.4155 68 56.6831
11.3642 69 57.4728
11.4155 69 57.4831
11.3642 70 58.2728
11.3642 71 59.0728
11.3642 72 59.8728
11.3642 73 60.6728
11.3545 74 61.4709
11.3642 74 61.4728
11.3545 75 62.2709
11.3545 76 63.0709
11.332 77 63.8664
11.3545 77 63.8709
11.332 78 64.6664
11.3545 78 64.6709
11.332 79 65.4664
11.332 80 66.2664
11.332 81 67.0664
11.3224 82 67.8645
11.332 82 67.8664
11.3224 83 68.6645
11.332 83 68.6664
11.3224 84 69.4645
12.6808 127 104.136
12.0482 159 129.61
11.6949 146 119.139
12.668 119 97.7336
12.9281 121 99.3856
12.3019 103 84.8604
13.1625 106 87.4325
11.8459 129 105.569
13.1818 105 86.6364
12.2023 141 115.24
13.2845 123 101.057
12.8703 137 112.174
13.6956 140 114.739
13.5575 137 112.311
12.8125 130 106.562
13.7084 115 94.7417
12.3179 134 109.664
12.8092 162 132.162
12.7964 134 109.759
11.3192 122 99.8638
13.5864 112 92.3173
12.1317 131 107.226
13.0629 118 97.0126
12.7193 97 80.1439
12.8253 138 112.965
12.1413 132 108.028
12.7418 136 111.348
12.6519 114 93.7304
13.6121 124 101.922
12.6872 149 121.737
