11.4412 70 17.2971
11.4412 75 17.7971
11.711 75 18.0399
11.5119 77 18.0607
12.4978 69 18.148
11.4059 80 18.2653
11.5504 80 18.3954
11.6371 81 18.5734
13.5703 66 18.8133
11.4766 86 18.9289
13.6121 69 19.1509
13.8304 69 19.3474
11.3642 94 19.6277
11.2999 96 19.7699
13.4611 115 23.615
13.0405 108 22.5364
13.3584 108 22.8225
13.3648 85 20.5283
12.6808 99 21.3127
11.833 103 20.9497
13.2909 105 22.4618
12.5877 106 21.9289
12.1927 116 22.5734
13.8048 109 23.3243
11.4605 114 21.7145
12.5042 118 23.0538
12.6423 104 21.778
14.0167 98 22.415
12.6423 103 21.678
13.4965 81 20.2468
12.7065 90 20.4358
12.35 94 20.515
14.5787 96 22.7208
13.2299 87 20.6069
13.0629 84 20.1566
12.9955 85 20.196
12.1798 102 21.1618
12.1959 107 21.6763
12.0257 116 22.4231
12.8221 105 22.0399
14.113 96 22.3017
12.684 91 20.5156
13.9653 76 20.1688
12.3854 90 20.1468
