11.4412 70 17.2971
11.438 74 17.6942
11.4412 75 17.7971
11.4284 77 17.9855
11.711 75 18.0399
12.4978 69 18.148
11.4059 80 18.2653
12.9634 67 18.3671
11.3064 82 18.3757
11.4316 81 18.3884
12.4978 72 18.448
13.5703 66 18.8133
11.1747 89 18.9572
11.0751 96 19.5676
11.3128 94 19.5815
11.1779 100 20.0601
11.3128 100 20.1815
11.3096 102 20.3786
11.0238 106 20.5214
10.9338 125 22.3405
11.3674 93 19.5306
11.7592 123 22.8832
12.5812 109 22.2231
12.6647 101 21.4983
12.1927 75 18.4734
12.8028 115 23.0225
12.9923 113 22.9931
11.7527 115 22.0775
12.1188 102 21.1069
12.9377 107 22.3439
11.4188 108 21.0769
11.1908 165 26.5717
12.4399 74 18.596
12.6647 97 21.0983
12.7258 98 21.2532
13.4098 88 20.8688
12.7161 96 21.0445
14.5498 96 22.6948
13.1818 122 24.0636
12.3821 114 22.5439
13.3776 110 23.0399
12.501 90 20.2509
13.0244 158 27.522
12.3147 120 23.0832
13.9878 106 23.189
12.6969 163 27.7272
13.1015 92 20.9913
12.9056 78 19.415
13.352 104 22.4168
13.4162 109 22.9746
