13.4419 66 60.7442
13.4355 69 63.4435
12.2344 70 64.2234
11.4605 73 66.846
11.2903 75 68.629
11.2646 83 75.8265
11.255 85 77.6255
11.2453 101 92.0245
11.2261 104 94.7226
11.027 113 102.803
12.4913 99 90.3491
11.8234 91 83.0823
12.851 87 79.5851
13.975 91 83.2975
12.0996 98 89.41
12.8446 91 83.1845
12.4945 126 114.649
12.9441 102 93.0944
11.6114 93 84.8611
13.3198 92 84.132
14.1355 81 74.3136
13.58 99 90.458
12.7258 103 93.9726
12.79 94 85.879
12.1285 105 95.7128
13.0951 109 99.4095
12.957 110 100.296
14.6686 83 76.1669
12.3532 108 98.4353
13.535 91 83.2535
13.6249 97 88.6625
13.7694 100 91.3769
11.817 84 76.7817
13.201 87 79.6201
12.5973 106 96.6597
13.3038 99 90.4304
13.1047 90 82.3105
12.8382 127 115.584
12.5973 88 80.4597
13.2877 105 95.8288
