13.4419 66 60.7442
13.4355 69 63.4435
12.2344 70 64.2234
11.4059 76 69.5406
11.3866 79 72.2387
11.3577 93 84.8358
11.2903 96 87.529
11.271 99 90.2271
11.2453 101 92.0245
11.2453 111 101.025
11.2261 114 103.723
13.5318 110 100.353
12.578 124 112.858
13.6089 91 83.2609
12.4496 90 82.245
13.5189 90 82.3519
13.5093 127 115.651
12.5909 86 78.6591
13.2203 94 85.922
13.5157 100 91.3516
12.2248 108 98.4225
13.4611 103 94.0461
14.1548 106 96.8155
13.4355 110 100.344
12.4143 97 88.5414
12.5491 103 93.9549
13.3102 85 77.831
13.4001 102 93.14
13.3006 88 80.5301
13.5478 75 68.8548
13.4098 103 94.041
12.4432 99 90.3443
13.3006 105 95.8301
11.7046 110 100.17
12.4785 115 104.748
13.8465 115 104.885
12.8092 129 117.381
13.0469 129 117.405
12.9538 82 75.0954
13.3552 113 103.036
12.6037 114 103.86
