11.4412 70 17.2971
11.711 68 17.3399
11.438 74 17.6942
11.4284 77 17.9855
11.711 75 18.0399
11.3674 80 18.2306
12.9634 67 18.3671
11.3064 82 18.3757
11.6403 79 18.3763
13.5703 66 18.8133
11.1747 89 18.9572
11.4316 87 18.9884
13.6121 69 19.1509
11.1683 92 19.2514
11.2261 92 19.3035
13.8304 69 19.3474
11.1362 94 19.4225
11.3674 92 19.4306
11.1747 95 19.5572
11.0751 96 19.5676
11.3128 94 19.5815
11.2742 99 20.0468
11.1779 100 20.0601
11.0238 106 20.5214
10.9724 120 21.8751
10.9338 125 22.3405
13.5671 80 20.2104
13.1753 96 21.4578
12.0642 124 23.2578
13.429 97 21.7861
12.851 115 23.0659
13.7919 89 21.3127
13.2492 110 22.9243
12.9634 118 23.4671
12.2697 106 21.6428
12.8189 91 20.637
13.0983 103 22.0884
12.0803 108 21.6723
13.3198 101 22.0879
13.4258 110 23.0832
13.6089 85 20.748
13.2942 96 21.5647
12.1702 96 20.5532
11.7174 111 21.6457
13.0726 92 20.9653
12.9538 104 22.0584
13.6089 87 20.948
13.2717 111 23.0445
12.9923 106 22.2931
14.1869 94 22.1682
14.3956 100 22.9561
14.1291 112 23.9162
13.429 89 20.9861
13.6827 99 22.2145
12.0642 115 22.3578
12.7547 94 20.8792
