12.8703 59 22.0962
12.8767 59 22.1013
12.8767 60 22.3013
12.6262 62 22.501
12.8767 61 22.5013
12.8703 62 22.6962
12.8767 62 22.7013
12.6262 64 22.901
12.6262 65 23.101
12.8382 65 23.2705
12.6262 66 23.301
12.4432 73 24.5545
12.4432 74 24.7545
12.2505 75 24.8004
11.8362 77 24.869
12.1381 76 24.9105
12.4432 75 24.9545
11.8362 78 25.069
12.1381 77 25.1105
12.4432 76 25.1545
11.9486 78 25.1589
11.8362 79 25.269
12.1381 78 25.3105
11.6724 80 25.338
11.7848 80 25.4279
11.8105 80 25.4484
11.8362 80 25.469
11.6724 81 25.538
11.7848 81 25.6279
11.8105 81 25.6484
11.8362 81 25.669
11.6724 82 25.738
11.6724 83 25.938
11.6468 84 26.1174
11.6724 84 26.138
11.6179 85 26.2943
11.6468 85 26.3174
11.6179 86 26.4943
11.6468 86 26.5174
11.6179 87 26.6943
11.5922 88 26.8737
11.6179 88 26.8943
11.5922 89 27.0737
11.5922 90 27.2737
11.5922 91 27.4737
11.5922 92 27.6737
11.5922 93 27.8737
11.5922 94 28.0737
11.5729 95 28.2583
11.5922 95 28.2737
11.5729 96 28.4583
11.5922 96 28.4737
11.5472 97 28.6378
11.5729 97 28.6583
11.5472 98 28.8378
11.5472 99 29.0378
11.5472 100 29.2378
11.5472 101 29.4378
11.5472 102 29.6378
11.5472 103 29.8378
11.5344 104 30.0275
11.5472 104 30.0378
11.5344 105 30.2275
11.5472 105 30.2378
11.5279 113 31.8223
11.4766 131 35.3812
11.4766 141 37.3812
11.4669 146 38.3735
13.3295 105 31.6636
12.6005 146 39.2804
13.079 107 31.8632
14.781 110 33.8248
13.0116 136 37.6092
12.8446 106 31.4757
12.7964 107 31.6371
13.6442 133 37.5154
12.9634 131 36.5707
13.429 97 30.1432
11.5344 156 40.4275
13.5478 104 31.6383
13.7116 134 37.7693
12.9088 126 35.527
11.9422 160 41.5538
12.4496 112 32.3597
12.6326 137 37.5061
12.5202 188 47.6162
11.833 147 38.8664
12.5588 123 34.647
12.729 124 34.9832
13.0501 164 43.2401
13.1978 114 33.3583
11.4091 145 38.1273
13.2717 121 34.8173
12.2344 131 35.9875
12.3243 146 39.0595
12.2152 131 35.9721
11.3706 181 45.2965
12.411 129 35.7288
