13.4419 66 39.7209
12.2344 70 41.1172
13.4355 69 41.2177
11.9872 74 42.9936
11.3995 75 43.1997
11.9261 76 43.9631
11.5857 77 44.2929
11.2871 80 45.6435
11.2871 82 46.6435
11.5761 82 46.7881
11.499 83 47.2495
11.4605 85 48.2303
11.1715 86 48.5857
11.4541 86 48.727
11.2453 87 49.1227
11.3642 87 49.1821
11.2453 89 50.1227
11.3577 93 52.1789
11.1329 97 54.0665
11.6468 124 67.8234
11.9294 106 58.9647
11.4091 103 57.2046
13.0629 103 58.0315
13.3487 123 68.1744
13.413 83 48.2065
11.7559 121 66.378
13.3327 76 44.6663
13.4868 91 52.2434
12.5812 113 62.7906
12.8446 94 53.4223
13.0276 111 62.0138
13.2171 92 52.6085
12.7354 108 60.3677
13.8433 107 60.4216
12.9602 106 59.4801
13.5222 90 51.7611
12.9634 82 47.4817
13.5864 95 54.2932
13.1978 107 60.0989
13.58 118 65.79
13.6281 85 49.3141
12.3436 93 52.6718
12.8382 99 55.9191
11.4701 115 63.2351
12.6969 96 54.3484
13.0148 128 70.5074
12.4945 108 60.2473
13.4644 107 60.2322
12.668 97 54.834
