11.4412 70 17.2971
11.4412 75 17.7971
11.4284 77 17.9855
11.711 75 18.0399
11.5119 77 18.0607
12.4978 69 18.148
11.4059 80 18.2653
11.3064 82 18.3757
11.5504 80 18.3954
13.5703 66 18.8133
13.6121 69 19.1509
11.2999 90 19.1699
11.4477 98 20.1029
11.2903 100 20.1613
11.2903 103 20.4613
11.2839 106 20.7555
11.3642 109 21.1277
11.377 109 21.1393
11.3545 119 22.1191
11.0912 123 22.2821
14.0328 79 20.5295
13.2877 96 21.559
13.7566 105 22.8809
13.6378 109 23.174
12.6069 147 26.0462
11.9775 99 20.6798
11.5536 104 20.7983
12.3372 100 21.1035
12.2376 83 19.3139
13.4708 99 22.0237
11.878 137 24.3902
13.0983 111 22.8884
12.8221 118 23.3399
14.3699 90 21.9329
11.7977 95 20.1179
12.3179 118 22.8861
13.6827 96 21.9145
12.9216 110 22.6295
13.9204 85 21.0283
13.3231 105 22.4908
13.7084 99 22.2376
13.5928 93 21.5335
12.5138 93 20.5624
13.2396 95 21.4156
13.3102 81 20.0792
11.6821 120 22.5139
14.1837 108 23.5653
13.3134 105 22.4821
13.1593 95 21.3434
12.0674 111 21.9607
