11.4412 70 17.2971
11.438 74 17.6942
11.4284 77 17.9855
12.4978 69 18.148
12.6583 68 18.1925
11.4059 80 18.2653
12.9634 67 18.3671
11.3064 82 18.3757
13.5703 66 18.8133
11.1747 89 18.9572
11.0751 96 19.5676
11.0238 106 20.5214
11.1362 111 21.1225
10.9338 125 22.3405
12.4528 90 20.2075
13.7052 93 21.6347
12.1702 104 21.3532
12.4913 92 20.4422
12.5363 92 20.4827
12.9827 101 21.7844
13.0051 88 20.5046
13.1529 95 21.3376
12.5716 93 20.6145
13.2267 103 22.204
14.1516 103 23.0364
13.6442 75 19.7798
13.7277 110 23.3549
12.8831 106 22.1948
12.623 121 23.4607
12.7707 82 19.6936
12.7996 105 22.0197
13.429 99 21.9861
13.0565 94 21.1509
12.3565 124 23.5208
12.5395 99 21.1856
13.2042 85 20.3838
13.3648 109 22.9283
13.3231 92 21.1908
13.2235 111 23.0012
13.7791 89 21.3012
11.817 98 20.4353
13.1207 90 20.8087
12.3789 101 21.241
13.2139 107 22.5925
