13.4419 66 60.7442
13.4355 69 63.4435
12.2344 70 64.2234
11.4059 76 69.5406
11.3866 79 72.2387
11.3577 93 84.8358
11.2903 96 87.529
11.2453 101 92.0245
11.2453 103 93.8245
11.2453 113 102.825
11.2261 116 105.523
12.0996 101 92.1099
11.6275 125 113.663
14.1323 124 113.013
12.7547 78 71.4755
11.8266 105 95.6827
13.9171 110 100.392
13.0822 138 125.508
12.3918 121 110.139
12.3565 121 110.136
13.3359 114 103.934
12.4014 101 92.1401
15.1728 98 89.7173
12.7129 105 95.7713
12.273 108 98.4273
12.8092 131 119.181
14.8292 88 80.6829
12.9666 105 95.7967
13.3712 87 79.6371
11.9679 117 106.497
13.124 82 75.1124
13.4162 99 90.4416
13.6795 94 85.9679
11.7592 100 91.1759
14.6301 80 73.463
13.0854 107 97.6085
13.5671 84 76.9567
12.5684 117 106.557
12.395 112 102.039
13.4483 92 84.1448
12.5234 121 110.152
