11.6275 65 59.6628
11.6018 67 61.4602
11.7913 67 61.4791
11.6275 68 62.3627
11.8202 68 62.382
11.8426 70 64.1843
11.6339 71 65.0634
11.4605 73 66.846
11.2903 75 68.629
11.4059 76 69.5406
11.2646 83 75.8265
11.4059 84 76.7406
11.255 85 77.6255
11.4059 86 78.5406
11.4509 86 78.5451
11.4059 91 83.0406
11.2453 101 92.0245
11.2261 104 94.7226
11.027 113 102.803
13.1432 97 88.6143
12.3532 111 101.135
12.517 100 91.2517
12.6101 111 101.161
12.3051 110 100.231
12.6166 97 88.5617
13.2042 85 77.8204
14.5177 88 80.6518
12.2954 85 77.7295
13.1689 116 105.717
13.2974 103 94.0297
13.3841 124 112.938
13.1785 95 86.8179
11.5568 114 103.756
13.368 87 79.6368
13.0212 125 113.802
11.3224 108 98.3322
12.3308 109 99.3331
12.0289 104 94.8029
13.0726 94 85.9073
13.5735 107 97.6573
12.0931 84 76.8093
13.93 103 94.093
12.8799 103 93.988
14.1997 72 66.22
12.5845 113 102.958
12.3147 112 102.031
12.912 96 87.6912
13.4419 80 73.3442
11.878 113 102.888
