13.4419 66 60.7442
13.4355 69 63.4435
12.2344 70 64.2234
11.4059 76 69.5406
11.3866 79 72.2387
11.3577 93 84.8358
11.2903 96 87.529
11.2453 101 92.0245
11.2261 114 103.723
12.3565 80 73.2356
11.8715 94 85.7872
13.3359 85 77.8336
14.4085 92 84.2408
12.0578 90 82.2058
12.0385 129 117.304
13.3873 116 105.739
12.2601 95 86.726
13.0918 92 84.1092
13.3744 78 71.5374
13.6121 90 82.3612
13.4868 106 96.7487
14.2961 92 84.2296
12.1285 126 114.613
12.061 142 129.006
11.9807 100 91.1981
12.6744 97 88.5674
13.4772 104 94.9477
13.5511 100 91.3551
13.3712 117 106.637
13.2909 80 73.3291
12.3147 94 85.8315
12.4785 130 118.248
13.5928 104 94.9593
11.7238 163 147.872
13.8818 81 74.2882
12.9698 112 102.097
12.5556 134 121.856
13.1015 99 90.4101
13.4579 81 74.2458
