14.9801 57 31.7881
12.729 61 32.0374
14.9801 58 32.1881
14.553 59 32.3318
12.729 62 32.4374
14.9801 59 32.5881
14.553 60 32.7318
12.729 63 32.8374
12.3019 64 32.9811
14.9801 60 32.9881
14.553 61 33.1318
12.7033 64 33.222
12.729 64 33.2374
12.3019 65 33.3811
12.1188 66 33.6713
12.3019 66 33.7811
12.1188 67 34.0713
12.3019 67 34.1811
12.1188 68 34.4713
12.0931 69 34.8559
12.1188 69 34.8713
12.0931 70 35.2559
12.0642 71 35.6385
12.0771 71 35.6462
12.0931 71 35.6559
12.0642 72 36.0385
11.8362 73 36.3017
11.9486 73 36.3692
12.0642 73 36.4385
11.8362 74 36.7017
11.9486 74 36.7692
11.6724 75 37.0035
11.8362 75 37.1017
11.6724 76 37.4035
11.6724 77 37.8035
11.6468 78 38.1881
11.6724 78 38.2035
11.6468 79 38.5881
11.6179 80 38.9707
11.6468 80 38.9881
11.6179 81 39.3707
11.5922 82 39.7553
11.6179 82 39.7707
11.5922 83 40.1553
11.6179 83 40.1707
11.5922 84 40.5553
11.5922 85 40.9553
11.5922 86 41.3553
11.5793 87 41.7476
11.5922 87 41.7553
11.5793 88 42.1476
11.5922 88 42.1553
11.5729 89 42.5437
11.5793 89 42.5476
11.5729 90 42.9437
11.5793 90 42.9476
11.5536 91 43.3322
11.5729 91 43.3437
11.5472 92 43.7283
11.5536 92 43.7322
11.5472 93 44.1283
11.5536 93 44.1322
11.5472 94 44.5283
11.5472 95 44.9283
11.5472 96 45.3283
11.5247 97 45.7148
11.5472 97 45.7283
11.5247 98 46.1148
11.5472 98 46.1283
11.5311 99 46.5187
12.4881 117 54.2929
12.1766 169 74.906
13.0951 121 56.257
13.4965 114 53.6979
11.589 118 54.1534
13.1818 104 49.5091
12.1381 105 49.2829
14.4984 121 57.099
14.3218 117 55.3931
12.8542 172 76.5125
12.0674 127 58.0405
12.6005 149 67.1603
13.2909 104 49.5746
11.9968 130 59.1981
13.4098 140 64.0459
13.5607 107 50.9364
13.2267 108 51.136
12.0482 124 56.8289
13.6924 101 48.6154
13.2877 105 49.9726
13.0726 126 58.2435
13.8048 160 72.2829
11.605 155 68.963
12.578 134 61.1468
12.456 128 58.6736
13.1561 142 64.6936
12.8927 157 70.5356
13.9493 107 51.1696
13.4451 131 60.4671
12.3725 131 59.8235
