13.6795 46 23.3757
13.824 46 23.4768
13.7116 47 23.6981
13.824 47 23.7768
13.6795 48 23.9757
13.7116 48 23.9981
13.6795 49 24.2757
13.6795 50 24.5757
13.6635 51 24.8644
13.6795 51 24.8757
13.6635 52 25.1644
13.6795 52 25.1757
13.6635 53 25.4644
13.6635 54 25.7644
13.0405 56 25.9283
13.6185 55 26.0329
13.6635 55 26.0644
13.0405 57 26.2283
13.6185 56 26.3329
13.6635 56 26.3644
13.0405 58 26.5283
13.6185 57 26.6329
12.7771 59 26.644
13.0148 59 26.8103
13.0405 59 26.8283
12.3019 61 26.9113
12.7771 60 26.944
13.0148 60 27.1103
12.3019 62 27.2113
12.7771 61 27.244
12.3019 63 27.5113
11.955 64 27.5685
12.2762 64 27.7933
12.3019 64 27.8113
11.955 65 27.8685
11.9294 66 28.1505
11.955 66 28.1685
11.8362 67 28.3854
11.9294 67 28.4505
11.955 67 28.4685
11.8362 68 28.6854
11.9294 68 28.7505
11.8362 69 28.9854
11.6724 70 29.1707
11.8362 70 29.2854
11.6724 71 29.4707
11.6724 72 29.7707
11.6468 73 30.0527
11.6724 73 30.0707
11.6468 74 30.3527
11.6179 75 30.6325
11.6468 75 30.6527
11.6179 76 30.9325
11.6179 77 31.2325
11.5922 78 31.5145
11.6179 78 31.5325
11.5922 79 31.8145
11.5922 80 32.1145
11.5922 81 32.4145
11.5729 82 32.701
11.5922 82 32.7145
11.5729 83 33.001
11.5922 83 33.0145
11.5729 84 33.301
11.5472 85 33.583
11.5729 85 33.601
11.5472 86 33.883
11.5729 86 33.901
11.5472 87 34.183
11.5472 88 34.483
13.5318 91 36.7723
12.5556 107 40.8889
13.4226 132 48.9958
12.0739 123 45.3517
12.045 127 46.5315
12.8799 108 41.4159
12.4656 145 52.2259
13.8593 100 39.7015
13.6538 152 55.1577
12.2954 148 53.0068
12.3243 181 62.927
14.6686 108 42.668
12.6101 105 40.3271
13.6859 132 49.1802
13.8048 111 42.9633
12.5331 139 50.4732
13.3102 106 41.1171
13.2042 136 50.043
13.3166 110 42.3216
12.4335 95 37.2035
11.8009 154 54.4606
13.1818 114 43.4272
11.5536 159 55.7875
12.8863 121 45.3204
12.5363 121 45.0754
12.3147 139 50.3203
12.9184 158 56.4429
14.1837 118 45.3286
11.5697 182 62.6988
12.228 128 46.9596
