13.4419 66 60.7442
12.6455 67 61.5645
12.6134 69 63.3613
12.2344 70 64.2234
11.4605 73 66.846
11.2903 75 68.629
11.2646 83 75.8265
11.255 85 77.6255
11.2453 101 92.0245
11.2261 104 94.7226
11.027 113 102.803
12.9538 104 94.8954
12.4303 97 88.543
12.745 92 84.0745
12.7418 86 78.6742
11.7527 88 80.3753
13.4387 94 85.9439
13.5157 87 79.6516
12.7771 89 81.3777
13.2203 123 112.022
11.5472 100 91.1547
13.0629 76 69.7063
12.1477 104 94.8148
14.0071 95 86.9007
11.711 130 118.171
12.3308 95 86.7331
11.3577 96 87.5358
13.2877 87 79.6288
14.0713 88 80.6071
13.5093 102 93.1509
13.6795 138 125.568
13.5735 98 89.5574
12.3757 90 82.2376
12.2858 93 84.9286
11.6692 104 94.7669
12.1991 108 98.4199
13.2139 99 90.4214
13.5896 110 100.359
13.3166 114 103.932
11.2678 133 120.827
11.6596 95 86.666
