13.4419 66 60.7442
13.4355 69 63.4435
12.2344 70 64.2234
12.1349 77 70.5135
11.4155 78 71.3416
11.9583 79 72.2958
11.4123 85 77.6412
11.7174 85 77.6717
11.4541 86 78.5454
11.4252 88 80.3425
11.3931 90 82.1393
11.3577 93 84.8358
11.3481 98 89.3348
13.7951 79 72.4795
13.702 101 92.2702
12.7418 96 87.6742
12.1606 95 86.7161
12.2633 99 90.3263
13.4162 96 87.7416
13.0918 91 83.2092
14.5787 102 93.2579
13.3198 91 83.232
15.1503 86 78.915
12.3211 100 91.2321
12.6744 139 126.367
14.5851 96 87.8585
12.0674 77 70.5067
13.7084 98 89.5708
13.4547 86 78.7455
12.7964 118 107.48
12.0385 98 89.4039
12.3179 143 129.932
13.1464 120 109.315
12.4335 101 92.1433
13.6474 82 75.1647
12.1445 114 103.814
14.1355 81 74.3136
12.9827 98 89.4983
12.5973 97 88.5597
12.8863 95 86.7886
11.7559 122 110.976
13.1015 97 88.6101
14.1355 101 92.3135
