12.3019 58 30.5811
14.553 55 30.7318
12.3019 59 30.9811
14.553 56 31.1318
12.3019 60 31.3811
14.5273 57 31.5164
14.553 57 31.5318
12.2762 61 31.7657
12.3019 61 31.7811
14.5273 58 31.9164
14.553 58 31.9318
12.2473 62 32.1484
12.2762 62 32.1657
14.5273 59 32.3164
12.1188 63 32.4713
12.2473 63 32.5484
12.2762 63 32.5657
12.1188 64 32.8713
12.2473 64 32.9484
12.1188 65 33.2713
11.8362 66 33.5017
12.0931 66 33.6559
12.1188 66 33.6713
11.8362 67 33.9017
11.8362 68 34.3017
11.6724 69 34.6035
11.8105 69 34.6863
11.8362 69 34.7017
11.6724 70 35.0035
11.8105 70 35.0863
11.8362 70 35.1017
11.6724 71 35.4035
11.6468 72 35.7881
11.6724 72 35.8035
11.6468 73 36.1881
11.6179 74 36.5707
11.6468 74 36.5881
11.6179 75 36.9707
11.6179 76 37.3707
11.5922 77 37.7553
11.6179 77 37.7707
11.5922 78 38.1553
11.5922 79 38.5553
11.5922 80 38.9553
11.5922 81 39.3553
11.5729 82 39.7437
11.5922 82 39.7553
11.5729 83 40.1437
11.5922 83 40.1553
11.5472 84 40.5283
11.5729 84 40.5437
11.5472 85 40.9283
11.5472 86 41.3283
11.5472 87 41.7283
11.5472 88 42.1283
11.5472 89 42.5283
11.5472 90 42.9283
11.5472 91 43.3283
11.5408 92 43.7245
11.5472 92 43.7283
11.5408 93 44.1245
11.5408 94 44.5245
11.5408 95 44.9245
11.5408 96 45.3245
11.5408 97 45.7245
11.5408 98 46.1245
11.5408 99 46.5245
11.5408 100 46.9245
11.5408 101 47.3245
11.5408 104 48.5245
12.2697 142 64.1618
13.0083 167 74.605
13.079 116 54.2474
13.0918 115 53.8551
13.0083 141 64.205
12.4239 147 66.2543
13.246 155 69.9476
14.3346 112 53.4008
12.5427 165 73.5256
12.4239 116 53.8543
12.4881 156 69.8929
12.1959 124 56.9175
12.3821 111 51.8293
12.4689 146 65.8813
12.578 160 71.5468
12.851 127 58.5106
13.5671 155 70.1403
13.0116 144 65.4069
13.307 151 68.3842
12.9602 156 70.1761
13.474 118 55.2844
14.6654 95 46.7992
11.9518 140 63.1711
12.4656 192 84.2794
13.2813 115 53.9688
13.5222 109 51.7133
11.5022 135 60.9013
12.0417 196 85.6251
11.8202 165 73.0921
12.4785 117 54.2871
