14.9801 55 38.992
14.9801 56 39.592
14.553 57 40.0212
14.9801 57 40.192
14.553 58 40.6212
14.9544 58 40.7818
14.553 59 41.2212
14.553 60 41.8212
13.8048 61 42.1219
14.5273 61 42.4109
14.553 61 42.4212
13.262 62 42.5048
13.8048 62 42.7219
13.262 63 43.1048
12.8349 64 43.534
13.262 64 43.7048
12.8349 65 44.134
12.8349 66 44.734
12.1381 67 45.0552
12.8092 67 45.3237
12.8349 67 45.334
12.1381 68 45.6552
12.5716 68 45.8286
12.8092 68 45.9237
12.1381 69 46.2552
11.9486 70 46.7794
12.1124 70 46.845
12.1381 70 46.8552
11.9486 71 47.3794
12.1124 71 47.445
12.1381 71 47.4552
11.8362 72 47.9345
11.9486 72 47.9794
11.6724 73 48.469
11.8362 73 48.5345
11.6724 74 49.069
11.8362 74 49.1345
11.6724 75 49.669
11.6468 76 50.2587
11.6724 76 50.269
11.6179 77 50.8471
11.6468 77 50.8587
11.6724 77 50.869
11.6179 78 51.4471
11.6468 78 51.4587
11.5922 79 52.0369
11.6179 79 52.0471
11.5922 80 52.6369
11.6179 80 52.6471
11.5922 81 53.2369
11.5922 82 53.8369
11.5922 83 54.4369
11.5922 84 55.0369
11.5922 85 55.6369
11.5922 86 56.2369
11.5729 87 56.8292
11.5857 87 56.8343
11.5922 87 56.8369
11.5729 88 57.4292
11.5857 88 57.4343
11.5729 89 58.0292
11.5311 90 58.6125
11.5472 90 58.6189
11.5729 90 58.6292
11.5215 91 59.2086
11.5311 91 59.2125
11.5472 91 59.2189
11.5215 92 59.8086
11.4926 93 60.397
11.5215 93 60.4086
14.6461 112 73.0584
13.5543 115 74.4217
12.2312 131 83.4925
12.6455 152 96.2582
11.8234 124 79.1294
13.5671 122 78.6269
12.0771 122 78.0308
11.9775 130 82.791
12.5748 120 77.0299
12.0835 139 88.2334
12.0867 118 75.6347
12.6069 138 87.8428
13.4194 142 90.5678
12.8703 118 75.9481
13.6153 143 91.2461
13.5832 152 96.6333
12.5106 131 83.6042
13.2107 104 67.6843
12.6134 99 64.4453
13.4515 134 85.7806
12.7193 114 73.4877
13.5703 141 90.0281
14.2929 98 64.5172
13.0308 146 92.8123
13.0758 126 80.8303
12.2762 124 79.3105
13.5222 108 70.2089
12.4014 135 85.9606
12.5138 99 64.4055
13.2396 128 82.0958
