13.4419 66 60.7442
12.6455 67 61.5645
12.6134 69 63.3613
12.2344 70 64.2234
11.4605 73 66.846
11.2903 75 68.629
11.4059 76 69.5406
11.2646 83 75.8265
11.255 85 77.6255
11.2453 101 92.0245
11.2261 104 94.7226
11.027 113 102.803
12.4207 98 89.4421
12.5395 97 88.5539
12.623 124 112.862
13.0244 89 81.4024
13.2653 86 78.7265
13.4547 91 83.2455
13.2524 97 88.6252
13.6635 104 94.9663
13.2203 102 93.122
13.124 77 70.6124
12.6712 115 104.767
13.8144 113 103.081
13.6217 131 119.262
13.2813 82 75.1281
11.8041 85 77.6804
13.1368 135 122.814
13.413 83 76.0413
12.9473 96 87.6947
13.262 104 94.9262
11.4701 119 108.247
12.3629 104 94.8363
12.2248 83 75.9225
12.9249 94 85.8925
12.8414 115 104.784
11.9711 85 77.6971
13.5543 99 90.4554
14.0263 121 110.303
13.3873 89 81.4387
13.1015 99 90.4101
12.0931 129 117.309
