13.8048 71 48.1219
13.8048 72 48.7219
12.8478 73 48.9391
13.3776 73 49.1511
12.2505 74 49.3002
12.8478 74 49.5391
12.1188 75 49.8475
12.2505 75 49.9002
12.8478 75 50.1391
11.9486 76 50.3794
12.1188 76 50.4475
12.2505 76 50.5002
11.8362 77 50.9345
11.9486 77 50.9794
11.6724 78 51.469
11.7848 78 51.5139
11.8362 78 51.5345
11.9486 78 51.5795
11.7848 79 52.1139
11.8362 79 52.1345
11.6468 81 53.2587
11.6724 81 53.269
11.7848 81 53.3139
11.6468 82 53.8587
11.6724 82 53.869
11.7816 82 53.9127
11.7848 82 53.9139
11.6179 83 54.4471
11.6468 83 54.4587
11.6724 83 54.469
11.6179 84 55.0471
11.5922 85 55.6369
11.6179 85 55.6471
11.5922 86 56.2369
11.6179 86 56.2471
11.5922 87 56.8369
11.5922 88 57.4369
11.5922 89 58.0369
11.5922 90 58.6369
11.5922 91 59.2369
11.5793 92 59.8317
11.5922 92 59.8369
11.5922 93 60.4369
11.5536 94 61.0215
11.5922 94 61.0369
11.5536 95 61.6215
11.5922 95 61.6369
11.5536 96 62.2215
11.5536 97 62.8215
11.5472 98 63.4189
11.5536 98 63.4215
11.5472 99 64.0189
11.5536 99 64.0215
11.5472 100 64.6189
11.5472 101 65.2189
11.5311 102 65.8125
11.5472 102 65.8189
11.5472 103 66.4189
11.4926 104 66.997
11.5215 104 67.0086
11.5472 104 67.0189
11.483 105 67.5932
11.483 106 68.1932
11.4733 107 68.7893
11.483 107 68.7932
11.4509 108 69.3803
11.4733 108 69.3893
11.4412 109 69.9765
11.4509 109 69.9803
11.4733 109 69.9893
13.0469 129 82.6188
12.501 151 95.6004
13.4676 129 82.787
13.5061 159 100.802
13.3905 155 98.3562
12.1927 108 69.6771
11.8844 134 85.1538
12.578 106 68.6312
13.2877 97 63.5151
11.8298 153 96.5319
13.2813 118 76.1125
14.447 139 89.1788
13.0437 134 85.6175
12.1285 174 109.251
11.8587 143 90.5435
12.639 119 76.4556
12.2601 168 105.704
13.7855 124 79.9142
12.6134 121 77.6453
12.5267 142 90.2107
13.9268 146 93.1707
12 115 73.8
12.6487 113 72.8595
13.4515 116 74.9806
12.896 122 78.3584
12.639 112 72.2556
12.7964 103 66.9186
13.2942 90 59.3177
13.4066 125 80.3626
13.0051 119 76.6021
