14.9801 54 38.392
14.553 55 38.8212
14.9801 55 38.992
14.553 56 39.4212
14.553 57 40.0212
14.2897 58 40.5159
14.5273 58 40.6109
14.553 58 40.6212
13.8048 59 40.9219
14.2897 59 41.1159
14.5273 59 41.2109
13.8048 60 41.5219
14.2897 60 41.7159
12.8349 61 41.734
13.262 61 41.9048
13.3776 61 41.9511
13.8048 61 42.1219
12.8349 62 42.334
12.8349 63 42.934
12.8092 64 43.5237
12.8349 64 43.534
12.1381 65 43.8552
12.8092 65 44.1237
12.1381 66 44.4552
12.7803 66 44.7121
12.8092 66 44.7237
11.8362 67 44.9345
12.1381 67 45.0552
11.8362 68 45.5345
12.1381 68 45.6552
11.6724 69 46.069
11.8362 69 46.1345
11.6724 70 46.669
11.6724 71 47.269
11.6468 72 47.8587
11.6724 72 47.869
11.6468 73 48.4587
11.6724 73 48.469
11.6179 74 49.0471
11.6468 74 49.0587
11.6179 75 49.6471
11.6468 75 49.6587
11.6179 76 50.2471
11.6179 77 50.8471
11.5922 78 51.4369
11.6179 78 51.4471
11.5922 79 52.0369
11.5922 80 52.6369
11.5922 81 53.2369
11.5922 82 53.8369
11.5922 83 54.4369
11.5729 84 55.0292
11.5922 84 55.0369
11.5729 85 55.6292
11.5729 86 56.2292
11.5472 87 56.8189
11.5729 87 56.8292
11.5215 88 57.4086
11.5472 88 57.4189
11.5215 89 58.0086
11.5472 89 58.0189
11.5215 90 58.6086
11.5151 91 59.206
11.5215 91 59.2086
11.5151 92 59.806
11.5215 92 59.8086
11.5215 94 61.0086
11.5087 95 61.6035
11.5087 97 62.8035
11.5087 103 66.4035
13.1464 115 74.2586
12.729 111 71.6916
13.124 109 70.6496
13.2203 99 64.6881
12.2794 129 82.3118
13.885 113 73.354
12.9698 172 108.388
12.456 110 70.9824
12.8221 150 95.1288
12.5716 118 75.8287
12.8382 117 75.3353
14.4213 143 91.5685
13.2139 104 67.6855
12.8638 168 105.946
12.4399 103 66.776
14.0263 92 60.8105
12.6455 123 78.8582
12.7001 142 90.28
12.3918 144 91.3567
12.9313 90 59.1725
13.3873 101 65.9549
12.5491 126 80.6197
12.3532 104 67.3413
13.0662 144 91.6265
13.824 122 78.7296
13.0983 154 97.6393
12.289 131 83.5156
13.4515 149 94.7806
12.1606 180 112.864
14.28 150 95.712
