15.4522 39 34.2904
14.5819 40 34.9164
14.5883 40 34.9177
15.4522 40 35.0904
14.5819 41 35.7164
14.5883 41 35.7177
15.4522 41 35.8904
14.5819 42 36.5164
13.7084 43 37.1417
14.5819 43 37.3164
12.623 44 37.7246
12.623 45 38.5246
14.5819 45 38.9164
12.623 46 39.3246
12.6166 47 40.1233
12.623 47 40.1246
12.6134 48 40.9227
12.6166 48 40.9233
12.623 48 40.9246
12.6134 49 41.7227
12.6134 50 42.5227
12.3083 51 43.2617
12.4721 51 43.2944
12.6134 51 43.3227
12.3083 52 44.0617
12.4721 52 44.0944
12.6134 52 44.1227
11.5247 53 44.7049
11.5311 53 44.7062
11.8876 53 44.7775
12.3083 53 44.8617
11.5247 54 45.5049
11.5247 55 46.3049
11.5247 56 47.1049
11.5247 57 47.9049
11.5151 58 48.703
11.5215 58 48.7043
11.5247 58 48.7049
11.5151 59 49.503
11.5215 59 49.5043
11.5247 59 49.5049
11.5151 60 50.303
11.4252 61 51.085
11.4637 61 51.0927
11.4701 61 51.094
11.5151 61 51.103
11.4252 62 51.885
11.4252 63 52.685
11.4252 64 53.485
11.4252 65 54.285
11.4155 66 55.0831
11.4252 66 55.085
11.4155 67 55.8831
11.4252 67 55.885
11.3642 68 56.6728
11.4155 68 56.6831
11.3642 69 57.4728
11.4155 69 57.4831
11.3642 70 58.2728
11.3642 71 59.0728
11.3642 72 59.8728
11.3545 73 60.6709
11.3642 73 60.6728
11.3545 74 61.4709
11.332 75 62.2664
11.3545 75 62.2709
11.332 76 63.0664
11.3545 76 63.0709
11.332 80 66.2664
11.3224 81 67.0645
13.9364 84 69.9873
12.8992 112 92.1798
14.8966 137 112.579
12.0739 152 124.015
12.4496 178 144.89
12.6005 116 95.3201
13.262 138 113.052
11.9711 168 136.794
13.3584 82 68.2717
12.7258 132 108.145
12.668 122 100.134
12.4785 132 108.096
12.9827 114 93.7965
12.9923 107 88.1985
11.894 132 107.979
13.3969 138 113.079
12.1285 143 116.826
11.7238 135 110.345
13.3841 128 105.077
13.6891 110 90.7378
13.0662 109 89.8132
13.1946 152 124.239
14.0071 116 95.6014
13.0083 123 101.002
12.3468 105 86.4694
13.2813 106 87.4563
13.9878 107 88.3976
12.8671 110 90.5734
11.6114 172 139.922
13.5864 114 93.9173
