13.4419 66 39.7209
13.0116 67 40.0058
12.5941 68 40.297
12.5331 69 40.7665
12.2344 70 41.1172
12.2312 72 42.1156
11.9872 74 42.9936
11.3995 75 43.1997
11.2871 80 45.6435
11.1715 84 47.5857
11.2453 87 49.1227
11.1747 89 50.0873
11.1683 92 51.5841
11.1329 95 53.0665
11.1169 99 55.0584
11.1683 102 56.5841
11.0013 105 58.0006
10.9467 110 60.4733
10.8889 113 61.9444
10.8343 118 64.4171
13.1143 96 54.5572
12.4881 91 51.7441
13.4483 78 45.7241
13.0854 117 65.0427
14.0071 84 49.0035
13.1785 100 56.5893
13.3776 115 64.1888
12.5427 84 48.2714
13.3327 94 53.6663
13.6731 97 55.3365
12.9441 120 66.4721
13.1143 98 55.5572
13.6859 74 43.843
13.0822 96 54.5411
11.7174 117 64.3587
12.9345 99 55.9672
12.668 100 56.334
13.3166 94 53.6583
13.307 117 65.1535
13.4836 90 51.7418
12.7418 105 58.8709
12.9377 114 63.4688
13.3616 105 59.1808
12.7579 86 49.3789
13.3776 136 74.6888
11.9197 121 66.4599
13.5735 92 52.7868
12.7033 114 63.3516
11.5087 117 64.2543
12.6583 86 49.3292
