13.4419 66 39.7209
12.2344 70 41.1172
13.4355 69 41.2177
11.9872 74 42.9936
11.9261 76 43.9631
11.8202 84 47.9101
11.7174 85 48.3587
11.4541 86 48.727
11.4252 88 49.7126
11.3577 93 52.1789
11.3481 98 54.6741
11.3031 104 57.6516
11.2935 109 60.1468
12.3789 116 64.1895
12.4207 83 47.7103
13.6891 102 57.8446
13.5543 129 71.2771
12.5234 90 51.2617
12.3211 95 53.6606
13.2974 104 58.6487
12.8863 82 47.4432
12.5234 84 48.2617
12.9762 145 78.9881
12.6294 71 41.8147
13.034 89 51.017
12.9794 92 52.4897
12.0899 118 65.045
12.3404 88 50.1702
12.3757 108 60.1879
12.6069 105 58.8035
13.4708 105 59.2354
13.4451 91 52.2225
11.8105 121 66.4053
12.9538 97 54.9769
12.2954 98 55.1477
12.2794 79 45.6397
11.5761 83 47.2881
12.4496 114 63.2248
13.0019 109 61.001
12.1863 113 62.5931
11.9518 119 65.4759
12.7193 89 50.8597
12.6744 133 72.8372
