12.3019 58 30.5811
14.553 55 30.7318
12.3019 59 30.9811
14.553 56 31.1318
12.3019 60 31.3811
14.5273 57 31.5164
14.553 57 31.5318
12.2762 61 31.7657
12.3019 61 31.7811
14.5273 58 31.9164
12.2762 62 32.1657
12.3019 62 32.1811
14.5273 59 32.3164
12.1188 63 32.4713
12.2473 63 32.5484
12.2762 63 32.5657
12.1188 64 32.8713
12.2473 64 32.9484
12.1188 65 33.2713
12.0931 66 33.6559
12.1188 66 33.6713
12.2216 66 33.7329
11.8362 67 33.9017
12.0771 67 34.0462
12.0931 67 34.0559
11.8362 68 34.3017
11.9486 68 34.3692
12.0642 68 34.4385
12.0771 68 34.4462
11.8362 69 34.7017
11.6724 70 35.0035
11.8362 70 35.1017
11.6724 71 35.4035
11.8105 71 35.4863
11.6724 72 35.8035
11.6468 73 36.1881
11.6724 73 36.2035
11.6179 74 36.5707
11.6468 74 36.5881
11.6724 74 36.6035
11.6179 75 36.9707
11.6468 75 36.9881
11.6179 76 37.3707
11.5922 77 37.7553
11.6179 77 37.7707
11.5922 78 38.1553
11.6179 78 38.1707
11.5922 79 38.5553
11.5922 80 38.9553
11.5922 81 39.3553
11.5922 82 39.7553
11.5729 83 40.1437
11.5922 83 40.1553
11.5729 84 40.5437
11.5793 84 40.5476
11.5922 84 40.5553
11.5472 85 40.9283
11.5729 85 40.9437
11.5472 86 41.3283
11.5729 86 41.3437
11.5472 87 41.7283
11.5472 88 42.1283
11.5472 89 42.5283
11.5472 90 42.9283
11.5472 91 43.3283
11.5408 92 43.7245
11.5472 92 43.7283
11.5408 93 44.1245
11.5408 94 44.5245
11.5408 95 44.9245
13.2717 141 64.363
13.7887 129 59.8732
12.623 118 54.7738
12.395 121 55.837
12.6455 125 57.5873
13.5222 116 54.5133
13.1593 136 62.2956
12.9666 109 51.38
12.8189 114 53.2913
13.6988 92 45.0193
11.878 141 63.5268
12.9216 132 60.553
13.2877 118 55.1726
13.3231 94 45.5938
12.8092 125 57.6856
13.2299 136 62.338
12.8349 141 64.101
12.0835 110 51.2501
12.2216 150 67.3329
13.2107 138 63.1264
13.3038 121 56.3823
13.1818 117 54.7091
13.2107 124 57.5264
13.2492 116 54.3495
13.1368 143 65.0821
12.6037 116 53.9622
12.9345 165 73.7607
12.9345 138 62.9607
12.289 119 54.9734
12.6005 136 61.9603
