12.8767 43 18.9013
12.8767 44 19.1013
12.8767 45 19.3013
12.8382 46 19.4705
12.6262 47 19.501
12.8767 46 19.5013
12.4881 48 19.5905
12.8382 47 19.6705
12.6262 48 19.701
12.4881 49 19.7905
12.6262 49 19.901
12.4881 50 19.9905
12.4496 51 20.1597
12.4785 51 20.1828
12.4881 51 20.1905
12.4496 52 20.3597
12.4785 52 20.3828
12.4496 53 20.5597
12.4399 54 20.752
12.4496 54 20.7597
12.4399 55 20.952
12.4496 55 20.9597
12.4399 56 21.152
12.4399 57 21.352
12.4399 58 21.552
12.4399 59 21.752
12.4399 60 21.952
12.4399 61 22.152
12.4399 62 22.352
12.1381 64 22.5105
12.4399 63 22.552
11.8362 66 22.669
12.1381 65 22.7105
12.4399 64 22.752
11.8362 67 22.869
12.1381 66 22.9105
12.4399 65 22.952
11.8362 68 23.069
12.1381 67 23.1105
11.6724 69 23.138
11.8105 69 23.2484
11.8362 69 23.269
11.6724 70 23.338
11.8105 70 23.4484
11.6724 71 23.538
11.6468 72 23.7174
11.6724 72 23.738
11.6468 73 23.9174
11.6179 74 24.0943
11.6468 74 24.1174
11.6179 75 24.2943
11.6468 75 24.3174
11.6179 76 24.4943
11.5922 77 24.6737
11.6179 77 24.6943
11.5922 78 24.8737
11.6179 78 24.8943
11.5922 79 25.0737
11.5922 80 25.2737
11.5922 81 25.4737
11.5922 82 25.6737
11.5729 83 25.8583
11.5922 83 25.8737
11.5729 84 26.0583
11.5729 85 26.2583
11.5472 86 26.4378
11.5729 86 26.4583
11.5472 87 26.6378
11.5472 88 26.8378
11.5472 92 27.6378
13.6185 147 40.2948
13.535 100 30.828
11.7559 141 37.6048
13.3423 103 31.2739
13.5992 134 37.6794
12.2665 140 37.8132
12.5941 139 37.8753
12.6519 155 41.1215
13.7309 126 36.1847
12.7001 122 34.5601
12.4335 121 34.1468
12.0193 182 46.0154
13.0918 146 39.6735
13.2267 135 37.5814
12.3308 138 37.4646
12.8992 137 37.7193
12.9216 114 33.1373
13.4033 125 35.7227
13.2235 100 30.5788
13.7341 133 37.5873
12.1349 136 36.9079
12.729 121 34.3832
12.5138 159 41.811
12.8831 158 41.9065
12.8189 122 34.6551
12.2697 146 39.0158
12.9923 153 40.9938
13.5575 109 32.646
12.35 153 40.48
13.1914 157 41.9531
