13.9043 69 30.433
13.8176 70 30.6723
12.8221 73 30.8755
12.8221 74 31.1755
13.7855 72 31.2498
13.8176 72 31.2723
12.8221 75 31.4755
13.8176 73 31.5723
13.5575 74 31.6902
13.5832 74 31.7082
12.8221 76 31.7755
12.4432 77 31.8102
13.7919 74 31.8543
13.8176 74 31.8723
12.8221 77 32.0755
12.4432 78 32.1102
11.7848 80 32.2494
12.4432 79 32.4102
11.7848 81 32.5494
12.4175 80 32.6922
12.4432 80 32.7102
11.6724 82 32.7707
11.7848 82 32.8494
12.4175 81 32.9922
12.4432 81 33.0102
11.6724 83 33.0707
11.7848 83 33.1494
11.6468 84 33.3527
11.6724 84 33.3707
11.6468 85 33.6527
11.6724 85 33.6707
11.6179 86 33.9325
11.6468 86 33.9527
11.6179 87 34.2325
11.6468 87 34.2527
11.6179 88 34.5325
11.6179 89 34.8325
11.6179 90 35.1325
11.5922 91 35.4145
11.6179 91 35.4325
11.5922 92 35.7145
11.6179 92 35.7325
11.5922 93 36.0145
11.5922 94 36.3145
11.5922 95 36.6145
11.5922 96 36.9145
11.5922 97 37.2145
11.5922 98 37.5145
11.5922 99 37.8145
11.5729 100 38.101
11.5922 100 38.1145
11.5729 101 38.401
11.5922 101 38.4145
11.5729 102 38.701
11.5472 103 38.983
11.5729 103 39.001
11.5472 104 39.283
11.5472 105 39.583
11.5472 106 39.883
11.5472 107 40.183
11.5472 108 40.483
11.5472 109 40.783
11.5408 111 41.3786
11.5472 111 41.383
11.5408 112 41.6786
11.5472 112 41.683
11.5408 113 41.9785
11.5472 113 41.983
11.5408 114 42.2785
11.5408 115 42.5785
11.7688 138 49.6382
13.4547 109 42.1183
13.018 105 40.6126
12.668 153 54.7676
12.2697 142 51.1888
13.3552 146 53.1486
12.851 147 53.0957
12.4175 146 52.4922
12.5427 116 43.5799
13.5029 130 48.452
12.4464 113 42.6125
12.6519 113 42.7563
14.7714 154 56.5399
13.1336 117 44.2935
12.456 133 48.6192
12.623 98 38.2361
13.2267 114 43.4587
12.8606 137 50.1024
13.8593 94 37.9015
12.6166 115 43.3316
13.352 124 46.5464
13.2524 149 53.9767
12.1317 152 54.0922
12.2826 183 63.4978
13.3712 104 40.5599
11.939 110 41.3573
13.4322 120 45.4026
12.289 141 50.9023
13.824 130 48.6768
12.2055 154 54.7439
