13.6795 42 22.1757
13.7116 42 22.1981
13.7983 42 22.2588
13.6699 43 22.4689
13.6795 43 22.4757
13.7116 43 22.4981
13.0951 45 22.6665
13.6699 44 22.7689
13.6795 44 22.7757
13.0951 46 22.9665
13.6699 45 23.0689
13.0951 47 23.2665
13.6699 46 23.3689
13.0565 48 23.5396
13.0951 48 23.5665
12.806 49 23.6642
13.0565 49 23.8396
12.806 50 23.9642
12.806 51 24.2642
12.6423 52 24.4496
12.7675 52 24.5373
12.806 52 24.5642
12.6423 53 24.7496
12.7675 53 24.8373
12.6423 54 25.0496
12.6423 55 25.3496
12.6037 56 25.6226
12.6423 56 25.6496
12.6037 57 25.9226
12.6037 58 26.2226
12.3019 59 26.3113
12.6037 59 26.5226
12.3019 60 26.6113
12.3019 61 26.9113
11.955 62 26.9685
12.3019 62 27.2113
11.955 63 27.2685
11.955 64 27.5685
11.9294 65 27.8505
11.955 65 27.8685
11.8362 66 28.0854
11.9294 66 28.1505
11.8362 67 28.3854
11.9294 67 28.4505
11.8362 68 28.6854
11.6724 69 28.8707
11.8105 69 28.9674
11.8362 69 28.9854
11.6724 70 29.1707
11.6724 71 29.4707
11.6468 72 29.7527
11.6724 72 29.7707
11.6468 73 30.0527
11.6724 73 30.0707
11.6179 74 30.3325
11.6468 74 30.3527
11.6179 75 30.6325
11.6468 75 30.6527
11.6179 76 30.9325
11.5922 77 31.2145
11.6179 77 31.2325
11.5922 78 31.5145
11.5922 79 31.8145
11.5922 80 32.1145
11.5922 87 34.2145
11.5857 88 34.51
11.5922 125 45.6145
11.5601 127 46.192
11.4894 163 56.9426
11.4573 166 57.8201
11.4444 143 50.9111
12.7418 104 40.1193
13.596 138 50.9172
11.5087 165 57.5561
13.3038 108 41.7127
13.4515 128 47.8161
11.361 183 62.8527
11.5986 150 53.119
12.79 133 48.853
12.8703 113 42.9092
11.5055 167 58.1538
12.8735 135 49.5114
12.2922 127 46.7046
12.4078 142 51.2855
13.0565 100 39.1396
12.7547 150 53.9283
12.7964 151 54.2575
11.8812 163 57.2168
12.5331 137 49.8732
12.5845 138 50.2091
13.0886 156 55.962
12.1895 157 55.6326
12.045 109 41.1315
13.4547 88 35.8183
11.9518 135 48.8663
13.7887 102 40.2521
12.5812 168 59.2069
13.1946 122 45.8362
14.0745 109 42.5522
12.273 114 42.7911
