13.4419 66 39.7209
12.2344 70 41.1172
13.4355 69 41.2177
12.1349 77 44.5674
11.9583 79 45.4791
11.7174 85 48.3587
11.4541 86 48.727
11.4252 88 49.7126
11.3577 93 52.1789
11.3481 98 54.6741
12.3468 97 54.6734
13.2588 82 47.6294
12.9955 83 47.9978
13.3776 86 49.6888
11.8137 96 53.9069
12.5877 103 57.7938
13.641 78 45.8205
12.8992 103 57.9496
13.018 115 64.009
13.1207 93 53.0604
12.3083 100 56.1541
15.0347 81 48.0173
12.7161 121 66.8581
12.7675 98 55.3838
13.4451 106 59.7225
12.4143 102 57.2071
13.7887 93 53.3943
13.718 93 53.359
12.4721 94 53.236
12.1156 107 59.5578
12.1317 152 82.0658
12.4753 95 53.7376
12.5427 101 56.7714
13.3552 104 58.6776
12.1285 101 56.5642
13.8915 87 50.4457
11.9775 120 65.9888
12.6872 121 66.8436
12.7803 130 71.3902
11.5568 110 60.7784
