11.6275 65 59.6628
11.6018 67 61.4602
11.7913 67 61.4791
11.6275 68 62.3627
11.6789 68 62.3679
11.8202 68 62.382
11.6339 71 65.0634
11.6789 71 65.0679
11.4605 73 66.846
11.2903 75 68.629
11.4059 76 69.5406
11.2646 83 75.8265
11.255 85 77.6255
11.2903 96 87.529
11.2453 101 92.0245
11.2261 104 94.7226
11.027 113 102.803
14.3603 94 86.036
13.3359 95 86.8336
12 118 107.4
12.6134 101 92.1613
13.7373 97 88.6737
13.3295 109 99.4329
12.1188 91 83.1119
13.5575 98 89.5557
14.5016 113 103.15
11.9037 107 97.4904
12.7803 110 100.278
14.1419 87 79.7142
13.4483 92 84.1448
13.3905 117 106.639
13.4451 99 90.4445
13.0083 99 90.4008
13.2171 115 104.822
12.0289 109 99.3029
13.4451 100 91.3445
13.1625 111 101.216
13.718 114 103.972
12.7771 84 76.8777
12.6615 127 115.566
13.5543 94 85.9554
13.6988 88 80.5699
12.1285 91 83.1128
12.5042 115 104.75
13.4001 111 101.24
12.045 99 90.3045
12.3468 122 111.035
