13.4419 66 60.7442
12.6455 67 61.5645
12.6134 69 63.3613
12.2344 70 64.2234
11.4605 73 66.846
11.2903 75 68.629
11.4059 76 69.5406
11.2646 83 75.8265
11.255 85 77.6255
11.2453 101 92.0245
11.2261 104 94.7226
11.027 113 102.803
14.0135 78 71.6013
12.1317 120 109.213
12.8446 100 91.2845
12.4817 98 89.4482
12.4207 101 92.1421
12.6969 98 89.4697
13.7341 110 100.373
14.6076 85 77.9608
13.2556 85 77.8256
13.3809 106 96.7381
11.6917 113 102.869
13.4772 94 85.9477
12.1252 110 100.213
12.2697 91 83.127
12.8414 96 87.6841
12.2248 105 95.7225
13.5992 103 94.0599
13.0886 77 70.6089
12.6551 110 100.266
12.1381 113 102.914
13.079 90 82.3079
12.6134 102 93.0613
12.4207 95 86.7421
13.2685 91 83.2268
14.2415 98 89.6241
12.7996 73 66.98
11.5055 99 90.2505
12.8414 103 93.9841
12.1156 110 100.212
13.1561 115 104.816
