12.8767 45 19.3013
12.8767 46 19.5013
12.6262 48 19.701
12.8767 47 19.7013
12.8382 48 19.8705
12.6262 49 19.901
12.8767 48 19.9013
12.8382 49 20.0705
12.6262 50 20.101
12.8767 49 20.1013
12.4881 51 20.1905
12.6262 51 20.301
12.4785 52 20.3828
12.4881 52 20.3905
12.4785 53 20.5828
12.4881 53 20.5905
12.4399 54 20.752
12.4496 54 20.7597
12.4785 54 20.7828
12.4399 55 20.952
12.4496 55 20.9597
12.4399 56 21.152
12.4399 57 21.352
12.4399 58 21.552
12.4399 59 21.752
12.4399 60 21.952
12.4399 61 22.152
12.4399 62 22.352
12.4399 63 22.552
12.1381 65 22.7105
12.4399 64 22.752
11.8362 67 22.869
12.1381 66 22.9105
12.4399 65 22.952
11.8362 68 23.069
12.1381 67 23.1105
12.4399 66 23.152
11.8362 69 23.269
12.1381 68 23.3105
11.8105 70 23.4484
11.8362 70 23.469
11.6724 71 23.538
11.8105 71 23.6484
11.8362 71 23.669
11.6724 72 23.738
11.7816 72 23.8253
11.8105 72 23.8484
11.6724 73 23.938
11.6724 74 24.138
11.6468 75 24.3174
11.6724 75 24.338
11.6179 76 24.4943
11.6468 76 24.5174
11.6179 77 24.6943
11.6468 77 24.7174
11.6179 78 24.8943
11.6179 79 25.0943
11.5922 80 25.2737
11.6179 80 25.2943
11.5922 81 25.4737
11.5922 82 25.6737
11.5922 83 25.8737
11.5922 84 26.0737
11.5922 85 26.2737
11.5922 86 26.4737
11.5922 87 26.6737
11.5922 88 26.8737
11.5857 89 27.0686
11.5922 89 27.0737
11.5729 90 27.2583
13.4322 140 38.7458
12.8606 142 38.6885
13.307 98 30.2456
13.018 140 38.4144
12.8606 128 35.8885
13.0373 156 41.6298
13.5735 118 34.4588
13.2139 112 32.9711
12.7386 155 41.1909
12.9602 95 29.3681
13.1304 134 37.3043
12.6808 115 33.1446
11.6018 170 43.2814
13.5478 102 31.2383
13.0116 134 37.2093
13.0276 135 37.4221
13.4322 115 33.7458
12.4913 149 39.7931
13.6506 106 32.1205
13.2235 119 34.3788
13.1336 114 33.3069
13.6281 110 32.9025
12.5588 115 33.047
12.6904 131 36.3523
13.6185 106 32.0948
12.3693 120 33.8954
12.1413 170 43.713
12.9923 147 39.7938
12.6198 180 46.0958
12.4721 99 29.7777
