11.4412 70 17.2971
11.711 68 17.3399
11.438 74 17.6942
11.4284 77 17.9855
11.711 75 18.0399
11.5119 77 18.0607
11.3674 80 18.2306
11.8812 76 18.2931
12.9634 67 18.3671
11.3064 82 18.3757
11.6403 79 18.3763
11.5504 80 18.3954
13.5703 66 18.8133
11.1747 89 18.9572
13.6121 69 19.1509
11.1683 92 19.2514
11.2261 92 19.3035
13.8304 69 19.3474
11.1362 94 19.4225
11.0751 96 19.5676
11.1779 100 20.0601
11.0238 106 20.5214
10.9724 120 21.8751
10.9338 125 22.3405
12.9859 111 22.7873
13.0533 93 21.048
13.8433 89 21.359
12.3982 96 20.7584
12.0225 105 21.3202
13.8369 91 21.5532
12.7033 106 22.0329
12.5588 87 20.0029
11.5954 103 20.7358
13.5864 123 24.5277
13.0854 101 21.8769
11.8908 98 20.5017
13.7823 93 21.704
13.8176 118 24.2358
13.1914 78 19.6723
12.7354 86 20.0618
12.7033 98 21.2329
13.657 95 21.7913
13.6988 129 25.2289
13.2396 102 22.1156
12.9152 115 23.1237
13.6121 84 20.6509
12.7996 81 19.6197
12.4335 118 22.9902
13.0822 117 23.474
11.939 107 21.4451
12.6583 81 19.4925
13.2685 104 22.3416
12.8895 102 21.8006
13.5832 118 24.0249
