13.4419 66 39.7209
12.2344 70 41.1172
13.4355 69 41.2177
11.9872 74 42.9936
11.3995 75 43.1997
11.2871 80 45.6435
11.1715 86 48.5857
11.1329 97 54.0665
14.6012 85 49.8006
13.8915 94 53.9457
13.2781 97 55.139
13.1978 78 45.5989
13.6506 78 45.8253
12.8574 85 48.9287
12.0867 104 58.0434
12.639 110 61.3195
13.5125 76 44.7563
12.7579 83 47.8789
11.3866 111 61.1933
12.6134 101 56.8067
13.7726 83 48.3863
11.9711 82 46.9855
12.0835 89 50.5417
11.9165 85 48.4583
13.2428 89 51.1214
12.3276 104 58.1638
13.1015 112 62.5507
12.2376 95 53.6188
13.2588 110 61.6294
13.413 86 49.7065
14.2672 124 69.1336
14.8709 97 55.9355
13.5093 95 54.2547
13.5382 94 53.7691
12.1638 80 46.0819
12.6198 113 62.8099
13.2974 77 45.1487
11.955 100 55.9775
