14.553 51 36.4212
14.553 52 37.0212
14.553 53 37.6212
14.5273 54 38.2109
14.553 54 38.2212
14.2897 55 38.7159
14.5273 55 38.8109
14.2897 56 39.3159
14.4984 56 39.3994
14.2897 57 39.9159
12.8349 58 39.934
14.4984 57 39.9994
13.8048 58 40.3219
14.264 58 40.5056
14.2897 58 40.5159
12.8349 59 40.534
13.8048 59 40.9219
14.264 59 41.1056
12.8349 60 41.134
12.8349 61 41.734
12.8092 62 42.3237
12.8349 62 42.334
12.5716 63 42.8286
12.8092 63 42.9237
12.8349 63 42.934
12.1381 64 43.2552
12.5716 64 43.4286
12.7803 64 43.5121
12.8092 64 43.5237
12.1381 65 43.8552
12.1381 66 44.4552
12.5459 66 44.6184
11.8362 67 44.9345
12.1124 67 45.045
12.1381 67 45.0552
11.8362 68 45.5345
11.6724 69 46.069
11.8362 69 46.1345
11.6724 70 46.669
11.8105 70 46.7242
11.8362 70 46.7345
11.6724 71 47.269
11.6468 72 47.8587
11.6724 72 47.869
11.6468 73 48.4587
11.6179 74 49.0471
11.6468 74 49.0587
11.6179 75 49.6471
11.6179 76 50.2471
11.5922 77 50.8369
11.6179 77 50.8471
11.5922 78 51.4369
11.5922 79 52.0369
11.5922 80 52.6369
11.5729 81 53.2292
11.5922 81 53.2369
11.5215 82 53.8086
11.5729 82 53.8292
11.5215 83 54.4086
11.5729 83 54.4292
11.5215 84 55.0086
11.5215 85 55.6086
11.5151 86 56.206
11.5215 86 56.2086
11.5151 87 56.806
11.5215 87 56.8086
11.5151 88 57.406
11.5087 89 58.0035
11.5151 89 58.006
11.5087 90 58.6035
11.9807 115 73.7923
12.3372 140 88.9349
13.0437 124 79.6175
12.6166 99 64.4466
12.806 100 65.1224
12.9441 155 98.1777
12.6872 130 83.0749
12.9923 146 92.7969
13.6281 99 64.8513
13.4515 127 81.5806
12.7771 138 87.9109
12.9152 113 72.9661
12.4785 128 81.7914
11.8619 141 89.3448
12.3597 163 102.744
12.7258 107 69.2903
12.2987 117 75.1195
11.6853 133 84.4741
12.5845 116 74.6338
12.8446 93 60.9378
13.8979 161 102.159
12.5331 124 79.4132
13.2909 138 88.1164
12.2987 155 97.9195
12.5106 139 88.4042
13.5157 126 81.0063
12.6647 123 78.8659
13.6538 103 67.2615
12.7964 97 63.3186
13.2845 121 77.9138
