12.8767 43 18.9013
12.8767 44 19.1013
12.8767 45 19.3013
12.7001 46 19.3601
12.8382 46 19.4705
12.6262 47 19.501
12.8767 46 19.5013
12.7001 47 19.5601
12.4881 48 19.5905
12.8382 47 19.6705
12.6262 48 19.701
12.4881 49 19.7905
12.6262 49 19.901
12.4881 50 19.9905
12.4496 51 20.1597
12.4785 51 20.1828
12.4881 51 20.1905
12.4496 52 20.3597
12.4785 52 20.3828
12.4881 52 20.3905
12.4496 53 20.5597
12.4399 54 20.752
12.4496 54 20.7597
12.4399 55 20.952
12.4496 55 20.9597
12.4399 56 21.152
12.4399 57 21.352
12.4496 57 21.3597
12.4399 58 21.552
12.4399 59 21.752
12.4399 60 21.952
12.4399 61 22.152
12.4399 62 22.352
12.1381 64 22.5105
12.4399 63 22.552
11.8362 66 22.669
12.1381 65 22.7105
12.4399 64 22.752
11.8362 67 22.869
12.1381 66 22.9105
12.4399 65 22.952
11.8362 68 23.069
12.1381 67 23.1105
11.6724 69 23.138
11.8105 69 23.2484
11.8362 69 23.269
11.6724 70 23.338
11.8105 70 23.4484
11.6724 71 23.538
11.8105 71 23.6484
11.6468 72 23.7174
11.6724 72 23.738
11.6468 73 23.9174
11.6179 74 24.0943
11.6468 74 24.1174
11.6179 75 24.2943
11.6179 76 24.4943
11.5922 77 24.6737
11.6179 77 24.6943
11.5922 78 24.8737
11.6179 78 24.8943
11.5922 79 25.0737
11.5922 80 25.2737
11.5922 81 25.4737
11.5922 82 25.6737
11.5729 83 25.8583
11.5922 83 25.8737
11.5729 84 26.0583
11.5922 84 26.0737
11.5472 85 26.2378
13.718 126 36.1744
13.1496 103 31.1197
12.1702 103 30.3362
11.1618 146 38.1295
12.9634 120 34.3707
12.896 130 36.3168
12.0578 122 34.0462
13.2813 127 36.025
12.3276 102 30.262
12.684 153 40.7472
13.6153 142 39.2922
11.9615 127 34.9692
11.727 161 41.5816
12.8703 136 37.4962
13.1914 121 34.7531
13.2717 166 43.8173
12.7322 156 41.3857
13.2877 127 36.0302
11.8105 132 35.8484
13.0148 140 38.4118
13.6827 124 35.7462
12.3597 100 29.8877
13.4258 130 36.7407
13.2813 122 35.025
13.1593 142 38.9274
12.2601 150 39.8081
12.4592 103 30.5674
13.3102 102 31.0482
13.3359 115 33.6687
13.2813 119 34.425
