11.4412 70 17.2971
11.438 74 17.6942
11.4412 75 17.7971
11.4284 77 17.9855
12.4978 69 18.148
12.6583 68 18.1925
11.4059 80 18.2653
12.9634 67 18.3671
11.3064 82 18.3757
11.4316 81 18.3884
12.4978 72 18.448
13.5703 66 18.8133
11.1747 89 18.9572
11.4316 87 18.9884
11.2261 92 19.3035
11.0751 96 19.5676
11.3128 94 19.5815
11.0238 106 20.5214
10.9338 125 22.3405
13.4515 81 20.2064
12.9024 112 22.8121
13.4547 92 21.3092
11.6564 105 20.9908
13.1753 87 20.5578
12.2762 99 20.9486
11.5536 129 23.2983
12.9441 106 22.2497
12.3436 101 21.2092
13.3006 99 21.8705
12.9377 87 20.3439
12.7482 102 21.6734
12.501 108 22.0509
11.6211 105 20.959
12.684 96 21.0156
11.7881 118 22.4092
12.4175 114 22.5757
12.3115 137 24.7803
11.6981 126 23.1283
11.3642 97 19.9277
11.5568 110 21.4012
13.6121 137 25.9509
12.9538 110 22.6584
13.2588 107 22.6329
13.1721 107 22.5549
12.6166 92 20.5549
13.2877 110 22.959
13.3937 109 22.9543
11.6468 95 19.9821
12.1766 110 21.959
