13.4419 66 39.7209
13.0116 67 40.0058
12.2344 70 41.1172
11.9872 74 42.9936
11.3995 75 43.1997
11.2871 80 45.6435
11.1715 84 47.5857
11.2453 87 49.1227
11.1683 92 51.5841
11.1329 95 53.0665
11.1169 99 55.0584
11.0013 105 58.0006
10.9467 110 60.4733
10.8889 113 61.9444
10.8343 118 64.4171
11.5857 112 61.7929
13.2235 118 65.6118
13.6153 122 67.8076
13.3809 122 67.6904
13.6956 93 53.3478
13.9942 81 47.4971
12.9955 91 51.9978
11.6853 104 57.8426
12.8125 101 56.9062
12.4335 123 67.7168
12.1445 111 61.5723
12.8703 101 56.9351
12.8735 110 61.4367
11.955 101 56.4775
14.3443 91 52.6721
13.1882 118 65.5941
11.5055 109 60.2527
13.0822 102 57.5411
11.5504 104 57.7752
11.9807 139 75.4904
11.7945 91 51.3972
11.9358 96 53.9679
12.729 106 59.3645
13.474 95 54.237
13.0051 109 61.0026
12.7482 125 68.8741
13.6956 113 63.3478
12.7707 92 52.3854
12.2858 112 62.1429
11.1265 126 68.5633
