11.4412 70 17.2971
11.711 68 17.3399
11.438 74 17.6942
11.4412 75 17.7971
11.4284 77 17.9855
11.4059 80 18.2653
12.9634 67 18.3671
11.3064 82 18.3757
11.4316 81 18.3884
12.4978 72 18.448
13.5703 66 18.8133
11.1747 89 18.9572
13.6121 69 19.1509
11.1362 94 19.4225
11.0751 96 19.5676
11.3128 94 19.5815
11.0238 106 20.5214
11.0784 109 20.8705
11.1683 109 20.9514
10.9338 125 22.3405
15.1888 82 21.8699
12.973 95 21.1757
13.3937 99 21.9543
13.1015 92 20.9913
14.2415 89 21.7173
13.4997 107 22.8497
13.3648 109 22.9283
13.413 119 23.9717
12.9377 104 22.0439
13.2203 99 21.7983
12.5716 123 23.6145
11.5601 114 21.804
14.2254 90 21.8029
12.6936 122 23.6243
13.3295 114 23.3965
12.4753 82 19.4277
12.4046 102 21.3642
12.1863 115 22.4676
11.7142 97 20.2428
13.5735 82 20.4162
13.3038 94 21.3734
12.4078 102 21.3671
13.3423 72 19.2081
13.7373 88 21.1636
12.4785 144 25.6306
11.4701 126 22.9231
13.7213 102 22.5491
11.7303 118 22.3572
12.3276 120 23.0948
11.9454 112 21.9509
