12.5652 78 38.7391
12.2505 79 38.9503
12.5652 79 39.1391
11.9486 80 39.1692
12.2505 80 39.3503
12.4432 80 39.4659
11.9486 81 39.5692
12.2505 81 39.7503
11.9486 82 39.9692
11.7848 83 40.2709
11.7848 84 40.6709
11.9229 84 40.7538
11.6724 85 41.0035
11.7848 85 41.0709
11.7848 86 41.4709
11.6724 87 41.8035
11.7592 87 41.8555
11.7848 87 41.8709
11.6724 88 42.2035
11.6724 89 42.6035
11.6468 90 42.9881
11.6724 90 43.0035
11.6468 91 43.3881
11.6179 92 43.7707
11.6468 92 43.7881
11.6179 93 44.1707
11.6179 94 44.5707
11.5922 95 44.9553
11.6179 95 44.9707
11.5922 96 45.3553
11.5922 97 45.7553
11.5922 98 46.1553
11.5922 100 46.9553
11.5922 101 47.3553
11.5857 104 48.5514
11.5857 105 48.9514
11.5857 106 49.3514
11.5857 109 50.5514
11.5633 120 54.938
11.5633 122 55.738
11.5633 123 56.138
11.5633 126 57.338
11.5633 127 57.738
11.5633 128 58.138
11.5633 129 58.538
11.5633 130 58.938
11.5633 131 59.338
11.5247 132 59.7148
11.5311 132 59.7187
11.5633 132 59.738
11.4412 133 60.0647
11.5247 133 60.1148
11.5311 133 60.1187
11.5633 133 60.138
11.5247 138 62.1148
11.5247 139 62.5148
11.438 140 62.8628
11.499 140 62.8994
11.5247 140 62.9148
11.4027 141 63.2416
11.438 141 63.2628
11.499 141 63.2994
11.4284 148 66.057
11.4284 149 66.457
11.3963 150 66.8378
11.3963 151 67.2378
13.7823 112 53.0694
12.9859 136 62.1915
11.833 134 60.6998
12.2087 154 68.9252
12.6519 130 59.5911
13.2299 104 49.538
13.3616 106 50.417
13.3295 183 81.1977
12.9409 116 54.1646
12.334 163 72.6004
13.1593 94 45.4956
12.4432 121 55.8659
12.8317 131 60.099
14.1355 110 52.4813
11.9358 141 63.5615
13.2107 119 55.5264
12.1349 141 63.6809
12.1606 125 57.2963
13.2074 128 59.1245
13.4419 118 55.2651
14.0263 94 46.0158
12.6615 130 59.5969
12.896 127 58.5376
12.7322 126 58.0393
13.6474 130 60.1884
13.429 131 60.4574
13.5575 158 71.3345
12.3115 142 64.1869
12.5074 106 49.9044
12.1927 138 62.5156
