13.4419 66 60.7442
12.6455 67 61.5645
12.6134 69 63.3613
12.2344 70 64.2234
11.4605 73 66.846
11.2903 75 68.629
11.4059 76 69.5406
11.3866 79 72.2387
11.2646 83 75.8265
11.255 85 77.6255
11.2453 101 92.0245
11.2261 104 94.7226
11.027 113 102.803
13.9846 97 88.6985
12.6069 81 74.1607
13.1914 80 73.3191
13.1304 110 100.313
12.4014 112 102.04
12.4624 102 93.0462
13.9814 90 82.3981
13.975 102 93.1975
13.0822 106 96.7082
12.7707 114 103.877
13.1368 106 96.7137
11.3513 96 87.5351
12.6166 84 76.8617
13.3905 87 79.639
13.6378 99 90.4638
12.7707 107 97.5771
12.3051 124 112.831
11.8908 107 97.4891
12.9891 93 84.9989
12.5909 92 84.0591
13.0758 88 80.5076
12.7611 118 107.476
11.939 109 99.2939
12.7001 90 82.27
13.6988 98 89.5699
13.8561 115 104.886
11.3192 125 113.632
13.1015 98 89.5101
11.8394 99 90.2839
12.3179 91 83.1318
