11.4412 70 17.2971
11.711 68 17.3399
11.438 74 17.6942
11.4284 77 17.9855
11.711 75 18.0399
11.3674 80 18.2306
12.9634 67 18.3671
11.3064 82 18.3757
11.6403 79 18.3763
11.5504 80 18.3954
11.5311 82 18.578
11.4766 84 18.7289
13.5703 66 18.8133
11.1747 89 18.9572
13.6121 69 19.1509
11.1683 92 19.2514
11.2261 92 19.3035
13.8304 69 19.3474
11.1362 94 19.4225
11.0751 96 19.5676
11.3128 94 19.5815
11.1779 100 20.0601
11.0238 106 20.5214
10.9724 120 21.8751
10.9338 125 22.3405
12.7675 121 23.5908
13.1015 135 25.2913
12.4175 120 23.1757
13.808 112 23.6272
12.8221 81 19.6399
13.3744 102 22.237
13.4579 93 21.4121
12.8927 100 21.6035
13.6281 83 20.5653
13.0565 91 20.8509
13.3552 99 21.9197
13.1464 99 21.7318
12.0835 116 22.4751
14.508 87 21.7572
13.1336 71 18.9202
11.8298 88 19.4468
12.1702 101 21.0532
14.6333 73 20.4699
11.8523 110 21.6671
12.7643 105 21.9879
12.0161 107 21.5145
12.8028 92 20.7225
13.0758 97 21.4682
11.955 100 20.7595
13.3391 95 21.5052
13.0854 121 23.8769
12.6551 84 19.7896
13.4708 86 20.7237
13.0019 100 21.7017
12.957 106 22.2613
