13.4419 66 39.7209
12.2344 70 41.1172
13.3359 69 41.1679
11.9872 74 42.9936
11.3995 75 43.1997
11.2871 80 45.6435
11.1715 84 47.5857
11.1715 86 48.5857
11.1329 97 54.0665
12.2473 122 67.1236
12.6326 96 54.3163
11.8105 122 66.9053
12.4399 88 50.22
13.0951 85 49.0475
13.8915 98 55.9457
11.422 117 64.211
13.5414 102 57.7707
13.7855 88 50.8927
12.5331 94 53.2665
12.8703 93 52.9351
13.4804 89 51.2402
13.3134 110 61.6567
12.3372 102 57.1686
11.5279 107 59.264
13.1657 93 53.0829
12.8317 104 58.4159
12.3854 101 56.6927
11.8812 88 49.9406
12.8799 111 61.9399
12.4849 113 62.7425
13.2139 114 63.6069
13.3487 114 63.6744
11.8362 97 54.4181
12.562 114 63.281
13.201 88 50.6005
12.0257 87 49.5128
12.896 77 44.948
13.3423 86 49.6712
13.1914 90 51.5957
