13.4419 66 60.7442
13.4355 69 63.4435
12.2344 70 64.2234
11.4605 73 66.846
11.2903 75 68.629
11.4059 76 69.5406
11.2646 83 75.8265
11.255 85 77.6255
11.2903 96 87.529
11.2453 101 92.0245
11.2261 104 94.7226
11.027 113 102.803
13.3552 112 102.136
13.1336 131 119.213
12.6776 109 99.3678
12.2248 112 102.022
12.1124 96 87.6112
11.9583 100 91.1958
12.9281 132 120.093
12.7611 92 84.0761
11.6853 93 84.8685
12.4175 98 89.4417
12.8221 122 111.082
12.4881 100 91.2488
13.5928 109 99.4593
12.9473 84 76.8947
12.3693 95 86.7369
12.7868 100 91.2787
13.368 108 98.5368
12.7771 89 81.3777
13.0405 93 85.004
12.8895 93 84.989
12.8253 105 95.7825
12.9377 112 102.094
12.4464 86 78.6446
13.6346 103 94.0635
12.2601 110 100.226
12.456 81 74.1456
11.9743 107 97.4974
14.0873 76 69.8087
12.9056 93 84.9906
11.8394 80 73.1839
