13.4419 66 60.7442
13.4258 69 63.4426
12.2344 70 64.2234
11.4605 73 66.846
11.2903 75 68.629
11.2646 83 75.8265
11.255 85 77.6255
11.2453 101 92.0245
11.2261 104 94.7226
11.027 113 102.803
13.6667 99 90.4667
12.8703 109 99.387
12.0996 81 74.11
11.7592 115 104.676
13.2396 105 95.824
11.4284 95 86.6428
13.0822 125 113.808
11.7431 100 91.1743
13.0083 115 104.801
13.9814 83 76.0981
14.4695 96 87.8469
12 84 76.8
12.9216 87 79.5922
13.1207 103 94.0121
12.7482 97 88.5748
13.5446 114 103.954
13.0019 99 90.4002
13.3744 78 71.5374
12.6166 99 90.3617
12.5716 119 108.357
13.7919 88 80.5792
12.9987 102 93.0999
13.352 97 88.6352
12.4978 91 83.1498
13.9171 83 76.0917
12.4945 95 86.7495
14.887 85 77.9887
13.1657 107 97.6166
14.6622 97 88.7662
13.5511 97 88.6551
