13.4419 66 60.7442
13.4355 69 63.4435
12.2344 70 64.2234
11.4059 76 69.5406
11.3866 79 72.2387
11.4059 84 76.7406
11.3385 89 81.2338
11.3866 89 81.2387
11.2903 96 87.529
11.271 99 90.2271
11.2453 101 92.0245
11.2261 104 94.7226
11.3995 115 104.64
11.3674 117 106.437
11.3545 120 109.135
11.3224 122 110.932
11.1394 126 114.514
13.8369 79 72.4837
11.4605 104 94.746
13.1946 91 83.2195
12.2087 98 89.4209
12.1798 93 84.918
12.1991 91 83.1199
11.027 113 102.803
13.885 82 75.1885
13.474 101 92.2474
12.8446 119 108.384
13.413 100 91.3413
14.4406 90 82.4441
12.912 93 84.9912
13.0051 106 96.7005
12.0289 107 97.5029
12.8831 85 77.7883
13.0051 95 86.8005
11.8876 79 72.2888
12.5523 86 78.6552
13.9107 77 70.6911
13.3198 108 98.532
11.9872 102 92.9987
12.684 98 89.4684
12.6423 116 105.664
11.3706 122 110.937
13.5318 93 85.0532
13.034 94 85.9034
12.4239 97 88.5424
12.8414 117 106.584
13.6121 95 86.8612
