14.553 55 46.9106
14.553 56 47.7106
14.553 57 48.5106
14.5273 58 49.3055
14.553 58 49.3106
13.0083 59 49.8017
14.2897 59 50.0579
14.5273 59 50.1055
13.0083 60 50.6017
14.2897 60 50.8579
12.7001 61 51.34
12.9794 61 51.3959
12.7001 62 52.14
12.6166 63 52.9233
12.7001 63 52.94
12.6166 64 53.7233
11.6403 65 54.3281
11.6403 66 55.1281
11.5247 67 55.9049
11.5311 67 55.9062
11.6403 67 55.9281
11.5247 68 56.7049
11.6403 68 56.7281
11.5247 69 57.5049
11.5247 70 58.3049
11.5247 71 59.1049
11.5247 72 59.9049
11.5247 73 60.7049
11.4252 74 61.485
11.5151 74 61.503
11.5247 74 61.5049
11.4252 75 62.285
11.5151 75 62.303
11.4252 76 63.085
11.4252 77 63.885
11.4252 78 64.685
11.4252 79 65.485
11.4155 80 66.2831
11.4252 80 66.285
11.3642 81 67.0728
11.4155 81 67.0831
11.4252 81 67.085
11.3642 82 67.8728
11.4155 82 67.8831
11.3642 83 68.6728
11.3642 84 69.4728
11.3642 85 70.2728
11.3545 86 71.0709
11.361 86 71.0722
11.3642 86 71.0728
11.3545 87 71.8709
11.332 88 72.6664
11.3545 88 72.6709
11.332 89 73.4664
11.3545 89 73.4709
11.332 90 74.2664
11.332 91 75.0664
11.332 92 75.8664
11.3224 93 76.6645
11.332 93 76.6664
11.3224 94 77.4645
11.3224 95 78.2645
11.3224 96 79.0645
11.3224 97 79.8645
11.3224 98 80.6645
11.3224 99 81.4645
11.3224 100 82.2645
12.6294 141 115.326
13.1496 167 136.23
13.1175 131 107.424
13.5735 137 112.315
13.5254 121 99.5051
11.9872 128 104.797
12.8606 138 112.972
12.2441 124 101.649
13.718 145 118.744
13.9204 108 89.1841
13.596 102 84.3192
13.018 135 110.604
13.2396 104 85.8479
13.1079 136 111.422
13.2653 116 95.4531
13.0373 146 119.407
13.2267 132 108.245
13.3359 134 109.867
13.3584 100 82.6717
12.6969 134 109.739
12.5074 125 102.501
13.6442 88 73.1288
12.2248 141 115.245
12.8703 139 113.774
13.0854 113 93.0171
12.6615 147 120.132
12.9794 118 96.9959
13.5382 106 87.5076
12.1541 181 147.231
12.6776 99 81.7355
