13.4419 66 60.7442
13.4355 69 63.4435
12.2344 70 64.2234
11.4605 73 66.846
11.2903 75 68.629
11.2646 83 75.8265
11.255 85 77.6255
11.2453 101 92.0245
11.2261 104 94.7226
11.027 113 102.803
13.4483 89 81.4448
11.8748 106 96.5875
13.2396 77 70.624
12.0803 98 89.408
12.2119 83 75.9212
12.395 107 97.5395
11.9261 92 83.9926
11.4605 92 83.946
11.3706 102 92.9371
14.8195 92 84.2819
12.8189 96 87.6819
12.3821 116 105.638
11.8426 117 106.484
12.1445 104 94.8145
13.0918 101 92.2092
13.0405 104 94.904
13.0758 90 82.3076
12.501 103 93.9501
11.4766 73 66.8477
12.8638 108 98.4864
12.5588 166 150.656
13.1914 90 82.3191
12.7225 92 84.0723
11.5055 93 84.8505
11.9647 107 97.4965
13.8658 139 126.487
12.2184 116 105.622
12.289 117 106.529
12.3308 93 84.9331
11.5857 108 98.3586
