12.8767 47 19.7013
12.6262 49 19.901
12.8767 48 19.9013
12.7001 49 19.9601
12.8703 49 20.0962
12.6262 50 20.101
12.8767 49 20.1013
12.8703 50 20.2962
12.6262 51 20.301
12.6262 52 20.501
12.5877 53 20.6701
12.6262 53 20.701
12.4881 54 20.7905
12.5877 54 20.8701
12.4496 55 20.9597
12.4785 55 20.9828
12.4881 55 20.9905
12.4496 56 21.1597
12.4785 56 21.1828
12.4399 57 21.352
12.4496 57 21.3597
12.4399 58 21.552
12.4399 59 21.752
12.4399 60 21.952
12.4399 61 22.152
12.4399 62 22.352
12.4399 63 22.552
12.4399 64 22.752
12.1381 66 22.9105
12.4399 65 22.952
12.2505 66 23.0004
12.1381 67 23.1105
12.4399 66 23.152
12.2505 67 23.2004
11.8362 69 23.269
12.1381 68 23.3105
12.4399 67 23.352
11.8362 70 23.469
11.8105 71 23.6484
11.8362 71 23.669
11.7816 72 23.8253
11.8105 72 23.8484
11.6724 73 23.938
11.7816 73 24.0253
11.8105 73 24.0484
11.6724 74 24.138
11.7816 74 24.2253
11.6468 75 24.3174
11.6724 75 24.338
11.6468 76 24.5174
11.6468 77 24.7174
11.6179 78 24.8943
11.6468 78 24.9174
11.6179 79 25.0943
11.5922 80 25.2737
11.6179 80 25.2943
11.5922 81 25.4737
11.5922 82 25.6737
11.5922 83 25.8737
11.5922 84 26.0737
11.5922 85 26.2737
11.5922 86 26.4737
11.5857 88 26.8686
11.5857 89 27.0686
11.5857 90 27.2686
11.5857 91 27.4686
11.5857 92 27.6686
11.7013 122 33.7611
12.9827 131 36.5861
12.2344 126 34.9875
11.8748 124 34.2998
13.2749 123 35.2199
13.975 136 38.38
13.9075 84 27.926
12.3404 173 44.4723
12.106 122 34.0848
13.2074 107 31.966
12.6936 185 47.1549
13.4547 119 34.5638
12.4367 118 33.5494
12.4913 161 42.1931
12.957 150 40.3656
12.9441 116 33.5553
14.2479 141 39.5983
13.3263 178 46.261
13.1914 124 35.3531
12.9377 109 32.1502
12.3468 129 35.6775
13.4933 105 31.7946
12.4046 135 36.9237
11.8715 162 41.8972
11.7206 140 37.3765
11.8683 134 36.2947
13.079 105 31.4632
12.0578 147 39.0462
12.6776 141 38.3421
13.3776 125 35.7021
