11.4412 70 17.2971
11.4412 75 17.7971
11.711 75 18.0399
11.5119 77 18.0607
12.4978 69 18.148
11.4059 80 18.2653
11.3064 82 18.3757
11.4252 82 18.4827
11.4316 85 18.7884
13.5703 66 18.8133
13.6121 69 19.1509
11.2999 90 19.1699
13.8304 69 19.3474
11.4188 104 20.6769
11.4316 104 20.6884
11.3642 109 21.1277
11.377 109 21.1393
11.2903 110 21.1613
11.4091 114 21.6682
11.3545 119 22.1191
11.0912 123 22.2821
12.1702 119 22.8532
12.3821 102 21.3439
13.3134 88 20.7821
13.0983 75 19.2884
12.7579 96 21.0821
12.1541 85 19.4387
12.1252 109 21.8127
12.6519 84 19.7867
12.7225 85 19.9503
12.9345 92 20.841
12.4143 118 22.9728
13.5414 140 26.1873
13.3295 108 22.7965
13.1304 104 22.2173
11.9101 105 21.2191
13.2331 87 20.6098
13.8979 100 22.5081
13.1914 127 24.5723
12.0096 94 20.2087
12.4078 118 22.9671
12.3083 150 26.0775
12.6423 97 21.078
13.7309 117 24.0578
12.4849 108 22.0364
13.3327 95 21.4994
13.2171 93 21.1954
12.6872 91 20.5185
11.6532 95 19.9879
13.6057 103 22.5451
12.9505 119 23.5555
