13.4419 66 60.7442
13.4355 69 63.4435
12.2344 70 64.2234
11.4605 73 66.846
11.2903 75 68.629
11.4059 76 69.5406
11.2646 83 75.8265
11.255 85 77.6255
11.2903 96 87.529
11.2453 101 92.0245
11.2261 104 94.7226
11.027 113 102.803
14.3732 111 101.337
14.8902 100 91.489
12.5202 85 77.752
12.6551 110 100.266
13.4676 110 100.347
11.9454 98 89.3945
12.1509 81 74.1151
12.3532 112 102.035
13.0148 102 93.1015
13.3809 99 90.4381
13.2974 106 96.7297
13.2781 75 68.8278
13.4547 104 94.9455
12.3854 97 88.5385
12.5106 119 108.351
12.2376 99 90.3238
12.1798 106 96.618
12.1509 127 115.515
13.0276 84 76.9028
14.7168 93 85.1717
13.6731 128 116.567
12.2087 109 99.3209
13.1272 118 107.513
11.7977 111 101.08
11.4027 99 90.2403
13.1529 112 102.115
12.1991 130 118.22
13.49 113 103.049
14.4791 121 110.348
13.6956 112 102.17
