13.4419 66 39.7209
12.2344 70 41.1172
13.4355 69 41.2177
11.9872 74 42.9936
11.9261 76 43.9631
11.8202 84 47.9101
11.7174 85 48.3587
11.4541 86 48.727
11.4252 88 49.7126
11.3577 93 52.1789
11.3481 98 54.6741
11.3031 104 57.6516
11.2935 109 60.1468
13.7662 95 54.3831
13.1272 90 51.5636
11.5087 97 54.2543
13.0148 82 47.5074
13.4836 117 65.2418
13.5222 124 68.7611
12.0899 117 64.545
14.2222 96 55.1111
11.6853 116 63.8426
13.2074 124 68.6037
13.1785 98 55.5893
14.5112 81 47.7556
13.4579 119 66.229
11.4637 137 74.2319
12.4528 124 68.2264
11.9422 107 59.4711
13.1561 96 54.578
13.0469 89 51.0234
12.2665 103 57.6333
12.5716 102 57.2858
11.6564 103 57.3282
13.1175 105 59.0588
12.8157 116 64.4078
13.2685 93 53.1342
12.1381 92 52.069
13.1304 110 61.5652
14.4053 95 54.7026
13.1721 103 58.0861
11.8426 103 57.4213
11.8844 89 50.4422
