14.553 54 38.2212
14.9801 54 38.392
14.553 55 38.8212
14.9801 55 38.992
14.553 56 39.4212
14.2897 57 39.9159
14.553 57 40.0212
13.8048 58 40.3219
14.2897 58 40.5159
13.8048 59 40.9219
13.3776 60 41.3511
13.8048 60 41.5219
12.8349 61 41.734
13.262 61 41.9048
13.3776 61 41.9511
13.7791 61 42.1116
13.8048 61 42.1219
12.8349 62 42.334
13.262 62 42.5048
12.8092 63 42.9237
12.8349 63 42.934
12.8092 64 43.5237
12.1381 65 43.8552
12.8092 65 44.1237
12.1381 66 44.4552
11.8362 67 44.9345
12.1381 67 45.0552
11.8362 68 45.5345
12.1124 68 45.645
11.6724 69 46.069
11.8362 69 46.1345
11.6724 70 46.669
11.6724 71 47.269
11.6468 72 47.8587
11.6724 72 47.869
11.6468 73 48.4587
11.6179 74 49.0471
11.6468 74 49.0587
11.6179 75 49.6471
11.6179 76 50.2471
11.5922 77 50.8369
11.6179 77 50.8471
11.5922 78 51.4369
11.6179 78 51.4471
11.5922 79 52.0369
11.5922 80 52.6369
11.5922 81 53.2369
11.5729 82 53.8292
11.5922 82 53.8369
11.5729 83 54.4292
11.5922 83 54.4369
11.5729 84 55.0292
11.5215 85 55.6086
11.5729 85 55.6292
11.5729 86 56.2292
11.5151 87 56.806
11.5215 87 56.8086
11.5472 87 56.8189
11.5151 88 57.406
11.5215 88 57.4086
11.5151 89 58.006
11.5151 90 58.606
11.5151 91 59.206
11.483 92 59.7932
11.5151 92 59.806
11.5151 93 60.406
11.483 94 60.9932
11.5151 94 61.006
11.483 96 62.1932
13.4676 94 61.787
12.2376 85 55.8951
11.8426 137 86.9371
12.2119 125 79.8848
13.3648 103 67.1459
13.0501 120 77.22
11.8266 137 86.9306
11.7977 127 80.9191
13.6731 101 66.0692
13.0244 132 84.4098
11.7527 123 78.5011
11.6724 105 67.669
13.5189 118 76.2076
11.5729 153 96.4292
11.6917 129 82.0767
13.7405 135 86.4962
11.7784 121 77.3114
13.2235 128 82.0894
12.7193 139 88.4877
12.4978 105 67.9991
12.2184 166 104.487
13.2556 118 76.1022
12.395 184 115.358
13.885 119 76.954
12.8157 125 80.1263
12.4592 130 82.9837
12.0225 159 100.209
12.2922 138 87.7169
12.9505 132 84.3802
13.657 117 75.6628
