11.4412 70 17.2971
11.438 74 17.6942
11.4412 75 17.7971
11.4284 77 17.9855
11.711 75 18.0399
12.4978 69 18.148
12.6583 68 18.1925
11.4059 80 18.2653
12.9634 67 18.3671
11.3064 82 18.3757
12.4978 72 18.448
13.5703 66 18.8133
11.1747 89 18.9572
11.0751 96 19.5676
11.3128 94 19.5815
11.1779 100 20.0601
11.3128 100 20.1815
11.1233 103 20.311
11.0238 106 20.5214
10.9338 125 22.3405
14.3282 95 22.3954
12.7611 86 20.085
13.8561 89 21.3705
11.9454 137 24.4509
13.3873 95 21.5486
12.9056 107 22.315
13.2524 95 21.4272
14.6044 127 25.8439
13.0212 135 25.2191
11.7335 104 20.9601
13.6153 89 21.1538
12.7868 95 21.0081
12.9152 96 21.2237
14.0039 96 22.2035
12.8574 107 22.2717
12.9216 100 21.6295
13.0051 101 21.8046
12.7579 115 22.9821
12.8767 97 21.289
13.4258 94 21.4832
11.2325 106 20.7092
13.1272 95 21.3144
13.3198 102 22.1879
12.1445 110 21.9301
13.2428 86 20.5185
13.2877 89 20.859
12.7001 92 20.6301
12.7707 94 20.8936
13.3809 109 22.9428
13.8529 85 20.9676
