13.4419 66 39.7209
13.0116 67 40.0058
12.5941 68 40.297
12.2344 70 41.1172
11.9872 74 42.9936
11.3995 75 43.1997
11.2871 80 45.6435
11.1715 84 47.5857
11.1683 92 51.5841
11.1329 95 53.0665
11.1169 99 55.0584
11.0013 105 58.0006
10.9467 110 60.4733
10.8889 113 61.9444
10.8343 118 64.4171
12.2312 72 42.1156
12.6005 119 65.8003
12.9794 102 57.4897
12.9409 104 58.4705
13.6506 105 59.3253
12.3725 97 54.6863
12.9762 111 61.9881
12.4175 95 53.7087
13.5318 98 55.7659
12.7514 88 50.3757
12.9088 80 46.4544
12.5491 94 53.2746
11.5504 97 54.2752
14.2094 105 59.6047
12.6904 90 51.3452
12.3243 90 51.1622
14.0488 90 52.0244
13.2396 110 61.6198
12.4046 129 70.7023
12.5652 106 59.2826
13.8369 79 46.4184
11.4605 104 57.7303
13.1946 91 52.0973
12.2087 98 55.1044
12.1798 93 52.5899
12.1991 91 51.5995
11.027 113 62.0135
13.885 82 47.9425
13.474 101 57.237
12.8446 119 65.9223
