14.553 62 33.5318
14.553 63 33.9318
14.553 64 34.3318
14.3828 65 34.6297
14.553 65 34.7318
14.5273 66 35.1164
14.553 66 35.1318
13.8048 68 35.4829
14.4984 67 35.499
14.5273 67 35.5164
13.8048 69 35.8829
12.5459 71 35.9276
13.3776 70 36.0266
13.5222 70 36.1133
13.8048 70 36.2829
14.4984 69 36.299
13.3776 71 36.4266
12.5652 73 36.7391
11.9486 74 36.7692
13.3776 72 36.8266
12.2505 74 36.9503
12.2633 74 36.958
13.2074 73 37.1245
12.5652 74 37.1391
11.9486 75 37.1692
13.3776 73 37.2266
12.1381 75 37.2829
12.2505 75 37.3503
11.8362 76 37.5017
11.9486 76 37.5692
11.8362 77 37.9017
11.6724 78 38.2035
11.8362 78 38.3017
11.6724 79 38.6035
11.6724 80 39.0035
11.6468 81 39.3881
11.6724 81 39.4035
11.6468 82 39.7881
11.6724 82 39.8035
11.6179 83 40.1707
11.6468 83 40.1881
11.6179 84 40.5707
11.6179 85 40.9707
11.5922 86 41.3553
11.6179 86 41.3707
11.5922 87 41.7553
11.6179 87 41.7707
11.5922 88 42.1553
11.5922 89 42.5553
11.5922 90 42.9553
11.5922 91 43.3553
11.5922 92 43.7553
11.5729 93 44.1437
11.5793 93 44.1476
11.5922 93 44.1553
11.5536 94 44.5322
11.5793 94 44.5476
11.5536 95 44.9322
11.5793 95 44.9476
11.5536 96 45.3322
11.5536 97 45.7322
11.5472 98 46.1283
11.5536 98 46.1322
11.5536 99 46.5322
11.5536 100 46.9322
11.5247 101 47.3148
11.5472 101 47.3283
11.5247 102 47.7148
11.4573 109 50.4744
11.5087 109 50.5052
12.2248 187 82.1349
12.1252 143 64.4751
13.5093 92 44.9056
12.4913 111 51.8948
14.736 111 53.2416
13.8304 119 55.8983
13.2974 123 57.1784
12.9313 108 50.9588
12.6744 144 65.2046
13.3937 97 46.8362
12.7193 120 55.6316
12.9827 116 54.1896
14.0649 125 58.4389
12.4399 119 55.064
12.5877 127 58.3526
12.2344 104 48.9407
12.6519 97 46.3911
14.6268 114 54.3761
13.1657 91 44.2994
13.4611 122 56.8767
12.395 134 61.037
12.9602 148 66.9761
12.7771 115 53.6663
13.1207 95 45.8724
12.8992 130 59.7395
13.7405 137 63.0443
13.49 125 58.094
13.1496 115 53.8898
12.7193 112 52.4316
13.0758 138 63.0455
