13.4419 66 39.7209
12.2344 70 41.1172
13.4355 69 41.2177
11.9872 74 42.9936
11.9261 76 43.9631
11.8202 84 47.9101
11.7174 85 48.3587
11.4541 86 48.727
11.4252 88 49.7126
11.3577 93 52.1789
11.3481 98 54.6741
11.3031 104 57.6516
11.2935 109 60.1468
13.58 94 53.79
13.7566 85 49.3783
13.307 124 68.6535
13.0726 80 46.5363
14.0809 97 55.5405
12.6166 115 63.8083
12.8317 75 43.9159
12.9441 99 55.9721
12.7707 98 55.3854
13.1207 108 60.5604
13.6121 83 48.306
11.422 107 59.211
14.1419 91 52.571
14.1291 78 46.0645
14.1837 93 53.5918
13.3776 93 53.1888
12.3661 107 59.683
13.5735 96 54.7868
11.4541 116 63.727
12.5523 109 60.7762
12.8895 98 55.4448
13.1368 89 51.0684
13.6057 99 56.3028
13.1432 101 57.0716
12.2537 111 61.6268
11.6275 111 61.3137
12.7225 109 60.8613
12.6455 101 56.8227
12.4046 91 51.7023
11.4798 120 65.7399
