13.4419 66 60.7442
12.6455 67 61.5645
12.6134 69 63.3613
12.2344 70 64.2234
11.4605 73 66.846
11.2903 75 68.629
11.4059 76 69.5406
11.3866 79 72.2387
11.2646 83 75.8265
11.255 85 77.6255
11.2453 101 92.0245
11.2261 104 94.7226
11.027 113 102.803
12.896 87 79.5896
13.1272 118 107.513
13.2877 115 104.829
12.4143 94 85.8414
13.3905 90 82.3391
11.7335 96 87.5733
11.9486 90 82.1949
11.3931 116 105.539
13.0469 107 97.6047
12.6134 111 101.161
11.3866 105 95.6387
12.8767 101 92.1877
13.1946 117 106.619
13.3423 109 99.4342
12.5074 106 96.6507
12.3404 106 96.634
14.0231 77 70.7023
13.3006 86 78.7301
13.1015 133 121.01
12.9152 105 95.7915
12.5395 98 89.4539
13.6057 101 92.2606
13.3584 93 85.0358
11.9839 116 105.598
12.122 92 84.0122
12.4881 126 114.649
12.6551 81 74.1655
11.8876 93 84.8888
15.176 97 88.8176
11.5793 104 94.7579
