14.5819 41 35.7164
15.4522 42 36.6904
14.5819 43 37.3164
15.4522 43 37.4904
14.5819 44 38.1164
14.5819 45 38.9164
12.7322 46 39.3464
14.5819 46 39.7164
12.623 47 40.1246
12.7322 47 40.1464
13.702 47 40.3404
13.7084 47 40.3417
14.5819 47 40.5164
12.623 48 40.9246
12.6166 49 41.7233
12.623 49 41.7246
12.6166 50 42.5233
12.6166 51 43.3233
12.6069 52 44.1214
12.6166 52 44.1233
12.6069 53 44.9214
12.6069 54 45.7214
11.5311 55 46.3062
11.8876 55 46.3775
12.4721 55 46.4944
12.6069 55 46.5214
11.5311 56 47.1062
11.8876 56 47.1775
12.6069 56 47.3214
11.5247 57 47.9049
11.5311 57 47.9062
11.5247 58 48.7049
11.5247 59 49.5049
11.5151 60 50.303
11.5215 60 50.3043
11.5247 60 50.3049
11.5151 61 51.103
11.4252 62 51.885
11.4701 62 51.894
11.5151 62 51.903
11.4252 63 52.685
11.4701 63 52.694
11.4252 64 53.485
11.4252 65 54.285
11.4252 66 55.085
11.4155 67 55.8831
11.4252 67 55.885
11.4155 68 56.6831
11.4252 68 56.685
11.4155 69 57.4831
11.3642 70 58.2728
11.3706 70 58.2741
11.4155 70 58.2831
11.3642 71 59.0728
11.3706 71 59.0741
11.4155 71 59.0831
11.3642 72 59.8728
11.3642 73 60.6728
11.3642 74 61.4728
11.3545 75 62.2709
11.361 75 62.2722
11.3642 75 62.2728
11.3545 76 63.0709
11.361 76 63.0722
11.332 77 63.8664
11.3545 77 63.8709
11.332 78 64.6664
11.3545 78 64.6709
11.3224 82 67.8645
11.2132 96 79.0426
13.124 125 102.625
12.2087 143 116.842
13.4997 132 108.3
11.9872 142 115.997
13.2877 133 109.058
13.0373 125 102.607
13.1914 155 126.638
12.6519 150 122.53
13.2813 136 111.456
13.4676 118 97.0935
12.9698 135 110.594
12.8992 132 108.18
12.8606 112 92.1721
12.623 193 156.925
12.896 133 108.979
12.7836 133 108.957
14.4117 111 91.6823
13.5543 85 70.7109
12.5877 111 91.3175
12.1092 141 115.222
12.3083 111 91.2617
12.2762 118 96.8552
12.4239 119 97.6848
12.9088 123 100.982
12.3083 137 112.062
13.0437 135 110.609
12.8574 162 132.171
13.2107 164 133.842
12.7771 133 108.955
12.2569 163 132.851
