15.4522 42 36.6904
14.5819 44 38.1164
15.4875 44 38.2975
14.5819 45 38.9164
14.5819 46 39.7164
14.5819 47 40.5164
12.623 48 40.9246
12.7322 48 40.9464
13.702 48 41.1404
14.5819 48 41.3164
12.6166 49 41.7233
12.623 49 41.7246
12.7322 49 41.7464
12.6166 50 42.5233
12.6166 51 43.3233
12.6166 52 44.1233
12.623 52 44.1246
12.6069 53 44.9214
12.6166 53 44.9233
12.6069 54 45.7214
12.6134 54 45.7227
12.6166 54 45.7233
11.5311 55 46.3062
12.6069 55 46.5214
11.5311 56 47.1062
11.5247 57 47.9049
11.5311 57 47.9062
11.5247 58 48.7049
11.5247 59 49.5049
11.5215 60 50.3043
11.5247 60 50.3049
11.5151 61 51.103
11.5215 61 51.1043
11.5151 62 51.903
11.5215 62 51.9043
11.4252 63 52.685
11.4701 63 52.694
11.4926 63 52.6985
11.5151 63 52.703
11.4252 64 53.485
11.4316 64 53.4863
11.4701 64 53.494
11.4926 64 53.4985
11.5151 64 53.503
11.4252 65 54.285
11.4252 66 55.085
11.4252 67 55.885
11.4155 68 56.6831
11.4252 68 56.685
11.4155 69 57.4831
11.422 69 57.4844
11.4252 69 57.485
11.4155 70 58.2831
11.3642 71 59.0728
11.3931 71 59.0786
11.4155 71 59.0831
11.3642 72 59.8728
11.3642 73 60.6728
11.3642 74 61.4728
11.361 75 62.2722
11.3642 75 62.2728
11.361 76 63.0722
11.332 77 63.8664
11.3545 77 63.8709
11.361 77 63.8722
11.332 78 64.6664
11.3545 78 64.6709
11.361 78 64.6722
11.332 79 65.4664
11.332 80 66.2664
12.6262 95 78.5252
12.6615 146 119.332
11.7495 128 104.75
13.0437 124 101.809
14.4117 112 92.4823
12.0321 132 108.006
13.6635 122 100.333
12.7739 127 104.155
12.0032 144 117.601
12.3115 129 105.662
13.2299 151 123.446
11.5536 132 107.911
13.1753 130 106.635
12.6744 125 102.535
12.4913 144 117.698
14.2094 83 69.2419
12.5909 159 129.718
13.352 116 95.4704
12.122 140 114.424
12.2601 126 103.252
12.0867 144 117.617
13.6346 106 87.5269
13.9814 137 112.396
11.9775 119 97.5955
15.0732 106 87.8146
11.8972 96 79.1795
13.7726 98 81.1545
13.4965 156 127.499
12.5299 118 96.906
13.6859 172 140.337
