13.4419 66 39.7209
12.2344 70 41.1172
13.3359 69 41.1679
11.9872 74 42.9936
11.3995 75 43.1997
11.2871 80 45.6435
11.1715 84 47.5857
11.1329 97 54.0665
12.973 115 63.9865
11.878 97 54.439
12.411 108 60.2055
12.4528 102 57.2264
12.9377 112 62.4688
13.2267 83 48.1134
11.955 112 61.9775
14.4727 105 59.7364
14.0809 79 46.5405
13.3776 161 87.1888
12.3276 128 70.1638
12.5909 97 54.7954
14.6365 83 48.8182
11.8876 132 71.9438
13.3937 102 57.6969
12.7482 125 68.8741
11.6403 114 62.8202
13.8401 79 46.42
13.0212 99 56.0106
13.1496 95 54.0748
13.9107 108 60.9554
14.0456 126 70.0228
12.5459 124 68.273
13.0276 119 66.0138
13.4579 98 55.729
13.2685 98 55.6342
13.8947 83 48.4473
13.1207 80 46.5604
11.422 107 59.211
13.2107 76 44.6053
