13.4419 66 60.7442
12.6455 67 61.5645
12.6134 69 63.3613
12.2344 70 64.2234
11.4605 73 66.846
11.2903 75 68.629
11.4059 76 69.5406
11.2646 83 75.8265
11.255 85 77.6255
11.2453 101 92.0245
11.2261 104 94.7226
11.027 113 102.803
13.808 108 98.5808
12.4046 122 111.04
12.5845 102 93.0584
13.0501 102 93.105
14.113 137 124.711
12.3629 109 99.3363
14.3025 94 86.0303
12.9859 100 91.2986
12.4464 109 99.3446
12.8285 98 89.4828
12.5652 114 103.857
14.0617 92 84.2062
12.0706 159 144.307
13.2267 77 70.6227
12.6776 100 91.2678
13.4708 87 79.6471
12.5812 93 84.9581
13.1818 90 82.3182
13.1272 104 94.9127
12.3179 92 84.0318
11.4798 101 92.048
13.185 107 97.6185
13.4098 102 93.141
12.5877 84 76.8588
12.8992 109 99.3899
12.639 82 75.0639
12.7579 108 98.4758
13.0758 94 85.9076
13.1079 103 94.0108
12.4881 111 101.149
