13.4419 66 60.7442
12.6455 67 61.5645
12.6134 69 63.3613
12.2344 70 64.2234
11.4605 73 66.846
11.2903 75 68.629
11.2646 83 75.8265
11.255 85 77.6255
11.2453 101 92.0245
11.2261 104 94.7226
11.027 113 102.803
12.2505 131 119.125
12.7932 94 85.8793
12.851 86 78.6851
12.183 111 101.118
14.097 104 95.0097
12.6423 113 102.964
13.3198 117 106.632
11.589 140 127.159
12.9859 111 101.199
12.0803 104 94.808
12.851 72 66.0851
12.6262 84 76.8626
12.273 109 99.3273
12.3051 102 93.0305
12.8606 95 86.7861
14.9929 83 76.1993
11.9615 93 84.8961
13.0886 78 71.5089
13.3391 103 94.0339
12.729 103 93.9729
13.1079 96 87.7108
13.7405 103 94.0741
12.7161 112 102.072
11.8137 113 102.881
11.3128 135 122.631
13.0854 83 76.0085
12.9249 125 113.792
14.4984 93 85.1498
12.9216 143 129.992
13.3263 102 93.1326
