13.4419 66 39.7209
12.2344 70 41.1172
13.4355 69 41.2177
12.061 74 43.0305
11.9326 76 43.9663
11.8202 84 47.9101
11.7174 85 48.3587
11.4541 86 48.727
11.4252 88 49.7126
11.3577 93 52.1789
11.3481 98 54.6741
11.3031 104 57.6516
11.2935 109 60.1468
12.6519 99 55.8259
14.3828 101 57.6914
13.3134 96 54.6567
12.4721 132 72.236
13.1496 88 50.5748
12.7932 120 66.3966
13.5189 109 61.2595
12.8574 104 58.4287
12.8349 134 73.4175
12.6969 102 57.3484
11.9004 99 55.4502
12.9923 92 52.4961
13.8144 80 46.9072
12.7322 145 78.8661
12.1188 113 62.5594
12.7161 82 47.3581
12.4592 100 56.2296
13.3134 130 71.6567
12.8703 90 51.4351
13.8497 94 53.9249
12.684 113 62.842
11.6853 98 54.8426
13.4226 101 57.2113
13.1753 102 57.5877
12.1124 110 61.0562
13.2396 93 53.1198
13.3359 99 56.1679
12.4335 109 60.7168
13.1336 103 58.0668
12.896 101 56.948
