15.4875 44 35.4462
15.0026 45 36.0008
15.4875 45 36.1462
14.5819 46 36.5746
15.0026 46 36.7008
15.4875 46 36.8462
14.5819 47 37.2746
15.0026 47 37.4008
13.702 48 37.7106
13.702 49 38.4106
12.6166 50 38.785
13.702 50 39.1106
12.6166 51 39.485
12.7001 51 39.51
13.702 51 39.8106
12.6166 52 40.185
12.6166 53 40.885
12.6166 54 41.585
11.5311 55 41.9593
12.6166 55 42.285
11.5311 56 42.6593
11.5311 57 43.3593
11.5247 58 44.0574
11.5311 58 44.0593
11.5247 59 44.7574
11.5247 60 45.4574
11.5215 61 46.1565
11.5247 61 46.1574
11.5151 62 46.8545
11.5215 62 46.8565
11.5247 62 46.8574
11.5151 63 47.5545
11.5215 63 47.5565
11.5151 64 48.2545
11.4252 65 48.9276
11.4316 65 48.9295
11.4701 65 48.941
11.4926 65 48.9478
11.5151 65 48.9545
11.4252 66 49.6276
11.4316 66 49.6295
11.4701 66 49.641
11.4926 66 49.6478
11.5151 66 49.6545
11.4252 67 50.3276
11.4252 68 51.0275
11.4252 69 51.7276
11.422 70 52.4266
11.4252 70 52.4276
11.3931 71 53.1179
11.4155 71 53.1247
11.422 71 53.1266
11.4252 71 53.1276
11.3706 72 53.8112
11.3931 72 53.8179
11.4155 72 53.8247
11.3642 73 54.5092
11.3706 73 54.5112
11.3931 73 54.5179
11.3642 74 55.2092
11.3706 74 55.2112
11.3642 75 55.9092
11.3642 76 56.6092
11.361 77 57.3083
11.3642 77 57.3092
11.332 78 57.9996
11.361 78 58.0083
11.332 79 58.6996
11.332 80 59.3996
11.332 81 60.0996
12.6262 154 111.588
12.9216 144 104.676
15.4072 124 91.4221
13.2331 124 90.7699
12.183 139 100.955
12.0931 118 86.2279
12.9409 136 99.0823
14.0584 119 87.5175
13.6313 98 72.6894
12.6358 139 101.091
13.9075 127 93.0723
13.4194 90 67.0258
12.4367 131 95.431
13.2171 115 84.4651
12.045 131 95.3135
11.589 116 84.6767
12.6262 128 93.3879
12.639 135 98.2917
12.9024 131 95.5707
12.2248 125 91.1674
11.2325 146 105.57
13.6313 106 78.2894
12.2473 134 97.4742
13.1432 126 92.143
13.8593 99 73.4578
12.5363 155 112.261
12.1927 127 92.5578
13.4611 142 103.438
12.7322 101 74.5197
13.0694 108 79.5208
