11.6275 65 59.6628
11.6018 67 61.4602
11.7913 67 61.4791
11.6275 68 62.3627
11.6789 68 62.3679
11.6339 71 65.0634
11.4605 73 66.846
11.2903 75 68.629
11.4059 76 69.5406
11.2646 83 75.8265
11.4059 84 76.7406
11.255 85 77.6255
11.4509 86 78.5451
11.4059 91 83.0406
11.2903 96 87.529
11.2453 101 92.0245
11.2261 104 94.7226
11.027 113 102.803
14.4053 86 78.8405
13.3327 90 82.3333
11.9229 111 101.092
13.3744 87 79.6374
12.4464 110 100.245
12.7579 87 79.5758
12.7932 144 130.879
12.973 121 110.197
11.8908 129 117.289
11.6114 148 134.361
11.4798 111 101.048
13.6313 100 91.3631
12.4143 117 106.541
12.334 103 93.9334
13.8882 97 88.6888
12.5556 73 66.9556
11.2646 102 92.9265
13.702 93 85.0702
13.3102 99 90.431
11.438 113 102.844
12.8446 101 92.1844
12.2473 142 129.025
13.185 99 90.4185
12.0739 119 108.307
13.641 110 100.364
12.6005 106 96.66
12.6872 104 94.8687
11.8137 131 119.081
13.6153 116 105.762
13.3263 105 95.8326
