13.4419 66 39.7209
13.0116 67 40.0058
12.5941 68 40.297
12.5331 69 40.7665
12.2344 70 41.1172
12.2312 72 42.1156
11.9872 74 42.9936
11.3995 75 43.1997
11.2871 80 45.6435
11.1715 84 47.5857
11.2453 87 49.1227
11.1683 92 51.5841
11.1329 95 53.0665
11.1169 99 55.0584
11.0013 105 58.0006
10.9467 110 60.4733
10.8889 113 61.9444
10.8343 118 64.4171
11.2486 126 68.6243
12.6712 96 54.3356
13.1368 96 54.5684
13.1946 82 47.5973
12.5138 109 60.7569
13.1175 114 63.5588
13.3712 88 50.6856
13.1978 101 57.0989
12.3757 87 49.6879
12.3115 92 52.1557
13.3905 87 50.1952
13.2845 109 61.1423
13.5511 83 48.2755
12.3725 100 56.1863
13.2813 106 59.6407
13.1721 93 53.0861
13.1593 72 42.5796
11.711 93 52.3555
13.0758 92 52.5379
13.2139 112 62.6069
14.6301 82 48.315
12.9216 89 50.9608
12.1927 122 67.0963
12.912 94 53.456
13.6313 79 46.3157
11.5922 102 56.7961
13.1047 111 62.0523
12.4239 116 64.2119
14.6012 95 54.8006
12.7996 91 51.8998
