13.4419 66 39.7209
13.0116 67 40.0058
12.2344 70 41.1172
11.9872 74 42.9936
11.3995 75 43.1997
11.2871 80 45.6435
11.1715 84 47.5857
11.1715 86 48.5857
11.1683 92 51.5841
11.1329 97 54.0665
11.1169 99 55.0584
11.1683 102 56.5841
11.0013 105 58.0006
10.9467 110 60.4733
10.8889 113 61.9444
10.9338 125 67.9669
10.8343 128 69.4171
13.6442 96 54.8221
13.7405 97 55.3703
13.2331 102 57.6166
13.1111 95 54.0556
12.4945 112 62.2473
11.5215 109 60.2608
11.6275 124 67.8137
13.1914 106 59.5957
13.0469 118 65.5234
12.4496 99 55.7248
13.9653 117 65.4827
11.9133 104 57.9566
12.8157 112 62.4078
12.9923 112 62.4961
12.6904 85 48.8452
13.0437 107 60.0218
13.7823 112 62.8911
13.3809 82 47.6904
12.8895 108 60.4448
12.0706 94 53.0353
13.7245 85 49.3622
12.4689 94 53.2344
13.7855 76 44.8927
13.8337 103 58.4168
12.9794 99 55.9897
11.4541 94 52.727
13.0083 132 72.5042
12.9024 111 61.9512
13.1047 102 57.5523
13.2042 98 55.6021
