14.553 55 42.8659
14.553 56 43.5659
12.7001 57 43.71
13.0083 57 43.8025
14.5273 57 44.2582
14.553 57 44.2659
12.7001 58 44.41
13.0083 58 44.5025
12.7001 59 45.11
12.6166 60 45.785
12.7001 60 45.81
12.7001 61 46.51
12.6166 62 47.185
11.894 63 47.6682
12.6166 63 47.885
11.5311 64 48.2593
11.6403 64 48.2921
11.8876 64 48.3663
11.894 64 48.3682
11.5247 65 48.9574
11.5311 65 48.9593
11.6403 65 48.9921
11.5247 66 49.6574
11.5311 66 49.6593
11.5247 67 50.3574
11.5247 68 51.0574
11.5247 69 51.7574
11.5151 70 52.4545
11.5247 70 52.4574
11.5151 71 53.1545
11.5247 71 53.1574
11.5151 72 53.8545
11.4252 73 54.5275
11.4798 73 54.5439
11.5151 73 54.5545
11.4252 74 55.2276
11.4252 75 55.9276
11.4252 76 56.6276
11.4155 77 57.3247
11.4252 77 57.3276
11.3706 78 58.0112
11.4155 78 58.0247
11.4252 78 58.0275
11.3642 79 58.7092
11.4155 79 58.7247
11.3642 80 59.4092
11.3642 81 60.1092
11.3642 82 60.8092
11.3642 83 61.5092
11.332 84 62.1996
11.3545 84 62.2064
11.3642 84 62.2092
11.332 85 62.8996
11.3545 85 62.9064
11.361 85 62.9083
11.3642 85 62.9092
11.332 86 63.5996
11.332 87 64.2996
11.332 88 64.9996
11.3224 89 65.6967
11.332 89 65.6996
11.3224 90 66.3967
11.332 90 66.3996
11.3224 91 67.0967
11.3224 92 67.7967
11.3224 93 68.4967
11.3224 94 69.1967
11.3224 95 69.8967
11.3224 96 70.5967
11.3224 97 71.2967
12.3757 132 96.1127
12.8831 131 95.5649
13.0694 145 105.421
11.8555 142 102.957
13.2653 119 87.2796
13.2171 111 81.6651
13.7084 151 109.813
13.535 101 74.7605
13.702 159 115.411
12.8992 154 111.67
11.7592 144 104.328
12.957 117 85.7871
13.2396 156 113.172
12.8189 118 86.4457
12.5074 132 96.1522
12.3436 132 96.1031
14.4406 121 89.0322
14.4438 137 100.233
12.4367 121 88.431
12.228 155 112.168
13.8176 107 79.0453
12.5877 125 91.2763
12.8927 116 85.0678
13.0533 119 87.216
13.3905 144 104.817
11.9101 176 126.773
13.1978 144 104.759
13.4836 147 106.945
13.1464 119 87.2439
13.1657 106 78.1497
