12.2505 77 38.1503
12.5652 77 38.3391
13.5222 76 38.5133
12.2505 78 38.5503
13.2074 77 38.7245
12.5652 78 38.7391
11.9486 79 38.7692
12.2505 79 38.9503
11.9486 80 39.1692
11.9486 81 39.5692
11.8362 82 39.9017
11.9486 82 39.9692
11.7848 83 40.2709
11.6724 84 40.6035
11.7848 84 40.6709
11.6724 85 41.0035
11.7848 85 41.0709
11.6724 86 41.4035
11.6724 87 41.8035
11.6468 88 42.1881
11.6724 88 42.2035
11.6179 89 42.5707
11.6468 89 42.5881
11.6724 89 42.6035
11.6179 90 42.9707
11.6468 90 42.9881
11.6179 91 43.3707
11.6179 92 43.7707
11.6179 93 44.1707
11.5922 94 44.5553
11.6179 94 44.5707
11.5922 95 44.9553
11.5922 96 45.3553
11.5922 97 45.7553
11.5922 98 46.1553
11.5922 99 46.5553
11.5922 100 46.9553
11.5922 101 47.3553
11.5729 102 47.7437
11.5857 102 47.7514
11.5729 103 48.1437
11.5857 103 48.1514
11.5472 105 48.9283
11.5472 106 49.3283
11.5472 108 50.1283
11.5633 119 54.538
11.5633 120 54.938
11.5633 122 55.738
11.5633 123 56.138
11.4155 125 56.8493
11.5633 125 56.938
11.5633 126 57.338
11.5633 127 57.738
11.5633 128 58.138
11.5633 129 58.538
11.5408 130 58.9245
11.5633 130 58.938
11.5247 131 59.3148
11.4123 132 59.6474
11.4412 132 59.6647
11.5247 132 59.7148
11.4123 133 60.0474
11.4412 133 60.0647
11.4027 139 62.4416
11.4027 140 62.8416
11.3449 141 63.2069
11.4027 141 63.2416
11.3353 149 66.4012
11.3963 149 66.4378
13.5864 119 55.7518
11.727 110 51.0362
14.341 111 53.0046
14.0777 100 48.4466
11.9486 152 67.9692
12.2087 167 74.1252
13.3552 164 73.6131
13.8176 141 64.6906
13.0565 113 53.0339
13.824 114 53.8944
13.3744 133 61.2247
13.2299 109 51.538
11.4412 135 60.8647
13.2171 144 65.5303
13.6442 118 55.3865
13.3873 130 60.0324
12.7386 127 58.4432
13.0083 142 64.605
12.6101 123 56.7661
13.9782 144 65.9869
13.3969 110 52.0382
14.1612 140 64.4967
13.3455 112 52.8073
11.6018 122 55.7611
12.7129 122 56.4277
12.2633 144 64.958
13.034 148 67.0204
12.6872 136 62.0123
12.1863 146 65.7118
12.9505 110 51.7703
