13.824 46 23.4768
13.7116 47 23.6981
13.824 47 23.7768
13.6795 48 23.9757
13.7116 48 23.9981
13.6795 49 24.2757
13.6795 50 24.5757
13.6635 51 24.8644
13.6795 51 24.8757
13.6635 52 25.1644
13.6635 53 25.4644
13.6635 54 25.7644
13.0405 56 25.9283
13.6635 55 26.0644
13.0405 57 26.2283
13.6185 56 26.3329
13.6635 56 26.3644
13.0405 58 26.5283
12.7771 59 26.644
13.0148 59 26.8103
13.0405 59 26.8283
12.3019 61 26.9113
12.7771 60 26.944
12.8349 60 26.9845
13.0148 60 27.1103
12.3019 62 27.2113
12.7771 61 27.244
12.3019 63 27.5113
11.955 64 27.5685
12.3019 64 27.8113
11.955 65 27.8685
12.2762 65 28.0933
12.3019 65 28.1113
11.955 66 28.1685
11.9294 67 28.4505
11.955 67 28.4685
11.8362 68 28.6854
11.9294 68 28.7505
11.8362 69 28.9854
11.9294 69 29.0505
11.6724 70 29.1707
11.8362 70 29.2854
11.6724 71 29.4707
11.8362 71 29.5854
11.6724 72 29.7707
11.6468 73 30.0527
11.6724 73 30.0707
11.6468 74 30.3527
11.6179 75 30.6325
11.6468 75 30.6527
11.6179 76 30.9325
11.6468 76 30.9527
11.6179 77 31.2325
11.5922 78 31.5145
11.6179 78 31.5325
11.5922 79 31.8145
11.5922 80 32.1145
11.5922 81 32.4145
11.5729 82 32.701
11.5922 82 32.7145
11.5729 83 33.001
11.5729 84 33.301
11.5472 85 33.583
11.5729 85 33.601
11.5472 86 33.883
11.5472 87 34.183
11.5472 88 34.483
11.5472 89 34.783
11.5472 90 35.083
11.5472 91 35.383
12.1381 159 56.1967
12.0032 124 45.6022
12.5909 112 42.4136
14.6365 93 38.1455
13.262 147 53.3834
14.0456 134 50.0319
12.8799 106 40.8159
13.4772 118 44.834
12.2858 116 43.4001
13.1561 147 53.3092
12.3821 123 45.5675
13.1882 109 41.9317
11.7688 149 52.9382
11.7431 197 67.3202
12.1734 133 48.4214
12.562 132 48.3934
13.2364 148 53.6654
12.6294 121 45.1406
13.124 127 47.2868
11.7945 113 42.1561
12.7193 113 42.8035
13.14 148 53.598
11.8876 169 59.0213
12.5234 170 59.7664
13.368 117 44.4576
12.3725 99 38.3608
13.262 93 37.1834
12.578 147 52.9046
11.5633 166 57.8943
12.7579 145 52.4305
