11.6275 65 59.6628
11.6018 67 61.4602
11.7913 67 61.4791
11.6275 68 62.3627
11.6789 68 62.3679
11.6339 71 65.0634
11.4605 73 66.846
11.2903 75 68.629
11.4059 76 69.5406
11.2646 83 75.8265
11.4059 84 76.7406
11.255 85 77.6255
11.4509 86 78.5451
11.4059 91 83.0406
11.2903 96 87.529
11.271 99 90.2271
11.2453 101 92.0245
11.2261 104 94.7226
11.027 113 102.803
13.0212 106 96.7021
11.9679 100 91.1968
13.1015 92 84.1101
12.0514 86 78.6051
13.7759 85 77.8776
13.58 119 108.458
13.5575 103 94.0557
12.456 112 102.046
11.5697 101 92.057
13.2203 104 94.922
13.034 97 88.6034
11.9486 95 86.6949
12.2987 100 91.2299
13.5607 91 83.2561
13.4451 79 72.4445
12.4014 107 97.5401
13.1914 120 109.319
12.1445 135 122.714
12.6487 107 97.5649
12.6358 95 86.7636
11.9229 113 102.892
12.5106 99 90.3511
12.6294 104 94.8629
12.4014 84 76.8401
12.8189 79 72.3819
13.4547 120 109.345
13.6089 97 88.6609
12.5267 109 99.3527
13.9332 85 77.8933
12.183 90 82.2183
