14.9801 56 43.694
14.553 57 44.2659
14.9801 57 44.394
14.553 58 44.9659
14.2897 59 45.5869
14.553 59 45.6659
14.2897 60 46.2869
14.553 60 46.3659
14.2897 61 46.9869
13.8048 62 47.5414
14.2897 62 47.6869
12.8349 63 47.9505
13.8048 63 48.2414
14.264 63 48.3792
14.2897 63 48.3869
12.8349 64 48.6505
13.8048 64 48.9414
12.8349 65 49.3505
13.4611 65 49.5383
12.4207 66 49.9262
12.8092 66 50.0428
12.8349 66 50.0505
13.4611 66 50.2383
12.1381 67 50.5414
12.4207 67 50.6262
12.8092 67 50.7428
12.1381 68 51.2414
12.4207 68 51.3262
12.1381 69 51.9414
11.8362 70 52.5509
12.1381 70 52.6414
11.8362 71 53.2509
12.1124 71 53.3337
11.5247 72 53.8574
11.8362 72 53.9509
11.6082 73 54.5825
11.6724 73 54.6017
11.8105 73 54.6432
11.8362 73 54.6509
11.6082 74 55.2825
11.6082 75 55.9825
11.5247 76 56.6574
11.4926 77 57.3478
11.5087 77 57.3526
11.5247 77 57.3574
11.4252 78 58.0275
11.4926 78 58.0478
11.4252 79 58.7276
11.4926 79 58.7478
11.4252 80 59.4276
11.4252 81 60.1276
11.4252 82 60.8276
11.3931 83 61.5179
11.4252 83 61.5275
11.3931 84 62.2179
11.4155 84 62.2247
11.3642 85 62.9092
11.3931 85 62.9179
11.3642 86 63.6092
11.3931 86 63.6179
11.3642 87 64.3092
11.3642 88 65.0092
11.3642 89 65.7093
11.332 90 66.3996
11.3642 90 66.4092
11.332 91 67.0996
11.3545 91 67.1064
11.3642 91 67.1093
11.332 92 67.7996
11.332 93 68.4996
12.6101 139 101.083
13.824 134 97.9472
12.7643 94 69.6293
13.3487 129 94.3046
11.6275 126 91.6882
12.8253 155 112.348
13.4226 120 88.0268
12.3147 164 118.494
14.6012 101 75.0803
13.413 123 90.1239
13.14 102 75.342
12.0803 162 117.024
12.6808 111 81.5042
12.3211 134 97.4963
12.8221 138 100.447
13.3648 114 83.8094
12.5491 104 76.5647
12.334 113 82.8002
12.4753 165 119.243
11.9518 107 78.4855
11.6917 134 97.3075
12.3629 137 99.6089
13.1561 129 94.2468
13.3841 120 88.0152
11.9807 106 77.7942
12.3597 134 97.5079
13.8208 116 85.3462
13.0244 133 97.0073
12.9441 121 88.5832
12.167 102 75.0501
