13.9268 39 21.4487
13.9268 40 21.7487
13.7983 41 21.9588
13.9268 41 22.0487
13.6378 42 22.1464
13.6795 42 22.1757
13.7116 42 22.1981
13.7983 42 22.2588
13.0951 44 22.3665
13.6378 43 22.4464
13.6699 43 22.4689
13.6795 43 22.4757
13.0951 45 22.6665
13.6378 44 22.7464
13.0951 46 22.9665
13.0565 47 23.2396
13.0951 47 23.2665
12.806 48 23.3642
13.0565 48 23.5396
12.806 49 23.6642
13.0565 49 23.8396
12.806 50 23.9642
12.7675 51 24.2373
12.806 51 24.2642
12.6423 52 24.4496
12.7675 52 24.5373
12.806 52 24.5642
12.6423 53 24.7496
12.6037 54 25.0226
12.6423 54 25.0496
12.6037 55 25.3226
12.6037 56 25.6226
12.3019 57 25.7113
12.6037 57 25.9226
12.3019 58 26.0113
12.3019 59 26.3113
12.2762 60 26.5933
12.3019 60 26.6113
12.2762 61 26.8933
12.3019 61 26.9113
11.955 62 26.9685
12.2473 62 27.1731
12.2762 62 27.1933
11.955 63 27.2685
12.2473 63 27.4731
11.955 64 27.5685
11.9294 65 27.8505
11.955 65 27.8685
11.8362 66 28.0854
11.9294 66 28.1505
11.8362 67 28.3854
11.8362 68 28.6854
11.6724 69 28.8707
11.8105 69 28.9674
11.8362 69 28.9854
11.6724 70 29.1707
11.8105 70 29.2674
11.8362 70 29.2854
11.6724 71 29.4707
11.6468 72 29.7527
11.6724 72 29.7707
11.6468 73 30.0527
11.6724 73 30.0707
11.6179 74 30.3325
11.6468 74 30.3527
11.6179 75 30.6325
11.6179 76 30.9325
11.5922 77 31.2145
11.6179 77 31.2325
11.5922 78 31.5145
13.4098 98 38.7868
12.6904 161 57.1833
13.1657 131 48.516
12.9024 178 62.4317
13.0469 130 48.1328
13.0629 107 41.2441
12.9859 104 40.2901
13.3295 155 55.8306
13.3616 142 51.9531
13.58 128 47.906
13.5543 105 40.988
11.5954 144 51.3168
12.8125 124 46.1687
11.6339 93 36.0437
12.6326 123 45.7428
12.3308 119 44.3315
12.6776 126 46.6743
13.2942 121 45.6059
13.2781 116 44.0947
12.639 158 56.2473
13.0662 111 42.4463
12.7675 147 53.0373
11.7688 132 47.8382
13.3616 142 51.9531
14.5337 97 39.2736
11.3642 153 53.8549
13.7598 116 44.4319
12.7996 122 45.5597
12.0931 145 51.9652
13.0501 114 43.3351
