14.5883 39 31.6765
15.4522 39 31.9356
14.5819 40 32.3746
14.5883 40 32.3765
15.4522 40 32.6356
14.5819 41 33.0746
14.5819 42 33.7746
13.7084 43 34.2125
14.5819 43 34.4746
12.623 44 34.5869
13.7084 44 34.9125
14.5819 44 35.1746
12.623 45 35.2869
13.702 45 35.6106
12.623 46 35.9869
12.6166 47 36.685
12.623 47 36.6869
12.6134 48 37.384
12.6166 48 37.385
12.623 48 37.3869
12.6134 49 38.084
12.6166 49 38.085
12.3083 50 38.6925
12.6134 50 38.784
12.3083 51 39.3925
12.4721 51 39.4416
12.6134 51 39.484
11.5311 52 39.8593
12.3083 52 40.0925
11.5247 53 40.5574
11.5311 53 40.5593
11.8876 53 40.6663
12.3083 53 40.7925
11.5247 54 41.2574
11.5247 55 41.9574
11.5247 56 42.6574
11.5247 57 43.3574
11.5151 58 44.0545
11.5215 58 44.0565
11.5247 58 44.0574
11.5151 59 44.7545
11.5215 59 44.7565
11.5247 59 44.7574
11.5151 60 45.4545
11.4252 61 46.1276
11.4637 61 46.1391
11.4701 61 46.141
11.5151 61 46.1545
11.4252 62 46.8276
11.4637 62 46.8391
11.4701 62 46.841
11.5151 62 46.8545
11.4252 63 47.5275
11.4252 64 48.2276
11.4252 65 48.9276
11.4155 66 49.6247
11.4252 66 49.6276
11.4155 67 50.3247
11.4252 67 50.3276
11.3642 68 51.0092
11.4155 68 51.0247
11.3642 69 51.7092
11.3642 70 52.4092
11.3642 71 53.1092
11.3642 72 53.8092
11.3545 73 54.5064
11.3642 73 54.5092
11.3545 74 55.2064
11.3642 74 55.2092
11.332 75 55.8996
13.4066 92 68.422
12.7996 103 75.9399
13.6602 146 106.298
11.5793 164 118.274
11.9968 122 88.999
12.8606 114 83.6582
13.3905 135 98.5172
11.5601 167 120.368
13.2781 125 91.4834
12.9249 141 102.577
13.2492 123 90.0748
13.14 129 94.242
12.8092 89 66.1428
13.1336 116 85.1401
12.3211 104 76.4963
13.0212 139 101.206
12.7547 93 68.9264
12.3051 153 110.792
13.4194 111 81.7258
12.8446 133 96.9534
11.9486 131 95.2846
12.8028 143 103.941
12.8157 139 101.145
13.0308 137 99.8092
12.7771 135 98.3331
13.1689 147 106.851
12.8542 117 85.7563
12.4913 161 116.447
13.5832 126 92.2749
11.9615 137 99.4884
