11.4412 70 17.2971
11.711 68 17.3399
11.438 74 17.6942
11.4284 77 17.9855
11.711 75 18.0399
11.5119 77 18.0607
11.3674 80 18.2306
12.9634 67 18.3671
11.3064 82 18.3757
11.6403 79 18.3763
11.5504 80 18.3954
11.5311 82 18.578
13.5703 66 18.8133
11.1747 89 18.9572
11.4316 87 18.9884
13.6121 69 19.1509
11.1683 92 19.2514
13.8304 69 19.3474
11.1362 94 19.4225
11.0751 96 19.5676
11.3128 94 19.5815
11.1683 102 20.2514
11.0238 106 20.5214
10.9724 120 21.8751
10.9338 125 22.3405
12.6712 105 21.904
12.0064 83 19.1058
13.4033 85 20.563
13.4451 96 21.7006
13.0565 99 21.6509
12.5588 130 24.3029
13.1304 102 22.0173
12.1381 117 22.6243
13.1207 89 20.7087
13.6795 123 24.6116
12.8735 126 24.1861
12.7932 89 20.4139
13.3552 84 20.4197
13.2042 103 22.1838
12.2408 79 18.9168
12.106 128 23.6954
13.5029 105 22.6526
11.4284 100 20.2855
12.5652 113 22.6087
13.185 85 20.3665
12.5909 84 19.7318
12.6294 83 19.6665
12.5331 119 23.1798
12.5234 118 23.0711
11.5279 104 20.7751
13.5575 109 23.1017
13.8529 90 21.4676
12.9666 91 20.7699
13.1175 97 21.5058
13.3905 99 21.9514
