13.4419 66 39.7209
12.2344 70 41.1172
13.4355 69 41.2177
11.9872 74 42.9936
11.9261 76 43.9631
11.5857 77 44.2929
11.5761 83 47.2881
11.4541 86 48.727
11.4252 88 49.7126
11.3577 93 52.1789
11.3481 98 54.6741
11.3031 104 57.6516
11.2935 109 60.1468
14.72 89 51.86
13.2653 100 56.6326
13.4355 99 56.2177
13.0051 93 53.0026
12.8125 103 57.9062
13.5543 95 54.2771
12.3918 99 55.6959
13.1496 95 54.0748
12.4046 101 56.7023
12.6969 95 53.8484
13.2749 117 65.1374
13.4868 97 55.2434
13.368 132 72.684
11.4926 100 55.7463
12.668 86 49.334
12.9762 111 61.9881
11.2935 121 66.1468
13.1657 80 46.5829
12.3243 122 67.1622
13.7919 108 60.896
12.9634 95 53.9817
12.0514 93 52.5257
12.3436 98 55.1718
13.368 92 52.684
11.7945 124 67.8972
13.6153 104 58.8076
13.3487 91 52.1744
11.894 151 81.447
12.8189 98 55.4094
13.0244 131 72.0122
