13.6795 42 22.1757
13.7116 42 22.1981
13.6795 43 22.4757
13.7116 43 22.4981
13.6699 44 22.7689
13.6795 44 22.7757
13.0951 46 22.9665
13.6699 45 23.0689
13.0951 47 23.2665
13.6699 46 23.3689
13.0565 48 23.5396
13.0565 49 23.8396
12.806 50 23.9642
13.0565 50 24.1396
12.806 51 24.2642
13.0565 51 24.4396
12.7675 52 24.5373
12.7675 53 24.8373
12.7675 54 25.1373
12.7675 55 25.4373
12.7675 57 26.0373
12.7675 58 26.3373
12.3019 60 26.6113
12.3019 61 26.9113
11.955 62 26.9685
12.3019 62 27.2113
11.955 63 27.2685
12.3019 63 27.5113
11.955 64 27.5685
11.9294 65 27.8505
11.955 65 27.8685
11.8362 66 28.0854
11.9294 66 28.1505
11.955 66 28.1685
11.8362 67 28.3854
11.9294 67 28.4505
11.8362 68 28.6854
11.6724 69 28.8707
11.8105 69 28.9674
11.8362 69 28.9854
11.6724 70 29.1707
11.6724 71 29.4707
11.6468 72 29.7527
11.6724 72 29.7707
11.6468 73 30.0527
11.6179 74 30.3325
11.6468 74 30.3527
11.6179 75 30.6325
11.6468 75 30.6527
11.6179 76 30.9325
11.5922 77 31.2145
11.6179 77 31.2325
11.5922 78 31.5145
11.5922 79 31.8145
11.5922 80 32.1145
11.5729 81 32.401
11.5922 81 32.4145
11.5729 82 32.701
11.5922 82 32.7145
11.5729 83 33.001
11.5472 84 33.283
11.5729 84 33.301
11.5472 85 33.583
11.5472 86 33.883
11.5472 87 34.183
11.5472 88 34.483
11.5472 89 34.783
11.5472 90 35.083
11.5408 91 35.3785
11.5472 91 35.383
13.6474 110 42.5532
12.0289 123 45.3202
12.1092 123 45.3764
13.3873 112 42.9711
14.6044 127 48.3231
12.4303 154 54.9012
13.535 125 46.9745
13.3487 137 50.4441
12.7033 133 48.7923
13.1336 99 38.8935
12.973 149 53.7811
12.9602 118 44.4721
12.5331 128 47.1732
13.4997 97 38.5498
12.5909 150 53.8136
12.6519 156 55.6563
12.7739 151 54.2417
12.7129 108 41.299
11.271 170 58.8897
13.3648 143 52.2554
13.0083 150 54.1058
13.4355 100 39.4048
12.7547 136 49.7283
13.5382 83 34.3768
12.5491 137 49.8844
12.2312 122 45.1618
15.2113 102 41.2479
11.65 139 49.855
11.772 148 52.6404
12.5941 152 54.4159
