11.4412 70 17.2971
11.438 74 17.6942
11.4412 75 17.7971
11.4284 77 17.9855
12.4978 69 18.148
12.6583 68 18.1925
11.4059 80 18.2653
12.9634 67 18.3671
11.3064 82 18.3757
11.4316 81 18.3884
12.4978 72 18.448
13.5703 66 18.8133
11.1747 89 18.9572
11.0751 96 19.5676
11.3128 94 19.5815
11.3064 97 19.8757
11.0238 106 20.5214
11.1843 109 20.9659
10.9338 125 22.3405
13.3359 111 23.1023
13.1079 100 21.7971
13.2588 107 22.6329
11.589 107 21.1301
12.2344 128 23.811
12.5716 110 22.3145
12.5427 101 21.3884
13.975 79 20.4775
12.6712 107 22.104
12.7386 100 21.4647
13.2749 98 21.7474
13.3487 94 21.4139
14.1933 85 21.274
12.6551 116 22.9896
12.2987 115 22.5688
11.4958 110 21.3462
13.5286 94 21.5757
13.9364 88 21.3428
13.4868 102 22.3382
13.2653 117 23.6387
12.0931 137 24.5838
12.3918 108 21.9526
12.2826 102 21.2543
13.0116 98 21.5104
13.6346 87 20.9711
12.5748 85 19.8173
12.5363 169 28.1827
13.3905 78 19.8514
12.1381 106 21.5243
12.2665 149 25.9399
