14.553 51 36.4212
14.553 52 37.0212
14.553 53 37.6212
14.5273 54 38.2109
14.553 54 38.2212
14.2897 55 38.7159
14.5273 55 38.8109
14.2897 56 39.3159
12.8349 57 39.334
14.5273 56 39.4109
14.2897 57 39.9159
12.8349 58 39.934
14.2897 58 40.5159
12.8349 59 40.534
12.8349 60 41.134
12.7803 61 41.7121
12.8092 61 41.7237
12.8349 61 41.734
12.5716 62 42.2286
12.7803 62 42.3121
12.8092 62 42.3237
12.5716 63 42.8286
12.7803 63 42.9121
12.1381 64 43.2552
12.5716 64 43.4286
12.1381 65 43.8552
12.1381 66 44.4552
11.8362 67 44.9345
12.1124 67 45.045
12.1381 67 45.0552
11.8362 68 45.5345
12.1124 68 45.645
11.6724 69 46.069
11.8362 69 46.1345
11.6724 70 46.669
11.6724 71 47.269
11.6468 72 47.8587
11.6724 72 47.869
11.6468 73 48.4587
11.6179 74 49.0471
11.6468 74 49.0587
11.6179 75 49.6471
11.6468 75 49.6587
11.6179 76 50.2471
11.6468 76 50.2587
11.5922 77 50.8369
11.6179 77 50.8471
11.5922 78 51.4369
11.5922 79 52.0369
11.5922 80 52.6369
11.5729 81 53.2292
11.5922 81 53.2369
11.5215 82 53.8086
11.5729 82 53.8292
11.5922 82 53.8369
11.5215 83 54.4086
11.5729 83 54.4292
11.5215 84 55.0086
11.5151 85 55.606
11.5215 85 55.6086
11.5151 86 56.206
11.5215 86 56.2086
11.5087 87 56.8035
11.5151 87 56.806
11.483 88 57.3932
11.5087 88 57.4035
11.5151 88 57.406
11.5087 89 58.0035
11.483 90 58.5932
11.5087 90 58.6035
13.2524 144 91.701
11.7431 144 91.0972
12.1734 135 85.8694
13.5992 125 80.4397
13.3584 110 71.3434
12.9152 164 103.566
12.7836 131 83.7134
11.9936 149 94.1974
12.6423 134 85.4569
11.6724 162 101.869
13.2813 143 91.1125
12.4753 98 63.7901
12.4753 139 88.3901
12.2055 130 82.8822
13.5478 118 76.2191
13.1785 167 105.471
12.7932 118 75.9173
12.289 115 73.9156
13.2074 148 94.083
13.3006 138 88.1202
12.9249 184 115.57
11.7688 144 91.1075
12.9184 153 96.9674
13.0501 109 70.62
11.8651 124 79.146
12.6134 115 74.0453
13.352 170 107.341
11.772 143 90.5088
13.2717 98 64.1087
13.0886 115 74.2355
