14.553 55 30.7318
12.3019 59 30.9811
14.553 56 31.1318
12.729 59 31.2374
12.3019 60 31.3811
14.553 57 31.5318
12.729 60 31.6374
12.3019 61 31.7811
14.5273 58 31.9164
14.553 58 31.9318
12.2762 62 32.1657
12.3019 62 32.1811
14.5273 59 32.3164
12.1188 63 32.4713
12.2762 63 32.5657
14.5273 60 32.7164
12.1188 64 32.8713
12.2473 64 32.9484
12.1188 65 33.2713
12.0931 66 33.6559
12.1188 66 33.6713
12.0771 67 34.0462
12.0931 67 34.0559
11.9486 68 34.3692
12.0642 68 34.4385
12.0771 68 34.4462
12.0931 68 34.4559
11.9486 69 34.7692
12.0771 69 34.8462
11.6724 70 35.0035
11.9486 70 35.1692
11.6724 71 35.4035
11.9486 71 35.5692
11.6724 72 35.8035
11.6468 73 36.1881
11.6724 73 36.2035
11.6179 74 36.5707
11.6468 74 36.5881
11.6724 74 36.6035
11.6179 75 36.9707
11.6468 75 36.9881
11.6179 76 37.3707
11.5922 77 37.7553
11.6179 77 37.7707
11.5922 78 38.1553
11.6179 78 38.1707
11.5922 79 38.5553
11.5922 80 38.9553
11.5922 81 39.3553
11.5922 82 39.7553
11.5922 83 40.1553
11.5793 84 40.5476
11.5922 84 40.5553
11.5729 85 40.9437
11.5793 85 40.9476
11.5472 86 41.3283
11.5729 86 41.3437
11.5793 86 41.3476
11.5472 87 41.7283
11.5536 87 41.7322
11.5729 87 41.7437
11.5472 88 42.1283
11.5472 89 42.5283
11.5472 90 42.9283
11.5472 91 43.3283
11.5472 92 43.7283
11.5472 93 44.1283
11.5472 94 44.5283
11.5472 95 44.9283
11.5472 99 46.5283
12.896 86 42.1376
13.4868 117 54.8921
12.8831 166 74.1299
12.4753 156 69.8852
14.6301 104 50.378
13.9332 130 60.3599
12.9538 124 57.3723
13.2974 133 61.1784
11.8073 173 76.2844
11.8683 154 68.721
12.9859 138 62.9915
13.1978 142 64.7187
12.9024 120 55.7414
13.5189 126 58.5114
13.2428 130 59.9457
13.4547 129 59.6728
13.4579 112 52.8748
13.0533 104 49.432
12.9505 139 63.3703
11.772 154 68.6632
12.562 116 53.9372
13.3841 119 55.6304
13.2042 139 63.5225
12.4399 115 53.464
13.4515 127 58.8709
12.395 103 48.637
12.7258 117 54.4355
11.7013 115 53.0208
12.7065 128 58.8239
13.4162 87 42.8497
