11.4412 70 17.2971
11.711 68 17.3399
11.438 74 17.6942
11.4284 77 17.9855
11.711 75 18.0399
11.3674 80 18.2306
12.9634 67 18.3671
11.3064 82 18.3757
11.4316 81 18.3884
11.5504 80 18.3954
13.5703 66 18.8133
11.1747 89 18.9572
11.4316 87 18.9884
13.6121 69 19.1509
11.1683 92 19.2514
11.2261 92 19.3035
13.8304 69 19.3474
11.1362 94 19.4225
11.0751 96 19.5676
11.3128 94 19.5815
11.1169 105 20.5052
11.0238 106 20.5214
10.9724 120 21.8751
10.9338 125 22.3405
12.0032 94 20.2029
12.167 99 20.8503
12.6808 95 20.9127
12.4785 117 22.9306
13.2749 98 21.7474
11.5601 110 21.404
13.429 93 21.3861
11.833 85 19.1497
14.3571 70 19.9214
11.3353 136 23.8017
13.3166 129 24.885
12.9024 104 22.0121
13.3295 90 20.9965
12.4656 90 20.2191
14.4952 118 24.8457
12.6583 86 19.9925
14.4599 128 25.8139
12.9923 79 19.5931
11.7559 113 21.8803
13.5703 106 22.8133
12.456 102 21.4104
12.6101 116 22.9491
13.0597 91 20.8538
13.3455 99 21.911
13.0148 115 23.2133
13.2428 87 20.6185
13.4387 101 22.1948
13.4001 105 22.5601
11.332 112 21.3988
13.5703 92 21.4133
