13.4419 66 60.7442
13.4258 69 63.4426
12.2344 70 64.2234
11.4605 73 66.846
11.2903 75 68.629
11.4059 76 69.5406
11.2646 83 75.8265
11.255 85 77.6255
11.2453 101 92.0245
11.2261 104 94.7226
11.027 113 102.803
11.5857 105 95.6586
13.0373 125 113.804
13.4001 106 96.74
12.1285 105 95.7128
12.9281 130 118.293
12.9794 90 82.2979
13.3648 110 100.336
12.9955 103 93.9995
12.8478 105 95.7848
13.5093 107 97.6509
13.14 99 90.414
13.7502 101 92.275
12.7161 86 78.6716
13.7084 96 87.7708
12.1188 90 82.2119
12.3629 117 106.536
12.9698 101 92.197
12.2119 124 112.821
13.1175 83 76.0117
12.4881 86 78.6488
13.1304 102 93.113
12.6262 111 101.163
11.5986 92 83.9599
13.1304 118 107.513
14.4374 81 74.3437
14.2447 97 88.7245
11.9743 119 108.297
12.4689 90 82.2469
12.9024 102 93.0902
13.1978 103 94.0198
