13.4419 66 39.7209
13.0116 67 40.0058
12.2344 70 41.1172
11.9872 74 42.9936
11.3995 75 43.1997
11.2871 80 45.6435
11.1715 84 47.5857
11.1715 86 48.5857
11.1683 92 51.5841
11.1329 95 53.0665
11.1329 97 54.0665
11.1169 99 55.0584
11.0013 105 58.0006
10.9467 110 60.4733
10.8889 113 61.9444
10.8343 128 69.4171
11.5119 103 57.2559
13.2877 162 87.6439
12.7386 104 58.3693
11.3417 133 72.1708
13.1978 101 57.0989
13.1753 114 63.5877
14.3346 92 53.1673
13.3744 89 51.1872
12.5556 89 50.7778
13.8658 91 52.4329
13.0597 95 54.0299
12.4689 110 61.2344
11.7367 109 60.3683
12.2505 100 56.1252
14.1098 97 55.5549
13.9621 114 63.9811
13.2428 88 50.6214
11.9807 102 56.9904
12.8767 103 57.9383
11.4477 113 62.2238
13.3873 112 62.6936
13.8561 98 55.9281
12.0674 120 66.0337
12.7322 114 63.3661
12.9056 108 60.4528
13.1464 109 61.0732
14.2158 89 51.6079
13.6121 94 53.806
13.3359 96 54.6679
11.4252 111 61.2126
