13.4419 66 39.7209
13.0116 67 40.0058
12.5941 68 40.297
12.5331 69 40.7665
12.2344 70 41.1172
12.2312 72 42.1156
11.9872 74 42.9936
11.3995 75 43.1997
11.2871 80 45.6435
11.1715 84 47.5857
11.1683 92 51.5841
11.1329 95 53.0665
11.1169 99 55.0584
11.0013 105 58.0006
10.9467 110 60.4733
10.8889 113 61.9444
10.8343 118 64.4171
11.8555 115 63.4277
13.5928 112 62.7964
12.7033 99 55.8516
12.1252 99 55.5626
11.7559 119 65.378
13.1432 100 56.5716
12.3918 85 48.6959
12.5845 106 59.2922
13.262 103 58.131
12.3661 87 49.683
13.0276 93 53.0138
13.6891 97 55.3446
12.9762 110 61.4881
12.1509 99 55.5755
11.5825 90 50.7913
13.3231 79 46.1615
12.6326 100 56.3163
12.9923 90 51.4961
13.2235 94 53.6118
12.4528 125 68.7264
12.289 84 48.1445
12.623 107 59.8115
12.8317 106 59.4159
12.7803 136 74.3902
13.018 91 52.009
13.3969 85 49.1985
14.0328 80 47.0164
13.6121 87 50.306
11.8619 103 57.431
12.6262 91 51.8131
