11.4412 70 17.2971
11.711 68 17.3399
11.438 74 17.6942
11.4284 77 17.9855
11.711 75 18.0399
11.5119 77 18.0607
11.3674 80 18.2306
11.8812 76 18.2931
12.9634 67 18.3671
11.3064 82 18.3757
11.6403 79 18.3763
11.4316 81 18.3884
11.4252 84 18.6827
13.5703 66 18.8133
11.1747 89 18.9572
11.4316 87 18.9884
13.6121 69 19.1509
11.1683 92 19.2514
13.8304 69 19.3474
11.1362 94 19.4225
11.0751 96 19.5676
11.3128 94 19.5815
11.2197 95 19.5977
11.1169 99 19.9052
11.2807 102 20.3526
11.0238 106 20.5214
11.088 107 20.6792
10.9724 120 21.8751
10.9338 125 22.3405
13.246 122 24.1214
12.5202 102 21.4682
12.729 108 22.2561
11.7945 117 22.315
12.6744 111 22.5069
12.8831 100 21.5948
12.1702 111 22.0532
12.9345 107 22.341
11.8683 110 21.6815
14.8998 114 24.8098
13.7598 90 21.3838
12.7033 105 21.9329
13.7052 122 24.5347
11.9743 85 19.2769
13.2267 87 20.604
13.3905 117 23.7514
13.5575 99 22.1017
12.0867 91 19.978
12.684 85 19.9156
12.7225 118 23.2503
13.0051 88 20.5046
13.124 87 20.5116
11.9775 97 20.4798
13.2781 96 21.5503
12.8478 114 22.963
13.7983 110 23.4185
13.2074 106 22.4867
12.7129 95 20.9416
13.3038 98 21.7734
12.1349 94 20.3214
