11.4412 70 17.2971
11.438 74 17.6942
11.4412 75 17.7971
11.4284 77 17.9855
12.4978 69 18.148
11.4059 80 18.2653
11.3064 82 18.3757
11.4316 81 18.3884
12.4978 72 18.448
11.4284 83 18.5855
13.5703 66 18.8133
13.6121 69 19.1509
11.2999 90 19.1699
11.3353 90 19.2017
11.2261 92 19.3035
13.8304 69 19.3474
11.3288 92 19.396
11.3128 94 19.5815
11.3288 98 19.996
11.2903 100 20.1613
11.2903 103 20.4613
11.2839 106 20.7555
11.0784 110 20.9705
10.9338 125 22.3405
12.8317 108 22.3486
12.8478 104 21.963
13.7309 79 20.2578
12.2216 111 22.0994
13.14 96 21.426
13.5189 94 21.5671
13.1753 102 22.0578
13.9717 121 24.6746
14.0328 114 24.0295
11.5472 114 21.7925
11.955 119 22.6595
11.4444 138 24.1
12.9634 104 22.0671
13.2813 87 20.6532
12.7129 94 20.8416
12.5042 112 22.4538
11.9968 92 19.9971
11.8234 105 21.141
12.6969 112 22.6272
12.729 111 22.5561
13.3231 111 23.0908
13.1753 106 22.4578
13.1753 83 20.1578
13.3455 91 21.111
12.9473 97 21.3526
12.7097 101 21.5387
11.4444 128 23.1
13.0469 92 20.9422
12.3982 99 21.0584
12.4078 98 20.9671
