13.4419 66 39.7209
12.2344 70 41.1172
13.4355 69 41.2177
11.9872 74 42.9936
11.9261 76 43.9631
11.5857 77 44.2929
11.5761 83 47.2881
11.4541 86 48.727
11.4252 88 49.7126
11.3577 93 52.1789
11.3481 98 54.6741
11.3031 104 57.6516
11.2935 109 60.1468
12.7579 109 60.8789
12.9281 115 63.964
14.9094 97 55.9547
12.7354 117 64.8677
13.2974 94 53.6487
12.2408 99 55.6204
12.3404 97 54.6702
12.3211 124 68.1606
13.8593 88 50.9297
13.7759 75 44.3879
12.045 103 57.5225
12.2569 126 69.1284
13.3006 105 59.1503
12.1445 94 53.0723
14.3764 102 58.1882
12.4078 98 55.2039
14.7521 94 54.376
12.4528 108 60.2264
11.9615 92 51.9807
14.0039 105 59.5019
12.517 114 63.2585
12.2376 105 58.6188
13.49 119 66.245
12.1927 111 61.5963
12.5395 99 55.7697
13.6699 109 61.3349
13.3134 114 63.6567
12.1252 100 56.0626
11.955 102 56.9775
12.7643 127 69.8821
