13.4419 66 60.7442
13.4355 69 63.4435
12.2344 70 64.2234
12.4143 75 68.7414
12.1349 77 70.5135
11.9583 79 72.2958
11.7174 85 77.6717
11.4541 86 78.5454
11.6468 87 79.4647
11.4252 88 80.3425
11.3577 93 84.8358
11.3481 98 89.3348
12.957 75 68.7957
11.5472 93 84.8547
12.334 91 83.1334
11.6789 114 103.768
13.0116 105 95.8012
13.1657 98 89.5166
14.3956 97 88.7396
13.8722 90 82.3872
13.0244 94 85.9024
12.1927 108 98.4193
12.8927 107 97.5893
12.5427 100 91.2543
12.9538 115 104.795
12.106 120 109.211
12.1766 120 109.218
13.0019 84 76.9002
12.0674 82 75.0067
12.456 116 105.646
11.7206 87 79.4721
13.5703 82 75.157
11.8459 109 99.2846
12.7225 108 98.4723
12.0803 99 90.308
11.65 106 96.565
13.0983 105 95.8098
13.2267 110 100.323
11.8073 87 79.4807
13.4772 107 97.6477
14.3089 108 98.6309
12.9923 105 95.7992
