11.4412 70 17.2971
11.711 68 17.3399
11.438 74 17.6942
11.4284 77 17.9855
11.3674 80 18.2306
12.9634 67 18.3671
11.3064 82 18.3757
11.5504 80 18.3954
11.5311 82 18.578
11.4766 84 18.7289
13.5703 66 18.8133
11.1747 89 18.9572
13.6121 69 19.1509
11.1683 92 19.2514
13.8304 69 19.3474
11.1362 94 19.4225
11.3674 92 19.4306
11.0751 96 19.5676
11.3128 94 19.5815
11.0238 106 20.5214
10.9724 120 21.8751
10.9338 125 22.3405
13.9621 74 19.9659
12.668 116 23.0012
12.3372 142 25.3035
12.1477 91 20.0329
13.9589 104 22.963
12.6904 111 22.5214
12.4945 95 20.7451
14.0295 99 22.5266
13.0437 95 21.2393
13.1978 100 21.878
13.5607 101 22.3046
12.7771 101 21.5994
12.6615 87 20.0954
12.9538 85 20.1584
12.501 98 21.0509
12.9827 120 23.6844
12.9634 84 20.0671
13.4933 107 22.8439
12.8382 94 20.9543
13.702 97 22.0318
12.5588 126 23.9029
11.6275 128 23.2647
11.1811 134 23.463
13.1657 115 23.3491
12.6423 87 20.078
12.9891 98 21.4902
13.7534 112 23.578
13.5125 114 23.5613
13.5446 91 21.2902
13.6538 81 20.3884
