13.4419 66 60.7442
13.4355 69 63.4435
12.2344 70 64.2234
11.4059 76 69.5406
11.3866 79 72.2387
11.3577 93 84.8358
11.2903 96 87.529
11.2453 101 92.0245
11.2453 111 101.025
11.2261 114 103.723
13.018 95 86.8018
13.6956 89 81.4696
13.079 90 82.3079
13.3359 101 92.2336
13.4226 91 83.2423
12.6005 103 93.96
13.3809 100 91.3381
14.1452 94 86.0145
13.6635 97 88.6663
13.0405 103 94.004
12.2954 108 98.4295
12.7033 116 105.67
13.1272 97 88.6127
12.6294 104 94.8629
12.4978 117 106.55
13.2267 98 89.5227
12.0032 119 108.3
12.6166 89 81.3617
12.3725 94 85.8372
12.7065 101 92.1706
12.7193 119 108.372
12.5973 129 117.36
12.9152 98 89.4915
14.0873 93 85.1087
12.4689 92 84.0469
12.9859 97 88.5986
12.7482 95 86.7748
11.955 104 94.7955
13.5575 86 78.7558
11.8298 92 83.983
