11.4412 70 17.2971
11.4412 75 17.7971
11.711 75 18.0399
11.5119 77 18.0607
12.4978 69 18.148
11.4059 80 18.2653
11.3064 82 18.3757
13.5703 66 18.8133
11.3899 92 19.4509
11.2999 96 19.7699
11.3417 97 19.9075
11.3481 102 20.4133
11.3385 104 20.6046
11.4188 104 20.6769
11.3096 105 20.6786
11.3385 106 20.8046
11.3288 108 20.996
11.2999 109 21.0699
11.3642 109 21.1277
11.377 109 21.1393
11.3545 110 21.2191
11.2903 111 21.2613
11.3256 111 21.2931
11.3449 112 21.4104
11.2903 114 21.5613
11.3256 114 21.5931
11.316 116 21.7844
11.0912 123 22.2821
12.4528 108 22.0075
11.9615 92 19.9653
14.0039 105 23.1035
12.517 114 22.6653
12.2376 105 21.5139
13.49 119 24.041
12.1927 111 22.0734
12.5395 99 21.1856
13.6699 109 23.2029
13.3134 114 23.3821
12.1252 100 20.9127
11.955 102 20.9595
12.7643 127 24.1879
14.4342 92 22.1908
13.8818 110 23.4936
13.9557 94 21.9601
13.429 100 22.0861
12.6198 99 21.2578
13.1689 77 19.552
12.4753 111 22.3277
13.5735 108 23.0162
13.2492 89 20.8243
13.2588 93 21.2329
11.8908 101 20.8017
12.851 95 21.0659
11.7367 103 20.863
13.0148 110 22.7133
11.8908 86 19.3017
12.2762 107 21.7486
12.4335 99 21.0902
