22.0776 89 48.8466
21.9617 99 52.777
22.0776 91 49.6466
22.0776 92 50.0466
21.4147 101 53.2489
21.4147 95 50.8489
20.7288 97 51.2373
21.4147 98 52.0489
20.7288 100 52.4373
21.4147 97 51.6488
20.7288 101 52.8373
20.7288 102 53.2373
20.7288 101 52.8373
20.547 102 53.1282
20.7288 102 53.2373
20.547 103 53.5282
20.547 104 53.9282
20.547 105 54.3282
20.547 106 54.7282
20.547 107 55.1282
20.4237 110 56.2542
20.547 110 56.3282
20.2913 111 56.5748
20.4237 111 56.6542
20.2913 110 56.1748
20.2913 113 57.3748
20.2913 112 56.9748
20.1669 123 61.3002
20.2913 113 57.3748
20.0341 123 61.2205
20.168 114 57.7008
20.0708 115 58.0425
20.0708 118 59.2425
20.0708 121 60.4425
20.0708 122 60.8425
20.031 123 61.2186
20.168 114 57.7008
20.3153 117 58.9892
20.031 124 61.6186
20.031 123 61.2186
20.0082 126 62.4049
20.031 128 63.2186
20.0023 125 62.0014
20.0082 127 62.8049
20.0023 128 63.2014
20.0023 127 62.8013
20.0341 127 62.8205
20.0023 130 64.0014
19.9944 129 63.5966
19.9758 132 64.7855
19.9795 130 63.9877
19.9944 130 63.9966
20.216 127 62.9296
20.5926 130 64.3556
19.9716 132 64.7829
20.0082 126 62.4049
19.9558 136 66.3735
20.216 130 64.1296
19.9944 131 64.3966
19.9558 135 65.9735
20.547 105 54.3282
21.4147 97 51.6488
20.4237 109 55.8542
20.0023 130 64.0014
21.4137 101 53.2482
20.547 109 55.9282
21.4147 98 52.0489
20.168 116 58.5008
20.6129 107 55.1678
20.7288 101 52.8373
20.547 110 56.3282
20.2755 118 59.3653
20.0082 127 62.8049
19.9716 134 65.5829
19.9795 132 64.7877
19.9716 134 65.5829
20.7288 102 53.2373
20.031 124 61.6186
20.0082 124 61.6049
19.9716 133 65.1829
20.0023 127 62.8013
22.0776 90 49.2466
20.0082 127 62.8049
20.0023 130 64.0014
20.2913 111 56.5748
19.9758 132 64.7855
20.168 116 58.5008
20.0708 118 59.2425
21.2989 106 55.1793
22.1992 91 49.7195
19.9716 133 65.1829
20.547 108 55.5282
20.7288 100 52.4373
20.547 105 54.3282
20.2003 131 64.5202
20.7288 98 51.6373
20.2755 117 58.9653
21.4147 95 50.8489
20.031 123 61.2186
20.0993 124 61.6596
20.4311 112 57.0587
19.9716 133 65.1829
20.7288 102 53.2373
19.9795 132 64.7877
20.0023 130 64.0014
19.9955 133 65.1973
20.0521 121 60.4313
19.9795 130 63.9877
20.2913 114 57.7748
20.547 107 55.1282
20.0933 126 62.456
22.0776 94 50.8466
20.547 110 56.3282
20.3078 117 58.9847
20.2388 126 62.5433
20.031 124 61.6186
20.7288 99 52.0373
20.547 104 53.9282
20.7288 100 52.4373
20.7288 102 53.2373
20.547 106 54.7282
19.9716 133 65.1829
20.2913 111 56.5748
20.547 109 55.9282
22.0776 92 50.0466
20.4237 110 56.2542
20.4237 110 56.2542
20.168 116 58.5008
20.2913 112 56.9748
19.9558 140 67.9735
20.7288 104 54.0373
20.0708 121 60.4425
19.9944 132 64.7966
20.4237 110 56.2542
20.2913 112 56.9748
20.168 116 58.5008
20.7288 98 51.6373
19.9716 133 65.1829
20.4237 110 56.2542
20.031 123 61.2186
22.0776 92 50.0466
19.9716 136 66.3829
20.031 124 61.6186
20.4237 111 56.6542
20.7288 99 52.0373
20.547 110 56.3282
19.9758 133 65.1855
20.4237 110 56.2542
20.168 113 57.3008
19.9558 136 66.3735
