21.9784 123 102.796
21.8504 118 98.7701
21.7808 122 101.956
20.9444 126 104.989
20.2647 127 105.653
20.8023 127 105.76
20.1247 129 107.225
20.2647 127 105.653
20.4184 130 108.084
20.1247 133 110.425
20.1247 134 111.225
20.1247 137 113.625
20.1143 136 112.823
20.1247 138 114.425
20.0668 138 114.413
19.9758 140 115.995
19.9758 141 116.795
19.9758 144 119.195
19.9758 141 116.795
19.9758 148 122.395
19.9758 148 122.395
20.8023 124 103.36
20.1247 136 112.825
20.1247 134 111.225
19.9758 148 122.395
20.1247 129 107.225
19.9986 138 114.4
19.9758 141 116.795
21.8036 125 104.361
20.1247 129 107.225
20.1143 136 112.823
20.1247 129 107.225
19.9758 139 115.195
19.9758 141 116.795
21.693 122 101.939
19.9758 139 115.195
19.9758 141 116.795
20.4184 129 107.284
20.0668 145 120.013
20.1247 130 108.025
19.9758 141 116.795
20.1247 132 109.625
20.5584 125 104.112
20.1247 135 112.025
20.1143 137 113.623
20.1247 135 112.025
20.2647 130 108.053
20.8023 124 103.36
20.1247 136 112.825
19.9758 139 115.195
20.1247 132 109.625
20.8023 127 105.76
19.9758 144 119.195
21.693 122 101.939
19.9758 140 115.995
19.9758 144 119.195
20.1247 131 108.825
20.1247 134 111.225
20.1143 136 112.823
20.8032 132 109.761
19.9758 139 115.195
21.7729 122 101.955
20.118 135 112.024
20.1247 129 107.225
19.9758 144 119.195
20.1247 134 111.225
19.9758 146 120.795
20.1247 135 112.025
19.9795 144 119.196
19.9758 146 120.795
19.9758 150 123.995
20.3125 137 113.662
21.7808 122 101.956
21.693 122 101.939
21.7808 122 101.956
20.0668 140 116.013
20.1247 134 111.225
20.1247 134 111.225
19.9758 146 120.795
19.9758 146 120.795
21.7808 122 101.956
20.1247 129 107.225
20.2647 127 105.653
19.9795 147 121.596
20.2647 127 105.653
19.9758 146 120.795
20.1143 137 113.623
20.1143 136 112.823
20.2647 127 105.653
20.1247 129 107.225
19.9758 144 119.195
19.9758 146 120.795
20.8023 126 104.96
20.1247 129 107.225
20.5584 125 104.112
21.693 122 101.939
19.9758 144 119.195
21.7808 122 101.956
20.4184 133 110.484
20.0668 138 114.413
19.9758 144 119.195
20.1247 131 108.825
20.2647 127 105.653
19.9758 148 122.395
20.1247 132 109.625
20.4091 128 106.482
19.9758 139 115.195
19.9758 145 119.995
19.9758 140 115.995
19.9758 139 115.195
19.9758 141 116.795
19.9758 144 119.195
19.9758 145 119.995
19.9758 147 121.595
19.9795 138 114.396
21.7808 122 101.956
19.9795 139 115.196
20.1247 133 110.425
20.1143 136 112.823
19.9758 146 120.795
20.1247 138 114.425
20.2647 125 104.053
19.9986 144 119.2
19.9758 142 117.595
20.1247 138 114.425
19.9758 146 120.795
19.9795 145 119.996
20.1247 129 107.225
19.9795 145 119.996
20.2647 127 105.653
21.7808 122 101.956
20.1143 135 112.023
20.1143 136 112.823
20.1247 129 107.225
20.2647 132 109.653
19.9758 148 122.395
20.1247 135 112.025
20.8023 124 103.36
19.9758 140 115.995
20.8023 124 103.36
19.9758 146 120.795
20.1247 133 110.425
19.9758 145 119.995
20.0668 139 115.213
20.1247 129 107.225
20.1247 135 112.025
19.9758 140 115.995
19.9758 146 120.795
19.9758 144 119.195
20.1247 129 107.225
