20.6508 116 49.2555
20.2068 119 49.8448
20.6508 116 49.2555
20.2068 120 50.1448
20.1352 121 50.3947
20.1856 121 50.43
20.1352 122 50.6947
20.1247 128 52.4873
20.1247 129 52.7873
20.4184 129 52.9929
20.2647 128 52.5853
20.1247 133 53.9873
20.24 137 55.268
20.1143 135 54.58
20.1247 137 55.1873
19.9986 136 54.799
20.0023 136 54.8016
20.1143 136 54.88
19.9986 137 55.099
19.9758 138 55.3831
19.9795 138 55.3856
19.9758 142 56.5831
19.9758 141 56.2831
19.9758 140 55.9831
20.1143 137 55.18
20.0668 141 56.3468
19.9758 139 55.6831
19.9758 144 57.1831
19.9758 144 57.1831
19.9758 142 56.5831
20.0668 147 58.1468
19.9758 149 58.6831
20.1143 136 54.88
19.9758 146 57.7831
20.2068 120 50.1448
20.0023 135 54.5016
19.9758 143 56.8831
20.1856 121 50.43
20.1143 137 55.18
20.1247 136 54.8873
20.2212 133 54.0548
20.2111 116 48.9478
19.9758 145 57.4831
20.1856 122 50.73
19.9758 141 56.2831
19.9758 145 57.4831
19.9758 142 56.5831
20.1247 128 52.4873
20.1352 121 50.3947
19.9758 138 55.3831
19.9758 148 58.3831
19.9795 148 58.3856
19.9986 136 54.799
19.9758 149 58.6831
20.6508 116 49.2555
20.1352 122 50.6947
20.1247 132 53.6873
20.1247 134 54.2873
19.9758 141 56.2831
20.1247 135 54.5873
19.9986 137 55.099
19.9758 141 56.2831
20.1247 132 53.6873
20.1352 123 50.9947
19.9795 138 55.3856
20.1143 134 54.28
20.0023 142 56.6016
20.1247 137 55.1873
20.0896 136 54.8627
20.1856 120 50.13
20.0668 143 56.9468
20.1352 121 50.3947
20.1247 128 52.4873
19.9758 140 55.9831
20.1564 121 50.4095
19.9758 149 58.6831
19.9795 139 55.6856
20.6508 116 49.2555
20.1352 122 50.6947
19.9758 141 56.2831
19.9758 142 56.5831
20.1352 123 50.9947
19.9758 139 55.6831
20.1856 120 50.13
20.1352 121 50.3947
20.0668 139 55.7468
20.1247 129 52.7873
20.168 130 53.1176
20.1352 121 50.3947
20.3459 117 49.3422
19.9758 147 58.0831
20.1143 135 54.58
19.9758 140 55.9831
20.1352 122 50.6947
19.9758 145 57.4831
20.1247 133 53.9873
19.9758 140 55.9831
19.9986 136 54.799
19.9758 139 55.6831
20.1352 122 50.6947
20.1143 136 54.88
19.9986 137 55.099
20.1247 134 54.2873
20.1143 137 55.18
20.24 137 55.268
20.1143 136 54.88
20.0668 140 56.0468
20.6508 116 49.2555
20.1143 137 55.18
19.9795 147 58.0856
19.9758 142 56.5831
20.1352 123 50.9947
20.2068 120 50.1448
20.0023 135 54.5016
20.1352 122 50.6947
20.1247 128 52.4873
20.1247 129 52.7873
19.9986 136 54.799
19.9986 137 55.099
20.1247 136 54.8873
20.0023 136 54.8016
19.9986 136 54.799
20.1856 122 50.73
20.2647 124 51.3853
19.9758 140 55.9831
20.0668 145 57.5468
19.9758 138 55.3831
20.1247 136 54.8873
20.3125 135 54.7187
20.1143 137 55.18
19.9986 137 55.099
19.9758 146 57.7831
20.1856 126 51.93
19.9758 145 57.4831
19.9986 138 55.399
20.1247 135 54.5873
20.1143 135 54.58
20.1143 135 54.58
19.9986 136 54.799
19.9758 148 58.3831
20.1247 134 54.2873
20.2647 125 51.6853
20.1856 120 50.13
19.9986 136 54.799
19.9758 141 56.2831
20.1247 133 53.9873
19.9758 139 55.6831
20.6508 116 49.2555
19.9758 141 56.2831
20.1247 133 53.9873
