21.8962 109 74.1585
21.8962 110 74.7585
20.5637 109 73.6255
20.6055 109 73.6422
20.9878 109 73.7951
21.8962 109 74.1585
20.5637 109 73.6255
20.5637 114 76.6255
20.308 113 75.9232
20.6055 109 73.6422
20.5637 115 77.2255
20.308 116 77.7232
20.308 117 78.3232
20.308 118 78.9232
20.308 117 78.3232
20.6017 116 77.8407
20.168 121 80.6672
20.308 121 80.7232
20.168 120 80.0672
20.308 117 78.3232
20.1247 124 82.4499
20.4237 118 78.9695
20.1247 125 83.0499
20.1247 126 83.6499
20.1247 125 83.0499
20.031 128 84.8124
20.2647 122 81.3059
20.1221 126 83.6488
20.0082 133 87.8033
20.031 128 84.8124
20.2248 125 83.0899
20.0082 131 86.6033
20.0023 132 87.2009
19.9795 133 87.7918
19.9986 131 86.5994
20.0023 133 87.8009
19.9795 134 88.3918
19.9758 140 91.9903
19.9795 137 90.1918
19.9758 136 89.5903
19.9758 135 88.9903
19.9758 138 90.7903
19.9716 139 91.3886
19.9758 137 90.1903
19.294 135 88.7176
19.294 141 92.3176
19.2717 145 94.7087
19.2929 149 97.1172
19.2717 146 95.3087
19.2717 148 96.5087
19.9986 133 87.7994
20.5637 113 76.0255
20.308 116 77.7232
20.6017 117 78.4407
20.031 128 84.8124
19.9758 135 88.9903
19.2717 145 94.7087
20.1247 124 82.4499
19.9795 134 88.3918
20.0023 130 86.0009
20.308 117 78.3232
20.6055 109 73.6422
20.031 129 85.4124
20.0023 129 85.4009
19.2893 147 95.9157
20.5637 109 73.6255
20.5637 113 76.0255
20.308 113 75.9232
20.308 117 78.3232
20.308 116 77.7232
20.168 121 80.6672
19.9986 133 87.7994
20.1247 123 81.8499
20.168 120 80.0672
20.308 117 78.3232
20.168 122 81.2672
19.9716 139 91.3886
20.0023 131 86.6009
20.308 120 80.1232
20.031 127 84.2124
20.168 122 81.2672
19.2717 148 96.5087
20.2239 127 84.2896
19.9795 133 87.7918
20.6017 117 78.4407
20.308 119 79.5232
20.1247 125 83.0499
20.308 116 77.7232
19.9986 131 86.5994
20.308 115 77.1232
19.2893 145 94.7157
19.2717 146 95.3087
20.168 121 80.6672
20.031 129 85.4124
20.031 128 84.8124
20.308 118 78.9232
19.9716 138 90.7886
19.9758 135 88.9903
20.1247 124 82.4499
19.2884 145 94.7154
21.8962 113 76.5585
19.9758 137 90.1903
20.0023 131 86.6009
20.0088 132 87.2035
20.308 114 76.5232
19.2893 139 91.1157
19.294 141 92.3176
20.5637 113 76.0255
19.9986 133 87.7994
20.5637 113 76.0255
20.0023 131 86.6009
20.5637 111 74.8255
20.308 117 78.3232
20.0521 129 85.4208
20.0023 131 86.6009
20.0993 128 84.8397
20.031 127 84.2124
20.5637 110 74.2255
19.2754 149 97.1102
20.168 123 81.8672
20.168 120 80.0672
19.294 141 92.3176
20.168 120 80.0672
19.9716 139 91.3886
20.1247 125 83.0499
19.2717 148 96.5087
20.5637 114 76.6255
20.6055 109 73.6422
19.9795 132 87.1918
19.9795 133 87.7918
20.9878 108 73.1951
19.9795 132 87.1918
20.0082 130 86.0033
19.9758 134 88.3903
20.5637 113 76.0255
19.9758 136 89.5903
19.9795 135 88.9918
20.5637 114 76.6255
19.2893 145 94.7157
20.168 118 78.8672
20.1247 124 82.4499
20.0023 130 86.0009
20.0088 134 88.4035
20.0023 130 86.0009
20.6055 111 74.8422
20.308 114 76.5232
20.308 118 78.9232
19.9795 135 88.9918
20.1247 124 82.4499
20.4237 115 77.1695
