20.6812 91 62.8725
20.6812 96 65.8725
20.6812 93 64.0725
20.6747 94 64.6699
20.6775 94 64.671
20.6812 94 64.6725
20.6747 95 65.2699
20.6747 96 65.8699
20.6747 97 66.4699
20.547 98 67.0188
20.6747 98 67.0699
19.9891 97 66.1956
20.4311 106 71.7725
19.6957 100 67.8783
19.9891 105 70.9956
20.1044 96 65.6418
19.6818 102 69.0727
19.6957 103 69.6783
19.5804 103 69.6321
19.679 104 70.2716
19.6818 103 69.6727
19.3428 104 70.1371
19.5804 104 70.2321
19.3428 105 70.7371
19.3428 104 70.1371
19.2321 107 71.8929
19.3308 107 71.9323
19.3428 105 70.7371
19.2321 115 76.6929
19.2321 114 76.0929
19.2321 110 73.6929
19.2155 111 74.2862
19.2321 111 74.2929
19.1787 112 74.8715
19.2155 119 79.0862
19.1787 117 77.8715
19.1787 114 76.0715
19.1787 115 76.6715
19.5874 111 74.435
19.1953 114 76.0781
19.5874 113 75.635
19.1787 126 83.2715
19.2155 114 76.0862
19.1787 119 79.0715
19.1787 119 79.0715
19.1787 123 81.4715
19.294 129 85.1176
19.1697 125 82.6679
19.1787 130 85.6715
19.1697 124 82.0679
19.1697 125 82.6679
19.0954 128 84.4381
19.5428 122 81.0171
19.0954 129 85.0381
19.0787 130 85.6315
19.4684 124 82.1874
19.0787 131 86.2315
19.0787 130 85.6315
19.0954 128 84.4381
20.547 97 66.4188
19.1787 127 83.8715
19.6957 101 68.4783
19.0787 129 85.0315
19.1787 113 75.4715
19.6818 100 67.8727
19.3428 105 70.7371
19.1787 113 75.4715
19.1787 125 82.6715
19.2155 111 74.2862
20.6747 94 64.6699
19.1814 122 80.8726
19.679 103 69.6716
19.9891 103 69.7956
19.2321 109 73.0929
19.9891 100 67.9956
19.0787 130 85.6315
19.1787 112 74.8715
19.9891 99 67.3956
19.1697 126 83.2679
20.6747 96 65.8699
19.1787 128 84.4715
20.6747 100 68.2699
19.3428 112 74.9371
19.1697 126 83.2679
19.1787 130 85.6715
19.1697 124 82.0679
19.1697 132 86.8679
19.1787 113 75.4715
20.6747 94 64.6699
19.2321 111 74.2929
19.1787 125 82.6715
19.1787 113 75.4715
19.1697 132 86.8679
19.1787 122 80.8715
20.6747 93 64.0699
20.6747 95 65.2699
19.9891 99 67.3956
19.1787 117 77.8715
19.2697 119 79.1079
19.2155 112 74.8862
19.5874 110 73.835
19.6818 103 69.6727
19.0954 127 83.8382
19.1787 116 77.2715
19.1697 132 86.8679
20.6812 93 64.0725
19.1787 122 80.8715
19.6818 101 68.4727
19.6957 100 67.8783
19.3428 105 70.7371
19.5804 102 69.0322
19.1787 130 85.6715
19.2321 116 77.2929
19.1787 121 80.2715
19.1787 117 77.8715
20.547 98 67.0188
19.2321 106 71.2929
19.6818 107 72.0727
19.1953 119 79.0781
19.4581 103 69.5832
19.0954 129 85.0381
19.2155 112 74.8862
20.6747 92 63.4699
19.2155 110 73.6862
19.6957 101 68.4783
20.7722 93 64.1089
19.2321 111 74.2929
19.5804 101 68.4322
19.1787 119 79.0715
19.6957 99 67.2783
19.0954 130 85.6381
19.9891 100 67.9956
19.1787 113 75.4715
19.1787 118 78.4715
19.0954 127 83.8382
19.679 107 72.0716
19.1787 118 78.4715
19.2321 112 74.8929
19.2155 118 78.4862
19.1697 123 81.4679
19.1697 132 86.8679
19.0787 131 86.2315
19.1787 115 76.6715
19.3428 105 70.7371
19.1787 112 74.8715
20.6747 96 65.8699
19.3428 106 71.3371
19.0787 130 85.6315
19.2155 111 74.2862
19.9891 99 67.3956
