22.317 90 56.1585
20.3858 89 54.6929
22.4548 87 54.7274
20.3858 90 55.1929
22.4548 93 57.7274
20.3858 91 55.6929
22.4548 94 58.2274
20.2586 92 56.1293
20.3858 90 55.1929
20.2586 93 56.6293
20.2586 94 57.1293
20.2586 95 57.6293
19.3539 96 57.6769
19.679 96 57.8395
20.2586 96 58.1293
19.3539 97 58.1769
19.3539 98 58.6769
19.3539 99 59.1769
19.3372 100 59.6686
19.3539 100 59.6769
19.2107 105 62.1053
19.3372 101 60.1686
19.207 102 60.6035
19.2107 102 60.6053
19.207 103 61.1035
19.207 104 61.6035
19.1905 105 62.0952
19.207 105 62.1035
19.1905 104 61.5952
19.1 105 62.05
19.1738 107 63.0869
19.3597 101 60.1799
19.0834 108 63.5417
19.1 108 63.55
19.0834 109 64.0417
19.0834 110 64.5417
19.0834 111 65.0417
19.0466 112 65.5233
19.2324 106 62.6162
19.0834 112 65.5417
19.0466 113 66.0233
19.0466 121 70.0233
19.0466 115 67.0233
19.0466 116 67.5233
19.0466 117 68.0233
19.0466 118 68.5233
19.0466 119 69.0233
19.0438 118 68.5219
19.0466 120 69.5233
19.0438 121 70.0219
19.0238 122 70.5119
19.0466 115 67.0233
19.0238 121 70.0119
19.0238 122 70.5119
19.0238 125 72.0119
19.0238 126 72.5119
19.021 127 73.0105
19.0238 131 75.0119
19.021 135 77.0105
19.0438 128 73.5219
19.2526 106 62.6263
20.2586 96 58.1293
19.0834 108 63.5417
19.3539 98 58.6769
19.207 103 61.1035
19.3539 98 58.6769
19.0438 129 74.0219
19.4449 98 58.7225
20.3858 90 55.1929
19.1 108 63.55
22.4548 89 55.7274
19.1 108 63.55
22.4548 87 54.7274
20.3858 90 55.1929
19.2107 101 60.1053
20.2586 93 56.6293
19.2107 101 60.1053
19.0466 112 65.5233
22.4548 86 54.2274
19.3539 101 60.1769
19.0238 126 72.5119
19.7701 97 58.385
19.1738 107 63.0869
19.0466 117 68.0233
19.3372 100 59.6686
19.3539 100 59.6769
19.0438 120 69.5219
20.3858 95 57.6929
19.021 127 73.0105
20.3858 90 55.1929
19.0238 124 71.5119
19.1738 107 63.0869
19.3539 99 59.1769
19.1905 112 65.5952
19.0466 123 71.0233
19.0466 114 66.5233
19.0438 120 69.5219
19.0632 112 65.5316
19.0238 127 73.0119
19.4325 120 69.7162
19.2107 101 60.1053
20.3858 90 55.1929
19.0834 106 62.5417
19.207 102 60.6035
19.3539 96 57.6769
19.0238 127 73.0119
19.0834 108 63.5417
19.1 108 63.55
19.1905 107 63.0952
19.0834 112 65.5417
19.0238 126 72.5119
19.1905 107 63.0952
19.0238 124 71.5119
19.1905 105 62.0952
20.2586 96 58.1293
19.3539 98 58.6769
19.0466 125 72.0233
22.4548 87 54.7274
19.2107 101 60.1053
19.0466 112 65.5233
20.2586 94 57.1293
19.3372 100 59.6686
19.3539 96 57.6769
19.207 105 62.1035
19.0466 120 69.5233
22.4548 86 54.2274
20.2586 96 58.1293
19.0466 113 66.0233
19.0466 122 70.5233
19.3511 101 60.1755
19.0834 119 69.0417
20.2586 99 59.6293
19.207 103 61.1035
19.3539 103 61.1769
19.1 108 63.55
19.4316 105 62.2158
20.3858 91 55.6929
20.2586 100 60.1293
19.3539 99 59.1769
19.0466 113 66.0233
19.0438 121 70.0219
20.2586 96 58.1293
19.679 96 57.8395
19.0438 118 68.5219
19.0466 113 66.0233
19.207 103 61.1035
22.4548 88 55.2274
19.1905 107 63.0952
19.0834 109 64.0417
19.1905 106 62.5952
