20.6784 87 67.1035
20.6812 83 64.3044
20.1108 84 64.8332
20.2074 85 65.5622
20.6812 84 65.0043
20.1108 85 65.5332
20.1108 86 66.2332
20.1108 87 66.9332
19.7141 88 67.5142
20.1072 88 67.6321
20.1108 88 67.6332
19.7077 89 68.2123
19.7141 87 66.8142
19.7077 90 68.9123
19.7077 95 72.4123
19.7077 92 70.3123
19.7077 93 71.0123
19.6818 94 71.7045
19.7077 94 71.7123
19.6818 95 72.4045
19.3594 96 73.0078
19.5804 96 73.0741
19.6818 96 73.1045
19.3594 95 72.3078
19.3594 98 74.4078
19.3428 99 75.1028
19.3594 103 77.9078
19.3428 107 80.7028
19.3428 105 79.3028
19.2321 109 82.0696
19.4338 103 77.9301
19.2321 101 76.4696
19.2155 104 78.5646
19.2321 104 78.5696
19.2155 105 79.2646
19.2155 106 79.9646
19.2155 107 80.6646
19.2155 108 81.3646
19.0954 109 82.0286
19.2155 109 82.0646
19.0954 110 82.7286
19.0954 111 83.4286
19.0787 117 87.6236
19.0954 110 82.7286
19.0787 113 84.8236
19.0787 112 84.1236
19.0787 122 91.1236
19.0787 121 90.4236
19.0787 115 86.2236
19.0658 123 91.8198
19.0787 116 86.9236
19.0658 119 89.0198
19.0658 120 89.7198
19.0658 121 90.4198
19.0658 126 93.9198
19.0658 123 91.8198
19.5355 125 93.3607
19.0658 123 91.8198
19.0787 113 84.8236
19.0954 110 82.7286
19.0658 123 91.8198
20.1108 87 66.9332
20.1108 87 66.9332
20.1108 86 66.2332
19.0658 122 91.1198
19.3428 102 77.2028
19.7141 88 67.5142
19.7077 91 69.6123
20.6812 89 68.5043
19.3594 98 74.4078
19.0787 113 84.8236
20.6812 83 64.3044
19.6818 102 77.3045
19.0954 119 89.0286
19.2155 108 81.3646
19.3594 96 73.0078
20.1072 92 70.4322
19.0658 117 87.6198
19.2155 106 79.9646
19.0787 117 87.6236
19.3594 96 73.0078
20.1108 90 69.0332
19.2321 103 77.8696
19.7141 89 68.2142
19.0787 118 88.3236
20.6812 83 64.3044
19.3428 99 75.1028
19.7141 89 68.2142
19.5804 103 77.9741
20.1164 91 69.7349
19.0658 120 89.7198
20.1108 88 67.6332
20.1164 84 64.8349
19.0658 124 92.5198
19.7077 97 73.8123
19.0658 119 89.0198
19.3594 98 74.4078
19.7077 93 71.0123
19.0658 125 93.2198
19.7077 93 71.0123
19.2321 104 78.5696
19.0954 112 84.1286
19.6818 94 71.7045
19.0658 120 89.7198
19.3594 96 73.0078
19.0787 120 89.7236
20.1108 86 66.2332
19.2321 102 77.1696
19.0954 110 82.7286
19.0954 112 84.1286
19.7141 89 68.2142
20.1108 84 64.8332
19.0787 115 86.2236
19.0954 112 84.1286
20.1108 86 66.2332
19.3428 106 80.0028
19.2155 108 81.3646
19.3594 105 79.3078
19.0787 112 84.1236
19.1697 123 91.8509
19.3428 100 75.8028
19.3428 101 76.5028
20.1108 84 64.8332
19.6818 96 73.1045
19.6818 96 73.1045
20.1108 88 67.6332
19.7077 92 70.3123
19.0954 109 82.0286
19.3428 100 75.8028
19.7077 98 74.5123
19.0787 115 86.2236
20.1108 84 64.8332
20.6812 89 68.5043
20.1108 86 66.2332
19.0787 120 89.7236
19.3594 96 73.0078
19.0658 121 90.4198
19.0658 121 90.4198
19.0787 116 86.9236
19.3428 100 75.8028
19.3428 102 77.2028
19.0658 127 94.6198
19.5804 103 77.9741
20.1108 88 67.6332
19.2321 108 81.3696
19.3428 101 76.5028
19.0954 111 83.4286
20.1108 88 67.6332
19.0658 120 89.7198
19.6818 101 76.6045
