21.7704 117 88.4311
21.693 121 91.2079
21.7729 123 92.6319
21.7808 121 91.2342
21.7729 124 93.3319
21.049 125 93.8147
20.4091 125 93.6227
20.7028 125 93.7108
20.8023 124 93.0407
20.5584 124 92.9675
20.2647 125 93.5794
20.1247 128 95.6374
20.1247 129 96.3374
20.1247 130 97.0374
20.1247 131 97.7374
20.1247 132 98.4374
20.1247 135 100.537
20.1143 134 99.8343
20.118 134 99.8354
20.1247 136 101.237
20.1143 135 100.534
20.1143 136 101.234
19.9795 137 101.894
19.9986 137 101.9
20.0668 137 101.92
19.9758 140 103.993
19.9795 138 102.594
19.9758 141 104.693
19.9758 142 105.393
20.1143 137 101.934
20.0668 142 105.42
19.9758 143 106.093
19.9758 145 107.493
19.9758 145 107.493
19.9758 147 108.893
19.9758 148 109.593
19.9758 149 110.293
19.9758 141 104.693
19.9795 137 101.894
20.5584 125 93.6675
21.8504 117 88.4551
20.2647 127 94.9794
20.1247 129 96.3374
21.7729 123 92.6319
19.9758 148 109.593
19.9758 146 108.193
19.9758 146 108.193
19.9758 140 103.993
20.2647 124 92.8794
20.2647 127 94.9794
20.1143 134 99.8343
20.0668 137 101.92
20.1247 130 97.0374
19.9758 141 104.693
20.2647 127 94.9794
20.2647 127 94.9794
19.9758 147 108.893
20.1066 141 104.732
19.9795 146 108.194
20.5584 124 92.9675
20.1247 131 97.7374
20.1247 128 95.6374
19.9795 138 102.594
19.9758 140 103.993
19.9758 143 106.093
20.168 126 94.2504
20.1247 129 96.3374
19.9758 148 109.593
21.693 122 91.9079
20.0668 146 108.22
19.9986 136 101.2
20.1247 134 99.8374
19.9795 137 101.894
21.7808 121 91.2342
19.9795 137 101.894
20.1143 135 100.534
19.9758 149 110.293
20.168 129 96.3504
19.9758 139 103.293
20.1143 135 100.534
20.5584 124 92.9675
20.5584 124 92.9675
20.8023 124 93.0407
19.9758 149 110.293
19.9758 149 110.293
19.9795 137 101.894
20.0705 136 101.221
20.2691 130 97.0807
20.2647 126 94.2794
19.9795 137 101.894
20.1247 134 99.8374
21.8504 117 88.4551
19.9758 148 109.593
19.9986 139 103.3
20.0668 142 105.42
20.2647 124 92.8794
21.8504 117 88.4551
20.8023 123 92.3407
20.1143 135 100.534
20.1247 136 101.237
20.1143 134 99.8343
20.2647 124 92.8794
20.1247 133 99.1374
21.7729 127 95.4319
20.0668 137 101.92
21.693 121 91.2079
19.9795 137 101.894
21.693 127 95.4079
19.9758 149 110.293
20.1247 129 96.3374
19.9795 137 101.894
20.1143 136 101.234
20.1247 134 99.8374
19.9795 142 105.394
20.1143 137 101.934
19.9758 146 108.193
19.9758 143 106.093
20.8023 124 93.0407
20.0705 136 101.221
21.7969 117 88.4391
19.9758 143 106.093
20.1143 141 104.734
21.693 122 91.9079
20.2647 124 92.8794
20.0705 136 101.221
20.2647 125 93.5794
19.9758 140 103.993
21.8504 117 88.4551
20.1143 134 99.8343
20.1247 128 95.6374
19.9758 147 108.893
20.1247 129 96.3374
19.9758 145 107.493
20.1247 130 97.0374
20.2691 132 98.4807
20.1143 137 101.934
19.9758 143 106.093
21.8504 117 88.4551
20.1143 140 104.034
20.5584 124 92.9675
19.9758 139 103.293
20.2647 124 92.8794
19.9758 140 103.993
20.1143 134 99.8343
20.1247 131 97.7374
19.9293 148 109.579
22.0171 118 89.2051
20.5584 124 92.9675
20.1247 130 97.0374
21.7729 123 92.6319
