20.7288 90 27.6559
20.7288 91 27.7559
20.7288 92 27.8559
20.6129 100 28.5516
20.7288 94 28.0559
20.547 96 28.0923
20.3844 98 28.1459
20.7288 93 27.9559
20.547 97 28.1923
20.3844 99 28.2459
20.7288 94 28.0559
20.2913 100 28.2622
20.547 96 28.0923
20.3844 100 28.3459
20.2913 101 28.3622
20.2913 102 28.4622
20.2913 103 28.5622
20.1618 105 28.6456
20.2913 104 28.6622
20.0708 106 28.6637
20.1618 106 28.7456
20.2913 105 28.7622
20.0341 114 29.4307
19.7193 111 28.8474
20.0708 108 28.8637
19.9986 109 28.8987
19.9488 109 28.8539
20.0708 109 28.9637
19.9986 110 28.9987
19.7193 113 29.0474
19.6213 114 29.0592
19.9986 111 29.0987
19.6872 121 29.8185
19.7193 119 29.6474
19.8834 109 28.7951
19.5906 114 29.0315
19.8064 113 29.1258
19.5906 117 29.3315
19.5047 118 29.3542
19.6933 119 29.624
19.5906 116 29.2315
19.5047 119 29.4542
19.4261 125 29.9835
19.4207 121 29.5786
19.4261 121 29.5835
19.4207 120 29.4786
19.4207 123 29.7786
19.342 124 29.8078
19.3466 124 29.8119
19.4207 124 29.8786
19.342 125 29.9078
19.342 124 29.8078
19.342 127 30.1078
19.342 128 30.2078
19.5272 126 30.1745
19.2625 130 30.3363
19.342 135 30.9078
19.3466 125 29.9119
19.2625 130 30.3363
20.2913 101 28.3622
20.547 96 28.0923
19.342 125 29.9078
20.7288 91 27.7559
19.342 130 30.4078
19.2625 128 30.1363
20.2913 104 28.6622
19.9986 109 28.8987
20.0708 106 28.6637
19.342 125 29.9078
20.0708 108 28.8637
20.2913 100 28.2622
20.0708 106 28.6637
20.0708 108 28.8637
20.0708 107 28.7637
19.4901 120 29.5411
20.2913 102 28.4622
20.547 95 27.9923
19.5906 116 29.2315
19.5906 116 29.2315
19.9986 110 28.9987
19.342 128 30.2078
20.7288 93 27.9559
20.7288 95 28.1559
20.7288 91 27.7559
19.342 125 29.9078
20.1618 110 29.1456
19.342 128 30.2078
19.7193 111 28.8474
19.342 130 30.4078
19.5906 122 29.8315
19.5047 118 29.3542
20.7288 95 28.1559
19.7193 113 29.0474
19.4207 121 29.5786
20.7288 94 28.0559
19.7193 111 28.8474
20.7288 93 27.9559
19.7193 114 29.1474
19.3466 124 29.8119
19.2625 136 30.9363
20.7288 97 28.3559
20.547 96 28.0923
20.2913 104 28.6622
19.7193 110 28.7474
19.9986 111 29.0987
20.9156 94 28.224
19.5047 117 29.2542
19.4261 119 29.3835
19.3466 123 29.7119
20.1618 110 29.1456
20.547 98 28.2923
19.5047 119 29.4542
19.9986 110 28.9987
20.0708 106 28.6637
19.4261 121 29.5835
20.0708 108 28.8637
19.5906 118 29.4315
19.4261 120 29.4835
19.342 126 30.0078
19.5047 118 29.3542
19.9986 109 28.8987
19.6213 113 28.9592
19.4207 124 29.8786
19.2625 132 30.5363
20.0708 106 28.6637
19.3751 133 30.7376
19.9986 110 28.9987
19.7193 112 28.9474
19.7166 112 28.9449
20.1754 112 29.3579
19.9986 110 28.9987
19.3727 123 29.7354
19.6213 114 29.0592
19.4207 123 29.7786
20.3844 98 28.1459
20.7288 92 27.8559
19.342 128 30.2078
19.5272 123 29.8745
19.4261 120 29.4835
19.5047 119 29.4542
20.2913 101 28.3622
19.342 129 30.3078
20.0708 109 28.9637
19.4261 118 29.2835
20.0708 106 28.6637
20.3844 100 28.3459
20.2903 108 29.0612
20.7288 99 28.5559
20.7288 90 27.6559
20.7288 92 27.8559
