20.6812 96 88.4681
20.7722 94 86.6772
20.6775 94 86.6677
20.6812 94 86.6681
20.6775 95 87.5677
20.6747 96 88.4675
20.6775 103 94.7677
20.6747 102 93.8675
20.6747 96 88.4675
19.9891 99 91.0989
20.547 99 91.1547
20.6747 99 91.1675
20.0801 101 92.908
19.9891 101 92.8989
19.6957 102 93.7696
19.9891 106 97.3989
19.6957 101 92.8696
19.3428 104 95.5343
19.5804 102 93.758
19.679 104 95.5679
19.6957 104 95.5696
19.3428 105 96.4343
19.2321 112 102.723
19.3308 106 97.3331
19.2321 107 98.2232
19.2321 110 100.923
19.2191 113 103.622
19.2321 116 106.323
19.2155 112 102.722
19.1787 120 109.918
19.1953 113 103.62
19.3065 114 104.531
19.1787 114 104.518
19.1787 115 105.418
19.1787 116 106.318
19.2697 118 108.127
19.1787 118 108.118
19.1787 119 109.018
19.1787 127 116.218
19.1787 125 114.418
19.1787 120 109.918
19.1787 121 110.818
19.1787 129 118.018
19.1953 122 111.72
19.1697 126 115.317
19.1787 124 113.518
19.1697 127 116.217
19.0954 128 117.11
19.5428 122 111.754
19.0954 129 118.01
19.5041 125 114.45
19.0787 135 123.408
19.0787 133 121.608
19.0787 132 120.708
19.2321 110 100.923
19.6957 100 91.9696
20.6812 93 85.7681
20.6775 95 87.5677
20.6775 95 87.5677
19.1953 113 103.62
19.1697 130 118.917
20.6775 101 92.9677
19.1787 124 113.518
19.5804 104 95.558
19.9891 101 92.8989
19.3428 104 95.5343
19.3428 103 94.6343
19.679 102 93.7679
19.2155 113 103.622
19.1787 122 111.718
20.6747 94 86.6675
19.0954 127 116.21
19.2155 112 102.722
19.0954 135 123.41
19.2321 110 100.923
19.1787 124 113.518
19.9891 101 92.8989
19.2321 108 99.1232
19.6957 104 95.5696
20.6775 96 88.4677
19.1734 128 117.117
19.1787 122 111.718
19.1787 114 104.518
19.2321 108 99.1232
20.6812 92 84.8681
19.679 104 95.5679
19.2697 119 109.027
20.6775 95 87.5677
19.1787 119 109.018
19.1787 123 112.618
19.0954 130 118.91
19.7012 114 104.57
19.1787 129 118.018
20.6812 92 84.8681
19.1697 128 117.117
19.5804 104 95.558
19.1787 118 108.118
20.6747 96 88.4675
19.4518 127 116.245
19.6818 102 93.7682
20.6775 93 85.7677
20.6775 93 85.7677
19.6242 108 99.1624
19.1697 126 115.317
19.6957 103 94.6696
19.5804 104 95.558
19.1787 117 107.218
19.5874 108 99.1587
20.6747 96 88.4675
20.6812 92 84.8681
19.0824 133 121.608
19.5041 124 113.55
19.1787 129 118.018
19.1787 124 113.518
19.5874 111 101.859
20.6747 98 90.2675
20.547 99 91.1547
19.6957 101 92.8696
19.9891 101 92.8989
19.0954 134 122.51
19.679 102 93.7679
19.6409 105 96.4641
19.2321 108 99.1232
19.2321 107 98.2232
19.1823 115 105.418
19.679 104 95.5679
19.1953 121 110.82
20.6747 99 91.1675
19.0954 128 117.11
19.1787 130 118.918
19.0954 128 117.11
19.6957 103 94.6696
20.6747 96 88.4675
19.1787 120 109.918
19.2321 118 108.123
19.1787 120 109.918
20.6775 95 87.5677
20.547 97 89.3547
19.1787 114 104.518
20.547 99 91.1547
19.1787 111 101.818
19.1787 113 103.618
19.3428 109 100.034
19.1814 115 105.418
19.8332 104 95.5833
20.6812 93 85.7681
19.1787 123 112.618
19.099 130 118.91
19.1787 116 106.318
19.5804 104 95.558
