21.9993 78 44.3996
21.9993 79 44.7996
21.9993 85 47.1996
21.9993 81 45.5996
21.9982 82 45.9989
21.9993 80 45.1996
21.9982 83 46.3989
21.4147 84 46.4489
21.9982 84 46.799
21.4147 85 46.8489
21.4147 84 46.4489
21.4147 87 47.6488
21.4147 88 48.0489
20.7288 90 48.4373
21.4147 89 48.4489
20.7288 91 48.8373
21.4147 90 48.8489
20.7288 92 49.2373
20.7288 93 49.6373
20.547 94 49.9282
20.7288 99 52.0373
20.547 95 50.3282
20.547 94 49.9282
20.546 97 51.1276
20.547 97 51.1282
20.546 98 51.5276
20.4301 106 54.6581
20.546 100 52.3276
20.2913 101 52.5748
20.546 101 52.7276
20.2913 102 52.9748
20.2913 103 53.3748
20.1754 111 56.5052
20.1618 105 54.0971
20.2913 105 54.1748
20.1618 106 54.4971
20.1618 105 54.0971
20.0708 106 54.4425
20.1618 108 55.2971
20.0708 109 55.6425
20.0708 108 55.2425
20.0708 111 56.4425
20.0708 112 56.8425
20.0708 113 57.2425
20.031 114 57.6186
20.0708 114 57.6425
20.031 115 58.0186
20.031 116 58.4186
20.0082 117 58.8049
20.031 117 58.8186
20.0082 123 61.2049
20.0082 124 61.6049
20.0082 120 60.0049
20.0023 121 60.4014
20.0082 121 60.4049
19.9795 122 60.7877
20.0023 122 60.8013
19.9795 123 61.1877
19.9795 124 61.5877
19.9716 125 61.9829
19.9795 122 60.7877
20.1618 107 54.8971
21.9993 87 47.9996
21.4147 86 47.2489
19.9716 125 61.9829
21.9993 81 45.5996
20.547 94 49.9282
20.1618 107 54.8971
20.547 94 49.9282
21.8834 85 47.13
20.546 99 51.9276
19.9716 125 61.9829
21.9982 84 46.799
20.0082 119 59.6049
19.9716 125 61.9829
20.4311 101 52.6587
20.547 102 53.1282
21.4147 85 46.8489
20.031 115 58.0186
20.1618 106 54.4971
19.9795 129 63.5877
20.547 94 49.9282
20.7288 92 49.2373
20.547 95 50.3282
21.4147 88 48.0489
20.0023 122 60.8013
20.0708 114 57.6425
21.8834 89 48.73
19.9716 125 61.9829
19.9795 124 61.5877
20.546 100 52.3276
20.031 115 58.0186
20.546 99 51.9276
20.2913 104 53.7748
20.0082 117 58.8049
20.546 103 53.5276
20.546 100 52.3276
21.9982 84 46.799
20.0082 119 59.6049
20.031 113 57.2186
21.9982 84 46.799
20.7288 94 50.0373
20.0341 115 58.0205
21.4147 90 48.8489
21.4147 89 48.4489
20.1754 108 55.3053
20.546 98 51.5276
20.2913 102 52.9748
20.0708 108 55.2425
20.7288 90 48.4373
21.9993 82 45.9996
20.2913 101 52.5748
20.547 97 51.1282
20.7288 96 50.8373
20.031 115 58.0186
20.546 99 51.9276
21.4147 87 47.6488
20.546 99 51.9276
20.2913 105 54.1748
21.9993 80 45.1996
20.7288 92 49.2373
21.9993 79 44.7996
20.031 117 58.8186
20.0708 113 57.2425
20.546 98 51.5276
20.0341 115 58.0205
21.9993 79 44.7996
20.031 114 57.6186
20.0708 108 55.2425
19.9795 122 60.7877
20.547 101 52.7282
20.0708 112 56.8425
20.7288 91 48.8373
19.9716 125 61.9829
20.0023 119 59.6014
20.547 95 50.3282
20.547 94 49.9282
20.6129 97 51.1678
20.0082 119 59.6049
20.031 117 58.8186
20.7288 93 49.6373
20.0082 117 58.8049
20.7288 92 49.2373
20.0708 113 57.2425
21.9993 81 45.5996
20.0705 121 60.4423
21.9982 82 45.9989
21.4147 84 46.4489
20.4301 105 54.2581
20.1618 108 55.2971
