20.7288 89 27.5559
20.7288 90 27.6559
20.7288 91 27.7559
20.7278 92 27.855
20.7288 92 27.8559
19.9153 106 28.5238
20.7278 93 27.955
20.547 100 28.4923
20.1279 102 28.3151
19.9045 101 28.014
20.7278 94 28.055
20.547 101 28.5923
20.0154 101 28.1139
19.9045 104 28.314
19.7166 104 28.1449
20.3844 103 28.6459
19.8319 106 28.4487
20.7278 93 27.955
20.547 102 28.6923
20.017 105 28.5153
19.7166 105 28.2449
20.3844 99 28.2459
20.4311 105 28.888
19.9045 104 28.314
19.6681 113 29.0012
19.7166 104 28.1449
19.5906 108 28.4315
20.1941 101 28.2747
19.5906 107 28.3315
19.7072 108 28.5365
19.5047 115 29.0542
19.7031 112 28.9328
19.5047 111 28.6542
19.5047 117 29.2542
19.4261 113 28.7835
19.5047 113 28.8542
19.3869 121 29.5482
19.3854 115 28.9469
19.4261 115 28.9835
19.3727 116 29.0354
19.342 117 29.1078
19.3727 117 29.1354
19.342 118 29.2078
19.342 119 29.3078
19.3014 120 29.3713
19.3059 118 29.1753
19.342 120 29.4078
19.3014 121 29.4713
19.3014 122 29.5713
19.3014 123 29.6713
19.3014 124 29.7713
19.2625 125 29.8363
19.2462 132 30.5216
19.2625 126 29.9363
19.2625 125 29.8363
19.2462 128 30.1216
19.2625 128 30.1363
19.5047 110 28.5542
19.3727 117 29.1354
20.7288 90 27.6559
20.547 97 28.1923
19.7072 108 28.5365
19.4866 122 29.7379
19.4261 114 28.8835
20.7278 92 27.855
19.7193 104 28.1474
20.4311 103 28.688
19.7166 105 28.2449
19.6872 111 28.8185
19.342 117 29.1078
20.0154 99 27.9139
19.5906 109 28.5315
19.7166 104 28.1449
20.7288 92 27.8559
19.3727 116 29.0354
19.7193 104 28.1474
19.7166 104 28.1449
19.4261 115 28.9835
19.2665 125 29.8398
20.0154 100 28.0139
19.3014 127 30.0713
19.2625 125 29.8363
19.9045 103 28.214
20.3844 98 28.1459
19.7166 104 28.1449
19.5906 110 28.6315
19.7166 105 28.2449
20.547 97 28.1923
20.0154 99 27.9139
20.7288 92 27.8559
19.9045 103 28.214
19.3727 116 29.0354
19.3014 121 29.4713
19.5906 108 28.4315
19.9045 103 28.214
20.547 96 28.0923
19.3014 121 29.4713
19.342 120 29.4078
19.5047 111 28.6542
20.7288 92 27.8559
19.7072 108 28.5365
19.3014 120 29.3713
19.5047 112 28.7542
19.2625 127 30.0363
20.547 95 27.9923
19.5906 110 28.6315
19.5047 112 28.7542
20.3844 99 28.2459
19.9045 102 28.114
19.7072 111 28.8365
19.3059 120 29.3753
19.7166 105 28.2449
19.4261 113 28.7835
20.0154 98 27.8139
19.5047 118 29.3542
19.3014 123 29.6713
19.2462 126 29.9216
19.2462 128 30.1216
19.5906 108 28.4315
20.7278 92 27.855
20.547 97 28.1923
20.0154 99 27.9139
19.342 119 29.3078
20.1941 101 28.2747
19.4261 114 28.8835
20.3844 99 28.2459
19.4261 113 28.7835
19.5906 108 28.4315
20.6119 101 28.6507
19.9045 102 28.114
19.342 125 29.9078
19.2462 128 30.1216
19.7193 104 28.1474
19.4261 115 28.9835
19.2625 126 29.9363
19.9045 104 28.314
19.7072 108 28.5365
19.5906 108 28.4315
20.7288 90 27.6559
19.342 118 29.2078
19.9045 101 28.014
19.3014 121 29.4713
20.3844 99 28.2459
20.7278 97 28.355
19.7193 104 28.1474
19.2625 126 29.9363
19.3014 123 29.6713
20.3844 98 28.1459
19.7166 109 28.6449
19.3854 115 28.9469
