20.6812 89 82.1681
20.6784 91 83.9678
20.1164 85 78.5116
20.6812 94 86.6681
20.1164 88 81.2116
20.1164 87 80.3116
20.1164 90 83.0116
20.1164 89 82.1116
20.1044 92 84.8104
20.1164 92 84.8116
20.1044 93 85.7104
19.9891 94 86.5989
20.1044 94 86.6104
19.9891 95 87.4989
19.9891 96 88.3989
19.6818 97 89.2682
19.8229 95 87.4823
19.9891 102 93.7989
19.6818 98 90.1682
19.5804 97 89.258
19.6818 99 91.0682
19.3594 100 91.9359
19.5804 98 90.158
19.3594 99 91.0359
19.3428 102 93.7343
19.3594 102 93.7359
19.2321 103 94.6232
19.3428 103 94.6343
19.2321 104 95.5232
19.2321 105 96.4232
19.2321 106 97.3232
19.2321 107 98.2232
19.2155 108 99.1215
19.2321 108 99.1232
19.2155 114 104.522
19.2155 110 100.922
19.1787 111 101.818
19.2155 111 101.822
19.1787 112 102.718
19.1787 113 103.618
19.1787 114 104.518
19.1787 122 111.718
19.5874 111 101.859
19.1787 117 107.218
19.1787 116 106.318
19.1787 117 107.218
19.0954 120 109.91
19.1725 120 109.917
19.1787 118 108.118
19.0954 121 110.81
19.0658 122 111.707
19.0787 126 115.308
19.0954 122 111.71
19.0658 121 110.807
19.0658 122 111.707
19.0658 123 112.607
19.0658 126 115.307
19.0192 127 116.202
19.0658 127 116.207
19.0192 128 117.102
19.1787 114 104.518
19.1725 125 114.417
20.1164 87 80.3116
19.1787 115 105.418
19.3594 101 92.8359
19.2321 103 94.6232
20.6812 86 79.4681
19.6818 97 89.2682
19.0954 119 109.01
19.9891 95 87.4989
19.3594 100 91.9359
19.1787 112 102.718
19.0658 122 111.707
19.2321 108 99.1232
20.6812 86 79.4681
19.1787 116 106.318
19.1725 120 109.917
20.1164 87 80.3116
19.9891 96 88.3989
19.3428 100 91.9343
19.6818 99 91.0682
19.6818 101 92.8682
19.1787 126 115.318
19.0954 121 110.81
20.6812 87 80.3681
19.0658 122 111.707
20.1044 92 84.8104
19.0658 125 114.407
19.0787 122 111.708
19.0658 122 111.707
19.0658 122 111.707
19.3594 102 93.7359
19.2155 109 100.022
19.4684 116 106.347
20.6812 86 79.4681
20.6812 85 78.5681
19.6818 98 90.1682
20.1164 87 80.3116
20.1164 91 83.9116
20.1044 96 88.4104
20.1044 94 86.6104
19.2321 104 95.5232
19.1787 119 109.018
19.0658 124 113.507
20.7965 91 83.9796
19.1787 113 103.618
19.1787 113 103.618
19.1787 113 103.618
19.1787 119 109.018
19.1787 126 115.318
19.0192 131 119.802
20.6812 84 77.6681
19.0954 122 111.71
19.2155 114 104.522
19.1787 115 105.418
19.1725 120 109.917
19.2321 105 96.4232
19.1787 115 105.418
19.1953 113 103.62
19.6818 99 91.0682
19.2321 108 99.1232
19.2155 108 99.1215
19.2155 111 101.822
20.6812 87 80.3681
19.8229 95 87.4823
19.2321 111 101.823
19.0658 125 114.407
19.2321 103 94.6232
19.2321 106 97.3232
20.6812 85 78.5681
19.2321 103 94.6232
19.2155 111 101.822
19.3594 99 91.0359
20.1044 92 84.8104
19.2321 107 98.2232
19.3594 100 91.9359
19.1787 115 105.418
20.1164 87 80.3116
19.0658 127 116.207
19.7987 98 90.1799
19.1787 113 103.618
19.0658 125 114.407
20.1044 93 85.7104
19.2321 107 98.2232
19.3594 98 90.1359
19.0658 123 112.607
19.6818 98 90.1682
19.0658 122 111.707
19.2321 104 95.5232
20.6812 85 78.5681
