21.9993 88 48.3996
21.4147 95 50.8489
21.4147 96 51.2489
20.7288 98 51.6373
21.4147 97 51.6488
20.7288 99 52.0373
21.4147 96 51.2489
20.7288 98 51.6373
20.6129 108 55.5678
20.547 102 53.1282
20.7278 106 54.8367
20.547 103 53.5282
20.547 104 53.9282
20.4311 112 57.0587
20.547 106 54.7282
20.547 107 55.1282
20.547 108 55.5282
20.547 107 55.1282
20.2913 110 56.1748
20.3078 117 58.9847
20.547 108 55.5282
20.2913 111 56.5748
20.2913 110 56.1748
20.168 113 57.3008
20.2913 113 57.3748
20.168 114 57.7008
20.0708 113 57.2425
20.168 115 58.1008
20.0708 114 57.6425
20.0708 117 58.8425
20.0708 116 58.4425
20.2933 113 57.376
20.0708 120 60.0425
20.0521 121 60.4313
20.0708 121 60.4425
20.031 120 60.0186
20.0521 122 60.8312
20.031 123 61.2186
19.9795 126 62.3877
20.031 129 63.6186
20.0023 125 62.0014
20.0023 131 64.4014
20.0023 127 62.8013
19.9558 135 65.9735
19.9944 129 63.5966
20.042 126 62.4252
19.9795 130 63.9877
19.9944 128 63.1966
19.9795 131 64.3877
19.9716 132 64.7829
19.9758 130 63.9855
19.933 139 67.5598
19.9558 131 64.3735
19.9716 133 65.1829
19.8801 173 81.1281
20.031 123 61.2186
20.547 102 53.1282
20.168 113 57.3008
20.547 100 52.3282
20.031 120 60.0186
21.4147 95 50.8489
19.8801 173 81.1281
20.7288 98 51.6373
20.7288 97 51.2373
20.547 102 53.1282
21.4147 96 51.2489
20.7288 96 50.8373
20.0023 125 62.0014
19.8801 173 81.1281
19.9558 135 65.9735
19.9795 131 64.3877
22.186 90 49.3116
19.9716 138 67.1829
20.547 105 54.3282
19.9558 131 64.3735
19.9716 133 65.1829
20.168 111 56.5008
20.031 123 61.2186
20.0521 121 60.4313
20.547 102 53.1282
20.1754 117 58.9053
21.9993 88 48.3996
20.7288 100 52.4373
20.547 108 55.5282
19.933 135 65.9598
20.168 113 57.3008
20.0023 130 64.0014
19.9795 129 63.5877
19.9795 130 63.9877
20.0113 134 65.6068
20.0708 115 58.0425
20.0708 121 60.4425
20.031 120 60.0186
20.0521 122 60.8312
20.0708 115 58.0425
20.0708 118 59.2425
20.168 114 57.7008
20.547 109 55.9282
20.4237 110 56.2542
20.547 104 53.9282
20.7288 97 51.2373
21.8834 95 51.13
19.8801 173 81.1281
20.7288 98 51.6373
20.547 105 54.3282
20.118 126 62.4708
20.0023 126 62.4014
20.0708 113 57.2425
20.0521 121 60.4313
20.2913 111 56.5748
20.168 112 56.9008
19.9795 132 64.7877
20.547 102 53.1282
20.0708 120 60.0425
20.0791 170 80.0475
19.9795 129 63.5877
20.0023 127 62.8013
20.1669 119 59.7002
20.0023 132 64.8014
20.547 108 55.5282
20.2913 109 55.7748
20.547 106 54.7282
20.0023 131 64.4014
19.9944 129 63.5966
20.031 129 63.6186
20.7338 107 55.2403
20.3511 112 57.0106
20.547 107 55.1282
20.0708 118 59.2425
20.168 115 58.1008
20.2913 111 56.5748
20.2913 117 58.9748
20.308 109 55.7848
20.7288 101 52.8373
20.168 114 57.7008
20.0708 118 59.2425
21.4147 97 51.6488
21.9993 88 48.3996
22.0776 89 48.8466
20.168 114 57.7008
20.2913 112 56.9748
20.547 105 54.3282
20.7288 101 52.8373
20.2913 110 56.1748
20.0023 129 63.6014
19.9758 132 64.7855
20.547 103 53.5282
20.0521 119 59.6313
20.2913 110 56.1748
19.9716 133 65.1829
