20.6812 82 63.6044
20.6812 83 64.3044
20.1108 91 69.7332
20.1164 84 64.8349
20.7722 85 65.7317
20.1108 89 68.3332
20.1108 86 66.2332
20.1108 87 66.9332
19.7141 88 67.5142
20.1982 89 68.3595
20.1108 92 70.4333
19.7077 89 68.2123
19.7141 89 68.2142
19.7077 90 68.9123
19.7077 91 69.6123
19.7077 92 70.3123
19.7077 93 71.0123
19.6818 94 71.7045
19.7077 94 71.7123
19.6818 95 72.4045
19.3594 96 73.0078
19.5804 96 73.0741
19.6818 96 73.1045
19.3594 97 73.7078
19.3594 98 74.4078
19.3428 104 78.6028
19.3594 99 75.1078
19.3428 100 75.8028
19.3428 99 75.1028
19.2321 102 77.1696
19.3428 102 77.2028
19.2321 103 77.8696
19.2155 104 78.5646
19.2321 104 78.5696
19.2155 105 79.2646
19.2155 106 79.9646
19.2155 111 83.4646
19.2155 112 84.1646
19.0954 114 85.5286
19.2155 116 86.9646
19.0954 110 82.7286
19.0954 111 83.4286
19.0787 112 84.1236
19.0954 110 82.7286
19.0787 113 84.8236
19.4874 109 82.1462
19.0787 115 86.2236
19.5484 117 87.7645
19.4518 111 83.5355
19.0658 118 88.3198
19.0787 116 86.9236
19.0658 119 89.0198
19.0658 120 89.7198
19.0658 121 90.4198
19.0658 122 91.1198
19.0658 130 96.7198
19.0658 124 92.5198
19.4389 119 89.1317
19.0658 120 89.7198
19.0787 118 88.3236
19.7077 89 68.2123
20.6812 84 65.0043
19.0787 112 84.1236
19.3428 99 75.1028
19.4746 114 85.6424
19.7141 87 66.8142
19.3428 100 75.8028
19.0658 130 96.7198
19.0954 109 82.0286
19.7141 88 67.5142
20.1108 86 66.2332
19.2321 104 78.5696
19.2321 104 78.5696
19.0658 127 94.6198
19.2155 107 80.6646
19.3594 103 77.9078
20.1108 85 65.5332
19.0658 120 89.7198
19.0787 116 86.9236
20.1108 88 67.6332
19.0658 123 91.8198
20.1108 87 66.9332
19.2321 102 77.1696
19.3594 103 77.9078
20.6812 82 63.6044
19.0658 122 91.1198
19.0658 124 92.5198
19.7077 91 69.6123
19.7077 91 69.6123
19.0787 119 89.0236
20.1108 93 71.1332
19.6818 94 71.7045
19.0787 120 89.7236
19.0954 110 82.7286
19.0787 112 84.1236
19.2321 103 77.8696
19.0658 127 94.6198
20.6812 84 65.0043
19.3428 106 80.0028
19.2155 104 78.5646
19.7141 89 68.2142
19.3594 99 75.1078
19.0787 119 89.0236
19.0787 114 85.5236
19.6818 100 75.9045
19.3428 101 76.5028
20.1108 85 65.5332
19.3428 100 75.8028
19.6818 103 78.0045
19.0658 125 93.2198
19.3428 102 77.2028
19.6818 95 72.4045
19.0658 119 89.0198
20.6812 83 64.3044
19.2321 103 77.8696
19.0658 120 89.7198
19.0658 123 91.8198
19.5804 96 73.0741
20.6784 87 67.1035
20.6812 84 65.0043
20.1108 85 65.5332
20.1108 90 69.0332
19.5804 96 73.0741
19.0954 112 84.1286
19.0787 115 86.2236
19.0658 124 92.5198
19.6818 101 76.6045
19.0954 110 82.7286
20.1108 84 64.8332
19.2155 108 81.3646
20.1108 87 66.9332
19.7077 91 69.6123
19.0658 124 92.5198
20.1108 86 66.2332
19.0658 119 89.0198
19.7141 89 68.2142
19.2155 105 79.2646
19.0658 125 93.2198
19.2155 104 78.5646
19.0658 124 92.5198
19.0954 112 84.1286
20.6812 84 65.0043
20.1108 88 67.6332
19.2155 108 81.3646
19.0658 123 91.8198
19.0954 111 83.4286
19.3594 97 73.7078
19.0658 120 89.7198
19.0658 123 91.8198
19.3594 97 73.7078
