20.7288 100 68.2915
20.7288 100 68.2915
20.7288 101 68.8915
20.7288 104 70.6915
20.547 105 71.2188
20.547 104 70.6188
20.547 105 71.2188
20.547 108 73.0188
19.6957 109 73.2783
20.308 109 73.5232
20.629 111 74.8516
19.7701 111 74.508
19.6957 108 72.6783
19.3308 114 76.1323
19.3308 115 76.7323
19.3308 115 76.7323
19.3308 115 76.7323
19.3106 116 77.3242
19.3106 117 77.9242
19.2967 118 78.5187
19.2976 123 81.519
19.294 120 79.7176
19.2921 125 82.7168
19.1787 118 78.4715
19.3289 122 80.9316
19.2921 127 83.9168
19.2921 124 82.1168
19.2893 138 90.5157
19.3087 128 84.5235
19.2893 132 86.9157
19.2893 131 86.3157
19.2884 134 88.1154
19.2893 132 86.9157
19.6971 130 85.8789
19.2717 136 89.3087
19.2912 133 87.5165
19.2884 134 88.1154
19.294 131 86.3176
19.2717 138 90.5087
19.2717 139 91.1087
19.2717 138 90.5087
19.2717 141 92.3087
19.2717 134 88.1087
19.2717 143 93.5087
19.2717 144 94.1087
19.6805 140 91.8722
19.2717 146 95.3087
19.2745 143 93.5098
19.2717 146 95.3087
19.6805 144 94.2722
19.2717 155 100.709
19.2717 145 94.7087
19.2717 146 95.3087
19.294 147 95.9176
19.2717 154 100.109
19.2717 153 99.5087
19.2717 154 100.109
19.2717 155 100.709
19.2717 161 104.309
19.2884 161 104.315
19.2717 160 103.709
19.2893 131 86.3157
19.2717 143 93.5087
19.679 110 73.8716
19.2884 151 98.3154
19.2717 154 100.109
19.2745 143 93.5098
19.2717 144 94.1087
19.2717 156 101.309
20.547 112 75.4188
19.2884 142 92.9154
20.7288 101 68.8915
19.2717 150 97.7087
20.4311 113 75.9725
19.294 134 88.1176
20.547 104 70.6188
19.2893 132 86.9157
19.3308 115 76.7323
19.2717 150 97.7087
19.6957 109 73.2783
20.547 107 72.4188
20.547 108 73.0188
19.2717 142 92.9087
19.2717 154 100.109
19.3308 114 76.1323
19.3308 115 76.7323
20.547 105 71.2188
19.3289 122 80.9316
19.2717 155 100.709
20.547 107 72.4188
19.2717 141 92.3087
19.2745 140 91.7098
19.2717 141 92.3087
19.294 120 79.7176
19.2717 144 94.1087
19.2717 136 89.3087
19.3308 115 76.7323
19.2921 123 81.5168
19.6971 129 85.2789
19.679 115 76.8716
19.2893 130 85.7157
20.7288 102 69.4915
19.3308 115 76.7323
19.3308 115 76.7323
20.547 109 73.6188
19.2717 156 101.309
19.2921 129 85.1168
19.2717 141 92.3087
20.308 109 73.5232
19.3106 118 78.5242
19.2717 145 94.7087
19.3308 115 76.7323
19.3087 127 83.9235
19.2884 136 89.3154
19.3344 116 77.3338
19.2717 139 91.1087
19.2717 150 97.7087
19.294 121 80.3176
20.547 105 71.2188
19.2717 146 95.3087
19.3059 130 85.7224
19.2717 139 91.1087
19.3289 122 80.9316
19.3308 115 76.7323
20.7288 101 68.8915
19.679 112 75.0716
19.2717 146 95.3087
19.3106 117 77.9242
19.2884 141 92.3154
19.294 125 82.7176
19.2893 133 87.5157
20.547 103 70.0188
19.2921 131 86.3168
19.2717 146 95.3087
19.2921 127 83.9168
19.2717 137 89.9087
19.2884 138 90.5154
19.2884 150 97.7154
19.294 125 82.7176
19.2717 145 94.7087
19.679 108 72.6716
19.3106 122 80.9242
19.6957 107 72.0783
19.3086 134 88.1234
19.2717 145 94.7087
19.3106 122 80.9242
19.294 128 84.5176
19.2884 140 91.7154
19.2717 143 93.5087
19.2893 135 88.7157
