20.6812 82 63.6044
20.6812 90 69.2044
20.1108 84 64.8332
20.1164 84 64.8349
20.6812 84 65.0043
20.1108 85 65.5332
20.1108 93 71.1332
20.1108 87 66.9332
19.7141 88 67.5142
20.1072 88 67.6321
20.1108 86 66.2332
19.7077 89 68.2123
19.7113 94 71.7134
19.7077 97 73.8123
19.7077 98 74.5123
19.7077 92 70.3123
19.7077 93 71.0123
19.6818 94 71.7045
19.7077 94 71.7123
19.6818 95 72.4045
19.3594 96 73.0078
19.5804 96 73.0741
19.6818 94 71.7045
19.3594 97 73.7078
19.3594 105 79.3078
19.3428 99 75.1028
19.3594 99 75.1078
19.3428 100 75.8028
19.3428 99 75.1028
19.2321 102 77.1696
19.3428 102 77.2028
19.2321 103 77.8696
19.2155 104 78.5646
19.2321 111 83.4696
19.2155 109 82.0646
19.2155 110 82.7646
19.2155 107 80.6646
19.2155 108 81.3646
19.0954 107 80.6286
19.2155 113 84.8646
19.0954 110 82.7286
19.0954 111 83.4286
19.0787 112 84.1236
19.2226 113 84.8668
19.0787 113 84.8236
19.0787 119 89.0236
19.0787 120 89.7236
19.0787 116 86.9236
19.0787 117 87.6236
19.0658 118 88.3198
19.0787 118 88.3236
19.0658 119 89.0198
19.0658 120 89.7198
19.0658 121 90.4198
19.0658 122 91.1198
19.0658 123 91.8198
19.0658 131 97.4198
19.0658 125 93.2198
19.0658 126 93.9198
19.0658 127 94.6198
19.0658 132 98.1198
19.3428 105 79.3028
19.0954 109 82.0286
19.2155 109 82.0646
20.1108 86 66.2332
19.0658 124 92.5198
19.0954 109 82.0286
19.0787 114 85.5236
19.0658 124 92.5198
19.0658 127 94.6198
19.0658 119 89.0198
20.6812 82 63.6044
20.1108 86 66.2332
19.2321 102 77.1696
19.2321 103 77.8696
19.0658 121 90.4198
20.6812 84 65.0043
19.2155 106 79.9646
20.1164 84 64.8349
19.2321 102 77.1696
19.2155 105 79.2646
19.0658 125 93.2198
19.3428 100 75.8028
19.7077 92 70.3123
19.0787 117 87.6236
19.7141 89 68.2142
19.7113 94 71.7134
19.2155 112 84.1646
19.0658 128 95.3198
20.1108 85 65.5332
19.6818 96 73.1045
19.0658 130 96.7198
19.2321 102 77.1696
19.0658 132 98.1198
19.2155 107 80.6646
19.0787 112 84.1236
19.1811 126 93.9543
19.7077 90 68.9123
19.3594 99 75.1078
19.0787 118 88.3236
19.7077 92 70.3123
19.7077 93 71.0123
19.0787 118 88.3236
19.6818 96 73.1045
19.0787 118 88.3236
19.3594 97 73.7078
19.7077 91 69.6123
19.0658 128 95.3198
19.0658 124 92.5198
19.5804 96 73.0741
19.3594 98 74.4078
19.2321 104 78.5696
19.6818 94 71.7045
19.0658 127 94.6198
19.0787 118 88.3236
20.1108 90 69.0332
20.1108 85 65.5332
20.6812 91 69.9044
19.0954 111 83.4286
19.0658 130 96.7198
20.1072 88 67.6321
20.6812 84 65.0043
19.0658 123 91.8198
19.0954 110 82.7286
20.6812 82 63.6044
19.2155 104 78.5646
19.3594 99 75.1078
19.0658 125 93.2198
19.0787 116 86.9236
19.0658 120 89.7198
19.0787 117 87.6236
20.1108 84 64.8332
20.1108 95 72.5332
19.2155 109 82.0646
19.3594 106 80.0078
20.6812 90 69.2044
20.6812 83 64.3044
19.0787 111 83.4236
19.0658 123 91.8198
20.6812 82 63.6044
20.6812 84 65.0043
19.5804 96 73.0741
19.2155 105 79.2646
19.3594 97 73.7078
19.7077 91 69.6123
19.3428 99 75.1028
19.2321 102 77.1696
19.5804 96 73.0741
19.2321 102 77.1696
19.7077 89 68.2123
