20.6812 82 75.8681
20.6812 83 76.7681
20.108 89 82.1108
20.1164 84 77.6116
20.6812 84 77.6681
20.1108 89 82.1111
20.1108 86 79.4111
20.1108 87 80.3111
19.7113 93 85.6711
20.1072 88 81.2107
20.1108 88 81.2111
19.7077 89 82.0708
19.7141 89 82.0714
19.7077 90 82.9708
19.7077 89 82.0708
19.7077 96 88.3708
19.7077 91 83.8708
19.6818 94 86.5682
19.7077 94 86.5708
19.6818 95 87.4682
19.3594 96 88.3359
19.5804 96 88.358
19.6818 96 88.3682
19.3594 97 89.2359
19.3594 98 90.1359
19.3428 99 91.0343
19.3594 99 91.0359
19.3428 100 91.9343
19.3428 101 92.8343
19.2321 102 93.7232
19.3428 102 93.7343
19.2321 101 92.8232
19.2155 104 95.5215
19.2321 104 95.5232
19.2155 105 96.4215
19.2155 106 97.3215
19.2155 107 98.2215
19.0954 108 99.1095
19.2155 108 99.1215
19.0954 109 100.01
19.0954 110 100.91
19.0954 109 100.01
19.0787 112 102.708
19.0954 110 100.91
19.0787 113 103.608
19.0787 114 104.508
19.0787 115 105.408
19.0787 116 106.308
19.0787 117 107.208
19.0658 118 108.107
19.0787 118 108.108
19.0658 119 109.007
19.0658 120 109.907
19.0658 119 109.007
19.0658 122 111.707
19.2026 122 111.72
19.0658 124 113.507
19.0658 125 114.407
19.7077 90 82.9708
19.3428 100 91.9343
19.7077 93 85.6708
19.0658 120 109.907
19.6818 94 86.5682
19.0954 112 102.71
19.7077 93 85.6708
19.7077 100 91.9708
19.0658 122 111.707
19.3428 101 92.8343
19.3594 96 88.3359
19.6818 95 87.4682
19.3065 107 98.2306
19.0787 114 104.508
19.0787 113 103.608
19.3594 98 90.1359
19.7077 93 85.6708
20.1108 86 79.4111
19.2155 103 94.6215
20.1072 92 84.8107
19.7077 89 82.0708
19.7077 89 82.0708
19.3428 99 91.0343
19.2321 102 93.7232
19.0787 112 102.708
19.3428 101 92.8343
19.7077 90 82.9708
19.2155 113 103.622
19.7077 96 88.3708
19.5804 96 88.358
19.2155 108 99.1215
19.3594 97 89.2359
19.0787 115 105.408
19.0658 122 111.707
19.7987 91 83.8799
20.1108 87 80.3111
19.0954 109 100.01
19.2321 102 93.7232
19.3594 97 89.2359
19.2155 107 98.2215
19.0658 125 114.407
19.0954 109 100.01
19.0787 116 106.308
19.3428 100 91.9343
19.6818 95 87.4682
19.2321 104 95.5232
19.0954 112 102.71
19.2155 106 97.3215
19.2321 103 94.6232
19.6818 95 87.4682
19.0787 113 103.608
19.0787 112 102.708
19.3594 97 89.2359
20.6812 82 75.8681
19.7077 95 87.4708
20.1108 87 80.3111
19.2155 109 100.022
19.2321 107 98.2232
19.2155 105 96.4215
19.0954 112 102.71
19.0787 118 108.108
19.7077 91 83.8708
20.6812 84 77.6681
19.2155 104 95.5215
19.7077 89 82.0708
19.6818 94 86.5682
19.0954 110 100.91
19.0787 112 102.708
19.2155 115 105.422
19.0658 123 112.607
19.3594 101 92.8359
19.3428 100 91.9343
19.2321 102 93.7232
20.6812 83 76.7681
19.0658 125 114.407
19.0787 117 107.208
19.3594 97 89.2359
19.0787 112 102.708
19.3428 99 91.0343
19.0658 125 114.407
19.0658 121 110.807
20.1164 84 77.6116
19.0954 111 101.81
19.7077 94 86.5708
19.0658 125 114.407
19.0658 123 112.607
19.6818 94 86.5682
19.2155 104 95.5215
19.7077 94 86.5708
19.0658 120 109.907
20.1072 88 81.2107
20.1108 84 77.6111
