20.7288 96 28.2559
20.4311 105 28.888
20.7288 97 28.3559
20.547 99 28.3923
20.3844 101 28.4459
20.7288 103 28.9559
20.547 100 28.4923
20.3844 102 28.5459
20.547 101 28.5923
20.3844 108 29.1459
20.3844 104 28.7459
20.3844 105 28.8459
20.2913 106 28.8622
20.1618 108 28.9456
20.3844 106 28.9459
20.1754 114 29.5579
20.1618 109 29.0456
20.2913 108 29.0622
20.0708 110 29.0637
20.1618 110 29.1456
20.0708 109 28.9637
20.0708 112 29.2637
20.0708 113 29.3637
20.0708 114 29.4637
20.0708 115 29.5637
20.0708 116 29.6637
20.0708 115 29.5637
20.031 118 29.8279
20.0708 118 29.8637
20.031 119 29.9279
20.1143 114 29.5029
20.1221 117 29.8099
19.9758 121 30.0782
19.9758 120 29.9782
19.9758 128 30.7782
19.9758 124 30.3782
20.0668 122 30.2602
19.9758 126 30.5782
19.9758 127 30.6782
19.9558 128 30.7602
19.9758 126 30.5782
19.9293 129 30.8364
20.0023 120 30.002
19.9293 130 30.9364
19.9293 131 31.0364
19.9293 132 31.1364
19.9293 133 31.2364
19.9293 134 31.3364
19.9293 133 31.2364
19.9293 136 31.5364
19.9293 137 31.6364
19.9293 136 31.5364
19.9293 137 31.6364
19.9293 140 31.9364
19.9293 134 31.3364
19.9293 142 32.1364
20.4852 140 32.4367
19.9293 142 32.1364
20.0204 142 32.2183
19.9293 144 32.3364
19.9293 147 32.6364
20.1738 142 32.3564
19.9293 147 32.6364
19.9293 148 32.7364
20.547 99 28.3923
19.9293 142 32.1364
19.9558 126 30.5602
20.2913 106 28.8622
19.9293 145 32.4364
19.9293 131 31.0364
19.9293 139 31.8364
19.9558 128 30.7602
20.0708 113 29.3637
20.0708 117 29.7637
20.031 119 29.9279
20.1618 109 29.0456
20.3844 103 28.6459
20.2913 105 28.7622
20.0708 110 29.0637
19.9293 144 32.3364
20.547 99 28.3923
19.9293 141 32.0364
20.3844 101 28.4459
19.9293 129 30.8364
20.2913 107 28.9622
19.9758 126 30.5782
20.547 98 28.2923
19.9293 135 31.4364
20.0708 110 29.0637
19.9293 138 31.7364
19.9758 123 30.2782
19.9758 125 30.4782
20.546 105 28.9914
20.547 101 28.5923
19.9758 128 30.7782
20.1618 109 29.0456
19.9293 141 32.0364
20.2913 107 28.9622
20.031 119 29.9279
19.9293 142 32.1364
19.9293 147 32.6364
20.2913 108 29.0622
19.9758 121 30.0782
20.0708 108 28.8637
19.9293 130 30.9364
19.9293 147 32.6364
20.1143 117 29.8029
19.9293 139 31.8364
20.1618 108 28.9456
19.9293 140 31.9364
20.0679 128 30.8611
20.1618 109 29.0456
19.9758 125 30.4782
19.9758 130 30.9782
19.9293 146 32.5364
19.9293 138 31.7364
20.0708 116 29.6637
19.9293 149 32.8364
19.9293 133 31.2364
19.9521 130 30.9569
19.9293 130 30.9364
20.2913 106 28.8622
20.1618 110 29.1456
19.9758 131 31.0782
20.0708 116 29.6637
20.1738 143 32.4564
20.547 100 28.4923
20.0708 115 29.5637
20.3844 105 28.8459
19.9758 122 30.1782
20.2913 108 29.0622
20.3844 102 28.5459
20.1519 133 31.4367
20.0204 134 31.4183
20.0708 114 29.4637
20.031 118 29.8279
19.9293 135 31.4364
19.9293 146 32.5364
20.1618 108 28.9456
19.9293 153 33.2364
19.9293 135 31.4364
20.7288 97 28.3559
20.1618 108 28.9456
20.0708 113 29.3637
19.9293 141 32.0364
20.3844 104 28.7459
20.3844 105 28.8459
20.1618 108 28.9456
20.3844 103 28.6459
19.9293 143 32.2364
