20.6812 81 74.9681
20.1164 84 77.6116
20.6812 84 77.6681
20.1164 85 78.5116
20.1164 86 79.4116
20.1164 87 80.3116
20.1108 95 87.5111
20.1164 92 84.8116
20.1108 87 80.3111
20.1072 90 83.0107
20.1108 94 86.6111
19.9891 91 83.8989
20.1044 91 83.9104
20.1072 91 83.9107
19.8229 92 84.7823
19.9891 92 84.7989
19.7077 93 85.6708
19.8229 97 89.2823
19.6818 94 86.5682
19.7077 94 86.5708
19.6818 95 87.4682
19.6818 94 86.5682
19.3594 102 93.7359
19.5804 97 89.258
19.6818 97 89.2682
19.3594 98 90.1359
19.3594 97 89.2359
19.3428 98 90.1343
19.3594 98 90.1359
19.3428 101 92.8343
19.2321 102 93.7232
19.3428 100 91.9343
19.2321 103 94.6232
19.2321 104 95.5232
19.3232 106 97.3323
19.2321 106 97.3232
19.2155 107 98.2215
19.2321 105 96.4232
19.2155 106 97.3215
19.2155 107 98.2215
19.1787 110 100.918
19.2155 108 99.1215
19.1787 111 101.818
19.1787 112 102.718
19.0954 113 103.61
19.1787 113 103.618
19.0954 114 104.51
19.0954 115 105.41
19.0787 116 106.308
19.0954 116 106.31
19.0787 121 110.808
19.0787 118 108.108
19.0787 119 109.008
19.0658 120 109.907
19.0954 117 107.21
19.1787 110 100.918
19.3594 97 89.2359
20.1072 91 83.9107
19.5804 104 95.558
19.0954 115 105.41
19.3594 98 90.1359
20.1164 85 78.5116
19.6818 94 86.5682
19.0954 113 103.61
20.1164 86 79.4116
19.0954 115 105.41
20.1108 88 81.2111
19.0787 118 108.108
19.2321 103 94.6232
19.3594 97 89.2359
20.1108 88 81.2111
19.2155 108 99.1215
19.7987 94 86.5799
19.3428 100 91.9343
19.0787 125 114.408
19.2155 110 100.922
19.9891 92 84.7989
19.3594 96 88.3359
19.0954 116 106.31
20.1164 93 85.7116
19.1787 118 108.118
19.0787 118 108.108
19.2321 106 97.3232
19.2321 102 93.7232
19.0787 116 106.308
19.0787 116 106.308
20.6812 84 77.6681
20.6812 84 77.6681
20.1108 88 81.2111
20.1072 95 87.5107
19.1787 110 100.918
19.2321 106 97.3232
19.6818 94 86.5682
19.0954 114 104.51
19.6818 97 89.2682
19.3594 97 89.2359
19.2155 108 99.1215
19.2321 106 97.3232
19.7077 94 86.5708
19.9891 92 84.7989
20.6812 88 81.2681
20.1044 91 83.9104
19.1787 110 100.918
20.1108 88 81.2111
19.2155 109 100.022
19.5804 97 89.258
19.0954 113 103.61
19.0787 127 116.208
19.0787 116 106.308
19.1787 111 101.818
19.1787 113 103.618
19.2321 106 97.3232
19.2155 108 99.1215
19.3594 98 90.1359
19.0787 119 109.008
19.6818 94 86.5682
19.8229 92 84.7823
19.1787 111 101.818
20.1108 89 82.1111
19.3594 105 96.4359
20.6812 83 76.7681
19.0787 116 106.308
20.1164 87 80.3116
19.6818 94 86.5682
19.2155 107 98.2215
19.8229 93 85.6823
19.3428 100 91.9343
19.3594 97 89.2359
19.0787 119 109.008
19.0954 114 104.51
19.6818 97 89.2682
19.0787 120 109.908
20.1164 85 78.5116
20.1072 90 83.0107
19.0954 115 105.41
19.3428 99 91.0343
19.7077 94 86.5708
19.1787 110 100.918
19.9891 96 88.3989
20.1044 91 83.9104
19.8229 92 84.7823
20.1108 88 81.2111
19.2321 104 95.5232
19.2155 109 100.022
19.6818 94 86.5682
19.2321 103 94.6232
19.0954 113 103.61
19.2321 105 96.4232
20.1108 88 81.2111
19.0787 119 109.008
