20.7659 66 34.3362
20.8057 66 34.364
20.7385 67 34.6169
20.7021 74 36.6914
20.7385 75 37.0169
20.7385 69 35.2169
20.5781 70 35.4047
20.554 77 37.4878
20.7385 70 35.5169
20.5781 71 35.7047
20.5507 72 35.9855
20.5143 79 38.06
20.5507 73 36.2855
20.5507 79 38.0855
20.5507 75 36.8855
20.5507 74 36.5855
20.7385 71 35.8169
20.4833 78 37.7383
20.5507 78 37.7855
20.4436 79 38.0105
20.4833 79 38.0383
20.4436 85 39.8105
20.4436 81 38.6105
20.4436 82 38.9105
20.4436 83 39.2105
20.3557 84 39.449
20.4436 89 41.0105
20.2838 85 39.6987
20.3557 85 39.749
20.2838 86 39.9987
20.0809 94 42.2566
20.2752 87 40.2927
20.2838 87 40.2987
20.1374 88 40.4962
20.1374 89 40.7962
20.1374 90 41.0962
20.1374 91 41.3962
20.1189 92 41.6832
20.1374 92 41.6962
20.0305 100 44.0213
20.1189 93 41.9832
20.0302 94 42.2211
20.087 99 43.7609
19.9797 95 42.4858
20.0302 95 42.5211
19.9755 96 42.7829
19.9797 94 42.1858
19.9755 97 43.0829
19.9755 103 44.8829
19.9755 100 43.9829
19.9755 100 43.9829
19.9755 101 44.2829
19.9755 109 46.6829
19.9755 110 46.9829
19.9755 104 45.1829
19.9755 106 45.7829
19.9755 107 46.0829
19.9755 100 43.9829
19.9755 104 45.1829
20.4436 84 39.5105
20.5507 75 36.8855
19.9755 106 45.7829
19.9797 96 42.7858
19.9755 98 43.3829
19.9797 103 44.8858
19.9755 99 43.6829
20.4436 83 39.2105
20.7385 69 35.2169
19.9755 98 43.3829
20.1189 92 41.6832
20.2838 86 39.9987
19.9755 104 45.1829
20.4833 78 37.7383
20.1374 87 40.1962
20.1374 88 40.4962
19.9755 98 43.3829
19.9797 102 44.5858
19.9755 109 46.6829
20.4436 86 40.1105
20.5507 72 35.9855
19.9755 101 44.2829
20.7385 70 35.5169
20.1189 92 41.6832
20.4436 80 38.3105
20.7659 66 34.3362
19.9755 103 44.8829
20.5781 77 37.5047
20.7659 67 34.6362
20.4436 87 40.4105
20.1146 105 45.5802
20.4436 80 38.3105
20.0302 94 42.2211
19.9755 106 45.7829
20.5781 71 35.7047
20.2752 87 40.2927
19.9797 95 42.4858
19.9755 100 43.9829
19.9755 98 43.3829
19.9755 99 43.6829
20.1189 100 44.0832
20.4436 79 38.0105
20.5507 80 38.3855
20.2838 86 39.9987
20.1189 92 41.6832
20.1374 89 40.7962
19.9755 104 45.1829
20.4436 79 38.0105
20.4833 79 38.0383
19.9797 103 44.8858
20.087 93 41.9609
20.4436 81 38.6105
20.1374 92 41.6962
20.087 93 41.9609
20.7385 67 34.6169
20.8057 66 34.364
19.9755 100 43.9829
19.9755 111 47.2829
20.7385 69 35.2169
19.9755 96 42.7829
20.4436 81 38.6105
20.7385 68 34.9169
20.7385 70 35.5169
19.9755 106 45.7829
20.1607 103 45.0125
20.5781 69 35.1047
20.3557 85 39.749
20.1189 92 41.6832
20.8057 66 34.364
20.5507 72 35.9855
20.4833 86 40.1383
20.1374 89 40.7962
20.1374 87 40.1962
20.3557 84 39.449
19.9755 104 45.1829
20.5781 71 35.7047
20.8057 66 34.364
19.9797 95 42.4858
20.6711 73 36.3698
20.5507 74 36.5855
20.2752 87 40.2927
19.9755 101 44.2829
20.1374 91 41.3962
20.7659 67 34.6362
20.1374 92 41.6962
20.1374 92 41.6962
20.7385 69 35.2169
20.3557 84 39.449
20.2838 90 41.1987
20.7385 67 34.6169
20.7385 69 35.2169
