21.9784 123 72.4892
21.8504 118 69.9252
21.7808 122 71.8904
20.9444 126 73.4722
20.2647 127 73.6323
20.8023 127 73.9012
20.1247 129 74.5624
20.2647 127 73.6323
20.4184 130 75.2092
20.1247 133 76.5624
20.1247 134 77.0624
20.1247 137 78.5624
20.1143 136 78.0572
20.1247 138 79.0624
20.0668 138 79.0334
19.9758 140 79.9879
19.9758 141 80.4879
19.9758 144 81.9879
19.9758 141 80.4879
19.9758 148 83.9879
19.9758 148 83.9879
20.8023 124 72.4012
20.1247 136 78.0624
20.1247 134 77.0624
19.9758 148 83.9879
20.1247 129 74.5624
19.9986 138 78.9993
19.9758 141 80.4879
21.8036 125 73.4018
20.1247 129 74.5624
20.1143 136 78.0572
20.1247 129 74.5624
19.9758 139 79.4879
19.9758 141 80.4879
21.693 122 71.8465
19.9758 139 79.4879
19.9758 141 80.4879
20.4184 129 74.7092
20.0668 145 82.5334
20.1247 130 75.0624
19.9758 141 80.4879
20.1247 132 76.0624
20.5584 125 72.7792
20.1247 135 77.5624
20.1143 137 78.5572
20.1247 135 77.5624
20.2647 130 75.1323
20.8023 124 72.4012
20.1247 136 78.0624
19.9758 139 79.4879
20.1247 132 76.0624
20.8023 127 73.9012
19.9758 144 81.9879
21.693 122 71.8465
19.9758 140 79.9879
19.9758 144 81.9879
20.1247 131 75.5624
20.1247 134 77.0624
20.1143 136 78.0572
20.8032 132 76.4016
19.9758 139 79.4879
21.7729 122 71.8865
20.118 135 77.559
20.1247 129 74.5624
19.9758 144 81.9879
20.1247 134 77.0624
19.9758 146 82.9879
20.1247 135 77.5624
19.9795 144 81.9897
19.9758 146 82.9879
19.9758 150 84.9879
20.3125 137 78.6562
21.7808 122 71.8904
21.693 122 71.8465
21.7808 122 71.8904
20.0668 140 80.0334
20.1247 134 77.0624
20.1247 134 77.0624
19.9758 146 82.9879
19.9758 146 82.9879
21.7808 122 71.8904
20.1247 129 74.5624
20.2647 127 73.6323
19.9795 147 83.4897
20.2647 127 73.6323
19.9758 146 82.9879
20.1143 137 78.5572
20.1143 136 78.0572
20.2647 127 73.6323
20.1247 129 74.5624
19.9758 144 81.9879
19.9758 146 82.9879
20.8023 126 73.4012
20.1247 129 74.5624
20.5584 125 72.7792
21.693 122 71.8465
19.9758 144 81.9879
21.7808 122 71.8904
20.4184 133 76.7092
20.0668 138 79.0334
19.9758 144 81.9879
20.1247 131 75.5624
20.2647 127 73.6323
19.9758 148 83.9879
20.1247 132 76.0624
20.4091 128 74.2045
19.9758 139 79.4879
19.9758 145 82.4879
19.9758 140 79.9879
19.9758 139 79.4879
19.9758 141 80.4879
19.9758 144 81.9879
19.9758 145 82.4879
19.9758 147 83.4879
19.9795 138 78.9897
21.7808 122 71.8904
19.9795 139 79.4897
20.1247 133 76.5624
20.1143 136 78.0572
19.9758 146 82.9879
20.1247 138 79.0624
20.2647 125 72.6323
19.9986 144 81.9993
19.9758 142 80.9879
20.1247 138 79.0624
19.9758 146 82.9879
19.9795 145 82.4897
20.1247 129 74.5624
19.9795 145 82.4897
20.2647 127 73.6323
21.7808 122 71.8904
20.1143 135 77.5572
20.1143 136 78.0572
20.1247 129 74.5624
20.2647 132 76.1323
19.9758 148 83.9879
20.1247 135 77.5624
20.8023 124 72.4012
19.9758 140 79.9879
20.8023 124 72.4012
19.9758 146 82.9879
20.1247 133 76.5624
19.9758 145 82.4879
20.0668 139 79.5334
20.1247 129 74.5624
20.1247 135 77.5624
19.9758 140 79.9879
19.9758 146 82.9879
19.9758 144 81.9879
20.1247 129 74.5624
