20.6812 82 63.6044
20.6812 83 64.3044
20.1164 84 64.8349
20.6812 84 65.0043
20.1164 85 65.5349
20.1164 86 66.2349
20.1164 87 66.9349
20.1072 88 67.6321
20.1108 88 67.6332
20.1164 88 67.6349
20.1044 89 68.3313
20.1072 93 71.1321
20.1044 90 69.0313
19.7077 91 69.6123
19.8229 91 69.6469
19.9891 91 69.6967
20.1044 89 68.3313
19.7077 92 70.3123
19.7077 93 71.0123
19.6818 94 71.7045
19.7987 95 72.4396
19.6818 95 72.4045
19.5804 96 73.0741
19.6818 96 73.1045
19.3594 97 73.7078
19.5804 97 73.7741
19.3594 96 73.0078
19.3428 104 78.6028
19.3594 99 75.1078
19.3428 100 75.8028
19.3428 99 75.1028
19.2321 102 77.1696
19.3428 102 77.2028
19.2321 103 77.8696
19.2321 104 78.5696
19.2321 105 79.2696
19.3065 107 80.692
19.6409 101 76.5923
19.2155 112 84.1646
19.2155 115 86.2646
19.2155 109 82.0646
19.1787 110 82.7536
19.2155 110 82.7646
19.0954 111 83.4286
19.1787 111 83.4536
19.0954 110 82.7286
19.0954 118 88.3286
19.0954 114 85.5286
19.0787 115 86.2236
19.0954 115 86.2286
19.0787 116 86.9236
19.0787 117 87.6236
19.0787 116 86.9236
19.0658 119 89.0198
19.0787 119 89.0236
19.0658 120 89.7198
19.0954 113 84.8286
19.2155 107 80.6646
19.2155 109 82.0646
19.7077 92 70.3123
19.2321 109 82.0696
19.5804 104 78.6741
19.3594 97 73.7078
19.0954 112 84.1286
19.3594 99 75.1078
19.0954 114 85.5286
19.2321 109 82.0696
19.0954 113 84.8286
20.1072 89 68.3322
19.0658 119 89.0198
20.6812 82 63.6044
20.1164 91 69.7349
20.1072 89 68.3322
19.2155 108 81.3646
19.0954 113 84.8286
20.1164 84 64.8349
19.3428 102 77.2028
19.3428 101 76.5028
19.6409 101 76.5923
19.2321 103 77.8696
19.0787 119 89.0236
19.2321 110 82.7696
20.1164 84 64.8349
19.5804 101 76.5741
19.7077 92 70.3123
19.2155 107 80.6646
19.2155 106 79.9646
19.0954 118 88.3286
20.1164 85 65.5349
19.7077 94 71.7123
20.1072 89 68.3322
19.2155 106 79.9646
19.0954 112 84.1286
19.6818 94 71.7045
20.1072 96 73.2321
20.6812 87 67.1043
20.1072 89 68.3322
19.0954 112 84.1286
19.2321 102 77.1696
20.1164 87 66.9349
19.3594 96 73.0078
19.3428 102 77.2028
19.0787 120 89.7236
19.2321 106 79.9696
20.1164 84 64.8349
19.5804 96 73.0741
19.6818 103 78.0045
19.7077 93 71.0123
19.0658 119 89.0198
19.1787 111 83.4536
19.0787 118 88.3236
19.2321 105 79.2696
19.5804 97 73.7741
19.2155 105 79.2646
19.2155 115 86.2646
19.3594 103 77.9078
20.1164 92 70.4349
19.5804 96 73.0741
19.7077 92 70.3123
20.1164 88 67.6349
19.0954 111 83.4286
19.3428 100 75.8028
19.0954 112 84.1286
20.1044 91 69.7313
19.3428 102 77.2028
19.2155 113 84.8646
20.1164 84 64.8349
19.0954 111 83.4286
19.7077 91 69.6123
19.2321 103 77.8696
19.0954 115 86.2286
19.2155 108 81.3646
19.5041 110 82.8512
19.3594 103 77.9078
20.1164 83 64.1349
19.2155 111 83.4646
19.0787 120 89.7236
19.3428 99 75.1028
19.5484 120 89.8645
19.0954 112 84.1286
20.1044 91 69.7313
19.2321 111 83.4696
20.1164 88 67.6349
19.5804 97 73.7741
20.6812 83 64.3044
19.0787 115 86.2236
19.0787 116 86.9236
20.1164 86 66.2349
19.7077 92 70.3123
19.7077 91 69.6123
