21.9993 79 44.7996
21.9993 80 45.1996
21.9993 81 45.5996
21.9993 82 45.9996
21.9982 83 46.3989
21.9993 83 46.3996
21.9982 84 46.799
21.9982 90 49.1989
21.9982 86 47.5989
21.4147 87 47.6488
21.8834 92 49.93
21.9982 87 47.9989
21.4147 93 50.0489
21.4147 94 50.4489
20.7288 91 48.8373
21.4147 95 50.8489
20.7288 92 49.2373
21.4147 91 49.2489
20.7288 93 49.6373
20.7288 94 50.0373
20.4311 102 53.0587
20.7288 95 50.4373
20.547 96 50.7282
20.547 97 51.1282
20.4301 105 54.2581
20.547 98 51.5282
20.546 97 51.1276
20.546 100 52.3276
20.2913 101 52.5748
20.546 101 52.7276
20.2913 107 54.9748
20.2913 101 52.5748
20.2913 104 53.7748
20.1618 105 54.0971
20.2913 103 53.3748
20.1618 106 54.4971
20.1618 107 54.8971
20.0708 108 55.2425
20.8771 105 54.5263
20.0708 109 55.6425
20.3645 109 55.8187
20.0708 109 55.6425
20.1865 114 57.7119
20.0708 118 59.2425
20.031 114 57.6186
20.0708 114 57.6425
20.031 115 58.0186
20.031 116 58.4186
20.0082 117 58.8049
19.9944 124 61.5966
20.0082 118 59.2049
20.0082 119 59.6049
20.0082 120 60.0049
20.0082 121 60.4049
20.0023 122 60.8013
20.0082 122 60.8049
19.9795 123 61.1877
20.031 114 57.6186
20.0082 120 60.0049
20.1618 106 54.4971
21.9993 80 45.1996
20.0082 120 60.0049
20.0082 119 59.6049
20.547 96 50.7282
20.2913 104 53.7748
19.9944 128 63.1966
20.2913 102 52.9748
21.9993 79 44.7996
20.1618 106 54.4971
21.8834 86 47.53
20.7288 94 50.0373
21.9982 85 47.1989
20.547 96 50.7282
20.2913 103 53.3748
21.9993 81 45.5996
20.0082 122 60.8049
21.9993 82 45.9996
20.2913 102 52.9748
21.9982 84 46.799
20.2913 108 55.3748
20.0082 120 60.0049
21.4147 90 48.8489
20.547 98 51.5282
21.4147 89 48.4489
21.8834 87 47.93
21.9982 87 47.9989
20.031 117 58.8186
20.1618 106 54.4971
21.8834 87 47.93
20.1618 108 55.2971
21.9982 85 47.1989
21.9982 83 46.3989
20.2913 102 52.9748
20.0082 118 59.2049
20.546 99 51.9276
19.9795 123 61.1877
20.1221 114 57.6732
19.9795 123 61.1877
19.9795 123 61.1877
20.546 99 51.9276
19.9795 123 61.1877
20.7288 93 49.6373
20.0708 108 55.2425
21.4147 89 48.4489
20.1865 113 57.3119
20.0708 118 59.2425
21.8834 87 47.93
20.0708 108 55.2425
21.9982 85 47.1989
21.9982 86 47.5989
21.8834 88 48.33
20.0993 116 58.4596
20.7288 92 49.2373
20.7288 94 50.0373
20.0854 120 60.0512
20.546 99 51.9276
20.2913 108 55.3748
20.0708 110 56.0425
19.9795 121 60.3877
20.1618 105 54.0971
20.547 95 50.3282
21.9993 83 46.3996
20.0708 113 57.2425
20.0082 125 62.0049
19.9795 123 61.1877
21.9993 83 46.3996
20.0708 112 56.8425
20.1221 113 57.2732
21.9982 83 46.3989
20.0708 110 56.0425
21.9982 84 46.799
20.0082 120 60.0049
20.0082 118 59.2049
20.0708 114 57.6425
22.1135 86 47.6681
20.546 99 51.9276
20.547 94 49.9282
20.7288 93 49.6373
21.9993 81 45.5996
20.547 101 52.7282
20.7288 93 49.6373
20.0854 120 60.0512
21.9982 85 47.1989
20.2913 110 56.1748
20.7278 98 51.6367
21.9982 82 45.9989
21.9993 82 45.9996
20.0082 118 59.2049
20.031 120 60.0186
20.0082 119 59.6049
