20.6812 83 70.5362
20.6812 84 71.3362
20.6812 83 70.5362
20.1164 86 72.8233
20.6812 86 72.9362
20.1164 87 73.6233
20.1164 86 72.8233
20.1164 89 75.2233
20.1164 88 74.4233
20.1044 91 76.8209
20.1072 95 80.0214
20.1164 98 82.4233
19.9891 92 77.5978
20.1044 97 81.6209
19.9891 93 78.3978
19.8229 94 79.1646
19.9891 94 79.1978
19.7077 102 85.5415
19.8229 93 78.3646
19.6818 96 80.7364
19.7077 96 80.7415
19.5804 97 81.5161
19.6818 97 81.5364
19.5804 98 82.3161
19.3594 99 83.0719
19.4747 99 83.0949
19.5804 99 83.1161
19.3428 100 83.8686
19.3594 107 89.4719
19.3428 101 84.6686
19.3428 102 85.4686
19.2321 103 86.2464
19.3428 107 89.4686
19.2321 104 87.0464
19.2321 112 93.4464
19.2321 104 87.0464
19.2155 111 92.6431
19.2321 112 93.4464
19.2155 108 90.2431
19.2155 109 91.0431
19.1787 110 91.8357
19.2155 108 90.2431
19.1787 111 92.6357
19.1787 110 91.8357
19.1787 120 99.8357
19.1787 121 100.636
19.1787 120 99.8357
19.0787 116 96.6157
19.0954 116 96.6191
19.1787 114 95.0357
19.0787 120 99.8157
19.0658 121 100.613
19.0787 121 100.616
19.0658 122 101.413
19.0658 121 100.613
20.1164 89 75.2233
20.1164 89 75.2233
19.9891 100 83.9978
19.1787 111 92.6357
19.0787 120 99.8157
19.1787 116 96.6357
20.1072 91 76.8214
20.6812 84 71.3362
19.9891 92 77.5978
19.5804 99 83.1161
19.1787 113 94.2357
19.3428 100 83.8686
20.6812 83 70.5362
19.2155 109 91.0431
19.8229 95 79.9646
19.5874 108 90.3175
19.3594 100 83.8719
19.0954 116 96.6191
20.1044 92 77.6209
19.2155 108 90.2431
19.2155 107 89.4431
19.2321 111 92.6464
20.1164 89 75.2233
19.1787 115 95.8357
19.0954 116 96.6191
19.1787 119 99.0357
19.6714 99 83.1343
19.9891 92 77.5978
19.1787 112 93.4357
19.7077 95 79.9415
19.0787 119 99.0157
19.2321 107 89.4464
19.3594 104 87.0719
19.0658 120 99.8132
19.9891 92 77.5978
20.6812 86 72.9362
19.0787 116 96.6157
19.6818 97 81.5364
20.1164 85 72.0233
19.0787 116 96.6157
19.2321 113 94.2464
19.2155 107 89.4431
20.1164 86 72.8233
19.2321 107 89.4464
20.1164 89 75.2233
19.3594 99 83.0719
20.1044 92 77.6209
19.2155 107 89.4431
20.6812 86 72.9362
19.3428 100 83.8686
20.1164 88 74.4233
19.1787 110 91.8357
20.1044 91 76.8209
20.1044 92 77.6209
19.6818 96 80.7364
20.6812 85 72.1362
19.1787 115 95.8357
19.1787 111 92.6357
20.6812 85 72.1362
19.5804 97 81.5161
19.1787 115 95.8357
19.0658 121 100.613
20.6812 86 72.9362
19.8229 94 79.1646
19.1787 110 91.8357
20.1164 86 72.8233
20.1164 88 74.4233
19.3428 103 86.2686
19.4747 104 87.0949
19.9891 96 80.7978
20.1164 98 82.4233
19.0787 116 96.6157
19.2321 106 88.6464
19.7077 95 79.9415
19.3428 101 84.6686
19.1787 116 96.6357
19.3594 100 83.8719
19.1787 111 92.6357
19.3594 99 83.0719
19.3428 103 86.2686
20.6812 84 71.3362
19.7077 95 79.9415
20.1164 91 76.8233
19.0787 119 99.0157
19.7077 95 79.9415
19.3594 99 83.0719
20.6812 83 70.5362
20.1164 90 76.0233
20.1164 91 76.8233
20.6812 85 72.1362
19.3428 101 84.6686
20.6812 92 77.7362
19.1787 112 93.4357
19.7077 96 80.7415
20.6812 86 72.9362
