20.7288 95 35.583
20.7288 96 35.7831
20.7288 97 35.983
20.547 98 36.0376
20.7288 98 36.1831
20.547 99 36.2376
20.547 100 36.4376
20.547 101 36.6376
20.5036 102 36.8029
20.547 102 36.8376
20.5036 103 37.0029
20.4237 104 37.139
20.5036 109 38.2029
20.4237 105 37.339
20.4237 106 37.539
20.2913 107 37.633
20.168 108 37.7344
20.4237 107 37.739
20.2913 108 37.833
20.168 109 37.9344
20.0708 110 38.0566
20.1618 110 38.1295
20.168 110 38.1344
20.0708 111 38.2566
20.0708 112 38.4566
20.0708 113 38.6566
20.0708 114 38.8566
20.0708 113 38.6566
19.8281 116 39.0625
20.0708 114 38.8566
19.8281 117 39.2625
19.8281 116 39.0625
19.8281 117 39.2625
19.7668 127 41.2135
19.8244 121 40.0595
19.8281 119 39.6625
19.7668 122 40.2135
19.8244 122 40.2595
19.7668 123 40.4135
19.7668 124 40.6135
19.7632 125 40.8105
19.7668 125 40.8135
19.7632 126 41.0105
19.7404 135 42.7923
19.7632 128 41.4105
19.7404 137 43.1923
19.7632 128 41.4105
19.7632 138 43.4105
19.7632 130 41.8105
19.7632 131 42.0105
19.7632 125 40.8105
19.7632 134 42.6105
19.7622 142 44.2097
19.7404 140 43.7923
19.7622 136 43.0097
19.7404 137 43.1923
19.7404 145 44.7923
19.7404 139 43.5923
19.8281 119 39.6625
19.8281 119 39.6625
19.7668 125 40.8135
20.5036 102 36.8029
19.7668 125 40.8135
19.8281 117 39.2625
19.7632 128 41.4105
19.8281 121 40.0625
19.7632 125 40.8105
19.8281 117 39.2625
20.0708 114 38.8566
20.547 102 36.8376
19.7632 129 41.6105
19.8281 121 40.0625
20.3547 110 38.2838
20.0708 111 38.2566
20.4237 105 37.339
20.4237 107 37.739
19.7632 128 41.4105
20.7288 95 35.583
20.547 98 36.0376
19.8281 116 39.0625
19.7632 128 41.4105
19.7632 128 41.4105
19.7668 121 40.0135
20.4237 104 37.139
19.8281 118 39.4624
20.2228 123 40.7782
20.4237 105 37.339
19.7404 139 43.5923
19.7632 129 41.6105
19.8244 122 40.2595
20.0708 112 38.4566
20.1618 110 38.1295
19.7632 129 41.6105
19.7404 139 43.5923
19.7632 134 42.6105
20.0708 111 38.2566
20.0708 114 38.8566
20.0708 112 38.4566
19.7622 134 42.6097
19.7404 138 43.3923
20.0708 115 39.0566
19.8281 120 39.8624
20.0708 113 38.6566
20.3423 115 39.2738
19.7632 132 42.2105
19.8281 117 39.2625
19.7622 135 42.8097
19.7668 131 42.0135
19.8281 115 38.8624
19.7404 141 43.9923
20.547 107 37.8376
20.168 109 37.9344
19.7668 127 41.2135
19.7668 124 40.6135
20.168 115 39.1344
20.547 107 37.8376
20.0708 114 38.8566
20.0708 115 39.0566
20.7288 95 35.583
20.7338 102 36.987
20.547 100 36.4376
20.0708 110 38.0566
20.0708 113 38.6566
19.7632 134 42.6105
20.0708 112 38.4566
20.5036 104 37.2029
20.547 102 36.8376
19.7622 134 42.6097
19.7668 123 40.4135
20.547 99 36.2376
19.7632 125 40.8105
20.4311 108 37.9449
19.8281 115 38.8624
19.7404 137 43.1923
19.7632 126 41.0105
20.0708 111 38.2566
19.8281 117 39.2625
19.8281 116 39.0625
19.7622 136 43.0097
19.7622 135 42.8097
20.4237 107 37.739
19.7404 135 42.7923
20.547 99 36.2376
19.7632 132 42.2105
19.7632 129 41.6105
20.168 109 37.9344
19.7622 135 42.8097
19.7404 137 43.1923
19.7632 128 41.4105
19.7622 135 42.8097
