20.7288 89 34.383
20.4219 91 34.5376
20.7288 90 34.583
20.4219 92 34.7375
20.7288 89 34.383
20.4219 93 34.9376
19.9077 101 36.1262
20.4219 94 35.1376
19.9323 96 35.1458
19.9077 97 35.3262
20.4219 95 35.3376
19.9077 96 35.1262
20.4219 96 35.5376
19.9077 99 35.7262
19.9077 100 35.9262
19.9077 101 36.1262
19.9077 106 37.1262
19.8466 103 36.4773
19.8278 110 37.8622
19.8278 104 36.6622
19.8466 104 36.6773
19.8278 105 36.8622
19.7394 106 36.9915
19.7888 106 37.031
19.8278 106 37.0622
19.7394 107 37.1915
19.7394 108 37.3915
19.7394 109 37.5915
19.7394 115 38.7915
19.7394 109 37.5915
19.7394 112 38.1915
19.6594 113 38.3275
19.7394 113 38.3915
19.6594 119 39.5275
19.6594 120 39.7275
19.6594 116 38.9275
19.6594 122 40.1275
19.6594 116 38.9275
19.6594 119 39.5275
19.6594 120 39.7275
19.6594 126 40.9275
19.6594 122 40.1275
19.6366 123 40.3093
19.6594 123 40.3275
19.6366 124 40.5093
19.6366 130 41.7093
19.6366 126 40.9093
19.6366 125 40.7093
19.6594 119 39.5275
19.6355 129 41.5084
19.6594 120 39.7275
19.6355 130 41.7084
19.6355 136 42.9084
19.6355 132 42.1084
19.6355 133 42.3084
19.6355 132 42.1084
19.6355 133 42.3084
19.6355 134 42.5084
19.6355 135 42.7084
19.6355 138 43.3084
19.6355 146 44.9084
19.6355 140 43.7084
20.4219 91 34.5376
19.6355 130 41.7084
19.8278 112 38.2622
19.6355 138 43.3084
19.6355 131 41.9084
19.7394 113 38.3915
20.6129 97 35.8903
19.8278 108 37.4622
19.6594 114 38.5275
19.7173 114 38.5738
19.6594 116 38.9275
20.7288 90 34.583
20.7288 95 35.583
19.9323 96 35.1458
19.6594 117 39.1275
19.9077 101 36.1262
19.6355 138 43.3084
19.6761 128 41.3409
19.6366 123 40.3093
19.6366 126 40.9093
20.4219 92 34.7375
19.9077 101 36.1262
19.9077 96 35.1262
19.7394 111 37.9915
19.6594 116 38.9275
19.6594 114 38.5275
20.4219 92 34.7375
19.6355 135 42.7084
19.7394 108 37.3915
19.6355 137 43.1084
19.6355 132 42.1084
19.7394 105 36.7915
19.6366 129 41.5093
19.8278 105 36.8622
19.7888 106 37.031
19.6594 119 39.5275
19.6355 129 41.5084
19.7888 106 37.031
19.6355 132 42.1084
19.8278 105 36.8622
19.6355 138 43.3084
19.805 114 38.644
19.7888 113 38.431
19.6355 140 43.7084
19.6594 113 38.3275
19.6355 136 42.9084
20.4219 98 35.9376
19.8278 105 36.8622
19.6355 130 41.7084
19.6366 128 41.3093
20.2874 99 36.0299
19.6355 131 41.9084
19.6355 145 44.7084
19.9077 97 35.3262
19.9077 108 37.5262
19.6594 115 38.7275
19.6594 114 38.5275
19.8278 105 36.8622
19.7394 110 37.7915
19.6355 134 42.5084
19.8466 103 36.4773
19.8466 104 36.6773
19.9077 101 36.1262
20.4219 92 34.7375
19.6594 127 41.1275
19.6594 120 39.7275
19.6594 122 40.1275
20.1132 103 36.6905
20.7288 90 34.583
19.7394 118 39.3915
19.6355 129 41.5084
19.6355 131 41.9084
19.6355 132 42.1084
20.4219 95 35.3376
19.6594 115 38.7275
19.9077 97 35.3262
20.7288 89 34.383
19.6366 128 41.3093
19.6366 125 40.7093
19.6355 134 42.5084
19.7394 111 37.9915
19.6366 126 40.9093
19.6366 131 41.9093
19.6594 113 38.3275
19.6355 132 42.1084
19.6355 140 43.7084
20.4219 92 34.7375
19.8278 106 37.0622
