20.7455 104 37.3964
20.7455 106 37.7964
20.7455 107 37.9964
20.7455 106 37.7964
20.5637 109 38.2509
20.8074 110 38.6459
20.7455 107 37.9964
20.5637 108 38.0509
20.547 109 38.2376
20.5637 109 38.2509
20.547 110 38.4376
20.2913 112 38.633
20.629 115 39.5032
20.4237 114 39.139
20.2913 115 39.233
20.5637 115 39.451
20.2913 114 39.033
20.4237 111 38.539
20.3511 118 39.8809
20.168 118 39.7344
20.168 119 39.9344
20.168 118 39.7344
20.168 119 39.9344
20.168 120 40.1344
20.1247 123 40.6998
20.168 123 40.7344
20.1247 124 40.8998
20.031 123 40.6248
20.2647 119 40.0118
20.2755 120 40.2204
20.1221 124 40.8977
20.031 128 41.6248
20.031 127 41.4248
20.0023 128 41.6018
20.0023 131 42.2018
19.9795 130 41.9836
19.9986 132 42.3989
20.0023 130 42.0018
20.4792 127 41.7834
19.9795 131 42.1836
19.8281 134 42.6625
19.8281 135 42.8624
19.849 130 41.8792
19.8281 134 42.6625
19.8244 137 43.2595
19.7404 145 44.7923
19.8244 136 43.0595
19.8016 137 43.2413
19.7632 138 43.4105
19.8016 138 43.4413
19.7632 139 43.6105
19.7632 140 43.8105
19.7632 144 44.6105
19.7632 143 44.4105
19.8244 137 43.2595
19.7632 147 45.2105
19.7668 145 44.8135
19.9795 132 42.3836
20.031 126 41.2248
19.8016 139 43.6413
20.031 126 41.2248
19.8016 139 43.6413
19.8281 134 42.6625
19.9795 133 42.5836
20.5637 108 38.0509
19.9795 131 42.1836
19.7632 145 44.8105
19.7668 139 43.6135
19.849 131 42.0792
20.308 115 39.2464
20.2913 115 39.233
20.0023 131 42.2018
19.7632 142 44.2105
19.8244 145 44.8595
21.0225 105 37.818
19.9068 129 41.7255
20.1247 124 40.8998
19.849 131 42.0792
20.0383 129 41.8307
20.7455 103 37.1964
20.031 127 41.4248
20.2431 126 41.3945
20.5637 108 38.0509
20.031 124 40.8248
19.7632 144 44.6105
19.8281 133 42.4624
20.7455 103 37.1964
20.031 126 41.2248
20.0023 129 41.8018
19.7404 146 44.9923
19.9795 132 42.3836
20.168 119 39.9344
19.849 133 42.4792
20.168 120 40.1344
20.5637 109 38.2509
20.5637 109 38.2509
20.168 118 39.7344
20.4237 111 38.539
19.7632 145 44.8105
20.5637 110 38.451
19.9795 133 42.5836
20.031 127 41.4248
20.7455 105 37.5964
20.0023 129 41.8018
20.168 120 40.1344
20.7288 107 37.983
20.031 129 41.8248
20.7455 107 37.9964
19.8244 135 42.8595
20.2913 114 39.033
20.168 120 40.1344
19.9795 130 41.9836
19.8016 137 43.2413
20.2755 121 40.4204
20.7288 105 37.583
20.7455 107 37.9964
20.031 126 41.2248
20.1247 123 40.6998
19.8016 137 43.2413
20.308 116 39.4464
20.547 112 38.8376
20.168 121 40.3344
19.8016 136 43.0413
20.547 111 38.6376
20.7455 109 38.3964
20.5637 109 38.2509
20.2913 114 39.033
20.3123 122 40.6499
20.1247 124 40.8998
20.2913 115 39.233
20.2228 134 42.9782
20.547 109 38.2376
19.7632 145 44.8105
19.8016 138 43.4413
20.7455 104 37.3964
20.031 125 41.0248
19.7632 144 44.6105
20.031 124 40.8248
20.3158 134 43.0527
20.7455 105 37.5964
20.7455 106 37.7964
20.4311 121 40.5449
19.9986 132 42.3989
19.7668 139 43.6135
20.5637 109 38.2509
20.7455 107 37.9964
20.547 111 38.6376
20.0023 129 41.8018
20.031 125 41.0248
20.7455 105 37.5964
