20.7288 89 27.5559
20.7288 90 27.6559
20.7288 89 27.5559
20.7288 92 27.8559
20.7288 93 27.9559
20.547 95 27.9923
20.0154 98 27.8139
20.7278 94 28.055
20.7288 94 28.0559
20.547 96 28.0923
20.0154 105 28.5139
19.9045 102 28.114
20.3844 98 28.1459
20.7278 95 28.155
20.547 97 28.1923
20.0154 102 28.2139
19.9045 104 28.314
20.3844 99 28.2459
19.7193 105 28.2474
20.2913 100 28.2622
20.547 98 28.2923
19.9045 104 28.314
20.3844 100 28.3459
19.7193 106 28.3474
19.8834 105 28.3951
19.9045 105 28.414
19.7166 112 28.9449
19.7193 107 28.4474
19.6813 116 29.3132
19.7166 109 28.6449
19.5906 111 28.7315
19.7072 110 28.7365
19.7166 108 28.5449
19.5047 112 28.7542
19.5906 112 28.8315
19.7072 111 28.8365
19.5047 113 28.8542
19.5047 114 28.9542
19.4261 115 28.9835
19.5047 115 29.0542
19.4261 116 29.0835
19.3727 117 29.1354
19.4261 115 28.9835
19.3727 118 29.2354
19.342 117 29.1078
19.3727 119 29.3354
19.342 120 29.4078
19.342 121 29.5078
19.342 127 30.1078
19.342 128 30.2078
19.342 122 29.6078
19.5272 122 29.7745
19.342 131 30.5078
19.3336 127 30.1002
19.342 125 29.9078
19.2868 126 29.9581
19.3336 128 30.2002
19.2868 129 30.2581
19.342 122 29.6078
19.342 122 29.6078
19.342 119 29.3078
19.5047 114 28.9542
19.8834 105 28.3951
19.5047 113 28.8542
20.7278 100 28.655
20.7288 92 27.8559
20.0154 101 28.1139
20.3844 100 28.3459
19.3336 128 30.2002
19.5047 114 28.9542
19.342 121 29.5078
20.2913 100 28.2622
19.4546 124 29.9091
19.9045 104 28.314
20.7288 91 27.7559
20.547 95 27.9923
19.342 121 29.5078
20.0154 102 28.2139
20.7288 94 28.0559
19.3466 122 29.6119
19.9045 104 28.314
19.7072 109 28.6365
19.5906 111 28.7315
19.342 124 29.8078
20.547 96 28.0923
19.5906 109 28.5315
19.342 122 29.6078
19.2868 126 29.9581
19.4261 116 29.0835
19.5906 111 28.7315
19.5047 113 28.8542
19.7193 110 28.7474
20.547 96 28.0923
19.3336 125 29.9002
19.3068 129 30.2761
20.547 95 27.9923
19.342 122 29.6078
19.342 121 29.5078
19.5047 114 28.9542
19.5047 117 29.2542
20.3366 103 28.6029
19.7193 105 28.2474
19.342 124 29.8078
19.9045 102 28.114
19.5047 115 29.0542
19.3727 119 29.3354
20.3844 99 28.2459
20.3844 100 28.3459
20.7288 91 27.7559
20.3844 99 28.2459
20.547 97 28.1923
20.0154 102 28.2139
19.3727 119 29.3354
19.342 119 29.3078
19.2868 129 30.2581
19.342 125 29.9078
20.7288 94 28.0559
19.2868 128 30.1581
19.5047 112 28.7542
19.3014 123 29.6713
20.547 96 28.0923
20.7288 90 27.6559
20.7288 90 27.6559
19.7166 109 28.6449
19.3336 126 30.0002
19.4261 116 29.0835
19.342 119 29.3078
19.5047 115 29.0542
19.7072 108 28.5365
20.0154 102 28.2139
20.3844 98 28.1459
19.342 131 30.5078
19.5047 112 28.7542
20.7288 91 27.7559
20.0154 100 28.0139
20.0154 100 28.0139
19.342 123 29.7078
20.0154 102 28.2139
19.7166 108 28.5449
19.3727 118 29.2354
19.7166 108 28.5449
19.4261 117 29.1835
19.342 123 29.7078
20.2913 100 28.2622
20.547 96 28.0923
19.342 124 29.8078
20.7288 99 28.5559
19.7166 108 28.5449
19.4261 116 29.0835
19.3727 117 29.1354
