20.7288 89 34.383
20.7288 90 34.583
20.7288 91 34.7831
20.4219 93 34.9376
20.7288 92 34.983
20.4219 94 35.1376
20.7288 91 34.7831
20.4219 95 35.3376
20.4219 96 35.5376
19.9077 99 35.7262
20.4219 95 35.3376
19.9077 98 35.5262
20.4219 98 35.9376
19.9077 101 36.1262
20.4219 97 35.7375
19.9077 102 36.3262
19.9077 103 36.5262
19.8278 104 36.6622
19.8466 111 38.0773
19.9077 108 37.5262
19.8278 105 36.8622
19.8278 106 37.0622
19.7888 107 37.231
19.8278 107 37.2622
19.7888 108 37.431
19.7888 114 38.631
19.7481 110 37.7985
19.7888 108 37.431
19.7481 111 37.9985
19.7481 112 38.1985
19.7481 113 38.3985
19.7481 114 38.5985
19.7481 115 38.7985
19.7481 116 38.9985
19.6594 122 40.1275
19.7481 124 40.5985
19.6594 118 39.3275
19.6594 117 39.1275
19.6594 120 39.7275
19.6594 121 39.9275
19.6594 122 40.1275
19.6594 128 41.3275
19.6366 124 40.5093
19.6594 122 40.1275
19.6366 129 41.5093
19.6366 126 40.9093
19.6366 127 41.1093
19.6366 128 41.3093
19.6366 127 41.1093
19.6366 128 41.3093
19.6366 129 41.5093
19.6366 136 42.9093
19.8811 135 42.9049
19.6355 134 42.5084
19.6366 134 42.5093
19.6355 135 42.7084
19.6355 136 42.9084
19.6355 135 42.7084
19.6355 136 42.9084
19.6355 139 43.5084
19.6355 138 43.3084
19.6761 135 42.7409
19.6355 140 43.7084
19.6366 132 42.1093
19.7481 113 38.3985
19.9786 115 38.9829
19.8278 106 37.0622
19.6366 126 40.9093
19.6355 142 44.1084
19.6366 131 41.9093
19.6366 128 41.3093
19.6761 130 41.7409
19.8278 104 36.6622
19.6594 117 39.1275
19.7481 111 37.9985
19.6366 133 42.3093
20.7288 90 34.583
19.6366 126 40.9093
19.6355 133 42.3084
19.6366 128 41.3093
20.0221 135 43.0177
19.6355 142 44.1084
19.6594 118 39.3275
19.7481 111 37.9985
19.7481 116 38.9985
19.6355 138 43.3084
19.6594 130 41.7275
19.6366 129 41.5093
19.6594 117 39.1275
19.6355 147 45.1084
19.6355 146 44.9084
19.9786 118 39.5829
19.7481 121 39.9985
19.6355 142 44.1084
19.7481 115 38.7985
20.7288 89 34.383
19.6594 120 39.7275
19.6355 132 42.1084
19.6366 123 40.3093
19.7481 115 38.7985
19.6594 118 39.3275
19.7481 115 38.7985
19.7481 110 37.7985
19.6761 130 41.7409
19.6355 138 43.3084
19.6355 140 43.7084
19.6594 122 40.1275
19.6355 139 43.5084
19.7481 124 40.5985
19.9786 112 38.3829
19.6594 124 40.5275
19.6594 117 39.1275
19.7481 110 37.7985
20.3991 107 37.7193
19.6355 138 43.3084
19.6355 137 43.1084
20.4219 95 35.3376
19.6594 118 39.3275
19.6366 132 42.1093
19.6366 124 40.5093
19.7481 121 39.9985
19.7394 115 38.7915
19.7888 107 37.231
20.4219 93 34.9376
19.6594 117 39.1275
19.6366 138 43.3093
20.7288 92 34.983
20.4219 97 35.7375
19.6366 128 41.3093
19.6366 127 41.1093
19.6366 125 40.7093
19.8466 104 36.6773
19.9077 100 35.9262
20.4219 95 35.3376
19.9077 99 35.7262
20.4219 96 35.5376
19.6355 138 43.3084
19.6366 129 41.5093
20.4219 94 35.1376
19.7481 121 39.9985
19.8278 107 37.2622
19.6366 127 41.1093
20.7288 89 34.383
19.6366 128 41.3093
19.6355 148 45.3084
19.6355 138 43.3084
19.8811 126 41.1049
20.4219 101 36.5376
19.7481 115 38.7985
19.8278 113 38.4622
