20.6812 89 61.6725
20.6812 83 58.0725
20.1108 84 58.4443
20.1164 84 58.4466
20.6812 84 58.6725
20.1108 85 59.0443
20.1108 90 62.0443
20.1108 87 60.2443
20.1072 92 63.2429
20.1108 88 60.8443
20.1044 89 61.4418
20.1072 89 61.4429
19.8229 90 61.9292
20.1044 90 62.0418
19.7077 91 62.4831
19.7104 91 62.4842
19.8229 91 62.5292
19.7077 90 61.8831
19.7077 93 63.6831
19.6818 94 64.2727
19.7077 94 64.2831
19.6818 102 69.0727
19.3594 96 65.3438
19.5804 96 65.4322
19.6818 96 65.4727
19.3594 97 65.9438
19.3594 98 66.5438
19.3428 99 67.1371
19.3594 97 65.9438
19.3428 100 67.7371
19.3428 106 71.3371
19.2321 102 68.8929
19.3428 102 68.9371
19.6409 98 66.6563
19.2321 104 70.0929
19.8498 106 71.5399
19.2155 104 70.0862
19.2321 106 71.2929
19.2155 107 71.8862
19.2155 108 72.4862
19.0954 109 73.0381
19.2155 109 73.0862
19.0954 110 73.6381
19.0954 111 74.2382
19.0954 110 73.6381
19.0954 113 75.4381
19.0787 114 76.0315
19.0954 112 74.8382
19.0787 120 79.6315
19.0787 116 77.2315
19.0787 117 77.8315
19.0658 118 78.4263
19.0787 116 77.2315
19.0658 119 79.0263
19.0658 120 79.6263
19.0658 121 80.2263
19.0658 120 79.6263
19.0658 126 83.2263
19.2321 105 70.6929
20.1072 88 60.8429
19.0658 120 79.6263
19.0954 113 75.4381
19.0954 116 77.2382
19.0787 114 76.0315
19.3428 102 68.9371
19.5804 96 65.4322
19.8229 95 64.9292
19.0787 116 77.2315
19.0658 126 83.2263
19.3065 110 73.7226
19.6818 95 64.8727
19.7728 96 65.5091
19.2155 104 70.0862
19.3594 96 65.3438
19.0658 119 79.0263
19.7104 95 64.8842
19.7077 92 63.0831
19.0954 109 73.0381
19.3428 99 67.1371
19.0658 117 77.8263
20.1108 85 59.0443
19.7141 88 60.6856
20.1108 88 60.8443
19.2155 107 71.8862
19.3594 103 69.5438
20.6812 90 62.2725
19.2155 116 77.2862
19.8229 90 61.9292
19.0787 116 77.2315
20.1954 90 62.0782
19.6818 102 69.0727
19.0787 114 76.0315
19.0954 114 76.0381
19.0658 119 79.0263
19.4505 99 67.1802
19.7077 91 62.4831
19.7077 93 63.6831
19.3428 101 68.3371
19.0658 121 80.2263
19.7077 92 63.0831
20.1108 85 59.0443
20.1044 89 61.4418
19.2155 107 71.8862
19.0954 110 73.6381
19.6818 96 65.4727
19.3594 103 69.5438
19.0658 126 83.2263
19.2155 109 73.0862
20.1072 88 60.8429
19.7077 93 63.6831
19.3428 102 68.9371
20.1108 85 59.0443
19.3594 104 70.1438
19.2321 102 68.8929
19.0954 112 74.8382
19.0658 119 79.0263
19.2321 105 70.6929
19.3594 96 65.3438
20.1108 87 60.2443
19.6818 94 64.2727
19.6818 96 65.4727
19.3594 99 67.1438
20.1108 87 60.2443
20.1108 85 59.0443
19.914 92 63.1656
19.3594 97 65.9438
19.6818 94 64.2727
19.2321 111 74.2929
19.0658 121 80.2263
19.8229 91 62.5292
19.0787 118 78.4315
19.0658 119 79.0263
19.3594 102 68.9438
19.6818 100 67.8727
19.2321 106 71.2929
19.0954 111 74.2382
19.0954 114 76.0381
19.3594 99 67.1438
19.3594 98 66.5438
19.0658 118 78.4263
19.2155 114 76.0862
19.0658 118 78.4263
19.0658 122 80.8263
20.1108 92 63.2443
19.3428 106 71.3371
19.2321 111 74.2929
20.6812 82 57.4725
20.6812 84 58.6725
19.0658 118 78.4263
19.0658 126 83.2263
