20.7288 102 36.983
20.7455 102 36.9964
20.8732 102 37.0985
20.7288 104 37.383
20.6914 104 37.3531
20.5637 105 37.451
20.7288 103 37.1831
20.4311 113 38.9449
20.547 112 38.8376
20.547 106 37.6376
20.4237 107 37.739
20.547 107 37.8376
20.4237 108 37.939
20.4237 109 38.139
20.1754 119 39.9403
20.4237 112 38.739
20.2913 113 38.833
20.2913 114 39.033
20.2913 113 38.833
20.168 114 38.9344
20.3733 118 39.8986
20.168 117 39.5344
20.168 118 39.7344
20.168 119 39.9344
20.168 118 39.7344
20.1247 121 40.2998
20.308 115 39.2464
19.9944 129 41.7955
20.0708 120 40.0566
20.1247 122 40.4998
20.031 123 40.6248
20.031 124 40.8248
20.031 125 41.0248
20.031 123 40.6248
19.9068 125 40.9255
20.031 125 41.0248
19.8281 128 41.4624
19.849 126 41.0792
19.9068 126 41.1255
19.8244 129 41.6595
19.8281 129 41.6625
19.8244 130 41.8595
19.8244 131 42.0595
20.3386 126 41.4709
19.7668 131 42.0135
19.8053 133 42.4442
20.3386 127 41.6709
19.7668 134 42.6135
19.7668 133 42.4135
19.7632 136 43.0105
19.7668 134 42.6135
19.7632 144 44.6105
19.7632 138 43.4105
19.7632 139 43.6105
19.7632 140 43.8105
20.2228 135 43.1782
19.7632 140 43.8105
19.7851 134 42.6281
20.2913 114 39.033
19.8244 133 42.4595
19.7632 138 43.4105
20.547 106 37.6376
20.168 119 39.9344
20.0708 122 40.4566
20.2913 114 39.033
19.8281 124 40.6625
20.031 125 41.0248
19.8244 131 42.0595
19.8053 133 42.4442
20.4237 109 38.139
20.168 119 39.9344
20.168 115 39.1344
20.5637 106 37.6509
19.7632 140 43.8105
20.4237 108 37.939
19.7632 140 43.8105
19.7632 137 43.2105
19.7632 138 43.4105
20.3078 118 39.8462
20.547 105 37.4376
20.031 124 40.8248
20.168 120 40.1344
19.7851 138 43.4281
20.5637 105 37.451
19.8244 130 41.8595
20.7455 100 36.5964
19.8244 130 41.8595
20.168 117 39.5344
19.8053 133 42.4442
20.1247 120 40.0998
20.4237 107 37.739
19.8244 129 41.6595
19.8281 126 41.0625
19.7632 134 42.6105
20.031 123 40.6248
20.7288 101 36.7831
19.8281 128 41.4624
20.168 117 39.5344
19.7668 135 42.8135
20.1247 121 40.2998
19.9068 127 41.3255
20.031 123 40.6248
20.5637 105 37.451
20.547 108 38.0376
19.7668 133 42.4135
20.2913 113 38.833
20.547 107 37.8376
19.9068 126 41.1255
19.9944 131 42.1955
20.168 115 39.1344
20.7455 102 36.9964
20.7288 103 37.1831
20.547 105 37.4376
20.547 108 38.0376
20.031 122 40.4248
19.8053 133 42.4442
20.547 107 37.8376
20.168 117 39.5344
20.1247 121 40.2998
19.7632 140 43.8105
19.7632 137 43.2105
19.7622 139 43.6097
20.7288 100 36.583
19.7632 137 43.2105
19.7668 133 42.4135
19.8244 131 42.0595
20.4237 110 38.339
20.168 117 39.5344
20.547 109 38.2376
20.2913 114 39.033
19.8281 126 41.0625
19.8053 133 42.4442
19.7668 136 43.0135
20.4237 109 38.139
20.4237 109 38.139
19.7632 139 43.6105
19.7668 132 42.2135
20.168 118 39.7344
19.7668 136 43.0135
20.4237 111 38.539
20.7288 103 37.1831
19.7632 138 43.4105
19.8244 130 41.8595
20.168 117 39.5344
20.2913 114 39.033
20.2913 112 38.633
20.547 109 38.2376
20.031 124 40.8248
19.7632 139 43.6105
19.849 126 41.0792
