22.4548 86 54.2274
22.4548 87 54.7274
20.3858 90 55.1929
22.4548 88 55.2274
20.3858 91 55.6929
22.4548 94 58.2274
20.3858 92 56.1929
22.4548 90 56.2274
20.3858 93 56.6929
20.3858 94 57.1929
20.3858 95 57.6929
20.2586 96 58.1293
20.3858 97 58.6929
19.679 97 58.3395
20.6747 91 55.8374
19.3539 98 58.6769
19.679 98 58.8395
19.3539 101 60.1769
19.3539 107 63.1769
19.3372 101 60.1686
19.3539 101 60.1769
19.3372 100 59.6686
19.2273 103 61.1137
19.3372 103 61.1686
19.2107 108 63.6053
19.2273 104 61.6137
19.207 105 62.1035
19.2107 105 62.1053
19.207 106 62.6035
19.3372 106 62.6686
19.207 111 65.1035
19.2891 106 62.6446
19.1987 108 63.5993
19.1738 109 64.0869
19.1738 108 63.5869
19.3431 105 62.1715
19.1738 112 65.5869
19.1619 113 66.0809
19.1738 111 65.0869
19.1619 114 66.5809
19.0466 115 67.0233
19.1619 115 67.0809
19.3539 99 59.1769
19.3539 100 59.6769
19.3539 99 59.1769
19.1738 113 66.0869
20.3858 92 56.1929
19.1987 108 63.5993
19.1738 110 64.5869
20.3858 96 58.1929
19.3539 98 58.6769
19.3372 101 60.1686
19.1711 114 66.5855
19.3372 101 60.1686
19.679 96 57.8395
20.3858 92 56.1929
20.2586 101 60.6293
19.3372 102 60.6686
19.207 106 62.6035
20.2586 96 58.1293
20.2586 96 58.1293
22.4548 93 57.7274
19.679 101 60.3395
19.1738 111 65.0869
20.2586 97 58.6293
19.1619 112 65.5809
19.1738 109 64.0869
19.679 97 58.3395
22.4548 87 54.7274
19.3539 98 58.6769
19.1738 108 63.5869
19.1619 113 66.0809
20.2586 97 58.6293
22.4548 90 56.2274
20.2586 97 58.6293
19.1738 111 65.0869
20.3858 91 55.6929
19.3539 100 59.6769
19.2273 108 63.6137
19.1738 110 64.5869
19.2273 110 64.6137
19.0466 115 67.0233
19.679 97 58.3395
20.3886 94 57.1943
19.3539 99 59.1769
19.1987 107 63.0993
19.679 105 62.3395
19.2107 112 65.6053
20.5011 91 55.7506
20.3858 90 55.1929
19.1738 117 68.0869
19.3539 100 59.6769
22.4548 88 55.2274
20.3858 95 57.6929
20.2586 96 58.1293
19.3539 100 59.6769
22.4548 89 55.7274
20.3858 90 55.1929
19.2891 106 62.6446
22.4548 89 55.7274
19.3539 97 58.1769
19.3372 102 60.6686
22.4548 86 54.2274
19.1987 108 63.5993
19.1987 107 63.0993
20.5011 94 57.2506
19.2273 104 61.6137
19.1738 108 63.5869
19.1738 108 63.5869
20.3858 97 58.6929
19.2273 104 61.6137
20.3858 92 56.1929
22.4548 88 55.2274
19.2107 107 63.1053
19.3539 99 59.1769
19.3539 106 62.6769
19.3372 103 61.1686
19.1619 113 66.0809
22.317 92 57.1585
19.1987 106 62.5993
19.1738 111 65.0869
19.0466 122 70.5233
20.3858 92 56.1929
19.1619 115 67.0809
20.3858 93 56.6929
19.3539 99 59.1769
19.3539 98 58.6769
20.2586 96 58.1293
19.3539 101 60.1769
20.3858 90 55.1929
19.679 96 57.8395
19.1738 111 65.0869
19.2107 104 61.6053
19.3539 98 58.6769
19.3372 103 61.1686
20.3858 92 56.1929
19.2107 105 62.1053
20.3858 90 55.1929
19.0466 115 67.0233
19.679 96 57.8395
20.2586 96 58.1293
19.3372 100 59.6686
19.207 105 62.1035
20.2586 97 58.6293
19.3539 99 59.1769
22.4548 88 55.2274
19.1987 108 63.5993
19.0466 119 69.0233
19.1987 108 63.5993
19.1738 119 69.0869
