20.6812 89 75.3362
20.6812 90 76.1362
20.6747 91 76.935
20.6812 89 75.3362
20.6747 92 77.7349
20.1044 93 78.4209
20.6747 93 78.535
20.1044 94 79.2209
19.9891 102 85.5978
20.1044 93 78.4209
20.6747 90 76.1349
19.9891 101 84.7978
19.9891 98 82.3978
19.6818 106 88.7364
19.6957 99 83.1391
19.9891 106 88.7978
19.6818 100 83.9364
19.3594 101 84.6719
19.5804 101 84.7161
19.6818 99 83.1364
19.3594 107 89.4719
19.3428 103 86.2686
19.3594 101 84.6719
19.4581 102 85.4916
19.2321 112 93.4464
19.3428 103 86.2686
19.2321 110 91.8464
19.2321 114 95.0464
19.2321 108 90.2464
19.2155 109 91.0431
19.2321 107 89.4464
19.2155 108 90.2431
19.1787 111 92.6357
19.2155 111 92.6431
19.1787 112 93.4357
19.1787 113 94.2357
19.1787 114 95.0357
19.1787 115 95.8357
19.1787 123 102.236
19.1787 117 97.4357
19.1787 116 96.6357
19.1787 119 99.0357
19.1823 122 101.436
19.1787 121 100.636
19.1787 122 101.436
19.1725 121 100.635
19.1787 121 100.636
19.1697 124 103.034
19.0787 123 102.216
19.0954 123 102.219
19.1697 125 103.834
19.0658 128 106.213
19.0787 128 106.216
19.0192 129 107.004
19.0658 127 105.413
19.1787 111 92.6357
19.3594 101 84.6719
19.1787 111 92.6357
19.1787 120 99.8357
19.1787 112 93.4357
19.1697 125 103.834
19.9891 96 80.7978
19.0787 129 107.016
19.0787 125 103.816
19.5804 101 84.7161
20.6747 91 76.935
19.9891 96 80.7978
19.2321 108 90.2464
19.1787 114 95.0357
20.6747 93 78.535
19.1787 116 96.6357
19.1787 113 94.2357
20.1044 93 78.4209
19.1787 113 94.2357
19.3428 105 87.8686
19.2155 109 91.0431
19.3428 103 86.2686
19.6818 100 83.9364
19.2155 114 95.0431
19.0192 136 112.604
19.0192 133 110.204
19.3594 101 84.6719
19.6409 101 84.7282
20.1044 93 78.4209
20.1044 95 80.0209
19.0954 125 103.819
19.3474 110 91.8695
19.2321 106 88.6464
19.6818 99 83.1364
19.0192 127 105.404
19.0787 123 102.216
19.9891 95 79.9978
19.9891 97 81.5978
19.1787 119 99.0357
19.1787 121 100.636
19.6818 100 83.9364
19.2321 113 94.2464
19.0825 126 104.617
19.1787 122 101.436
19.1465 130 107.829
19.1697 124 103.034
19.6818 100 83.9364
19.1787 112 93.4357
19.1787 118 98.2357
19.0658 129 107.013
19.7012 124 103.14
19.3594 103 86.2719
19.3594 102 85.4719
19.9891 95 79.9978
19.1787 116 96.6357
20.6747 88 74.535
20.6747 93 78.535
19.1787 120 99.8357
19.5804 101 84.7161
19.0695 131 108.614
19.0658 128 106.213
19.6818 99 83.1364
19.3428 108 90.2686
19.4581 102 85.4916
19.2321 106 88.6464
19.3594 107 89.4719
20.6812 89 75.3362
19.3594 101 84.6719
19.3594 102 85.4719
19.2155 115 95.8431
19.9891 96 80.7978
19.3428 104 87.0686
19.0954 123 102.219
19.0658 126 104.613
19.9891 96 80.7978
19.1787 112 93.4357
19.2155 108 90.2431
19.9891 99 83.1978
19.6818 99 83.1364
19.6818 100 83.9364
19.6957 97 81.5391
19.1697 124 103.034
19.1787 116 96.6357
19.3428 103 86.2686
20.6812 89 75.3362
19.9891 95 79.9978
19.6818 99 83.1364
19.0787 123 102.216
19.0658 128 106.213
19.1787 111 92.6357
19.1697 124 103.034
19.1697 122 101.434
19.1787 118 98.2357
20.6812 98 82.5362
20.6747 91 76.935
