20.8057 66 34.364
20.8057 67 34.664
20.7385 75 37.0169
20.8057 68 34.964
20.7385 69 35.2169
20.6179 70 35.4325
20.7385 70 35.5169
20.6179 71 35.7325
20.554 79 38.0878
20.5507 80 38.3855
20.5781 73 36.3047
20.6179 78 37.8325
20.5507 78 37.7855
20.5507 75 36.8855
20.5507 76 37.1855
20.5507 77 37.4855
20.5507 78 37.7855
20.4833 79 38.0383
20.5507 79 38.0855
20.4833 80 38.3383
20.4833 81 38.6383
20.463 82 38.9241
20.6179 73 36.3325
20.4436 81 38.6105
20.463 83 39.2241
20.3557 84 39.449
20.4436 84 39.5105
20.3557 90 41.249
20.3557 86 40.049
20.2752 87 40.2927
20.3557 92 41.849
20.2752 88 40.5927
20.1374 89 40.7962
20.2752 89 40.8927
20.1374 90 41.0962
20.1374 91 41.3962
20.1374 92 41.6962
20.1189 93 41.9832
20.1374 93 41.9962
20.0302 94 42.2211
20.1189 94 42.2832
19.9797 95 42.4858
20.0302 95 42.5211
19.9755 96 42.7829
19.9797 96 42.7858
19.9755 97 43.0829
19.9755 98 43.3829
19.9755 104 45.1829
20.1146 96 42.8802
19.9755 101 44.2829
19.9755 102 44.5829
19.9755 103 44.8829
19.9755 104 45.1829
19.9755 105 45.4829
19.9755 106 45.7829
20.1607 109 46.8125
19.9755 108 46.3829
19.9755 109 46.6829
20.4911 104 45.5437
19.9755 95 42.4829
20.1374 93 41.9962
20.6179 76 37.2325
19.9755 98 43.3829
20.463 82 38.9241
20.6711 75 36.9698
20.7385 69 35.2169
19.9755 96 42.7829
19.9755 106 45.7829
20.8057 66 34.364
20.1374 92 41.6962
20.0302 93 41.9211
20.1189 93 41.9832
20.0302 94 42.2211
19.9755 97 43.0829
20.0302 95 42.5211
19.9755 98 43.3829
20.1189 93 41.9832
20.4833 82 38.9383
19.9755 109 46.6829
20.5507 77 37.4855
20.1607 107 46.2125
20.2752 94 42.3927
19.9797 96 42.7858
20.4436 90 41.3105
20.8057 68 34.964
19.9755 96 42.7829
20.3557 85 39.749
19.9755 95 42.4829
20.4833 79 38.0383
20.7659 66 34.3362
19.9755 99 43.6829
20.8057 67 34.664
20.5507 80 38.3855
20.1374 89 40.7962
20.0809 96 42.8566
20.1374 90 41.0962
19.9755 101 44.2829
20.4833 81 38.6383
20.4436 82 38.9105
19.9755 96 42.7829
20.7385 68 34.9169
20.5507 73 36.2855
20.4436 82 38.9105
19.9797 95 42.4858
19.9755 106 45.7829
20.5507 73 36.2855
20.1374 87 40.1962
20.1374 92 41.6962
20.1374 91 41.3962
20.4436 84 39.5105
19.9755 103 44.8829
20.3557 85 39.749
20.7385 69 35.2169
20.1189 101 44.3832
20.4911 103 45.2437
20.6179 71 35.7325
20.3557 84 39.449
20.1374 89 40.7962
20.8057 68 34.964
19.9755 98 43.3829
20.1374 90 41.0962
19.9755 102 44.5829
19.9755 99 43.6829
19.9755 96 42.7829
20.4436 89 41.0105
20.4064 90 41.2845
20.5507 79 38.0855
20.5507 76 37.1855
19.9755 97 43.0829
19.9755 97 43.0829
19.9755 110 46.9829
19.9755 99 43.6829
20.1146 106 45.8802
20.2752 87 40.2927
20.2752 89 40.8927
19.9755 110 46.9829
20.1374 91 41.3962
20.7385 70 35.5169
20.0302 94 42.2211
20.5507 75 36.8855
20.1374 92 41.6962
20.1374 92 41.6962
19.9755 101 44.2829
20.0708 96 42.8496
20.4833 84 39.5383
19.9755 97 43.0829
19.9755 105 45.4829
19.9755 98 43.3829
20.463 83 39.2241
19.9755 108 46.3829
