20.6784 95 72.7035
20.6812 91 69.9044
20.6747 92 70.6024
20.6812 92 70.6044
20.6747 93 71.3024
20.6747 92 70.6024
20.1044 93 71.1313
20.6747 95 72.7024
20.1044 96 73.2313
19.9891 97 73.8967
20.1044 104 78.8313
19.9891 96 73.1967
19.6818 99 75.2045
19.6957 99 75.2087
19.9891 99 75.2967
19.6818 100 75.9045
19.6818 99 75.2045
19.3594 102 77.2078
19.4581 102 77.2374
19.5804 102 77.2741
19.6818 102 77.3045
19.3428 103 77.9028
19.3594 103 77.9078
19.3428 102 77.2028
19.3428 105 79.3028
19.2321 104 78.5696
19.3428 110 82.8028
19.8498 108 81.5549
19.2321 106 79.9696
19.2321 109 82.0696
19.2155 110 82.7646
19.2321 114 85.5696
19.1787 111 83.4536
19.2155 116 86.9646
19.1787 112 84.1536
19.1787 113 84.8536
19.1787 114 85.5536
19.1787 116 86.9536
19.1787 116 86.9536
19.1787 124 92.5536
19.1787 118 88.3536
19.1787 112 84.1536
19.1787 120 89.7536
19.1787 126 93.9536
19.1787 120 89.7536
19.1787 123 91.8536
19.1697 124 92.5509
19.1953 121 90.4586
19.1697 129 96.0509
19.5785 121 90.5735
19.0954 125 93.2286
19.1697 127 94.6509
19.4874 123 91.9462
19.0954 128 95.3286
19.0787 136 100.924
19.2026 129 96.0608
19.0954 127 94.6286
20.6812 90 69.2044
19.2321 108 81.3696
19.1787 114 85.5536
19.1787 114 85.5536
19.6818 108 81.5045
19.1697 125 93.2509
19.1787 114 85.5536
19.6818 99 75.2045
19.6818 99 75.2045
19.1787 111 83.4536
19.3428 106 80.0028
19.2321 109 82.0696
19.5804 102 77.2741
19.1787 122 91.1536
20.6747 92 70.6024
19.6818 100 75.9045
19.0658 128 95.3198
19.9891 99 75.2967
19.3594 101 76.5078
19.2155 115 86.2646
19.1787 117 87.6536
20.1044 103 78.1313
19.1787 121 90.4536
20.1044 97 73.9313
19.1787 113 84.8536
19.5804 100 75.8741
19.1787 113 84.8536
20.1044 95 72.5313
19.3594 103 77.9078
20.1044 96 73.2313
19.1697 125 93.2509
19.1787 119 89.0536
19.0954 128 95.3286
19.8498 108 81.5549
19.6818 109 82.2045
19.2321 108 81.3696
19.1787 113 84.8536
19.6818 100 75.9045
19.0787 128 95.3236
19.0954 127 94.6286
19.1787 124 92.5536
19.3428 106 80.0028
19.1787 116 86.9536
19.3428 111 83.5028
19.2321 109 82.0696
19.1787 120 89.7536
19.1787 117 87.6536
19.3474 112 84.2042
20.6812 95 72.7044
19.3428 104 78.6028
20.6812 89 68.5043
19.0787 130 96.7236
19.2321 114 85.5696
20.6747 94 72.0024
19.3428 106 80.0028
19.9891 97 73.8967
19.3428 110 82.8028
20.6747 98 74.8024
19.2321 108 81.3696
20.6747 94 72.0024
19.2321 107 80.6696
19.3428 104 78.6028
19.1787 124 92.5536
19.2321 106 79.9696
19.6957 99 75.2087
19.4581 104 78.6374
19.6818 99 75.2045
19.2155 118 88.3646
19.1787 120 89.7536
19.6818 99 75.2045
19.0787 128 95.3236
19.1787 111 83.4536
19.1787 114 85.5536
19.5874 110 82.8762
20.6812 91 69.9044
19.3428 111 83.5028
19.3428 105 79.3028
20.6747 92 70.6024
19.0954 128 95.3286
19.1787 120 89.7536
19.6409 101 76.5923
19.0787 129 96.0236
20.6812 90 69.2044
19.6818 100 75.9045
19.4581 102 77.2374
19.3428 106 80.0028
19.1787 119 89.0536
19.1787 118 88.3536
19.2155 118 88.3646
19.6818 100 75.9045
20.6747 95 72.7024
19.5804 102 77.2741
19.4874 124 92.6462
