21.2748 101 53.1649
21.0392 102 53.4235
21.233 104 54.3398
21.2748 104 54.3649
21.0392 105 54.6235
21.0392 106 55.0235
21.0392 105 54.6235
20.547 106 54.7282
20.8574 106 54.9144
20.8982 116 58.9389
21.0392 106 55.0235
20.547 109 55.9282
20.6914 109 56.0148
20.547 107 55.1282
20.4237 112 57.0542
20.6623 113 57.5974
20.4237 111 56.6542
20.547 108 55.5282
20.4237 114 57.8542
20.2913 115 58.1748
20.168 114 57.7008
20.2913 114 57.7748
20.168 117 58.9008
20.0521 125 62.0312
20.168 119 59.7008
20.308 114 57.7848
20.1247 119 59.6748
20.168 121 60.5008
20.1247 120 60.0748
20.3446 117 59.0068
20.1247 121 60.4748
20.031 129 63.6186
20.031 125 62.0186
20.048 129 63.6288
20.042 125 62.0252
20.0082 128 63.2049
20.0023 127 62.8013
20.0023 130 64.0014
19.9986 131 64.3992
20.0023 129 63.6014
19.9986 132 64.7992
20.0705 130 64.0423
19.9944 131 64.3966
20.0896 130 64.0538
19.9758 139 67.5855
19.9795 134 65.5877
19.9758 133 65.1855
19.9716 136 66.3829
19.9758 134 65.5855
19.9955 134 65.5973
19.9716 135 65.9829
19.9521 138 67.1713
19.9558 138 67.1735
19.9521 137 66.7713
19.9293 140 67.9576
19.9521 140 67.9713
19.9293 139 67.5576
19.9254 153 73.1552
19.8092 157 74.6855
19.8083 162 76.685
20.3511 115 58.2106
19.9716 134 65.5829
20.0023 128 63.2014
20.168 116 58.5008
20.168 118 59.3008
20.216 130 64.1296
20.547 109 55.9282
20.2203 130 64.1322
20.168 120 60.1008
20.7288 103 53.6373
19.9919 137 66.7951
20.4237 112 57.0542
21.0392 104 54.2235
19.9293 141 68.3576
19.8083 155 73.885
20.0082 128 63.2049
19.9944 133 65.1966
20.629 113 57.5774
19.9521 138 67.1713
20.2913 114 57.7748
20.1247 121 60.4748
19.9521 140 67.9713
19.9521 138 67.1713
19.9521 139 67.5713
20.0896 130 64.0538
20.0082 127 62.8049
20.031 124 61.6186
20.3123 120 60.1874
19.9521 139 67.5713
20.2203 129 63.7322
20.4237 112 57.0542
21.0392 106 55.0235
20.0023 128 63.2014
19.9986 137 66.7992
20.0082 127 62.8049
19.8083 157 74.685
20.168 116 58.5008
20.0023 129 63.6014
20.0023 130 64.0014
19.9795 132 64.7877
20.031 125 62.0186
20.031 123 61.2186
21.2748 102 53.5648
19.9795 133 65.1877
20.2913 116 58.5748
20.8574 106 54.9144
20.4237 118 59.4542
21.2748 102 53.5648
20.6068 112 57.1641
20.547 108 55.5282
20.4237 110 56.2542
19.9986 131 64.3992
19.9293 140 67.9576
21.1589 111 57.0953
20.1247 122 60.8748
20.1221 123 61.2732
20.1247 120 60.0748
20.0468 135 66.0281
19.9293 141 68.3576
20.2913 114 57.7748
19.9986 136 66.3992
21.233 104 54.3398
20.168 118 59.3008
21.0392 105 54.6235
19.9986 131 64.3992
19.9758 136 66.3855
21.0392 104 54.2235
21.2748 104 54.3649
20.168 120 60.1008
20.031 124 61.6186
19.9758 136 66.3855
21.1545 106 55.0927
20.1966 134 65.718
19.9955 134 65.5973
20.0023 130 64.0014
20.3078 120 60.1847
19.9716 137 66.7829
19.9521 139 67.5713
20.1754 122 60.9053
21.2748 102 53.5648
20.1966 133 65.318
20.0023 129 63.6014
19.9716 141 68.3829
19.9716 134 65.5829
20.0023 128 63.2014
20.547 108 55.5282
20.2913 114 57.7748
21.233 104 54.3398
19.8083 162 76.685
21.4147 100 52.8489
