20.6812 82 69.7362
20.6812 83 70.5362
20.2074 85 72.0415
20.6784 89 75.3357
20.1164 85 72.0233
20.1164 86 72.8233
20.1164 87 73.6233
20.1108 88 74.4222
20.1164 88 74.4233
20.1108 89 75.2222
20.1072 90 76.0214
20.1108 88 74.4222
19.9891 91 76.7978
20.1044 91 76.8209
20.1072 91 76.8214
19.8229 92 77.5646
19.9891 92 77.5978
19.7077 97 81.5415
19.8229 93 78.3646
19.6818 94 79.1364
19.7077 92 77.5415
19.6818 95 79.9364
19.6818 94 79.1364
19.3594 97 81.4719
19.5804 101 84.7161
19.6818 97 81.5364
19.3594 98 82.2719
19.3428 106 88.6686
19.3594 99 83.0719
19.3428 100 83.8686
19.3428 101 84.6686
19.2321 102 85.4464
19.3428 100 83.8686
19.2321 103 86.2464
19.2321 104 87.0464
19.2321 105 87.8464
19.2321 113 94.2464
19.2155 107 89.4431
19.2321 107 89.4464
19.2155 108 90.2431
19.2155 109 91.0431
19.1787 110 91.8357
19.2155 110 91.8431
19.1787 111 92.6357
19.1787 112 93.4357
19.0954 113 94.2191
19.5874 108 90.3175
19.0954 114 95.0191
19.0954 115 95.8191
19.0787 116 96.6157
19.0954 121 100.619
19.0787 117 97.4157
19.4874 113 94.2975
19.0954 116 96.6191
19.0658 120 99.8132
19.0787 120 99.8157
19.0658 121 100.613
20.1164 87 73.6233
20.1164 88 74.4233
20.1164 86 72.8233
20.1164 88 74.4233
19.2321 107 89.4464
20.1108 92 77.6222
20.1108 88 74.4222
20.1164 87 73.6233
19.6818 99 83.1364
20.1164 84 71.2233
19.0787 117 97.4157
19.0954 116 96.6191
19.4338 102 85.4868
20.1108 96 80.8222
20.1164 87 73.6233
19.0787 116 96.6157
19.0954 113 94.2191
20.1164 94 79.2233
19.0787 119 99.0157
20.8085 85 72.1617
19.3428 102 85.4686
19.3428 106 88.6686
19.3594 99 83.0719
19.2321 106 88.6464
19.7077 94 79.1415
19.6818 97 81.5364
19.0658 119 99.0132
19.0658 126 104.613
19.1787 113 94.2357
20.6812 83 70.5362
19.9891 92 77.5978
19.0787 118 98.2157
20.1108 87 73.6222
19.6818 95 79.9364
19.6818 94 79.1364
19.0954 114 95.0191
19.1787 112 93.4357
19.3428 104 87.0686
19.0658 120 99.8132
20.1108 96 80.8222
19.3428 100 83.8686
20.1108 88 74.4222
19.8229 100 83.9646
19.8229 93 78.3646
19.9891 92 77.5978
19.2155 109 91.0431
19.3594 98 82.2719
20.1164 89 75.2233
19.1787 113 94.2357
19.6818 96 80.7364
20.1108 95 80.0222
19.2155 107 89.4431
19.0787 116 96.6157
19.2321 106 88.6464
19.8229 91 76.7646
19.3594 99 83.0719
19.7077 94 79.1415
19.9891 96 80.7978
19.3428 99 83.0686
20.1108 89 75.2222
19.2321 103 86.2464
19.1787 111 92.6357
20.1164 85 72.0233
19.1787 111 92.6357
19.5804 97 81.5161
19.5804 97 81.5161
19.0787 116 96.6157
19.3428 99 83.0686
20.1982 91 76.8396
20.1164 86 72.8233
19.2321 113 94.2464
19.0954 117 97.4191
19.9891 91 76.7978
20.1044 89 75.2209
19.9891 96 80.7978
19.1787 119 99.0357
19.0787 123 102.216
19.2155 114 95.0431
20.1108 95 80.0222
19.2155 108 90.2431
19.5804 97 81.5161
19.2321 102 85.4464
19.2155 113 94.2431
19.9891 92 77.5978
19.3594 96 80.6719
19.8229 92 77.5646
19.0954 113 94.2191
19.1787 113 94.2357
19.0954 114 95.0191
19.2321 102 85.4464
19.0787 120 99.8157
19.5804 104 87.1161
19.2321 104 87.0464
