20.7455 101 36.7964
20.7455 102 36.9964
20.7288 103 37.1831
20.7455 101 36.7964
20.7288 104 37.383
20.7288 107 37.983
20.547 108 38.0376
20.547 105 37.4376
20.7288 106 37.7831
20.547 107 37.8376
20.547 110 38.4376
20.4237 111 38.539
20.2913 112 38.633
20.547 109 38.2376
20.4237 112 38.739
20.2913 113 38.833
20.2913 114 39.033
20.2913 115 39.233
20.2913 114 39.033
20.168 117 39.5344
20.2913 115 39.233
20.168 118 39.7344
20.168 117 39.5344
20.4237 114 39.139
20.4237 115 39.339
20.1247 120 40.0998
20.168 122 40.5344
20.031 123 40.6248
20.1247 121 40.2998
20.031 124 40.8248
20.0708 122 40.4566
20.031 124 40.8248
20.031 125 41.0248
20.031 126 41.2248
19.9068 127 41.3255
20.0023 129 41.8018
20.031 127 41.4248
19.9068 137 43.3255
19.8244 131 42.0595
19.9068 127 41.3255
20.3386 128 41.8709
19.8244 133 42.4595
19.8053 133 42.4442
19.8038 134 42.643
19.8281 133 42.4624
19.7668 133 42.4135
19.8016 137 43.2413
19.7632 138 43.4105
19.7632 137 43.2105
19.7632 138 43.4105
19.7632 139 43.6105
19.7632 140 43.8105
19.7632 150 45.8105
19.8244 129 41.6595
20.1247 120 40.0998
20.7455 103 37.1964
20.168 119 39.9344
20.6914 109 38.3531
19.8244 132 42.2595
20.168 117 39.5344
20.031 124 40.8248
19.7632 138 43.4105
20.031 124 40.8248
20.7455 105 37.5964
19.8038 136 43.043
20.2228 132 42.5782
20.168 117 39.5344
20.7288 107 37.983
20.1247 123 40.6998
20.1221 126 41.2977
20.5637 106 37.6509
20.547 106 37.6376
20.6129 115 39.4903
20.0023 129 41.8018
20.7288 102 36.983
20.031 131 42.2248
19.9068 128 41.5255
20.4237 111 38.539
20.031 127 41.4248
20.168 121 40.3344
19.9068 128 41.5255
19.7404 144 44.5923
20.031 123 40.6248
19.8016 137 43.2413
20.031 126 41.2248
20.7288 103 37.1831
19.8016 137 43.2413
19.9068 127 41.3255
19.8244 134 42.6595
20.2913 112 38.633
20.0023 129 41.8018
20.7455 103 37.1964
20.547 107 37.8376
20.1754 119 39.9403
20.7455 105 37.5964
20.031 131 42.2248
19.8244 129 41.6595
20.7288 103 37.1831
20.031 129 41.8248
20.4237 112 38.739
19.8281 128 41.4624
20.168 117 39.5344
20.7288 105 37.583
20.1247 122 40.4998
20.7288 107 37.983
20.4237 109 38.139
20.7455 105 37.5964
20.168 118 39.7344
20.7455 104 37.3964
20.4237 112 38.739
19.7668 137 43.2135
19.8244 131 42.0595
20.5637 106 37.6509
20.168 119 39.9344
20.031 124 40.8248
20.547 109 38.2376
20.7288 104 37.383
20.1247 120 40.0998
19.7632 142 44.2105
19.7632 139 43.6105
19.9068 137 43.3255
19.9068 129 41.7255
19.7632 139 43.6105
20.1247 122 40.4998
20.1247 122 40.4998
20.031 126 41.2248
20.7288 104 37.383
19.8016 136 43.0413
19.9944 135 42.9955
19.8244 132 42.2595
20.0023 134 42.8018
19.7632 141 44.0105
20.547 108 38.0376
19.849 128 41.4792
20.168 119 39.9344
19.7632 136 43.0105
19.7632 140 43.8105
20.7288 104 37.383
20.2913 111 38.433
20.031 125 41.0248
20.168 115 39.1344
19.8244 132 42.2595
20.2913 115 39.233
20.7288 105 37.583
20.547 109 38.2376
20.1247 128 41.6998
20.168 118 39.7344
19.7668 135 42.8135
20.7455 103 37.1964
20.6296 110 38.5037
