20.6812 83 70.5362
20.6812 84 71.3362
20.6812 85 72.1362
20.1164 93 78.4233
20.6812 92 77.7362
20.1164 94 79.2233
20.1164 88 74.4233
20.1164 94 79.2233
20.1164 88 74.4233
20.1044 98 82.4209
20.1072 91 76.8214
20.1164 91 76.8233
19.9891 92 77.5978
20.1044 92 77.6209
20.0801 94 79.216
19.9891 94 79.1978
19.8229 93 78.3646
19.9891 95 79.9978
19.6818 96 80.7364
19.7077 96 80.7415
19.8229 96 80.7646
19.5804 104 87.1161
19.6818 97 81.5364
19.5804 98 82.3161
19.3594 99 83.0719
19.4747 99 83.0949
19.5804 103 86.3161
19.3594 100 83.8719
19.3428 108 90.2686
19.3594 101 84.6719
19.3428 102 85.4686
19.2321 103 86.2464
19.3428 103 86.2686
19.2321 109 91.0464
19.2321 105 87.8464
19.2321 104 87.0464
19.2155 107 89.4431
19.2321 107 89.4464
19.2155 108 90.2431
19.2155 116 96.6431
19.1787 110 91.8357
19.2155 108 90.2431
19.1787 111 92.6357
19.1787 112 93.4357
19.1787 113 94.2357
19.1787 114 95.0357
19.1787 115 95.8357
19.0954 116 96.6191
19.1787 116 96.6357
19.0954 117 97.4191
19.0954 118 98.2191
19.0954 117 97.4191
19.0954 120 99.8191
19.0658 121 100.613
19.0787 119 99.0157
19.0954 119 99.0191
19.0658 122 101.413
19.0954 123 102.219
19.2321 104 87.0464
19.2155 106 88.6431
19.2321 103 86.2464
19.5804 97 81.5161
19.4747 99 83.0949
19.9891 92 77.5978
19.0658 121 100.613
19.1787 111 92.6357
19.5804 97 81.5161
19.8229 95 79.9646
19.2321 106 88.6464
19.5804 99 83.1161
19.3594 99 83.0719
19.3428 103 86.2686
19.1787 116 96.6357
19.2321 103 86.2464
19.3594 99 83.0719
19.1787 112 93.4357
20.1164 86 72.8233
19.0787 121 100.616
19.3428 102 85.4686
19.1787 115 95.8357
19.0658 120 99.8132
20.1164 87 73.6233
19.0954 119 99.0191
19.3428 102 85.4686
19.6818 97 81.5364
19.3594 99 83.0719
19.6818 96 80.7364
19.2321 103 86.2464
19.2155 116 96.6431
19.0787 115 95.8157
19.3428 99 83.0686
19.9891 93 78.3978
19.2321 104 87.0464
20.1044 97 81.6209
19.5804 99 83.1161
19.3428 102 85.4686
19.0954 121 100.619
19.0954 116 96.6191
19.1787 115 95.8357
19.0954 117 97.4191
20.0997 95 80.0199
19.3594 99 83.0719
19.1787 110 91.8357
20.1164 88 74.4233
19.7077 96 80.7415
20.1164 87 73.6233
20.1072 91 76.8214
19.5658 100 83.9132
19.8229 94 79.1646
19.1787 110 91.8357
19.9891 93 78.3978
19.7077 96 80.7415
20.1164 85 72.0233
20.1044 98 82.4209
20.1044 91 76.8209
19.3594 100 83.8719
19.4874 116 96.6975
19.3594 100 83.8719
19.6818 96 80.7364
19.2155 111 92.6431
19.2155 107 89.4431
19.1787 122 101.436
19.0954 118 98.2191
19.8229 95 79.9646
20.6812 85 72.1362
19.7077 94 79.1415
19.1787 115 95.8357
19.8229 95 79.9646
19.5804 99 83.1161
19.0954 119 99.0191
20.1164 90 76.0233
20.6812 82 69.7362
19.5804 105 87.9161
19.1787 114 95.0357
20.1044 91 76.8209
20.6812 84 71.3362
19.9891 93 78.3978
19.2321 106 88.6464
19.3594 100 83.8719
19.2321 106 88.6464
19.7077 96 80.7415
19.2155 108 90.2431
20.1044 92 77.6209
19.3594 103 86.2719
20.1044 98 82.4209
19.6818 95 79.9364
20.1072 91 76.8214
20.1164 88 74.4233
20.1164 90 76.0233
19.3428 101 84.6686
