20.7288 99 75.5186
20.7288 100 76.2186
20.547 101 76.8641
20.7288 99 75.5186
20.1044 102 77.4313
20.7288 96 73.4186
20.1044 107 80.9313
19.6957 104 78.7087
19.6984 104 78.7095
20.1044 111 83.7313
19.6957 103 78.0087
19.6957 106 80.1087
19.679 107 80.8037
19.6957 107 80.8087
19.679 106 80.1037
19.3474 109 82.1042
19.679 107 80.8037
19.3474 110 82.8042
19.3474 109 82.1042
19.2321 113 84.8696
19.3308 110 82.7992
19.3511 114 85.6053
19.2155 111 83.4646
19.2155 112 84.1646
19.2155 119 89.0646
19.1787 116 86.9536
19.1953 116 86.9586
19.2155 114 85.5646
19.1787 117 87.6536
19.1787 116 86.9536
19.1787 119 89.0536
19.1787 120 89.7536
19.1787 121 90.4536
19.1787 122 91.1536
19.1787 123 91.8536
19.1787 122 91.1536
19.1787 125 93.2536
19.1787 126 93.9536
19.5874 122 91.2762
19.2155 122 91.1646
19.5874 124 92.6762
19.1787 130 96.7536
19.1103 137 101.633
19.1787 131 97.4536
19.2155 114 85.5646
19.2155 114 85.5646
19.679 108 81.5037
19.1787 115 86.2536
19.2155 118 88.3646
19.2155 116 86.9646
19.3474 115 86.3042
19.1787 117 87.6536
19.6957 107 80.8087
19.6957 107 80.8087
19.1787 121 90.4536
20.1044 102 77.4313
19.1787 116 86.9536
19.1787 118 88.3536
20.1044 101 76.7313
19.1787 128 95.3536
19.3308 110 82.7992
20.7288 98 74.8186
19.6993 106 80.1098
19.5874 128 95.4762
19.1787 131 97.4536
20.7288 98 74.8186
19.1787 123 91.8536
19.679 109 82.2037
20.4311 109 82.4293
19.3474 111 83.5042
20.7288 100 76.2186
19.1787 130 96.7536
19.1787 132 98.1536
19.679 106 80.1037
19.1953 130 96.7586
20.7288 99 75.5186
19.5637 107 80.7691
19.7701 109 82.231
20.547 102 77.5641
19.3474 112 84.2042
19.1787 132 98.1536
19.5637 108 81.4691
20.547 102 77.5641
19.1787 117 87.6536
19.1787 124 92.5536
19.6957 107 80.8087
19.1787 133 98.8536
19.2155 113 84.8646
19.1103 131 97.4331
19.3308 112 84.1992
19.3474 115 86.3042
19.1787 121 90.4536
19.3474 110 82.8042
20.7288 100 76.2186
19.1787 127 94.6536
19.1787 127 94.6536
20.547 101 76.8641
20.1044 103 78.1313
19.1787 120 89.7536
19.1787 117 87.6536
20.7288 99 75.5186
19.1787 123 91.8536
20.7288 100 76.2186
19.1139 135 100.234
19.1787 116 86.9536
20.7288 97 74.1186
19.1697 127 94.6509
20.7288 101 76.9186
19.1787 123 91.8536
20.7288 101 76.9186
19.2321 112 84.1696
19.1953 117 87.6586
20.7288 101 76.9186
20.547 102 77.5641
19.3474 109 82.1042
19.1814 127 94.6544
19.3474 109 82.1042
19.294 123 91.8882
19.3474 115 86.3042
19.1787 126 93.9536
20.7288 96 73.4186
19.679 105 79.4037
19.5874 115 86.3762
20.547 101 76.8641
19.5874 117 87.7762
19.1787 114 85.5536
19.519 128 95.4557
19.1787 125 93.2536
19.9891 100 75.9967
19.1953 117 87.6586
19.1787 127 94.6536
19.6984 104 78.7095
19.1103 131 97.4331
19.1787 130 96.7536
19.1953 123 91.8586
19.2155 121 90.4646
19.1787 130 96.7536
20.7288 99 75.5186
19.1953 116 86.9586
19.1787 125 93.2536
20.1044 100 76.0313
19.1953 116 86.9586
19.1787 126 93.9536
19.2321 113 84.8696
19.1953 117 87.6586
19.1787 118 88.3536
19.2155 112 84.1646
20.547 102 77.5641
19.1787 125 93.2536
19.3474 108 81.4042
