20.3858 92 56.1929
22.4548 86 54.2274
20.3858 89 54.6929
22.4548 87 54.7274
20.3858 90 55.1929
22.3748 95 58.6874
20.2586 91 55.6293
20.3858 91 55.6929
20.2586 92 56.1293
20.2586 93 56.6293
20.2586 94 57.1293
19.679 95 57.3395
20.2586 95 57.6293
19.3539 96 57.6769
19.679 94 56.8395
19.2693 97 58.1346
19.3539 97 58.1769
19.2693 98 58.6346
19.2107 99 59.1053
19.2693 97 58.1346
19.2107 100 59.6053
19.2107 101 60.1053
19.207 102 60.6035
19.2107 102 60.6053
19.1 107 63.05
19.207 110 64.6035
19.1 104 61.55
19.1 105 62.05
19.0834 106 62.5417
19.1 104 61.55
19.0834 107 63.0417
19.0834 108 63.5417
19.0834 114 66.5417
19.0632 110 64.5316
19.0834 110 64.5417
19.0466 111 65.0233
19.0632 111 65.0316
19.0466 112 65.5233
19.0466 113 66.0233
19.0466 112 65.5233
19.0466 115 67.0233
19.0466 116 67.5233
19.0438 117 68.0219
19.0834 111 65.0417
19.0404 118 68.5202
19.0438 125 72.0219
19.0404 119 69.0202
19.0404 120 69.5202
19.193 115 67.0965
19.0404 125 72.0202
19.0238 122 70.5119
19.0238 123 71.0119
19.0238 131 75.0119
19.0606 119 69.0303
19.0238 126 72.5119
19.0238 125 72.0119
19.0238 126 72.5119
19.0238 122 70.5119
19.0238 120 69.5119
19.0238 123 71.0119
19.0238 129 74.0119
19.3539 97 58.1769
20.2586 96 58.1293
19.2107 101 60.1053
19.0438 118 68.5219
19.0466 121 70.0233
20.3858 90 55.1929
19.0466 111 65.0233
19.2107 98 58.6053
19.2693 98 58.6346
19.0834 110 64.5417
19.0466 121 70.0233
19.1148 117 68.0574
20.3858 90 55.1929
19.679 95 57.3395
19.0238 122 70.5119
19.0834 109 64.0417
19.2107 98 58.6053
19.207 103 61.1035
19.1 106 62.55
19.2693 99 59.1346
19.0404 126 72.5202
19.2107 102 60.6053
19.1 110 64.55
19.3539 101 60.1769
20.3858 86 53.1929
20.2586 103 61.6293
19.0238 131 75.0119
19.021 130 74.5105
19.0238 129 74.0119
19.0438 118 68.5219
19.0238 122 70.5119
19.0238 129 74.0119
19.0438 118 68.5219
19.679 102 60.8395
19.0466 117 68.0233
19.1 103 61.05
20.3858 91 55.6929
19.2107 104 61.6053
19.0438 118 68.5219
19.1 103 61.05
19.0238 132 75.5119
19.3539 102 60.6769
19.0238 125 72.0119
19.0404 121 70.0202
19.2693 97 58.1346
19.0404 119 69.0202
19.3539 96 57.6769
19.0466 114 66.5233
22.4548 87 54.7274
19.0466 110 64.5233
19.0238 123 71.0119
19.0466 116 67.5233
20.2586 91 55.6293
20.3858 98 59.1929
19.0238 127 73.0119
19.0238 136 77.5119
20.2586 99 59.6293
19.0238 126 72.5119
19.0238 122 70.5119
20.3858 89 54.6929
19.0834 106 62.5417
19.0466 115 67.0233
20.3858 88 54.1929
22.317 92 57.1585
19.0466 117 68.0233
19.0466 111 65.0233
19.1 104 61.55
19.0238 123 71.0119
19.0438 118 68.5219
20.3858 91 55.6929
20.3858 91 55.6929
19.0834 107 63.0417
19.2693 97 58.1346
22.4548 86 54.2274
19.679 95 57.3395
19.1 111 65.05
19.0466 114 66.5233
19.207 103 61.1035
19.021 129 74.0105
19.0834 110 64.5417
19.021 130 74.5105
19.0238 121 70.0119
19.2693 97 58.1346
19.021 129 74.0105
19.0238 121 70.0119
20.3858 96 58.1929
19.0238 128 73.5119
20.3858 88 54.1929
19.0238 125 72.0119
