20.6129 103 28.8516
20.7288 102 28.8559
20.547 97 28.1923
20.7288 98 28.4559
20.547 100 28.4923
20.3477 109 29.2129
20.7288 99 28.5559
20.547 101 28.5923
20.3844 108 29.1459
20.547 102 28.6923
20.3844 102 28.5459
20.3844 105 28.8459
20.3844 106 28.9459
20.1754 114 29.5579
20.1618 107 28.8456
20.3844 107 29.0459
20.2913 108 29.0622
20.0708 110 29.0637
20.1618 110 29.1456
20.1754 116 29.7579
20.0708 111 29.1637
20.0708 112 29.2637
20.0708 111 29.1637
20.0708 114 29.4637
20.0708 113 29.3637
20.0708 116 29.6637
20.0708 115 29.5637
20.0708 118 29.8637
20.031 119 29.9279
20.0708 119 29.9637
20.031 118 29.8279
19.9758 121 30.0782
20.031 121 30.1279
19.9758 122 30.1782
19.9758 121 30.0782
19.9758 124 30.3782
19.9758 125 30.4782
19.9758 124 30.3782
20.1766 125 30.6589
19.9758 128 30.7782
19.9558 129 30.8602
19.9795 126 30.5815
19.9558 130 30.9602
20.1783 125 30.6605
19.9293 132 31.1364
19.9955 129 30.896
19.9293 131 31.0364
19.9293 134 31.3364
19.9293 133 31.2364
19.9293 134 31.3364
20.0204 134 31.4183
19.9293 138 31.7364
19.9293 137 31.6364
20.0204 137 31.7183
19.9293 141 32.0364
19.9293 140 31.9364
20.1301 141 32.2171
19.933 141 32.0397
19.9293 145 32.4364
19.9293 148 32.7364
20.1519 141 32.2367
19.8485 178 35.6637
19.9293 133 31.2364
19.9558 132 31.1602
20.547 99 28.3923
19.9293 139 31.8364
19.9293 132 31.1364
19.9758 125 30.4782
19.9293 145 32.4364
20.031 119 29.9279
19.9293 133 31.2364
20.031 119 29.9279
20.547 100 28.4923
20.031 121 30.1279
20.3248 118 30.0923
19.9758 125 30.4782
19.9293 131 31.0364
19.9758 132 31.1782
20.2913 109 29.1622
19.9558 129 30.8602
20.1783 125 30.6605
19.9758 126 30.5782
20.5926 120 30.5334
19.9293 140 31.9364
19.9293 132 31.1364
19.9293 139 31.8364
19.9758 125 30.4782
19.9293 142 32.1364
19.9293 142 32.1364
20.031 120 30.0279
20.2913 105 28.7622
20.0708 115 29.5637
19.9758 124 30.3782
19.9872 174 35.3885
20.547 99 28.3923
19.9293 133 31.2364
19.9293 136 31.5364
20.1738 132 31.3564
20.1618 109 29.0456
19.9293 132 31.1364
20.3844 107 29.0459
20.7288 96 28.2559
20.1618 109 29.0456
20.0708 111 29.1637
19.9758 121 30.0782
19.9558 137 31.6602
19.9293 138 31.7364
20.3844 107 29.0459
20.031 121 30.1279
20.3844 105 28.8459
19.9293 142 32.1364
20.1618 109 29.0456
19.9293 133 31.2364
20.0708 118 29.8637
20.3844 102 28.5459
19.9758 121 30.0782
20.0708 110 29.0637
19.9558 131 31.0602
20.0708 113 29.3637
20.3844 103 28.6459
20.3844 104 28.7459
19.9293 133 31.2364
20.031 126 30.6279
19.9558 132 31.1602
19.9758 121 30.0782
19.9558 127 30.6602
20.0708 111 29.1637
20.0708 112 29.2637
20.0708 121 30.1637
19.9758 123 30.2782
20.547 101 28.5923
19.9558 131 31.0602
19.9293 131 31.0364
20.2913 109 29.1622
19.8485 178 35.6637
20.546 104 28.8914
19.8485 175 35.3637
20.0204 137 31.7183
20.2913 114 29.6622
20.031 121 30.1279
20.7288 97 28.3559
20.3844 102 28.5459
19.9293 130 30.9364
19.9293 134 31.3364
19.9758 124 30.3782
19.9293 136 31.5364
20.0708 115 29.5637
19.9293 137 31.6364
20.031 119 29.9279
19.9758 129 30.8782
