20.6784 94 72.0035
20.6812 90 69.2044
20.6812 98 74.8044
20.6747 90 69.2024
20.6812 99 75.5043
20.6747 93 71.3024
20.1044 94 71.8313
20.6747 94 72.0024
20.1044 102 77.4313
19.9891 96 73.1967
20.1044 94 71.8313
19.9891 97 73.8967
19.9891 98 74.5967
19.6818 99 75.2045
19.6957 103 78.0087
19.9891 103 78.0967
19.6818 100 75.9045
19.3594 106 80.0078
19.5804 101 76.5741
19.6818 101 76.6045
19.3594 102 77.2078
19.3428 103 77.9028
19.3594 101 76.5078
19.3428 104 78.6028
19.2321 105 79.2696
19.3428 105 79.3028
19.2321 106 79.9696
19.2321 107 80.6696
19.2321 108 81.3696
19.2321 107 80.6696
19.2155 110 82.7646
19.5804 104 78.6741
19.1787 111 83.4536
19.2183 109 82.0655
19.1787 112 84.1536
19.1787 113 84.8536
19.1787 114 85.5536
19.1787 115 86.2536
19.1787 116 86.9536
19.1787 117 87.6536
19.1787 118 88.3536
19.1787 119 89.0536
19.0192 128 95.3058
19.1787 112 84.1536
19.1787 122 91.1536
19.1787 121 90.4536
19.1697 122 91.1509
19.1953 121 90.4586
19.0954 125 93.2286
19.1697 125 93.2509
19.0954 124 92.5286
19.0954 125 93.2286
19.0787 132 98.1236
19.0954 128 95.3286
19.0658 127 94.6198
19.0787 129 96.0236
19.0787 124 92.5236
19.1787 118 88.3536
19.9891 101 76.6967
19.0954 132 98.1286
19.9891 94 71.7967
19.0658 130 96.7198
19.0787 129 96.0236
19.9891 96 73.1967
19.1787 121 90.4536
19.1787 118 88.3536
19.2321 108 81.3696
19.3594 102 77.2078
20.1044 95 72.5313
19.2321 109 82.0696
19.1787 118 88.3536
19.0658 130 96.7198
19.1787 128 95.3536
19.9891 96 73.1967
19.0954 127 94.6286
19.1953 120 89.7586
19.5804 101 76.5741
19.0954 126 93.9286
20.6747 94 72.0024
19.9891 98 74.5967
19.1787 110 82.7536
19.1787 112 84.1536
19.2321 106 79.9696
19.2155 110 82.7646
19.2321 112 84.1696
20.6784 97 74.1035
19.9891 96 73.1967
19.2321 105 79.2696
19.1103 127 94.6331
19.1787 114 85.5536
19.1787 111 83.4536
19.6818 99 75.2045
19.0954 125 93.2286
19.2155 108 81.3646
19.3594 107 80.7078
19.1787 116 86.9536
20.1044 102 77.4313
20.1044 94 71.8313
20.6812 94 72.0043
19.2183 109 82.0655
19.0787 129 96.0236
20.6812 89 68.5043
19.1787 111 83.4536
19.1787 124 92.5536
19.9891 95 72.4967
19.3232 107 80.697
19.1787 121 90.4536
19.2321 107 80.6696
19.1787 121 90.4536
19.0787 128 95.3236
19.1787 119 89.0536
19.6818 99 75.2045
19.0658 127 94.6198
19.2321 106 79.9696
20.6812 89 68.5043
19.3428 103 77.9028
19.2155 110 82.7646
19.9891 95 72.4967
20.6747 93 71.3024
19.1787 119 89.0536
20.1044 92 70.4313
19.1787 115 86.2536
20.1044 94 71.8313
20.6812 90 69.2044
20.1044 100 76.0313
19.1787 122 91.1536
19.0787 129 96.0236
19.1787 112 84.1536
19.0658 127 94.6198
19.0658 128 95.3198
20.1044 100 76.0313
19.0954 126 93.9286
20.6812 90 69.2044
20.6812 91 69.9044
19.5041 123 91.9512
19.9891 98 74.5967
19.2321 108 81.3696
20.6812 88 67.8044
20.6812 89 68.5043
19.3428 102 77.2028
19.9891 98 74.5967
19.1787 120 89.7536
19.0954 126 93.9286
19.2321 106 79.9696
19.9891 101 76.6967
19.0787 129 96.0236
19.1787 122 91.1536
20.6812 90 69.2044
19.2321 106 79.9696
19.9891 97 73.8967
