20.6812 96 73.4044
20.7722 94 72.0317
20.6775 94 72.0033
20.6812 94 72.0043
20.6775 95 72.7033
20.6747 96 73.4024
20.6775 103 78.3033
20.6747 102 77.6024
20.6747 96 73.4024
19.9891 99 75.2967
20.547 99 75.4641
20.6747 99 75.5024
20.0801 101 76.724
19.9891 101 76.6967
19.6957 102 77.3087
19.9891 106 80.1967
19.6957 101 76.6087
19.3428 104 78.6028
19.5804 102 77.2741
19.679 104 78.7037
19.6957 104 78.7087
19.3428 105 79.3028
19.2321 112 84.1696
19.3308 106 79.9992
19.2321 107 80.6696
19.2321 110 82.7696
19.2191 113 84.8657
19.2321 116 86.9696
19.2155 112 84.1646
19.1787 120 89.7536
19.1953 113 84.8586
19.3065 114 85.5919
19.1787 114 85.5536
19.1787 115 86.2536
19.1787 116 86.9536
19.2697 118 88.3809
19.1787 118 88.3536
19.1787 119 89.0536
19.1787 127 94.6536
19.1787 125 93.2536
19.1787 120 89.7536
19.1787 121 90.4536
19.1787 129 96.0536
19.1953 122 91.1586
19.1697 126 93.9509
19.1787 124 92.5536
19.1697 127 94.6509
19.0954 128 95.3286
19.5428 122 91.2628
19.0954 129 96.0286
19.5041 125 93.3512
19.0787 135 100.224
19.0787 133 98.8236
19.0787 132 98.1236
19.2321 110 82.7696
19.6957 100 75.9087
20.6812 93 71.3044
20.6775 95 72.7033
20.6775 95 72.7033
19.1953 113 84.8586
19.1697 130 96.7509
20.6775 101 76.9033
19.1787 124 92.5536
19.5804 104 78.6741
19.9891 101 76.6967
19.3428 104 78.6028
19.3428 103 77.9028
19.679 102 77.3037
19.2155 113 84.8646
19.1787 122 91.1536
20.6747 94 72.0024
19.0954 127 94.6286
19.2155 112 84.1646
19.0954 135 100.229
19.2321 110 82.7696
19.1787 124 92.5536
19.9891 101 76.6967
19.2321 108 81.3696
19.6957 104 78.7087
20.6775 96 73.4033
19.1734 128 95.352
19.1787 122 91.1536
19.1787 114 85.5536
19.2321 108 81.3696
20.6812 92 70.6044
19.679 104 78.7037
19.2697 119 89.0809
20.6775 95 72.7033
19.1787 119 89.0536
19.1787 123 91.8536
19.0954 130 96.7286
19.7012 114 85.7104
19.1787 129 96.0536
20.6812 92 70.6044
19.1697 128 95.3509
19.5804 104 78.6741
19.1787 118 88.3536
20.6747 96 73.4024
19.4518 127 94.7355
19.6818 102 77.3045
20.6775 93 71.3033
20.6775 93 71.3033
19.6242 108 81.4873
19.1697 126 93.9509
19.6957 103 78.0087
19.5804 104 78.6741
19.1787 117 87.6536
19.5874 108 81.4762
20.6747 96 73.4024
20.6812 92 70.6044
19.0824 133 98.8247
19.5041 124 92.6512
19.1787 129 96.0536
19.1787 124 92.5536
19.5874 111 83.5762
20.6747 98 74.8024
20.547 99 75.4641
19.6957 101 76.6087
19.9891 101 76.6967
19.0954 134 99.5286
19.679 102 77.3037
19.6409 105 79.3923
19.2321 108 81.3696
19.2321 107 80.6696
19.1823 115 86.2547
19.679 104 78.7037
19.1953 121 90.4586
20.6747 99 75.5024
19.0954 128 95.3286
19.1787 130 96.7536
19.0954 128 95.3286
19.6957 103 78.0087
20.6747 96 73.4024
19.1787 120 89.7536
19.2321 118 88.3696
19.1787 120 89.7536
20.6775 95 72.7033
20.547 97 74.0641
19.1787 114 85.5536
20.547 99 75.4641
19.1787 111 83.4536
19.1787 113 84.8536
19.3428 109 82.1028
19.1814 115 86.2544
19.8332 104 78.7499
20.6812 93 71.3044
19.1787 123 91.8536
19.099 130 96.7297
19.1787 116 86.9536
19.5804 104 78.6741
