20.7288 96 35.7831
20.7288 97 35.983
20.7288 93 35.1831
20.7288 94 35.383
20.547 95 35.4376
20.7288 93 35.1831
20.547 96 35.6376
20.547 97 35.8376
20.6068 99 36.2854
20.4311 106 37.5449
20.5036 100 36.4029
20.547 100 36.4376
20.4219 101 36.5376
20.5036 99 36.2029
20.2874 109 38.0299
19.8278 112 38.2622
20.4219 103 36.9376
20.2913 104 37.033
19.8278 113 38.4622
20.2913 105 37.233
19.9077 107 37.3262
19.9067 108 37.5253
19.9077 108 37.5262
19.8281 111 38.0625
19.8281 112 38.2625
19.7888 113 38.431
19.8281 113 38.4624
19.7481 118 39.3985
19.7888 122 40.231
19.7888 121 40.031
19.7888 117 39.231
19.7668 118 39.4135
20.3483 112 38.6786
19.7658 121 40.0126
19.7481 120 39.7985
19.8281 111 38.0625
19.7481 125 40.7985
19.7481 122 40.1985
19.7481 123 40.3985
19.7481 122 40.1985
19.7481 123 40.3985
19.7481 133 42.3985
19.7471 134 42.5977
19.7481 127 41.1985
19.7471 128 41.3977
19.7471 127 41.1977
19.7404 130 41.7923
19.7471 130 41.7977
19.7404 131 41.9923
19.7404 132 42.1923
19.7404 133 42.3923
19.7404 134 42.5923
19.7404 133 42.3923
19.7404 136 42.9923
19.7404 137 43.1923
19.7404 138 43.3923
19.7632 130 41.8105
19.7404 138 43.3923
20.2 136 43.36
19.6201 183 52.2961
19.8281 112 38.2625
20.5036 100 36.4029
20.547 98 36.0376
19.8281 113 38.4624
20.3077 118 39.8461
20.2913 104 37.033
20.4219 102 36.7375
20.7288 91 34.7831
19.8281 113 38.4624
19.9067 108 37.5253
20.547 97 35.8376
20.9156 94 35.5325
20.5036 99 36.2029
19.7888 113 38.431
19.7888 113 38.431
20.7288 93 35.1831
19.7877 123 40.4302
19.7888 113 38.431
20.3077 121 40.4461
19.7404 140 43.7923
19.7471 127 41.1977
20.2874 110 38.2299
19.7668 122 40.2135
19.7481 126 40.9985
19.7481 120 39.7985
19.7481 121 39.9985
19.7404 132 42.1923
19.7404 135 42.7923
19.7404 131 41.9923
19.7888 115 38.831
19.9077 105 36.9262
20.4219 101 36.5376
19.7481 126 40.9985
19.8281 111 38.0625
19.7668 116 39.0135
20.4219 101 36.5376
19.7481 126 40.9985
19.7471 129 41.5977
20.7288 95 35.583
19.6192 187 53.0954
19.6192 192 54.0954
20.2874 108 37.8299
19.7404 135 42.7923
20.4219 99 36.1376
19.7888 116 39.031
20.2913 104 37.033
20.547 96 35.6376
20.4219 102 36.7375
19.7481 127 41.1985
19.7481 126 40.9985
20.7288 89 34.383
19.9077 112 38.3262
19.7404 138 43.3923
19.7668 118 39.4135
20.7288 92 34.983
19.7668 116 39.0135
20.547 97 35.8376
19.7471 125 40.7977
20.547 98 36.0376
19.7471 130 41.7977
20.5036 101 36.6029
19.7888 114 38.631
19.7404 139 43.5923
19.7404 130 41.7923
19.7404 138 43.3923
19.8281 111 38.0625
19.7404 142 44.1923
19.8281 111 38.0625
20.7288 91 34.7831
20.9156 96 35.9325
19.8281 111 38.0625
19.6984 184 52.5588
20.547 102 36.8376
19.9077 105 36.9262
20.7288 94 35.383
19.7481 120 39.7985
19.7668 119 39.6135
20.547 99 36.2376
19.7481 125 40.7985
20.547 98 36.0376
19.7404 140 43.7923
19.7481 127 41.1985
19.9077 107 37.3262
19.7471 130 41.7977
20.4219 102 36.7375
19.9067 108 37.5253
20.547 100 36.4376
20.5036 101 36.6029
19.7404 138 43.3923
19.8278 115 38.8622
