20.7288 90 27.6559
20.6129 98 28.3516
20.7288 92 27.8559
20.7288 93 27.9559
20.7288 94 28.0559
20.547 96 28.0923
20.3844 98 28.1459
20.7278 95 28.155
20.7288 95 28.1559
20.547 95 27.9923
20.5852 97 28.2266
20.7278 96 28.255
20.2913 100 28.2622
20.547 96 28.0923
20.3844 105 28.8459
20.2913 101 28.3622
20.0154 104 28.4139
20.2913 102 28.4622
20.0154 105 28.5139
20.2913 103 28.5622
20.0154 104 28.4139
19.9045 105 28.414
19.69 116 29.321
20.1754 111 29.2579
19.8834 108 28.6951
20.0154 107 28.7139
19.9045 108 28.714
19.6872 117 29.4185
19.7193 115 29.2474
19.8834 111 28.9951
19.7166 111 28.8449
19.5906 113 28.9315
19.7193 110 28.7474
19.5906 114 29.0315
19.7166 113 29.0449
19.5047 117 29.2542
19.5906 115 29.1315
19.4655 123 29.819
19.4261 117 29.1835
19.5047 117 29.2542
19.4261 118 29.2835
19.4261 119 29.3835
19.4252 120 29.4827
19.4261 120 29.4835
19.4207 119 29.3786
19.4252 121 29.5827
19.342 120 29.4078
19.4207 122 29.6786
19.342 123 29.7078
19.342 122 29.6078
19.5272 122 29.7745
19.342 126 30.0078
20.7278 95 28.155
20.3844 98 28.1459
20.3844 99 28.2459
20.7278 95 28.155
20.0154 104 28.4139
19.4252 121 29.5827
20.3844 98 28.1459
19.5906 114 29.0315
19.9153 112 29.1238
19.7193 115 29.2474
20.0154 106 28.6139
20.0154 104 28.4139
20.7278 95 28.155
19.7166 116 29.3449
19.5514 122 29.7963
20.547 98 28.2923
19.4252 119 29.3827
19.4252 120 29.4827
20.547 98 28.2923
19.7166 117 29.4449
19.4261 122 29.6835
19.4207 121 29.5786
19.342 124 29.8078
19.5047 115 29.0542
20.7288 88 27.4559
20.547 97 28.1923
19.4261 119 29.3835
20.7288 89 27.5559
19.7166 113 29.0449
19.342 122 29.6078
19.342 122 29.6078
20.2913 100 28.2622
20.7288 90 27.6559
19.5906 117 29.3315
20.2913 103 28.5622
19.4252 121 29.5827
19.8834 109 28.7951
20.7288 91 27.7559
19.9045 108 28.714
20.2913 102 28.4622
20.0154 103 28.3139
19.342 122 29.6078
19.5047 117 29.2542
20.547 98 28.2923
20.7288 89 27.5559
20.7288 90 27.6559
19.9045 108 28.714
19.342 122 29.6078
19.4252 120 29.4827
19.5047 115 29.0542
20.7288 91 27.7559
20.7288 94 28.0559
19.7166 112 28.9449
19.7193 110 28.7474
19.5047 117 29.2542
20.7288 95 28.1559
19.5047 116 29.1542
20.7288 94 28.0559
19.5047 116 29.1542
20.2903 111 29.3612
19.342 125 29.9078
19.5047 115 29.0542
20.7278 95 28.155
19.9045 108 28.714
20.2913 101 28.3622
19.9045 108 28.714
20.2913 103 28.5622
19.342 123 29.7078
19.7193 110 28.7474
20.3366 106 28.9029
19.4207 120 29.4786
19.5906 116 29.2315
19.4207 121 29.5786
20.7278 96 28.255
19.342 122 29.6078
19.3846 125 29.9461
20.7278 96 28.255
19.342 124 29.8078
20.1754 108 28.9579
19.8834 109 28.7951
19.5906 113 28.9315
19.342 122 29.6078
19.5906 112 28.8315
19.4207 121 29.5786
19.7193 109 28.6474
19.342 121 29.5078
19.9488 107 28.6539
20.7278 100 28.655
20.7288 90 27.6559
20.3844 100 28.3459
20.7288 93 27.9559
19.342 125 29.9078
20.0154 105 28.5139
20.3844 99 28.2459
20.7288 90 27.6559
19.4207 126 30.0786
20.547 103 28.7923
20.0154 106 28.6139
