20.6812 93 64.0725
20.6812 87 60.4725
20.1164 88 60.8466
20.6812 88 61.0725
20.1164 96 65.6466
20.2074 91 62.683
20.1164 91 62.6466
20.1044 92 63.2418
20.1044 93 63.8418
19.9891 94 64.3956
20.1044 94 64.4418
19.9891 95 64.9956
19.9891 94 64.3956
19.7077 97 66.0831
19.9891 97 66.1956
19.6818 96 65.4727
19.6957 98 66.6783
19.7077 98 66.6831
19.5804 99 67.2321
19.6818 99 67.2727
19.3594 100 67.7438
19.5804 100 67.8322
19.3594 99 67.1438
19.3428 102 68.9371
19.3594 100 67.7438
19.2321 103 69.4929
19.3428 103 69.5371
19.2321 111 74.2929
19.2321 105 70.6929
19.2321 106 71.2929
19.2321 107 71.8929
19.2155 108 72.4862
19.2321 108 72.4929
19.2155 109 73.0862
19.2155 110 73.6862
19.1787 111 74.2715
19.2155 109 73.0862
19.1787 112 74.8715
19.1787 113 75.4715
19.7012 115 76.8805
19.1787 115 76.6715
19.1787 114 76.0715
19.2697 118 78.5079
19.1787 125 82.6715
19.1787 119 79.0715
19.0954 120 79.6381
19.5456 114 76.2182
19.1787 124 82.0715
19.0954 119 79.0381
19.0787 126 83.2315
19.4684 116 77.3874
19.0658 128 84.4263
19.0787 121 80.2315
19.0658 124 82.0263
19.0658 123 81.4263
19.0658 124 82.0263
19.0192 127 83.8077
19.0658 127 83.8263
19.0192 128 84.4077
19.6957 98 66.6783
19.2155 108 72.4862
19.0954 120 79.6381
20.1164 86 59.6466
20.1044 92 63.2418
20.1044 94 64.4418
19.9891 94 64.3956
19.6957 103 69.6783
19.5804 100 67.8322
19.2321 105 70.6929
19.0658 132 86.8263
19.5874 109 73.235
19.0658 125 82.6263
19.3428 102 68.9371
20.1164 91 62.6466
19.0954 122 80.8382
20.1044 92 63.2418
19.2155 108 72.4862
19.0658 121 80.2263
19.6818 99 67.2727
19.1787 111 74.2715
19.1787 123 81.4715
19.1787 112 74.8715
19.0658 125 82.6263
19.3594 101 68.3438
19.0658 123 81.4263
19.2155 116 77.2862
19.6818 98 66.6727
20.1164 91 62.6466
19.1725 120 79.669
19.1787 113 75.4715
19.3428 103 69.5371
19.6818 99 67.2727
19.2155 109 73.0862
19.2321 106 71.2929
19.3428 110 73.7371
19.0954 119 79.0381
19.1953 114 76.0781
19.5874 112 75.035
20.1044 98 66.8418
19.9891 99 67.3956
19.1787 119 79.0715
19.0787 122 80.8315
20.1164 89 61.4466
19.9891 96 65.5956
20.6812 84 58.6725
20.6812 87 60.4725
19.2321 104 70.0929
19.2155 108 72.4862
19.0658 124 82.0263
19.1725 120 79.669
19.9891 96 65.5956
19.1787 111 74.2715
19.2321 105 70.6929
20.1044 92 63.2418
20.1164 88 60.8466
19.3594 102 68.9438
19.4684 116 77.3874
19.3594 101 68.3438
19.2321 112 74.8929
19.1787 113 75.4715
20.1164 94 64.4466
19.0658 132 86.8263
19.0658 127 83.8263
19.1787 112 74.8715
19.2155 108 72.4862
19.3594 102 68.9438
19.2321 105 70.6929
19.9891 97 66.1956
19.9891 99 67.3956
19.5874 112 75.035
19.3428 103 69.5371
20.6812 86 59.8725
19.2321 106 71.2929
19.2155 116 77.2862
19.7077 101 68.4831
19.1787 112 74.8715
19.1787 113 75.4715
19.294 120 79.7176
19.9891 94 64.3956
19.2155 116 77.2862
19.2155 108 72.4862
19.2321 103 69.4929
19.6957 105 70.8783
20.6812 86 59.8725
19.1787 115 76.6715
19.6818 99 67.2727
19.2321 106 71.2929
19.2155 108 72.4862
19.1787 114 76.0715
20.6812 84 58.6725
