20.9851 83 39.5896
20.7385 77 37.6169
20.9851 77 37.7896
20.7385 78 37.9169
20.7385 77 37.6169
20.9236 77 37.7465
20.7385 81 38.8169
20.9851 82 39.2896
20.7385 83 39.4169
20.5692 82 38.9985
20.7385 84 39.7169
20.5692 85 39.8985
20.5692 91 41.6985
20.5692 85 39.8985
20.7691 89 41.2384
20.4656 96 43.1259
20.5692 89 41.0985
20.4656 90 41.3259
20.4444 91 41.6111
20.4614 89 41.023
20.4656 91 41.6259
20.4444 92 41.9111
20.3557 93 42.149
20.4444 91 41.6111
20.1693 99 43.8185
20.3053 94 42.4137
20.3557 94 42.449
20.1693 99 43.8185
20.0302 96 42.8211
20.1374 101 44.3962
20.1693 100 44.1185
20.0302 97 43.1211
20.0302 98 43.4211
20.3557 93 42.149
20.0302 98 43.4211
20.0259 99 43.7181
20.0302 106 45.8211
20.0302 96 42.8211
19.9755 103 44.8829
20.0259 103 44.9181
19.9755 104 45.1829
19.9755 105 45.4829
19.9755 106 45.7829
19.9755 111 47.2829
19.9755 113 47.8829
20.4911 103 45.2437
19.9755 110 46.9829
19.9755 111 47.2829
20.0559 113 47.9391
19.9755 111 47.2829
19.9755 112 47.5829
19.9755 115 48.4829
19.9755 114 48.1829
19.9755 115 48.4829
19.9755 118 49.3829
19.9755 119 49.6829
19.9952 124 51.1967
19.9967 118 49.3977
19.9755 122 50.5829
19.9755 116 48.7829
19.9755 117 49.0829
19.9755 130 52.9829
20.0302 98 43.4211
20.0302 96 42.8211
20.3053 94 42.4137
19.9755 105 45.4829
19.9755 105 45.4829
19.9755 115 48.4829
20.0302 99 43.7211
19.9755 110 46.9829
20.3557 92 41.849
19.9755 121 50.2829
20.0302 98 43.4211
20.5692 88 40.7985
20.9851 77 37.7896
20.3011 110 47.2108
20.7385 77 37.6169
20.0302 105 45.5211
20.1693 94 42.3185
20.7385 75 37.0169
20.1693 92 41.7185
20.3557 93 42.149
20.7385 80 38.5169
20.7385 86 40.3169
20.7385 76 37.3169
20.5692 85 39.8985
19.9755 122 50.5829
20.1146 112 47.6802
20.7385 78 37.9169
19.9967 113 47.8977
19.9755 116 48.7829
20.3557 93 42.149
20.7385 80 38.5169
20.0302 96 42.8211
20.1146 110 47.0802
20.1693 94 42.3185
20.7385 78 37.9169
20.0302 96 42.8211
20.3557 98 43.649
20.165 99 43.8155
20.7385 79 38.2169
19.9755 110 46.9829
20.4953 94 42.5467
20.1693 97 43.2185
19.9755 117 49.0829
20.0302 100 44.0211
20.3557 94 42.449
19.9755 125 51.4829
20.7385 79 38.2169
19.9755 105 45.4829
20.7385 75 37.0169
20.0499 101 44.3349
20.7385 79 38.2169
21.0475 82 39.3333
20.0302 103 44.9211
20.7385 91 41.8169
20.546 91 41.6822
20.4444 92 41.9111
20.9851 76 37.4896
20.4444 91 41.6111
20.5692 84 39.5985
20.1146 117 49.1802
19.9755 112 47.5829
20.5692 88 40.7985
20.4444 92 41.9111
20.1693 95 42.6185
19.9755 111 47.2829
20.1693 100 44.1185
19.9755 119 49.6829
20.9851 76 37.4896
20.9851 77 37.7896
20.4911 115 48.8437
19.9755 115 48.4829
20.0302 99 43.7211
20.1374 96 42.8962
19.9755 106 45.7829
20.5692 84 39.5985
19.9755 115 48.4829
19.9755 111 47.2829
20.4656 89 41.0259
19.9755 104 45.1829
19.9755 105 45.4829
19.9755 108 46.3829
19.9755 106 45.7829
19.9755 114 48.1829
20.5692 88 40.7985
19.9755 116 48.7829
20.9851 74 36.8896
20.0259 108 46.4181
19.9755 112 47.5829
