20.6812 96 80.9362
20.7722 94 79.3544
20.6775 94 79.3355
20.6812 94 79.3362
20.6775 95 80.1355
20.6747 96 80.935
20.6775 103 86.5355
20.6747 102 85.7349
20.6747 96 80.935
19.9891 99 83.1978
20.547 99 83.3094
20.6747 99 83.335
20.0801 101 84.816
19.9891 101 84.7978
19.6957 102 85.5391
19.9891 106 88.7978
19.6957 101 84.7391
19.3428 104 87.0686
19.5804 102 85.5161
19.679 104 87.1358
19.6957 104 87.1391
19.3428 105 87.8686
19.2321 112 93.4464
19.3308 106 88.6662
19.2321 107 89.4464
19.2321 110 91.8464
19.2191 113 94.2438
19.2321 116 96.6464
19.2155 112 93.4431
19.1787 120 99.8357
19.1953 113 94.2391
19.3065 114 95.0613
19.1787 114 95.0357
19.1787 115 95.8357
19.1787 116 96.6357
19.2697 118 98.2539
19.1787 118 98.2357
19.1787 119 99.0357
19.1787 127 105.436
19.1787 125 103.836
19.1787 120 99.8357
19.1787 121 100.636
19.1787 129 107.036
19.1953 122 101.439
19.1697 126 104.634
19.1787 124 103.036
19.1697 127 105.434
19.0954 128 106.219
19.5428 122 101.509
19.0954 129 107.019
19.5041 125 103.901
19.0787 135 111.816
19.0787 133 110.216
19.0787 132 109.416
19.2321 110 91.8464
19.6957 100 83.9391
20.6812 93 78.5362
20.6775 95 80.1355
20.6775 95 80.1355
19.1953 113 94.2391
19.1697 130 107.834
20.6775 101 84.9355
19.1787 124 103.036
19.5804 104 87.1161
19.9891 101 84.7978
19.3428 104 87.0686
19.3428 103 86.2686
19.679 102 85.5358
19.2155 113 94.2431
19.1787 122 101.436
20.6747 94 79.335
19.0954 127 105.419
19.2155 112 93.4431
19.0954 135 111.819
19.2321 110 91.8464
19.1787 124 103.036
19.9891 101 84.7978
19.2321 108 90.2464
19.6957 104 87.1391
20.6775 96 80.9355
19.1734 128 106.235
19.1787 122 101.436
19.1787 114 95.0357
19.2321 108 90.2464
20.6812 92 77.7362
19.679 104 87.1358
19.2697 119 99.0539
20.6775 95 80.1355
19.1787 119 99.0357
19.1787 123 102.236
19.0954 130 107.819
19.7012 114 95.1403
19.1787 129 107.036
20.6812 92 77.7362
19.1697 128 106.234
19.5804 104 87.1161
19.1787 118 98.2357
20.6747 96 80.935
19.4518 127 105.49
19.6818 102 85.5364
20.6775 93 78.5355
20.6775 93 78.5355
19.6242 108 90.3248
19.1697 126 104.634
19.6957 103 86.3391
19.5804 104 87.1161
19.1787 117 97.4357
19.5874 108 90.3175
20.6747 96 80.935
20.6812 92 77.7362
19.0824 133 110.216
19.5041 124 103.101
19.1787 129 107.036
19.1787 124 103.036
19.5874 111 92.7175
20.6747 98 82.535
20.547 99 83.3094
19.6957 101 84.7391
19.9891 101 84.7978
19.0954 134 111.019
19.679 102 85.5358
19.6409 105 87.9282
19.2321 108 90.2464
19.2321 107 89.4464
19.1823 115 95.8365
19.679 104 87.1358
19.1953 121 100.639
20.6747 99 83.335
19.0954 128 106.219
19.1787 130 107.836
19.0954 128 106.219
19.6957 103 86.3391
20.6747 96 80.935
19.1787 120 99.8357
19.2321 118 98.2464
19.1787 120 99.8357
20.6775 95 80.1355
20.547 97 81.7094
19.1787 114 95.0357
20.547 99 83.3094
19.1787 111 92.6357
19.1787 113 94.2357
19.3428 109 91.0686
19.1814 115 95.8363
19.8332 104 87.1666
20.6812 93 78.5362
19.1787 123 102.236
19.099 130 107.82
19.1787 116 96.6357
19.5804 104 87.1161
