21.9784 123 82.5914
21.8504 118 79.5401
21.7808 122 81.9123
20.9444 126 83.9777
20.2647 127 84.3059
20.8023 127 84.5209
20.1247 129 85.4499
20.2647 127 84.3059
20.4184 130 86.1674
20.1247 133 87.8499
20.1247 134 88.4499
20.1247 137 90.2499
20.1143 136 89.6457
20.1247 138 90.8499
20.0668 138 90.8267
19.9758 140 91.9903
19.9758 141 92.5903
19.9758 144 94.3903
19.9758 141 92.5903
19.9758 148 96.7903
19.9758 148 96.7903
20.8023 124 82.7209
20.1247 136 89.6499
20.1247 134 88.4499
19.9758 148 96.7903
20.1247 129 85.4499
19.9986 138 90.7994
19.9758 141 92.5903
21.8036 125 83.7214
20.1247 129 85.4499
20.1143 136 89.6457
20.1247 129 85.4499
19.9758 139 91.3903
19.9758 141 92.5903
21.693 122 81.8772
19.9758 139 91.3903
19.9758 141 92.5903
20.4184 129 85.5674
20.0668 145 95.0267
20.1247 130 86.0499
19.9758 141 92.5903
20.1247 132 87.2499
20.5584 125 83.2234
20.1247 135 89.0499
20.1143 137 90.2457
20.1247 135 89.0499
20.2647 130 86.1059
20.8023 124 82.7209
20.1247 136 89.6499
19.9758 139 91.3903
20.1247 132 87.2499
20.8023 127 84.5209
19.9758 144 94.3903
21.693 122 81.8772
19.9758 140 91.9903
19.9758 144 94.3903
20.1247 131 86.6499
20.1247 134 88.4499
20.1143 136 89.6457
20.8032 132 87.5213
19.9758 139 91.3903
21.7729 122 81.9092
20.118 135 89.0472
20.1247 129 85.4499
19.9758 144 94.3903
20.1247 134 88.4499
19.9758 146 95.5903
20.1247 135 89.0499
19.9795 144 94.3918
19.9758 146 95.5903
19.9758 150 97.9903
20.3125 137 90.325
21.7808 122 81.9123
21.693 122 81.8772
21.7808 122 81.9123
20.0668 140 92.0267
20.1247 134 88.4499
20.1247 134 88.4499
19.9758 146 95.5903
19.9758 146 95.5903
21.7808 122 81.9123
20.1247 129 85.4499
20.2647 127 84.3059
19.9795 147 96.1918
20.2647 127 84.3059
19.9758 146 95.5903
20.1143 137 90.2457
20.1143 136 89.6457
20.2647 127 84.3059
20.1247 129 85.4499
19.9758 144 94.3903
19.9758 146 95.5903
20.8023 126 83.9209
20.1247 129 85.4499
20.5584 125 83.2234
21.693 122 81.8772
19.9758 144 94.3903
21.7808 122 81.9123
20.4184 133 87.9674
20.0668 138 90.8267
19.9758 144 94.3903
20.1247 131 86.6499
20.2647 127 84.3059
19.9758 148 96.7903
20.1247 132 87.2499
20.4091 128 84.9636
19.9758 139 91.3903
19.9758 145 94.9903
19.9758 140 91.9903
19.9758 139 91.3903
19.9758 141 92.5903
19.9758 144 94.3903
19.9758 145 94.9903
19.9758 147 96.1903
19.9795 138 90.7918
21.7808 122 81.9123
19.9795 139 91.3918
20.1247 133 87.8499
20.1143 136 89.6457
19.9758 146 95.5903
20.1247 138 90.8499
20.2647 125 83.1059
19.9986 144 94.3994
19.9758 142 93.1903
20.1247 138 90.8499
19.9758 146 95.5903
19.9795 145 94.9918
20.1247 129 85.4499
19.9795 145 94.9918
20.2647 127 84.3059
21.7808 122 81.9123
20.1143 135 89.0457
20.1143 136 89.6457
20.1247 129 85.4499
20.2647 132 87.3059
19.9758 148 96.7903
20.1247 135 89.0499
20.8023 124 82.7209
19.9758 140 91.9903
20.8023 124 82.7209
19.9758 146 95.5903
20.1247 133 87.8499
19.9758 145 94.9903
20.0668 139 91.4267
20.1247 129 85.4499
20.1247 135 89.0499
19.9758 140 91.9903
19.9758 146 95.5903
19.9758 144 94.3903
20.1247 129 85.4499
