20.8057 70 35.564
20.8057 71 35.864
20.7385 72 36.1169
20.8057 72 36.164
20.7385 73 36.4169
20.6179 74 36.6325
20.7385 72 36.1169
20.6179 75 36.9325
20.8646 76 37.4052
20.7385 71 35.8169
20.554 84 39.5878
20.5507 78 37.7855
20.5507 84 39.5855
20.5507 80 38.3855
20.5507 88 40.7855
20.4833 82 38.9383
20.5507 80 38.3855
20.3557 86 40.049
20.3557 87 40.349
20.3557 88 40.649
20.3557 96 43.049
20.3557 90 41.249
20.3557 91 41.549
20.1374 92 41.6962
20.1693 97 43.2185
20.3557 92 41.849
20.1374 93 41.9962
20.0302 94 42.2211
20.1374 94 42.2962
20.0302 102 44.6211
19.9755 96 42.7829
20.0302 94 42.2211
19.9755 98 43.3829
19.9755 99 43.6829
19.9755 103 44.8829
19.9755 101 44.2829
19.9755 106 45.7829
19.9755 100 43.9829
19.9755 104 45.1829
19.9755 104 45.1829
19.9755 96 42.7829
19.9755 106 45.7829
19.9755 105 45.4829
19.9755 108 46.3829
20.4911 103 45.2437
19.9755 110 46.9829
19.9755 111 47.2829
19.9755 112 47.5829
19.9755 118 49.3829
19.9755 118 49.3829
19.9755 115 48.4829
19.9755 114 48.1829
19.9755 117 49.0829
19.9755 116 48.7829
19.9755 112 47.5829
19.9755 114 48.1829
20.4911 115 48.8437
19.9755 115 48.4829
19.9755 123 50.8829
19.5552 172 65.2887
19.9755 113 47.8829
20.7659 70 35.5361
20.3557 88 40.649
20.5507 80 38.3855
19.9755 105 45.4829
19.9755 108 46.3829
20.3557 84 39.449
19.9755 97 43.0829
20.5507 77 37.4855
20.0665 97 43.1466
20.5507 80 38.3855
20.3557 94 42.449
20.0302 96 42.8211
20.554 83 39.2878
19.9755 111 47.2829
19.9755 109 46.6829
20.3557 87 40.349
20.3557 86 40.049
20.7385 73 36.4169
19.9755 104 45.1829
19.9755 102 44.5829
20.3557 92 41.849
19.9755 110 46.9829
19.5552 172 65.2887
20.0302 94 42.2211
20.5507 79 38.0855
19.9755 115 48.4829
20.7385 75 37.0169
20.1374 92 41.6962
19.9755 117 49.0829
20.6179 74 36.6325
20.5507 78 37.7855
19.9755 117 49.0829
20.5507 78 37.7855
20.1693 92 41.7185
20.3557 90 41.249
20.4911 113 48.2437
20.5964 107 46.5175
20.3011 112 47.8108
19.9755 114 48.1829
20.8057 70 35.564
20.7385 74 36.7169
20.6179 74 36.6325
20.1374 92 41.6962
20.7385 70 35.5169
19.9755 116 48.7829
20.5507 78 37.7855
20.1693 90 41.1185
20.7385 77 37.6169
20.6179 79 38.1325
20.7385 73 36.4169
19.9755 105 45.4829
20.3557 86 40.049
19.9755 106 45.7829
19.9755 104 45.1829
19.9755 108 46.3829
20.4911 114 48.5437
20.1374 99 43.7962
19.9755 110 46.9829
20.3557 87 40.349
20.5507 80 38.3855
19.9755 110 46.9829
20.0302 95 42.5211
20.8057 75 37.064
19.9755 112 47.5829
19.9755 110 46.9829
20.3557 90 41.249
19.9967 110 46.9977
20.3557 87 40.349
20.7385 81 38.8169
19.9755 100 43.9829
20.3557 91 41.549
20.7385 80 38.5169
19.9755 105 45.4829
20.0101 104 45.2071
20.6179 77 37.5325
19.9755 97 43.0829
19.9755 117 49.0829
20.1374 95 42.5962
19.9755 99 43.6829
19.9755 116 48.7829
20.168 95 42.6176
20.7385 79 38.2169
20.5507 77 37.4855
20.8057 70 35.564
19.9755 101 44.2829
19.9755 109 46.6829
19.9755 123 50.8829
20.7385 74 36.7169
19.9755 100 43.9829
