21.7704 116 68.8852
21.7969 118 69.8984
21.8504 116 68.9252
21.693 127 74.3465
21.7169 117 69.3585
20.8023 122 71.4012
20.2647 123 71.6323
20.5584 123 71.7792
21.693 122 71.8465
20.8023 123 71.9012
20.4091 125 72.7045
20.168 125 72.584
20.308 120 70.154
20.1247 127 73.5624
20.1247 130 75.0624
20.1247 131 75.5624
20.1247 130 75.0624
20.1247 131 75.5624
20.1247 134 77.0624
20.1143 133 76.5572
20.118 133 76.559
20.168 128 74.084
20.1143 133 76.5572
19.9986 135 77.4993
20.0705 135 77.5352
20.1143 135 77.5572
19.9795 136 77.9897
19.9986 138 78.9993
20.0705 136 78.0352
19.9758 138 78.9879
19.9795 138 78.9897
19.9758 139 79.4879
20.0668 139 79.5334
19.9795 140 79.9897
20.0668 141 80.5334
19.9758 143 81.4879
19.9758 146 82.9879
20.2203 141 80.6101
19.9758 146 82.9879
19.9758 140 79.9879
19.9758 147 83.4879
19.2671 162 90.6335
19.9986 135 77.4993
19.9758 142 80.9879
20.1247 131 75.5624
20.6311 123 71.8155
20.0679 144 82.0339
20.308 118 69.154
20.1247 130 75.0624
20.0705 135 77.5352
20.0705 135 77.5352
19.9986 136 77.9993
21.7704 116 68.8852
20.1247 132 76.0624
20.2647 124 72.1323
20.1247 133 76.5624
20.2647 123 71.6323
20.1247 133 76.5624
20.1143 133 76.5572
19.9758 141 80.4879
19.9795 139 79.4897
19.9758 142 80.9879
20.0082 133 76.5041
20.1247 128 74.0624
19.9758 145 82.4879
20.168 124 72.084
21.7169 117 69.3585
20.3123 126 73.1562
20.1143 134 77.0572
21.693 120 70.8465
20.168 128 74.084
20.2647 123 71.6323
20.118 134 77.059
21.7969 118 69.8984
19.9758 148 83.9879
20.8023 122 71.4012
21.693 122 71.8465
20.118 133 76.559
20.8023 123 71.9012
20.1143 134 77.0572
21.8504 116 68.9252
19.9758 141 80.4879
21.693 122 71.8465
21.7969 116 68.8984
20.8023 121 70.9012
20.1247 130 75.0624
20.118 133 76.559
20.2647 124 72.1323
19.9758 145 82.4879
19.9758 147 83.4879
19.2717 157 88.1359
20.118 133 76.559
19.9758 140 79.9879
19.9795 136 77.9897
19.9758 142 80.9879
19.9986 136 77.9993
19.9293 147 83.4647
19.9795 145 82.4897
19.9758 146 82.9879
20.1247 133 76.5624
19.9758 147 83.4879
20.1247 129 74.5624
19.9986 135 77.4993
20.0705 135 77.5352
20.1247 137 78.5624
20.0088 141 80.5044
19.9986 137 78.4993
20.0023 134 77.0011
19.9758 146 82.9879
19.9758 146 82.9879
21.693 120 70.8465
19.9758 148 83.9879
19.9795 139 79.4897
20.8023 125 72.9012
20.0668 144 82.0334
19.9795 140 79.9897
19.9795 136 77.9897
20.1247 130 75.0624
21.7969 116 68.8984
20.1143 134 77.0572
20.2691 129 74.6345
19.2671 158 88.6335
19.9293 147 83.4647
21.8504 116 68.9252
20.1143 135 77.5572
19.9758 140 79.9879
19.9986 136 77.9993
20.118 133 76.559
19.9795 136 77.9897
20.1247 135 77.5624
19.9758 146 82.9879
20.1143 134 77.0572
19.9795 142 80.9897
20.1247 133 76.5624
20.2647 123 71.6323
20.9129 126 73.4565
19.9758 143 81.4879
19.9758 143 81.4879
19.9795 140 79.9897
19.9758 140 79.9879
19.9293 149 84.4647
19.9758 142 80.9879
19.9795 136 77.9897
20.1247 128 74.0624
19.2671 162 90.6335
20.118 132 76.059
20.5584 123 71.7792
19.9986 135 77.4993
20.0668 142 81.0334
20.8023 125 72.9012
