20.6812 83 70.5362
20.6812 84 71.3362
20.7965 90 76.1593
20.1164 90 76.0233
20.6812 86 72.9362
20.1164 92 77.6233
20.1164 95 80.0233
20.1164 87 73.6233
20.1164 90 76.0233
20.1044 91 76.8209
20.1164 91 76.8233
19.9891 92 77.5978
20.1044 92 77.6209
19.9891 91 76.7978
19.9891 94 79.1978
19.8229 95 79.9646
19.9891 95 79.9978
19.6818 96 80.7364
19.7077 96 80.7415
19.8229 96 80.7646
19.5804 97 81.5161
19.6818 97 81.5364
19.5804 102 85.5161
19.3594 99 83.0719
19.4747 99 83.0949
19.5804 99 83.1161
19.3594 100 83.8719
19.3428 101 84.6686
19.3594 101 84.6719
19.3428 106 88.6686
19.2321 103 86.2464
19.3428 103 86.2686
19.2321 108 90.2464
19.2321 110 91.8464
19.2321 113 94.2464
19.2155 112 93.4431
19.2321 107 89.4464
19.2155 108 90.2431
19.2155 107 89.4431
19.1787 110 91.8357
19.2155 110 91.8431
19.1787 111 92.6357
19.1787 112 93.4357
19.1787 111 92.6357
19.1787 114 95.0357
19.1787 119 99.0357
19.5874 111 92.7175
19.0954 115 95.8191
19.1787 117 97.4357
19.0954 116 96.6191
19.0954 119 99.0191
19.4684 114 95.0937
19.0658 128 106.213
19.0787 121 100.616
19.0954 121 100.619
19.2026 121 100.641
19.0658 127 105.413
19.0658 124 103.013
19.0658 123 102.213
19.0695 128 106.214
19.2321 103 86.2464
20.1044 92 77.6209
19.2321 103 86.2464
19.3428 101 84.6686
19.3594 100 83.8719
19.7077 96 80.7415
19.1569 127 105.431
19.2155 109 91.0431
19.3594 99 83.0719
19.0658 122 101.413
19.1787 111 92.6357
19.2321 105 87.8464
20.6812 83 70.5362
19.2321 106 88.6464
19.8229 103 86.3646
19.4874 116 96.6975
20.1164 89 75.2233
20.6812 83 70.5362
19.6818 97 81.5364
19.3594 104 87.0719
19.2155 106 88.6431
20.1164 91 76.8233
19.0954 122 101.419
20.1044 91 76.8209
20.1164 90 76.0233
19.1787 115 95.8357
19.3594 104 87.0719
19.0954 118 98.2191
19.2321 104 87.0464
20.1164 87 73.6233
19.3594 101 84.6719
20.6812 85 72.1362
20.1044 91 76.8209
20.6812 85 72.1362
19.2321 110 91.8464
19.2155 107 89.4431
19.5804 101 84.7161
19.5804 97 81.5161
20.1164 87 73.6233
19.2155 107 89.4431
19.9891 93 78.3978
19.1787 115 95.8357
20.1044 96 80.8209
20.1164 90 76.0233
19.8229 95 79.9646
19.4747 99 83.0949
20.6812 84 71.3362
19.5804 102 85.5161
19.3594 100 83.8719
19.8229 95 79.9646
19.2321 106 88.6464
19.0658 122 101.413
19.6818 103 86.3364
19.5804 99 83.1161
19.0658 130 107.813
19.3594 100 83.8719
20.1164 87 73.6233
19.5804 102 85.5161
20.1164 89 75.2233
19.2155 115 95.8431
19.3594 101 84.6719
19.6242 102 85.5248
19.3428 103 86.2686
19.3428 102 85.4686
19.3428 102 85.4686
19.0658 123 102.213
20.1164 94 79.2233
19.1787 111 92.6357
19.6818 96 80.7364
20.6812 85 72.1362
19.9891 95 79.9978
19.5804 103 86.3161
19.0954 120 99.8191
19.6818 97 81.5364
19.2321 105 87.8464
19.0658 123 102.213
19.1787 113 94.2357
19.2321 106 88.6464
20.1072 90 76.0214
20.1164 86 72.8233
19.1787 111 92.6357
19.0954 119 99.0191
19.0658 125 103.813
19.0658 124 103.013
20.1164 89 75.2233
19.0658 122 101.413
19.6818 96 80.7364
20.1044 92 77.6209
20.1044 91 76.8209
19.9891 95 79.9978
