20.7455 101 68.8982
20.7455 102 69.4982
20.7455 105 71.2982
20.7455 106 71.8982
20.7455 105 71.2982
20.5637 108 73.0255
20.7455 108 73.0982
20.5637 107 72.4255
20.5637 108 73.0255
20.308 111 74.7232
20.5637 111 74.8255
20.308 110 74.1232
20.308 111 74.7232
20.308 112 75.3232
20.308 115 77.1232
20.168 114 76.4672
20.308 114 76.5232
20.168 115 77.0672
20.0521 125 83.0208
20.4237 113 75.9695
20.168 120 80.0672
20.1247 121 80.6499
20.168 119 79.4672
20.1221 122 81.2488
20.1247 127 84.2499
20.1221 123 81.8488
20.0708 124 82.4283
20.1221 124 82.4488
20.0521 125 83.0208
20.0708 123 81.8283
20.0521 133 87.8208
20.0082 127 84.2033
20.1221 124 82.4488
20.0521 127 84.2208
19.294 120 79.7176
20.0023 128 84.8009
20.0082 128 84.8033
19.294 129 85.1176
19.294 128 84.5176
19.2921 129 85.1168
19.294 129 85.1176
19.2921 130 85.7168
19.2921 131 86.3168
19.2717 135 88.7087
19.2884 135 88.7154
19.2921 135 88.7168
19.6805 133 87.6722
19.2717 137 89.9087
19.2717 139 91.1087
19.2717 140 91.7087
19.2717 141 92.3087
19.2717 144 94.1087
19.2717 143 93.5087
19.2717 144 94.1087
19.2717 145 94.7087
19.2717 140 91.7087
19.2717 143 93.5087
19.2717 148 96.5087
19.2717 152 98.9087
19.2717 151 98.3087
19.2717 152 98.9087
20.6296 110 74.2518
19.294 127 83.9176
19.2717 139 91.1087
20.308 111 74.7232
20.308 114 76.5232
19.2717 145 94.7087
19.2717 140 91.7087
20.0521 127 84.2208
19.2717 137 89.9087
20.7455 103 70.0982
20.1247 126 83.6499
20.1618 122 81.2647
19.294 127 83.9176
19.2717 150 97.7087
20.547 106 71.8188
20.0521 126 83.6208
20.308 112 75.3232
20.168 117 78.2672
19.294 121 80.3176
20.7455 108 73.0982
19.294 128 84.5176
19.2884 135 88.7154
19.2717 145 94.7087
20.1221 124 82.4488
20.0088 129 85.4035
19.2717 146 95.3087
20.0708 122 81.2283
19.294 128 84.5176
20.168 117 78.2672
20.7455 108 73.0982
20.5637 109 73.6255
20.1247 121 80.6499
19.2921 141 92.3168
20.308 111 74.7232
20.0521 126 83.6208
19.2717 143 93.5087
20.7288 101 68.8915
20.1221 122 81.2488
20.168 118 78.8672
19.2717 143 93.5087
20.0708 123 81.8283
19.2717 145 94.7087
20.168 118 78.8672
20.5637 109 73.6255
19.2921 137 89.9168
20.0521 125 83.0208
19.385 130 85.754
19.2717 150 97.7087
19.2717 146 95.3087
20.308 114 76.5232
20.6296 113 76.0518
20.0708 124 82.4283
19.2717 152 98.9087
20.7455 107 72.4982
19.2717 144 94.1087
20.1221 121 80.6488
19.294 148 96.5176
20.1247 121 80.6499
19.2717 144 94.1087
20.168 116 77.6672
20.1221 122 81.2488
20.308 113 75.9232
19.2921 132 86.9168
20.308 110 74.1232
20.1247 122 81.2499
20.308 110 74.1232
20.5637 111 74.8255
20.1221 123 81.8488
19.294 129 85.1176
19.2717 137 89.9087
20.308 114 76.5232
20.5637 109 73.6255
19.294 128 84.5176
19.294 128 84.5176
20.168 115 77.0672
20.168 119 79.4672
20.7455 104 70.6982
19.2717 148 96.5087
20.168 125 83.0672
19.2717 144 94.1087
20.308 112 75.3232
20.0854 130 86.0342
20.168 116 77.6672
20.5637 111 74.8255
20.0521 126 83.6208
20.308 114 76.5232
19.294 127 83.9176
20.0082 127 84.2033
19.294 132 86.9176
