20.6812 89 82.1681
20.6812 83 76.7681
20.1108 91 83.9111
20.1164 84 77.6116
20.6812 84 77.6681
20.1108 89 82.1111
20.1108 86 79.4111
20.1108 87 80.3111
20.1072 88 81.2107
20.1108 88 81.2111
19.7141 96 88.3714
20.1044 89 82.1104
20.1072 89 82.1107
19.7077 94 86.5708
19.7141 94 86.5714
19.7077 91 83.8708
19.7077 92 84.7708
19.7077 93 85.6708
19.6818 94 86.5682
19.7077 94 86.5708
19.6818 95 87.4682
19.3594 96 88.3359
19.5804 96 88.358
19.6818 96 88.3682
19.3594 97 89.2359
19.3594 105 96.4359
19.3428 99 91.0343
19.3594 103 94.6359
19.3428 100 91.9343
19.3428 99 91.0343
19.2321 102 93.7232
19.3428 102 93.7343
19.2321 110 100.923
19.2155 104 95.5215
19.2321 111 101.823
19.2155 105 96.4215
19.2155 104 95.5215
19.2155 107 98.2215
19.2155 108 99.1215
19.0954 109 100.01
19.2321 106 97.3232
19.0954 110 100.91
19.0954 111 101.81
19.0954 110 100.91
19.0787 111 101.808
19.0954 113 103.61
19.0787 114 104.508
19.0787 115 105.408
19.0787 116 106.308
19.0787 117 107.208
19.0658 118 108.107
19.0787 123 112.608
19.0658 119 109.007
19.0658 120 109.907
19.0658 121 110.807
19.0658 122 111.707
19.0658 126 115.307
19.3594 97 89.2359
20.6812 84 77.6681
20.1044 89 82.1104
19.2321 101 92.8232
19.2321 103 94.6232
20.6812 84 77.6681
19.3428 101 92.8343
19.7077 92 84.7708
19.2321 104 95.5232
19.6242 102 93.7624
19.7077 90 82.9708
19.0954 110 100.91
19.0658 118 108.107
19.7077 92 84.7708
19.0954 117 107.21
19.3594 99 91.0359
19.3594 99 91.0359
19.2155 104 95.5215
20.2074 85 78.5207
19.0954 116 106.31
19.3594 96 88.3359
19.7077 91 83.8708
19.0954 111 101.81
19.0787 116 106.308
19.0658 119 109.007
19.7077 91 83.8708
19.5804 96 88.358
19.0954 111 101.81
20.1108 87 80.3111
19.0787 117 107.208
19.0658 121 110.807
19.3428 102 93.7343
20.1072 89 82.1107
19.3594 98 90.1359
19.5804 96 88.358
20.6812 84 77.6681
19.3594 98 90.1359
19.0787 118 108.108
19.6818 95 87.4682
20.1108 85 78.5111
19.3428 109 100.034
19.0787 117 107.208
20.1108 87 80.3111
19.3594 105 96.4359
19.3594 97 89.2359
19.0658 119 109.007
19.0658 126 115.307
19.0658 119 109.007
19.0787 113 103.608
19.6818 94 86.5682
19.2155 108 99.1215
19.3594 98 90.1359
19.0658 118 108.107
19.2321 106 97.3232
19.7077 92 84.7708
19.0954 113 103.61
20.6812 82 75.8681
19.2155 108 99.1215
19.2321 102 93.7232
20.1108 87 80.3111
19.0787 115 105.408
19.0954 112 102.71
19.0658 121 110.807
19.6818 94 86.5682
20.1044 89 82.1104
19.7077 99 91.0708
19.5804 96 88.358
20.6812 86 79.4681
19.7077 90 82.9708
20.1108 84 77.6111
19.6818 96 88.3682
19.0787 113 103.608
19.7113 94 86.5711
19.2321 102 93.7232
19.3428 100 91.9343
19.2155 105 96.4215
19.3594 98 90.1359
19.0954 117 107.21
19.2321 102 93.7232
19.7077 90 82.9708
19.3594 96 88.3359
19.3594 97 89.2359
19.0658 121 110.807
19.2321 102 93.7232
19.7141 89 82.0714
19.7077 90 82.9708
19.6818 94 86.5682
19.3428 99 91.0343
19.0658 119 109.007
20.1108 87 80.3111
19.0787 117 107.208
20.6812 83 76.7681
19.0658 118 108.107
