20.7288 89 34.383
20.7288 90 34.583
20.7288 91 34.7831
20.7288 92 34.983
20.7288 93 35.1831
20.547 94 35.2376
20.7288 94 35.383
20.547 100 36.4376
20.547 96 35.6376
20.2874 104 37.0299
20.5036 97 35.8029
20.547 97 35.8376
19.9077 100 35.9262
20.4219 96 35.5376
19.9077 101 36.1262
19.8278 109 37.6622
20.4219 100 36.3376
19.9077 103 36.5262
19.9077 102 36.3262
19.9077 105 36.9262
19.9077 106 37.1262
19.9067 107 37.3253
19.9077 107 37.3262
19.8278 115 38.8622
19.8684 108 37.4947
19.9067 108 37.5253
19.8278 109 37.6622
19.8278 108 37.4622
19.7888 118 39.431
19.8278 116 39.0622
19.7888 119 39.631
19.7888 113 38.431
19.7888 114 38.631
19.7888 115 38.831
20.3077 110 38.2461
19.7668 120 39.8135
19.7888 116 39.031
19.7481 117 39.1985
19.7481 118 39.3985
19.7481 119 39.5985
19.6594 120 39.7275
19.7481 118 39.3985
19.6127 146 44.8901
20.7288 93 35.1831
20.7288 90 34.583
20.7288 91 34.7831
19.9077 101 36.1262
19.9077 105 36.9262
20.547 96 35.6376
19.8278 109 37.6622
20.5036 97 35.8029
19.7888 118 39.431
19.9077 104 36.7262
19.7888 113 38.431
19.9067 108 37.5253
19.8278 107 37.2622
19.7481 121 39.9985
20.547 94 35.2376
19.7888 114 38.631
19.9067 107 37.3253
19.9077 105 36.9262
20.4219 100 36.3376
19.9077 103 36.5262
19.7888 116 39.031
19.7888 116 39.031
19.7668 116 39.0135
19.7668 116 39.0135
19.8278 114 38.6622
19.9077 105 36.9262
19.7888 111 38.031
19.9077 98 35.5262
19.8267 114 38.6614
19.6366 128 41.3093
20.547 97 35.8376
19.9067 108 37.5253
19.6127 146 44.8901
20.4219 98 35.9376
19.7481 118 39.3985
20.5036 97 35.8029
20.4219 98 35.9376
20.547 95 35.4376
19.9067 105 36.9253
19.7888 115 38.831
19.8278 114 38.6622
20.4219 97 35.7375
20.4219 104 37.1376
20.9156 92 35.1325
19.7481 119 39.5985
20.4219 98 35.9376
19.9067 108 37.5253
19.9077 103 36.5262
19.7888 114 38.631
19.7481 118 39.3985
19.8278 107 37.2622
19.8267 115 38.8614
19.7481 116 38.9985
20.547 95 35.4376
20.5036 97 35.8029
20.7288 94 35.383
19.9077 111 38.1262
19.7888 115 38.831
19.9077 105 36.9262
20.7288 89 34.383
19.8278 108 37.4622
19.7888 112 38.231
19.9077 104 36.7262
19.9077 105 36.9262
20.7288 89 34.383
19.6127 146 44.8901
19.8684 108 37.4947
20.547 94 35.2376
20.7288 94 35.383
19.7481 117 39.1985
19.7481 116 38.9985
19.8278 112 38.2622
20.7288 91 34.7831
20.547 95 35.4376
19.9067 108 37.5253
19.7668 116 39.0135
19.8684 108 37.4947
20.547 100 36.4376
20.6129 97 35.8903
20.547 94 35.2376
20.547 94 35.2376
19.9077 110 37.9262
19.8278 106 37.0622
19.7481 119 39.5985
19.7888 112 38.231
19.9067 108 37.5253
19.7481 118 39.3985
20.7288 90 34.583
19.9077 102 36.3262
20.7288 92 34.983
20.7288 91 34.7831
19.7481 125 40.7985
19.7888 123 40.431
19.9077 100 35.9262
20.2874 104 37.0299
19.7888 111 38.031
20.7288 90 34.583
19.7481 123 40.3985
19.7888 115 38.831
20.4219 97 35.7375
19.7888 111 38.031
19.7888 111 38.031
19.7481 116 38.9985
19.8278 113 38.4622
19.7888 121 40.031
20.547 96 35.6376
20.547 96 35.6376
