20.7288 90 27.6559
20.7278 99 28.555
20.7288 92 27.8559
20.7288 93 27.9559
20.7288 94 28.0559
20.547 96 28.0923
20.3477 105 28.8129
20.7278 95 28.155
20.6129 102 28.7516
20.547 97 28.1923
20.3844 99 28.2459
20.2913 100 28.2622
20.547 96 28.0923
20.3844 100 28.3459
20.2913 101 28.3622
20.2913 100 28.2622
20.2913 103 28.5622
20.1618 105 28.6456
20.2913 104 28.6622
20.0708 106 28.6637
20.0772 111 29.1695
20.1618 104 28.5456
19.7193 110 28.7474
20.2913 105 28.7622
20.0708 112 29.2637
19.8834 109 28.7951
19.9045 107 28.614
19.7193 111 28.8474
19.9488 109 28.8539
20.0708 108 28.8637
19.8834 110 28.8951
19.9986 113 29.2987
19.6872 119 29.6185
19.7193 112 28.9474
20.0708 109 28.9637
19.5906 114 29.0315
19.7166 111 28.8449
19.6213 114 29.0592
19.5906 115 29.1315
19.7166 114 29.1449
19.5906 116 29.2315
19.5047 117 29.2542
19.5906 117 29.3315
19.5047 118 29.3542
19.4261 117 29.1835
19.5047 119 29.4542
19.4261 120 29.4835
19.4207 121 29.5786
19.3412 126 30.007
19.4261 121 29.5835
19.4207 122 29.6786
19.4207 123 29.7786
19.342 124 29.8078
19.3466 124 29.8119
19.3336 131 30.5002
19.4207 124 29.8786
19.342 125 29.9078
19.4261 119 29.3835
19.8579 117 29.5721
20.7288 97 28.3559
20.4311 105 28.888
20.0708 107 28.7637
19.7193 112 28.9474
19.9045 107 28.614
19.8834 112 29.0951
19.3727 124 29.8354
19.3412 127 30.107
19.5047 117 29.2542
19.9986 109 28.8987
19.4261 119 29.3835
20.2913 104 28.6622
20.7278 95 28.155
19.4207 122 29.6786
19.4261 121 29.5835
19.5906 114 29.0315
19.5906 114 29.0315
20.0154 104 28.4139
20.3844 98 28.1459
20.0772 104 28.4695
20.1754 107 28.8579
20.2913 100 28.2622
20.3844 98 28.1459
19.8834 109 28.7951
19.4207 124 29.8786
19.5906 114 29.0315
19.4261 121 29.5835
19.5906 114 29.0315
19.7193 115 29.2474
19.5906 117 29.3315
19.6213 114 29.0592
19.8834 109 28.7951
20.3844 100 28.3459
20.7288 94 28.0559
20.7288 91 27.7559
19.7166 114 29.1449
19.4207 127 30.1786
20.2913 101 28.3622
19.7193 112 28.9474
19.7166 112 28.9449
20.7288 94 28.0559
19.8834 109 28.7951
20.7288 90 27.6559
20.547 98 28.2923
19.5906 114 29.0315
19.4261 121 29.5835
19.4207 126 30.0786
20.3844 100 28.3459
19.7031 117 29.4328
20.547 98 28.2923
20.7288 90 27.6559
19.4261 121 29.5835
20.2913 105 28.7622
20.2913 105 28.7622
20.0708 107 28.7637
19.5906 115 29.1315
20.7288 91 27.7559
19.9045 109 28.814
19.7166 110 28.7449
19.5906 116 29.2315
19.7193 109 28.6474
20.547 98 28.2923
20.7288 95 28.1559
19.5906 116 29.2315
20.2913 103 28.5622
19.8834 109 28.7951
19.7166 114 29.1449
19.8834 109 28.7951
19.7166 119 29.6449
20.2913 102 28.4622
20.7278 95 28.155
19.5047 118 29.3542
19.342 125 29.9078
20.7288 95 28.1559
20.2913 101 28.3622
19.4207 122 29.6786
20.2913 108 29.0622
20.1251 113 29.4126
20.2913 103 28.5622
20.2913 101 28.3622
19.8319 114 29.2487
20.2913 105 28.7622
20.3844 98 28.1459
20.2913 103 28.5622
20.547 96 28.0923
19.5906 116 29.2315
20.3844 100 28.3459
20.2913 105 28.7622
19.9045 107 28.614
19.5047 119 29.4542
20.3844 98 28.1459
