20.6812 92 84.8681
20.6812 93 85.7681
20.6775 94 86.6677
20.6812 94 86.6681
20.6747 95 87.5675
20.6775 100 92.0677
20.6747 96 88.4675
20.6747 95 87.5675
20.547 98 90.2547
20.6747 98 90.2675
20.6747 93 85.7675
20.547 99 91.1547
19.9891 100 91.9989
19.6957 99 91.0696
19.9891 101 92.8989
19.6957 107 98.2696
19.5804 103 94.658
19.679 110 100.968
19.6818 103 94.6682
19.6957 103 94.6696
19.3428 108 99.1343
19.5804 104 95.558
19.3428 103 94.6343
19.3428 111 101.834
19.3308 114 104.533
19.2321 108 99.1232
19.3308 108 99.1331
19.2321 109 100.023
19.2321 110 100.923
19.2155 111 101.822
19.2321 109 100.023
19.1787 112 102.718
19.2155 112 102.722
19.1787 113 103.618
19.1787 121 110.818
19.5874 110 100.959
19.1787 116 106.318
19.1787 115 105.418
19.1787 116 106.318
19.1787 117 107.218
19.1787 118 108.118
19.1953 118 108.12
19.1787 122 111.718
19.1787 121 110.818
19.1787 122 111.718
19.1787 125 114.418
19.1697 124 113.517
19.1787 126 115.318
19.1697 127 116.217
19.565 129 118.057
19.5785 123 112.658
19.0954 133 121.61
19.5041 125 114.45
19.0787 129 118.008
19.0954 135 123.41
19.0787 132 120.708
19.0787 133 121.608
19.0787 132 120.708
19.0787 136 124.308
20.7338 101 92.9734
19.3428 106 97.3343
19.6409 105 96.4641
19.3059 123 112.631
20.6812 93 85.7681
19.1787 122 111.718
19.2321 106 97.3232
19.2321 106 97.3232
19.0787 130 118.908
19.1787 112 102.718
19.1787 114 104.518
20.6747 97 89.3675
20.6747 96 88.4675
19.2321 108 99.1232
19.0787 132 120.708
19.2155 112 102.722
19.3308 114 104.533
19.1953 123 112.62
20.6812 94 86.6681
19.1787 122 111.718
19.2321 106 97.3232
19.0787 131 119.808
19.2697 121 110.827
19.6957 100 91.9696
19.1787 114 104.518
20.6812 98 90.2681
19.3428 109 100.034
19.6957 100 91.9696
19.3428 104 95.5343
19.294 130 118.929
19.2155 112 102.722
19.1787 115 105.418
20.6747 98 90.2675
20.6775 93 85.7677
19.3428 105 96.4343
19.9891 101 92.8989
19.0787 131 119.808
19.0954 127 116.21
19.1787 118 108.118
19.0787 129 118.008
19.3308 107 98.2331
19.6957 103 94.6696
20.6812 93 85.7681
19.1787 117 107.218
19.294 130 118.929
20.6812 93 85.7681
19.9891 99 91.0989
19.9891 101 92.8989
19.4518 125 114.445
19.7701 104 95.577
19.0787 132 120.708
19.6957 101 92.8696
19.6957 101 92.8696
19.1787 119 109.018
19.1787 118 108.118
19.0787 132 120.708
19.0954 135 123.41
20.6812 90 83.0681
19.679 103 94.6679
19.9891 99 91.0989
19.1787 123 112.618
19.4684 122 111.747
19.4684 122 111.747
19.0787 136 124.308
19.4874 131 119.849
19.9891 100 91.9989
19.9891 106 97.3989
19.0787 131 119.808
20.6775 95 87.5677
19.4874 131 119.849
19.1787 126 115.318
19.1787 111 101.818
19.6818 101 92.8682
19.0787 131 119.808
19.6957 102 93.7696
20.6747 95 87.5675
19.099 133 121.61
19.2155 111 101.822
19.4581 104 95.5458
19.0954 128 117.11
19.1697 126 115.317
19.6409 103 94.6641
19.9891 100 91.9989
20.6747 95 87.5675
20.4311 105 96.5431
19.4684 123 112.647
19.9891 100 91.9989
19.0787 139 127.008
19.0954 129 118.01
19.2321 111 101.823
19.6957 99 91.0696
