20.7385 74 36.7169
21.0475 76 37.5333
20.7385 76 37.3169
20.7385 77 37.6169
20.7385 83 39.4169
20.7385 84 39.7169
20.6711 80 38.4698
20.7385 87 40.6169
20.6711 81 38.7698
20.5692 82 38.9985
20.5692 83 39.2985
20.5692 84 39.5985
20.5692 83 39.2985
20.5692 84 39.5985
20.5692 87 40.4985
20.5692 88 40.7985
20.4656 89 41.0259
20.5692 89 41.0985
20.4444 90 41.3111
20.4614 90 41.323
20.4656 88 40.7259
20.4444 89 41.0111
20.3557 90 41.249
20.4444 92 41.9111
20.1693 93 42.0185
20.3557 100 44.249
20.1693 94 42.3185
20.1374 95 42.5962
20.1693 95 42.6185
20.0302 94 42.2211
20.0809 103 44.9566
20.0302 102 44.6211
20.0302 98 43.4211
19.9755 97 43.0829
20.0302 99 43.7211
19.9755 108 46.3829
19.9755 104 45.1829
19.9755 105 45.4829
19.9755 104 45.1829
20.0665 108 46.4466
19.9755 108 46.3829
19.9755 102 44.5829
19.9755 110 46.9829
20.1146 107 46.1802
19.9755 112 47.5829
19.9755 113 47.8829
19.9755 114 48.1829
19.9755 115 48.4829
19.9755 114 48.1829
19.9755 115 48.4829
19.9755 118 49.3829
19.9755 112 47.5829
19.9755 113 47.8829
19.9755 121 50.2829
20.4911 116 49.1437
19.9755 117 49.0829
19.9755 122 50.5829
19.9755 125 51.4829
19.9755 122 50.5829
19.7541 167 63.9279
20.0809 103 44.9566
20.4911 105 45.8437
19.7541 171 65.1279
20.0302 98 43.4211
20.0302 97 43.1211
20.7385 81 38.8169
20.4444 91 41.6111
20.3557 90 41.249
19.9755 125 51.4829
19.9755 129 52.6829
19.9755 115 48.4829
20.6711 81 38.7698
19.9755 106 45.7829
20.1374 95 42.5962
20.5692 85 39.8985
20.1374 93 41.9962
20.5155 90 41.3608
19.9755 116 48.7829
20.7385 72 36.1169
19.9755 117 49.0829
20.5692 87 40.4985
19.9755 112 47.5829
20.4614 90 41.323
20.1146 112 47.6802
20.5692 92 41.9985
20.0302 96 42.8211
20.0302 98 43.4211
19.9755 108 46.3829
20.4656 90 41.3259
20.5692 90 41.3985
19.9755 113 47.8829
19.9755 118 49.3829
19.9755 121 50.2829
19.9755 112 47.5829
20.5692 87 40.4985
20.4444 98 43.7111
20.0302 99 43.7211
19.9755 110 46.9829
19.9755 110 46.9829
20.0302 97 43.1211
20.0302 97 43.1211
20.0302 96 42.8211
20.0302 97 43.1211
20.7385 78 37.9169
19.9755 122 50.5829
20.4911 105 45.8437
20.1374 93 41.9962
20.4614 94 42.523
20.4953 91 41.6467
20.9189 89 41.3433
20.7385 75 37.0169
19.9755 106 45.7829
20.4444 90 41.3111
20.4444 91 41.6111
20.1693 95 42.6185
20.3557 92 41.849
19.9755 103 44.8829
20.6711 78 37.8698
20.0559 124 51.2391
20.7385 76 37.3169
20.5692 85 39.8985
19.9755 103 44.8829
19.9755 113 47.8829
19.7541 167 63.9279
20.6711 80 38.4698
20.7385 80 38.5169
20.5692 86 40.1985
19.9755 108 46.3829
20.0302 97 43.1211
19.9755 114 48.1829
20.8295 78 37.9806
20.6711 81 38.7698
20.4444 90 41.3111
20.0809 102 44.6566
20.7621 82 39.1335
20.6711 87 40.5698
20.7385 74 36.7169
19.9755 108 46.3829
20.3557 93 42.149
19.9755 99 43.6829
20.8295 77 37.6806
20.4614 90 41.323
20.5692 86 40.1985
20.5692 86 40.1985
20.7916 99 44.2542
19.9755 109 46.6829
19.9755 103 44.8829
20.5692 94 42.5985
20.3557 93 42.149
20.5155 90 41.3608
