21.9202 102 61.9601
21.9281 102 61.9641
21.9202 103 62.4601
20.7455 105 62.8727
21.9202 104 62.9601
20.7455 106 63.3727
20.5637 107 63.7818
20.5637 110 65.2818
20.5637 109 64.7818
20.5637 112 66.2818
20.308 111 65.654
20.4237 113 66.7118
20.4478 120 70.2239
20.308 112 66.154
20.547 109 64.7735
20.308 113 66.654
20.308 111 65.654
20.168 118 69.084
20.168 117 68.584
20.4237 114 67.2118
20.168 119 69.584
20.168 120 70.084
20.1247 123 71.5624
20.1251 130 75.0626
20.4237 117 68.7118
20.1221 124 72.061
20.0088 131 75.5044
20.1221 123 71.561
20.0521 124 72.026
20.2378 128 74.1189
20.031 127 73.5155
20.0521 125 72.526
19.9716 135 77.4858
20.0708 125 72.5354
19.294 127 73.147
19.4632 128 73.7316
20.0023 129 74.5011
20.0082 129 74.5041
19.294 132 75.647
19.2492 135 77.1246
19.2465 141 80.1232
19.2243 146 82.6121
20.168 117 68.584
19.2243 145 82.1121
20.2913 115 67.6456
20.7081 108 64.354
20.0521 125 72.526
20.168 121 70.584
20.1618 121 70.5809
20.0082 126 73.0041
19.2243 146 82.6121
20.0521 124 72.026
20.1618 121 70.5809
20.0521 131 75.526
20.168 122 71.084
20.168 121 70.584
20.5637 107 63.7818
20.0521 124 72.026
19.2465 142 80.6232
19.3935 141 80.1967
20.5637 111 65.7818
19.4157 131 75.2078
20.168 121 70.584
19.2243 145 82.1121
21.9281 102 61.9641
20.3123 122 71.1562
20.168 117 68.584
19.294 138 78.647
20.5627 121 70.7813
20.3511 116 68.1755
20.168 117 68.584
20.5637 110 65.2818
20.308 115 67.654
20.7455 105 62.8727
20.5637 109 64.7818
20.1221 124 72.061
20.5637 112 66.2818
20.0082 129 74.5041
20.5637 112 66.2818
20.0521 127 73.526
20.1221 123 71.561
20.5637 109 64.7818
20.168 118 69.084
20.5637 108 64.2818
20.0082 128 74.0041
20.3078 121 70.6539
20.0521 127 73.526
21.9202 105 63.4601
20.168 117 68.584
20.0521 133 76.526
21.9202 108 64.9601
20.3078 120 70.1539
20.1618 121 70.5809
20.4237 113 66.7118
20.1247 124 72.0624
20.4237 117 68.7118
19.2243 146 82.6121
19.2243 145 82.1121
20.168 119 69.584
20.4237 111 65.7118
20.308 114 67.154
20.5637 110 65.2818
20.3123 121 70.6562
20.0521 126 73.026
20.5637 111 65.7818
20.1221 123 71.561
20.308 114 67.154
20.3123 117 68.6562
20.168 121 70.584
20.1247 123 71.5624
21.9202 104 62.9601
21.9202 104 62.9601
20.1221 125 72.561
20.168 120 70.084
20.5637 112 66.2818
20.168 116 68.084
20.5637 108 64.2818
19.2465 136 77.6232
20.168 118 69.084
20.1618 121 70.5809
20.168 121 70.584
20.168 116 68.084
20.5637 110 65.2818
20.7455 106 63.3727
20.0023 129 74.5011
20.1221 125 72.561
20.1221 124 72.061
19.4632 127 73.2316
20.1921 121 70.596
20.7455 106 63.3727
22.4548 99 60.7274
21.9202 102 61.9601
20.5627 117 68.7813
20.168 122 71.084
20.3078 120 70.1539
20.168 121 70.584
20.5637 107 63.7818
19.3628 142 80.6814
20.0023 129 74.5011
20.1221 122 71.061
20.168 121 70.584
19.633 142 80.8165
20.1221 123 71.561
20.8898 106 63.4449
20.3123 116 68.1562
20.0023 129 74.5011
20.168 119 69.584
20.1618 121 70.5809
20.0082 126 73.0041
19.294 132 75.647
