20.7288 99 67.6915
20.7288 100 68.2915
20.547 101 68.8188
20.7288 99 67.6915
20.547 102 69.4188
20.1044 103 69.8418
20.547 101 68.8188
20.1044 102 69.2418
19.6957 105 70.8783
19.6984 103 69.6794
20.1072 103 69.8429
19.6957 104 70.2783
19.6957 107 72.0783
19.679 106 71.4716
19.6957 106 71.4783
19.679 109 73.2716
19.3474 108 72.539
19.679 108 72.6716
19.3474 111 74.339
19.3308 112 74.9323
19.3474 112 74.939
19.2155 113 75.4862
19.3308 111 74.3323
19.2155 114 76.0862
19.6242 110 73.8497
19.1787 116 77.2715
19.1953 116 77.2781
19.2321 113 75.4929
19.1787 115 76.6715
19.1787 116 77.2715
19.1787 119 79.0715
19.1787 120 79.6715
19.1787 128 84.4715
19.1787 120 79.6715
19.1787 127 83.8715
19.5874 119 79.235
19.1787 125 82.6715
19.1787 124 82.0715
19.1103 132 86.8441
19.1787 135 88.6715
19.2155 123 81.4862
19.1787 123 81.4715
19.1787 133 87.4715
19.679 106 71.4716
19.5874 122 81.035
19.1787 122 80.8715
19.3474 110 73.739
19.1787 118 78.4715
19.1953 115 76.6781
19.1787 127 83.8715
20.546 107 72.4184
20.7288 98 67.0915
19.679 108 72.6716
19.3474 110 73.739
19.2155 113 75.4862
19.3474 109 73.139
19.1787 120 79.6715
19.1787 119 79.0715
20.1044 103 69.8418
19.1787 125 82.6715
20.7288 98 67.0915
19.5874 119 79.235
20.7288 100 68.2915
19.6957 103 69.6783
20.1044 104 70.4418
20.1044 108 72.8418
19.1787 126 83.2715
19.1787 118 78.4715
19.6957 106 71.4783
19.679 108 72.6716
19.1787 128 84.4715
19.1787 122 80.8715
19.1787 125 82.6715
20.547 100 68.2188
20.1044 101 68.6418
19.2321 111 74.2929
19.1787 125 82.6715
19.6957 106 71.4783
20.7288 100 68.2915
19.3474 110 73.739
20.1044 101 68.6418
20.1044 102 69.2418
19.6984 105 70.8794
19.6957 106 71.4783
19.679 109 73.2716
19.1787 117 77.8715
19.1787 120 79.6715
19.1787 126 83.2715
19.3474 110 73.739
19.1787 124 82.0715
19.1787 120 79.6715
19.6984 105 70.8794
19.2155 114 76.0862
19.2155 113 75.4862
19.679 110 73.8716
19.1953 116 77.2781
19.1787 121 80.2715
20.1044 101 68.6418
20.547 108 73.0188
20.7288 101 68.8915
19.3308 120 79.7323
19.1787 127 83.8715
19.1787 123 81.4715
20.1044 102 69.2418
19.1787 131 86.2715
19.1787 117 77.8715
19.1787 119 79.0715
19.1787 118 78.4715
19.1787 124 82.0715
19.1787 118 78.4715
19.1787 124 82.0715
19.1953 125 82.6781
19.1787 118 78.4715
20.7288 99 67.6915
20.1044 103 69.8418
19.1787 127 83.8715
19.1953 116 77.2781
19.1787 122 80.8715
19.5874 118 78.635
19.1787 123 81.4715
19.3308 116 77.3323
20.266 103 69.9064
20.7288 99 67.6915
20.547 100 68.2188
19.1787 126 83.2715
20.1044 103 69.8418
19.3308 111 74.3323
19.3474 112 74.939
20.1044 103 69.8418
19.1787 125 82.6715
19.679 116 77.4716
19.3308 113 75.5323
19.2155 113 75.4862
20.7288 99 67.6915
19.294 123 81.5176
19.2155 114 76.0862
19.2155 114 76.0862
19.679 110 73.8716
20.7288 100 68.2915
19.3308 113 75.5323
19.1787 127 83.8715
19.1787 127 83.8715
19.3474 109 73.139
19.3474 110 73.739
19.1787 133 87.4715
19.3474 112 74.939
19.6957 105 70.8783
19.679 108 72.6716
20.1044 101 68.6418
19.1787 123 81.4715
