20.6812 83 70.5362
20.1164 84 71.2233
20.6812 84 71.3362
20.1164 85 72.0233
20.1164 86 72.8233
20.1164 87 73.6233
20.1108 95 80.0222
20.1164 88 74.4233
20.1108 89 75.2222
20.1072 94 79.2214
20.1108 88 74.4222
19.9891 91 76.7978
20.1044 91 76.8209
20.1982 92 77.6396
19.8229 92 77.5646
19.9891 92 77.5978
19.8229 100 83.9646
19.7077 92 77.5415
19.8229 92 77.5646
19.6818 95 79.9364
19.7077 93 78.3415
19.6818 96 80.7364
19.3594 97 81.4719
19.5804 101 84.7161
19.6818 104 87.1364
19.3594 98 82.2719
19.3594 99 83.0719
19.3428 100 83.8686
19.3594 98 82.2719
19.3428 99 83.0686
19.2321 107 89.4464
19.3428 102 85.4686
19.2321 103 86.2464
19.2321 104 87.0464
19.2321 105 87.8464
19.2321 106 88.6464
19.2155 112 93.4431
19.2321 114 95.0464
19.2155 108 90.2431
19.2155 109 91.0431
19.1787 110 91.8357
19.6242 105 87.9248
19.1787 116 96.6357
19.1787 112 93.4357
19.1787 117 97.4357
19.0954 114 95.0191
19.1787 114 95.0357
19.0954 113 94.2191
19.0787 123 102.216
19.0954 114 95.0191
19.0787 115 95.8157
19.5484 119 99.1097
19.0787 119 99.0157
19.0658 120 99.8132
19.0787 120 99.8157
19.0658 121 100.613
19.0658 122 101.413
19.0658 121 100.613
19.0787 122 101.416
19.5804 97 81.5161
19.1787 111 92.6357
20.6812 91 76.9362
19.1787 111 92.6357
19.6818 96 80.7364
19.1787 110 91.8357
20.1164 87 73.6233
19.2155 108 90.2431
19.2321 107 89.4464
20.6812 83 70.5362
19.6818 95 79.9364
20.1072 91 76.8214
20.2019 91 76.8404
19.2155 109 91.0431
20.1164 86 72.8233
19.4874 114 95.0975
19.7077 94 79.1415
20.1072 90 76.0214
19.7987 95 79.9597
19.2321 104 87.0464
19.0658 122 101.413
19.3594 104 87.0719
19.2155 107 89.4431
19.1787 120 99.8357
19.1787 110 91.8357
20.1164 91 76.8233
19.1787 113 94.2357
19.8229 93 78.3646
20.1108 88 74.4222
19.0658 120 99.8132
20.6812 83 70.5362
19.2155 107 89.4431
19.2321 114 95.0464
19.0787 119 99.0157
19.7077 93 78.3415
19.0787 115 95.8157
19.2321 106 88.6464
19.3594 98 82.2719
19.3428 100 83.8686
20.1108 88 74.4222
19.7077 94 79.1415
19.0787 117 97.4157
19.9891 91 76.7978
19.3428 100 83.8686
19.3428 102 85.4686
20.1108 89 75.2222
20.1108 88 74.4222
19.2155 110 91.8431
19.7077 94 79.1415
19.2321 102 85.4464
20.1108 87 73.6222
20.1164 88 74.4233
19.0954 114 95.0191
19.0954 115 95.8191
19.0787 116 96.6157
19.3428 100 83.8686
19.1787 113 94.2357
19.3428 99 83.0686
19.6409 101 84.7282
19.0658 123 102.213
19.3594 98 82.2719
19.2321 113 94.2464
19.3428 100 83.8686
19.0787 118 98.2157
19.2321 102 85.4464
19.0787 123 102.216
19.0954 115 95.8191
19.0658 130 107.813
20.1164 88 74.4233
19.7077 95 79.9415
19.0658 121 100.613
19.3594 96 80.6719
20.1164 84 71.2233
20.1164 84 71.2233
19.1787 113 94.2357
19.3428 100 83.8686
20.1072 90 76.0214
20.6812 83 70.5362
20.6812 84 71.3362
19.8229 94 79.1646
19.2321 109 91.0464
20.6812 84 71.3362
19.3594 98 82.2719
20.1072 90 76.0214
19.2155 110 91.8431
20.1108 90 76.0222
19.2321 101 84.6464
19.3428 100 83.8686
19.2321 103 86.2464
19.8229 92 77.5646
19.914 95 79.9828
