20.8057 66 34.364
20.8057 67 34.664
20.7385 68 34.9169
20.8057 68 34.964
20.7385 69 35.2169
20.7385 75 37.0169
20.7385 71 35.8169
20.6179 72 36.0325
20.7385 72 36.1169
20.5781 73 36.3047
20.6179 73 36.3325
20.5507 74 36.5855
20.5143 81 38.66
20.5507 75 36.8855
20.5507 76 37.1855
20.5507 75 36.8855
20.7385 72 36.1169
20.4833 79 38.0383
20.5507 86 40.1855
20.4833 84 39.5383
20.4833 81 38.6383
20.4833 82 38.9383
20.463 83 39.2241
20.4833 81 38.6383
20.3557 84 39.449
20.4436 82 38.9105
20.463 84 39.5241
20.3557 85 39.749
20.3557 86 40.049
20.3557 87 40.349
20.2752 88 40.5927
20.4949 84 39.5464
20.1374 89 40.7962
20.2752 89 40.8927
20.1374 90 41.0962
20.1374 91 41.3962
20.1374 90 41.0962
20.1374 93 41.9962
20.0302 94 42.2211
20.1374 94 42.2962
19.9797 95 42.4858
20.0302 95 42.5211
20.0559 97 43.1391
19.9797 96 42.7858
19.9755 97 43.0829
19.9755 105 45.4829
19.9755 103 44.8829
19.9952 104 45.1967
19.9755 101 44.2829
19.9755 102 44.5829
19.9755 108 46.3829
19.9755 104 45.1829
19.9755 103 44.8829
19.9755 106 45.7829
19.9755 100 43.9829
19.9755 106 45.7829
20.4911 103 45.2437
19.9967 107 46.0977
20.4911 105 45.8437
20.1146 108 46.4802
19.9755 113 47.8829
19.9755 113 47.8829
19.9755 111 47.2829
19.9755 105 45.4829
20.0302 95 42.5211
20.7385 72 36.1169
20.463 83 39.2241
20.3557 87 40.349
19.9755 112 47.5829
20.2752 89 40.8927
19.9755 116 48.7829
20.3557 88 40.649
19.9755 115 48.4829
20.4833 79 38.0383
19.9755 117 49.0829
20.4833 83 39.2383
20.8057 68 34.964
20.7385 69 35.2169
19.9755 96 42.7829
20.7385 70 35.5169
19.9755 99 43.6829
19.9755 103 44.8829
20.1374 96 42.8962
20.1374 91 41.3962
20.4833 89 41.0383
20.4833 80 38.3383
20.6711 73 36.3698
19.9755 96 42.7829
20.4833 86 40.1383
20.7385 71 35.8169
20.5507 74 36.5855
20.4953 89 41.0467
19.9755 106 45.7829
19.9755 106 45.7829
20.4833 83 39.2383
20.2752 89 40.8927
19.9755 113 47.8829
19.9755 97 43.0829
19.9755 113 47.8829
19.9755 104 45.1829
20.5781 74 36.6047
19.9755 110 46.9829
20.4833 85 39.8383
20.5507 74 36.5855
20.5507 75 36.8855
20.5507 78 37.7855
20.1374 89 40.7962
20.5507 76 37.1855
20.6711 76 37.2698
20.5781 74 36.6047
20.6711 74 36.6698
20.5143 80 38.36
20.1607 115 48.6125
19.9755 110 46.9829
19.9755 97 43.0829
20.5507 86 40.1855
20.6179 73 36.3325
19.9755 117 49.0829
20.1146 111 47.3802
20.4436 91 41.6105
20.8057 68 34.964
20.5143 80 38.36
20.8057 68 34.964
19.9755 107 46.0829
20.8057 66 34.364
20.4436 84 39.5105
20.3557 85 39.749
19.9755 117 49.0829
20.7385 69 35.2169
20.3755 88 40.6628
19.9755 100 43.9829
20.5507 78 37.7855
20.5507 75 36.8855
20.8057 67 34.664
20.3557 86 40.049
20.3557 86 40.049
20.5507 77 37.4855
20.1146 107 46.1802
20.0601 96 42.8421
20.1374 98 43.4962
20.6179 72 36.0325
20.4911 105 45.8437
19.9755 97 43.0829
20.7385 76 37.3169
19.9755 101 44.2829
20.5346 85 39.8742
20.6711 76 37.2698
20.1146 105 45.5802
20.4833 81 38.6383
20.4833 80 38.3383
