20.6812 82 69.7362
20.6812 83 70.5362
20.1164 84 71.2233
20.6812 84 71.3362
20.1164 85 72.0233
20.1164 86 72.8233
20.1164 87 73.6233
20.1072 92 77.6214
20.1108 86 72.8222
20.1164 88 74.4233
20.1044 89 75.2209
20.1072 89 75.2214
20.1044 97 81.6209
19.7077 95 79.9415
19.8229 91 76.7646
19.9891 91 76.7978
20.1044 89 75.2209
19.7077 92 77.5415
19.7077 93 78.3415
19.6818 101 84.7364
19.7077 94 79.1415
19.6818 102 85.5364
19.5804 96 80.7161
19.6818 96 80.7364
19.3594 97 81.4719
19.5804 102 85.5161
19.3594 98 82.2719
19.3428 99 83.0686
19.3594 99 83.0719
19.3428 100 83.8686
19.3428 99 83.0686
19.2321 102 85.4464
19.3428 102 85.4686
19.2321 103 86.2464
19.2321 108 90.2464
19.2321 103 86.2464
19.2155 106 88.6431
19.2321 106 88.6464
19.2155 107 89.4431
19.2155 108 90.2431
19.2155 109 91.0431
19.1787 110 91.8357
19.2155 110 91.8431
19.0954 111 92.6191
19.1787 118 98.2357
19.0954 112 93.4191
19.0954 113 94.2191
19.0954 112 93.4191
19.0787 115 95.8157
19.0954 115 95.8191
19.0787 116 96.6157
19.0787 117 97.4157
19.0787 118 98.2157
19.0658 119 99.0132
19.0787 119 99.0157
19.0658 120 99.8132
19.0658 126 104.613
20.1164 85 72.0233
19.0787 116 96.6157
20.1044 97 81.6209
19.3428 100 83.8686
19.0658 119 99.0132
19.7077 94 79.1415
19.7077 93 78.3415
19.3594 98 82.2719
19.2155 107 89.4431
19.0954 115 95.8191
19.7987 93 78.3597
19.2155 107 89.4431
19.6818 94 79.1364
20.1164 85 72.0233
20.6812 83 70.5362
19.3428 102 85.4686
19.3594 99 83.0719
19.0658 121 100.613
19.4874 111 92.6975
20.6812 83 70.5362
19.2321 104 87.0464
19.3428 101 84.6686
19.3594 95 79.8719
19.2321 103 86.2464
19.0954 115 95.8191
19.3594 99 83.0719
20.8085 83 70.5617
19.7077 93 78.3415
20.1164 95 80.0233
19.0658 119 99.0132
20.1108 86 72.8222
19.7077 91 76.7415
19.0954 113 94.2191
19.6818 95 79.9364
20.6812 83 70.5362
19.0954 113 94.2191
20.6812 82 69.7362
19.6818 94 79.1364
19.2321 102 85.4464
19.2155 105 87.8431
20.1072 87 73.6214
19.0787 120 99.8157
19.2321 104 87.0464
19.3428 101 84.6686
19.0787 117 97.4157
19.0787 117 97.4157
19.6818 95 79.9364
19.2155 115 95.8431
19.0787 119 99.0157
19.8229 91 76.7646
19.0658 121 100.613
19.0954 114 95.0191
20.6812 84 71.3362
19.3594 104 87.0719
19.2155 108 90.2431
20.1044 90 76.0209
20.1072 89 75.2214
19.2155 108 90.2431
19.0954 113 94.2191
19.7077 94 79.1415
19.0787 118 98.2157
19.0787 119 99.0157
19.0954 115 95.8191
20.6812 82 69.7362
19.2321 104 87.0464
19.0787 116 96.6157
20.1164 86 72.8233
19.2321 104 87.0464
20.1044 90 76.0209
19.2321 106 88.6464
19.2321 107 89.4464
19.2155 108 90.2431
19.3594 104 87.0719
19.3594 99 83.0719
20.1044 90 76.0209
19.3594 97 81.4719
19.5804 97 81.5161
19.0954 115 95.8191
19.5804 96 80.7161
19.2155 107 89.4431
19.5804 96 80.7161
19.5804 103 86.3161
19.3594 99 83.0719
19.2155 110 91.8431
20.1164 86 72.8233
20.1044 89 75.2209
19.7077 91 76.7415
20.1044 91 76.8209
20.1164 86 72.8233
20.1164 88 74.4233
19.2155 106 88.6431
19.7077 94 79.1415
19.9891 91 76.7978
