20.6747 94 72.0024
20.6812 87 67.1043
20.6747 91 69.9024
20.6747 92 70.6024
20.1044 91 69.7313
20.6747 91 69.9024
20.1044 94 71.8313
19.9891 95 72.4967
20.1044 102 77.4313
19.9891 96 73.1967
19.9891 97 73.8967
19.6957 98 74.5087
19.9891 98 74.5967
19.6818 99 75.2045
19.6957 99 75.2087
19.6818 105 79.4045
19.3594 106 80.0078
19.5804 108 81.4741
19.6818 101 76.6045
19.3594 102 77.2078
19.3428 103 77.9028
19.3594 107 80.7078
19.3428 102 77.2028
19.2321 105 79.2696
19.3428 109 82.1028
19.2321 113 84.8696
19.2321 107 80.6696
19.6409 103 77.9923
19.2155 109 82.0646
19.2321 109 82.0696
19.2155 110 82.7646
19.1787 118 88.3536
19.2155 111 83.4646
19.1787 112 84.1536
19.1787 113 84.8536
19.1787 114 85.5536
19.1787 113 84.8536
19.1787 116 86.9536
19.5874 112 84.2762
19.1787 118 88.3536
19.1787 119 89.0536
19.1787 120 89.7536
19.1787 121 90.4536
19.1725 122 91.1518
19.1953 119 89.0586
19.1697 123 91.8509
19.0787 124 92.5236
19.0954 124 92.5286
19.1697 122 91.1509
19.0787 125 93.2236
19.0787 124 92.5236
19.0658 125 93.2198
19.0192 128 95.3058
19.0658 128 95.3198
19.0192 129 96.0058
19.5804 101 76.5741
19.1697 124 92.5509
19.3594 99 75.1078
19.9891 95 72.4967
19.2155 111 83.4646
19.1787 124 92.5536
19.0787 125 93.2236
19.2191 113 84.8657
19.0954 124 92.5286
19.2321 105 79.2696
19.1787 115 86.2536
19.1787 115 86.2536
19.4505 104 78.6351
19.9891 95 72.4967
19.2321 113 84.8696
19.3428 103 77.9028
19.1787 120 89.7536
19.0192 132 98.1058
20.6747 91 69.9024
19.2155 114 85.5646
19.6957 99 75.2087
20.1044 93 71.1313
19.3594 101 76.5078
19.3594 100 75.8078
19.1787 118 88.3536
20.6747 94 72.0024
19.1787 110 82.7536
19.4518 118 88.4355
19.1787 112 84.1536
19.0954 124 92.5286
19.6957 98 74.5087
19.5874 111 83.5762
19.2321 106 79.9696
19.2155 109 82.0646
19.1697 121 90.4509
20.6747 91 69.9024
20.6747 89 68.5024
19.2321 107 80.6696
19.3594 107 80.7078
19.0954 122 91.1286
19.4518 119 89.1355
20.6747 92 70.6024
19.6818 100 75.9045
20.6747 98 74.8024
19.0192 126 93.9058
19.1787 127 94.6536
19.3428 111 83.5028
19.2321 109 82.0696
19.2321 104 78.5696
19.3428 103 77.9028
20.6747 91 69.9024
19.1787 118 88.3536
19.3594 105 79.3078
19.6818 101 76.6045
19.0787 124 92.5236
20.6747 91 69.9024
19.7728 102 77.3318
19.3428 105 79.3028
19.1787 114 85.5536
19.4746 122 91.2424
19.5804 108 81.4741
19.4518 118 88.4355
19.1787 113 84.8536
19.2321 109 82.0696
20.1044 94 71.8313
19.6957 98 74.5087
19.1787 111 83.4536
20.1044 101 76.7313
19.1787 123 91.8536
19.0192 128 95.3058
19.0192 129 96.0058
19.3594 102 77.2078
19.1787 121 90.4536
20.6812 89 68.5043
19.3594 108 81.4078
19.2321 108 81.3696
19.2321 107 80.6696
19.1787 111 83.4536
20.6812 87 67.1043
19.0192 136 100.906
19.1787 112 84.1536
20.6747 92 70.6024
19.2321 107 80.6696
20.6747 92 70.6024
19.4505 104 78.6351
19.5804 101 76.5741
19.0954 124 92.5286
19.1787 118 88.3536
19.1787 120 89.7536
19.6409 103 77.9923
19.1787 114 85.5536
20.6747 92 70.6024
19.3594 100 75.8078
20.6812 87 67.1043
19.3594 102 77.2078
