20.6812 82 63.6044
20.8085 84 65.0425
20.1164 88 67.6349
20.6812 88 67.8044
20.1108 83 64.1332
20.1164 83 64.1349
20.1108 86 66.2332
20.1108 87 66.9332
20.1072 88 67.6321
20.1108 88 67.6332
20.1044 89 68.3313
20.1072 89 68.3322
19.8229 90 68.9469
20.1044 88 67.6313
19.7077 91 69.6123
19.8229 91 69.6469
19.7077 92 70.3123
19.7077 93 71.0123
19.6818 94 71.7045
19.7077 94 71.7123
19.6818 95 72.4045
19.3594 96 73.0078
19.5804 96 73.0741
19.6818 94 71.7045
19.3594 97 73.7078
19.3594 98 74.4078
19.3428 99 75.1028
19.3594 99 75.1078
19.3428 100 75.8028
19.3428 101 76.5028
19.2321 102 77.1696
19.3428 100 75.8028
19.2321 103 77.8696
19.2321 104 78.5696
19.2321 105 79.2696
19.2155 106 79.9646
19.2321 106 79.9696
19.2155 107 80.6646
19.2155 108 81.3646
19.3428 110 82.8028
19.0954 110 82.7286
19.1787 110 82.7536
19.2155 110 82.7646
19.0954 111 83.4286
19.0954 112 84.1286
19.0954 113 84.8286
19.0787 114 85.5236
19.0954 114 85.5286
19.0787 115 86.2236
19.0787 116 86.9236
19.0787 122 91.1236
19.0787 118 88.3236
19.0658 126 93.9198
19.4874 114 85.6462
19.0658 120 89.7198
19.0658 121 90.4198
19.0658 122 91.1198
19.0658 127 94.6198
19.3594 98 74.4078
19.1787 110 82.7536
19.5804 96 73.0741
20.1108 88 67.6332
19.0658 122 91.1198
19.2155 109 82.0646
19.0658 121 90.4198
19.0787 113 84.8236
20.1108 86 66.2332
19.2321 105 79.2696
19.0787 115 86.2236
19.0954 113 84.8286
20.6812 82 63.6044
19.2155 107 80.6646
19.2321 106 79.9696
19.0954 111 83.4286
19.0658 127 94.6198
19.0658 118 88.3198
20.6812 90 69.2044
19.8229 90 68.9469
19.0787 114 85.5236
20.1164 84 64.8349
19.1787 110 82.7536
20.1108 87 66.9332
19.0658 129 96.0198
19.2155 107 80.6646
19.8229 90 68.9469
19.2321 104 78.5696
19.8229 90 68.9469
19.6818 95 72.4045
19.8229 90 68.9469
19.2321 102 77.1696
19.0658 127 94.6198
19.2321 105 79.2696
19.2155 107 80.6646
19.0658 119 89.0198
20.1108 85 65.5332
19.3428 100 75.8028
19.2321 105 79.2696
20.1044 97 73.9313
20.1108 92 70.4333
19.3594 98 74.4078
20.6812 89 68.5043
20.1108 92 70.4333
19.0658 120 89.7198
19.2155 107 80.6646
19.2155 109 82.0646
19.0787 119 89.0236
19.3428 100 75.8028
19.2321 104 78.5696
20.6812 82 63.6044
20.1108 88 67.6332
19.2155 106 79.9646
19.1787 110 82.7536
19.7077 92 70.3123
19.3594 96 73.0078
19.8229 90 68.9469
19.3428 100 75.8028
20.6812 83 64.3044
19.3594 98 74.4078
19.1787 110 82.7536
20.1044 90 69.0313
19.0954 114 85.5286
19.2155 107 80.6646
19.0954 114 85.5286
19.6818 95 72.4045
19.6818 96 73.1045
19.0658 120 89.7198
19.0787 115 86.2236
20.6812 86 66.4044
20.1164 84 64.8349
19.0954 112 84.1286
19.7077 97 73.8123
20.1164 84 64.8349
19.0787 113 84.8236
20.1044 90 69.0313
19.3428 109 82.1028
19.3594 96 73.0078
20.6812 89 68.5043
19.0658 119 89.0198
19.0658 120 89.7198
20.6812 82 63.6044
20.6812 84 65.0043
19.2321 103 77.8696
19.2321 104 78.5696
20.1072 89 68.3322
19.0658 131 97.4198
19.2155 108 81.3646
19.2321 103 77.8696
19.0787 122 91.1236
19.0658 121 90.4198
20.1108 87 66.9332
