20.7455 101 76.9236
20.7455 102 77.6236
20.7455 105 79.7236
20.7455 106 80.4236
20.7455 105 79.7236
20.5637 108 81.7691
20.7455 108 81.8236
20.5637 107 81.0691
20.5637 108 81.7691
20.308 111 83.7924
20.5637 111 83.8691
20.308 110 83.0924
20.308 111 83.7924
20.308 112 84.4924
20.308 115 86.5924
20.168 114 85.8504
20.308 114 85.8924
20.168 115 86.5504
20.0521 125 93.5156
20.4237 113 85.2271
20.168 120 90.0504
20.1247 121 90.7374
20.168 119 89.3504
20.1221 122 91.4366
20.1247 127 94.9374
20.1221 123 92.1366
20.0708 124 92.8212
20.1221 124 92.8366
20.0521 125 93.5156
20.0708 123 92.1212
20.0521 133 99.1156
20.0082 127 94.9025
20.1221 124 92.8366
20.0521 127 94.9156
19.294 120 89.7882
20.0023 128 95.6007
20.0082 128 95.6025
19.294 129 96.0882
19.294 128 95.3882
19.2921 129 96.0876
19.294 129 96.0882
19.2921 130 96.7876
19.2921 131 97.4876
19.2717 135 100.282
19.2884 135 100.287
19.2921 135 100.288
19.6805 133 99.0041
19.2717 137 101.682
19.2717 139 103.082
19.2717 140 103.782
19.2717 141 104.482
19.2717 144 106.582
19.2717 143 105.882
19.2717 144 106.582
19.2717 145 107.282
19.2717 140 103.782
19.2717 143 105.882
19.2717 148 109.382
19.2717 152 112.182
19.2717 151 111.482
19.2717 152 112.182
20.6296 110 83.1889
19.294 127 94.6882
19.2717 139 103.082
20.308 111 83.7924
20.308 114 85.8924
19.2717 145 107.282
19.2717 140 103.782
20.0521 127 94.9156
19.2717 137 101.682
20.7455 103 78.3236
20.1247 126 94.2374
20.1618 122 91.4485
19.294 127 94.6882
19.2717 150 110.782
20.547 106 80.3641
20.0521 126 94.2156
20.308 112 84.4924
20.168 117 87.9504
19.294 121 90.4882
20.7455 108 81.8236
19.294 128 95.3882
19.2884 135 100.287
19.2717 145 107.282
20.1221 124 92.8366
20.0088 129 96.3026
19.2717 146 107.982
20.0708 122 91.4212
19.294 128 95.3882
20.168 117 87.9504
20.7455 108 81.8236
20.5637 109 82.4691
20.1247 121 90.7374
19.2921 141 104.488
20.308 111 83.7924
20.0521 126 94.2156
19.2717 143 105.882
20.7288 101 76.9186
20.1221 122 91.4366
20.168 118 88.6504
19.2717 143 105.882
20.0708 123 92.1212
19.2717 145 107.282
20.168 118 88.6504
20.5637 109 82.4691
19.2921 137 101.688
20.0521 125 93.5156
19.385 130 96.8155
19.2717 150 110.782
19.2717 146 107.982
20.308 114 85.8924
20.6296 113 85.2889
20.0708 124 92.8212
19.2717 152 112.182
20.7455 107 81.1236
19.2717 144 106.582
20.1221 121 90.7366
19.294 148 109.388
20.1247 121 90.7374
19.2717 144 106.582
20.168 116 87.2504
20.1221 122 91.4366
20.308 113 85.1924
19.2921 132 98.1876
20.308 110 83.0924
20.1247 122 91.4374
20.308 110 83.0924
20.5637 111 83.8691
20.1221 123 92.1366
19.294 129 96.0882
19.2717 137 101.682
20.308 114 85.8924
20.5637 109 82.4691
19.294 128 95.3882
19.294 128 95.3882
20.168 115 86.5504
20.168 119 89.3504
20.7455 104 79.0236
19.2717 148 109.382
20.168 125 93.5504
19.2717 144 106.582
20.308 112 84.4924
20.0854 130 97.0256
20.168 116 87.2504
20.5637 111 83.8691
20.0521 126 94.2156
20.308 114 85.8924
19.294 127 94.6882
20.0082 127 94.9025
19.294 132 98.1882
