20.7288 89 34.383
20.7288 90 34.583
20.7288 91 34.7831
20.7288 92 34.983
20.7288 93 35.1831
20.547 94 35.2376
20.7288 94 35.383
20.547 95 35.4376
20.547 96 35.6376
19.9077 99 35.7262
20.4219 97 35.7375
20.5036 97 35.8029
20.547 97 35.8376
19.9077 100 35.9262
20.4219 98 35.9376
19.9077 101 36.1262
20.4219 99 36.1376
19.9077 102 36.3262
19.9077 103 36.5262
19.9077 109 37.7262
19.9077 105 36.9262
19.9067 106 37.1253
19.9077 104 36.7262
19.9077 101 36.1262
20.4209 101 36.5367
20.2874 102 36.6299
19.8278 107 37.2622
19.8278 110 37.8622
19.7888 111 38.031
19.8278 116 39.0622
19.7888 112 38.231
19.7888 113 38.431
19.7888 112 38.231
19.7481 122 40.1985
19.7888 115 38.831
19.7888 110 37.831
19.7481 117 39.1985
19.7481 118 39.3985
19.6594 119 39.5275
19.7481 123 40.3985
19.6594 125 40.7275
19.6594 121 39.9275
19.6594 122 40.1275
19.6594 127 41.1275
19.6366 128 41.3093
19.6366 129 41.5093
19.6366 130 41.7093
19.9993 140 43.9995
19.6127 145 44.6901
19.8278 110 37.8622
19.7888 110 37.831
19.8278 109 37.6622
19.8278 107 37.2622
20.7288 94 35.383
19.7481 122 40.1985
19.6366 128 41.3093
19.7888 115 38.831
20.547 96 35.6376
19.8278 115 38.8622
20.547 94 35.2376
19.7888 113 38.431
19.6594 125 40.7275
19.9077 101 36.1262
19.6594 120 39.7275
19.7481 123 40.3985
19.9077 106 37.1262
20.547 95 35.4376
19.7888 113 38.431
20.5036 95 35.4029
19.6594 122 40.1275
19.9077 101 36.1262
19.8278 111 38.0622
19.7481 113 38.3985
19.6594 119 39.5275
20.7288 89 34.383
19.9077 99 35.7262
20.4219 101 36.5376
20.4219 97 35.7375
19.7888 112 38.231
20.6129 97 35.8903
20.7288 89 34.383
20.5036 97 35.8029
19.8278 107 37.2622
20.3483 107 37.6786
19.9077 104 36.7262
20.547 96 35.6376
19.8278 110 37.8622
20.547 95 35.4376
19.9067 111 38.1253
20.547 96 35.6376
19.9077 105 36.9262
20.547 96 35.6376
20.7288 93 35.1831
19.7481 115 38.7985
19.6127 145 44.6901
19.9558 122 40.3646
19.9077 104 36.7262
20.7278 98 36.1822
19.8278 109 37.6622
19.8278 108 37.4622
19.6127 147 45.0901
19.6594 119 39.5275
19.6366 129 41.5093
19.6594 119 39.5275
19.7481 118 39.3985
19.6366 127 41.1093
19.6127 146 44.8901
19.6594 119 39.5275
19.9077 103 36.5262
19.7481 115 38.7985
19.6127 146 44.8901
19.9077 103 36.5262
20.7288 89 34.383
19.8278 108 37.4622
20.7288 92 34.983
19.8278 114 38.6622
19.7481 114 38.5985
19.7481 115 38.7985
19.7481 116 38.9985
20.547 97 35.8376
19.6366 130 41.7093
20.547 95 35.4376
19.9077 105 36.9262
20.7288 90 34.583
19.6594 127 41.1275
19.8849 112 38.3079
19.6366 130 41.7093
20.7288 92 34.983
19.8278 108 37.4622
19.8278 107 37.2622
19.7481 122 40.1985
19.7888 110 37.831
20.4219 99 36.1376
19.8278 111 38.0622
19.9067 107 37.3253
20.7288 92 34.983
19.7888 120 39.831
19.8278 115 38.8622
20.7288 89 34.383
20.7288 89 34.383
20.5036 97 35.8029
19.6127 145 44.6901
19.8278 107 37.2622
20.5036 97 35.8029
19.8278 109 37.6622
19.8278 111 38.0622
19.7481 126 40.9985
19.9077 100 35.9262
19.9077 103 36.5262
19.7888 113 38.431
