21.8962 108 90.7793
22.1816 110 92.4363
20.9878 112 93.7975
20.9878 111 92.9976
20.9878 114 95.3976
20.5637 113 94.5127
20.308 116 96.8616
20.4237 114 95.2847
20.5637 114 95.3127
20.308 118 98.4616
20.308 119 99.2616
20.5637 114 95.3127
20.168 121 100.834
20.308 119 99.2616
20.168 120 100.034
20.168 121 100.834
20.308 118 98.4616
20.1247 123 102.425
20.168 125 104.034
20.1247 126 104.825
20.1247 125 104.025
20.2691 127 105.654
20.031 129 107.206
20.1247 127 105.625
20.031 130 108.006
20.0082 129 107.202
20.031 128 106.406
20.0023 130 108
20.0082 130 108.002
19.9986 133 110.4
20.0023 131 108.8
19.9795 132 109.596
19.9986 132 109.6
19.9758 135 111.995
19.9758 136 112.795
19.9758 137 113.595
19.9795 135 111.996
20.0668 136 112.813
19.9758 140 115.995
19.9758 139 115.195
19.9293 149 123.186
19.9758 141 116.795
19.933 144 119.187
19.9758 142 117.595
19.4529 143 118.291
19.4363 144 119.087
19.4391 145 119.888
19.2717 146 120.654
19.294 141 116.659
19.2717 156 128.654
19.2717 151 124.654
20.3078 123 102.462
20.1247 123 102.425
20.9878 112 93.7975
20.308 119 99.2616
20.308 114 95.2616
20.308 120 100.062
20.1247 125 104.025
19.2893 146 120.658
19.4363 144 119.087
20.168 125 104.034
21.8962 109 91.5793
21.8962 108 90.7793
20.1143 132 109.623
19.294 147 121.459
19.9758 138 114.395
20.168 121 100.834
20.0082 130 108.002
19.2717 151 124.654
20.031 128 106.406
20.168 122 101.634
20.1247 126 104.825
20.168 122 101.634
20.031 130 108.006
19.4529 143 118.291
20.0088 135 112.002
19.441 146 120.688
20.9878 112 93.7975
19.933 144 119.187
19.9758 141 116.795
20.308 118 98.4616
20.168 120 100.034
19.2893 149 123.058
20.0023 132 109.6
19.933 144 119.187
20.308 119 99.2616
19.9758 135 111.995
20.0023 130 108
21.8962 109 91.5793
20.9878 112 93.7975
20.1247 126 104.825
20.1247 127 105.625
20.031 127 105.606
19.4363 145 119.887
20.0023 133 110.4
20.9878 112 93.7975
20.4237 116 96.8847
20.3123 123 102.462
20.308 114 95.2616
20.6055 110 92.1211
19.4529 143 118.291
20.031 127 105.606
20.9878 110 92.1975
19.9758 137 113.595
19.2717 146 120.654
19.2717 149 123.054
20.5637 115 96.1127
20.1247 126 104.825
20.1247 127 105.625
20.1247 126 104.825
20.308 116 96.8616
19.9758 135 111.995
20.308 118 98.4616
19.9795 134 111.196
20.5637 112 93.7127
20.0993 128 106.42
20.308 117 97.6616
20.168 122 101.634
21.8962 109 91.5793
19.9716 138 114.394
20.1247 126 104.825
19.294 142 117.459
19.9758 138 114.395
21.8962 108 90.7793
19.933 149 123.187
20.4237 117 97.6847
20.9878 112 93.7975
19.2717 151 124.654
19.9795 132 109.596
20.308 117 97.6616
20.5637 110 92.1127
19.441 147 121.488
20.6055 110 92.1211
20.8574 112 93.7715
19.9758 134 111.195
20.0082 132 109.602
19.9986 133 110.4
20.308 121 100.862
19.2717 146 120.654
20.9878 110 92.1975
19.9758 136 112.795
20.0705 131 108.814
20.308 114 95.2616
19.9758 144 119.195
20.308 120 100.062
20.168 123 102.434
20.168 123 102.434
21.8962 109 91.5793
19.9795 133 110.396
19.4529 143 118.291
