20.6812 83 76.7681
20.1164 93 85.7116
20.6812 90 83.0681
20.1164 87 80.3116
20.1164 92 84.8116
20.1164 89 82.1116
20.1164 90 83.0116
20.1164 91 83.9116
20.1044 92 84.8104
20.1164 92 84.8116
20.1044 93 85.7104
19.9891 92 84.7989
20.1044 94 86.6104
19.9891 102 93.7989
19.8229 103 94.6823
19.9891 96 88.3989
19.6818 97 89.2682
19.7077 97 89.2708
19.5804 98 90.158
19.6818 98 90.1682
19.3594 99 91.0359
19.5804 104 95.558
19.3594 100 91.9359
19.3428 101 92.8343
19.3594 101 92.8359
19.3428 107 98.2343
19.2321 103 94.6232
19.3428 110 100.934
19.2321 104 95.5232
19.2321 105 96.4232
19.6409 101 92.8641
19.2321 107 98.2232
19.2155 113 103.622
19.2321 108 99.1232
19.2155 109 100.022
19.2155 110 100.922
19.1787 118 108.118
19.6242 106 97.3624
19.1787 112 102.718
19.1787 113 103.618
19.1787 112 102.718
19.1787 115 105.418
19.1787 114 104.518
19.1787 117 107.218
19.1787 118 108.118
19.1787 123 112.618
19.0954 120 109.91
19.1725 120 109.917
19.1787 118 108.118
19.0954 119 109.01
19.0658 122 111.707
19.0787 122 111.708
19.0954 120 109.91
19.0658 128 117.107
19.0658 122 111.707
19.0658 125 114.407
19.0658 126 115.307
19.0192 127 116.202
19.0658 127 116.207
19.0192 128 117.102
19.2155 107 98.2215
19.2321 108 99.1232
19.9891 98 90.1989
19.0658 124 113.507
19.2321 113 103.623
19.1787 115 105.418
19.3428 103 94.6343
19.1787 114 104.518
20.1044 97 89.3104
19.9891 95 87.4989
19.2155 108 99.1215
19.2155 108 99.1215
20.6812 90 83.0681
19.1787 114 104.518
19.0954 118 108.11
19.6818 102 93.7682
19.0658 127 116.207
19.0658 126 115.307
19.0954 126 115.31
19.9891 96 88.3989
19.2321 107 98.2232
19.1787 115 105.418
19.4684 115 105.447
19.1787 109 100.018
19.0658 122 111.707
19.5804 99 91.058
20.6812 86 79.4681
20.1164 92 84.8116
20.1044 93 85.7104
19.6818 98 90.1682
19.0658 129 118.007
19.6242 106 97.3624
19.1787 126 115.318
20.1164 89 82.1116
19.2321 106 97.3232
20.1164 89 82.1116
19.1787 112 102.718
20.6812 85 78.5681
19.0954 121 110.81
19.0954 119 109.01
19.9891 95 87.4989
19.6818 97 89.2682
19.9891 95 87.4989
20.1954 93 85.7195
19.0658 120 109.907
20.6812 85 78.5681
19.3594 101 92.8359
19.1787 117 107.218
19.1569 131 119.816
20.1044 92 84.8104
19.0787 120 109.908
19.3594 106 97.3359
19.0658 122 111.707
19.2155 108 99.1215
19.0658 126 115.307
19.2155 108 99.1215
19.0658 130 118.907
19.0658 122 111.707
19.1787 115 105.418
20.1164 87 80.3116
20.1044 93 85.7104
19.2155 108 99.1215
19.2155 108 99.1215
19.1725 120 109.917
19.5874 110 100.959
20.1164 90 83.0116
19.1811 129 118.018
19.6818 98 90.1682
20.1164 88 81.2116
19.1787 111 101.818
20.6812 85 78.5681
20.1044 98 90.2104
19.0954 120 109.91
19.8229 96 88.3823
19.3594 99 91.0359
19.1787 124 113.518
20.1164 90 83.0116
19.1787 118 108.118
19.5804 98 90.158
20.6812 86 79.4681
19.0954 120 109.91
20.2074 93 85.7207
19.3594 98 90.1359
19.2155 109 100.022
19.1787 115 105.418
20.1044 93 85.7104
20.1164 90 83.0116
19.2321 103 94.6232
20.1164 93 85.7116
19.1787 118 108.118
