20.8153 105 46.0707
20.6974 106 46.2882
20.321 107 46.3247
20.6762 107 46.5733
20.6974 107 46.5882
20.1818 109 46.8273
20.2323 109 46.8626
20.1818 110 47.1273
20.1607 111 47.4125
20.2998 110 47.2098
20.1607 114 48.3125
20.1607 114 48.3125
20.2998 113 48.1098
20.2786 114 48.395
20.1564 116 48.9095
20.1607 116 48.9125
20.1607 112 47.7125
20.1395 119 49.7976
20.1352 120 50.0947
20.6508 115 48.9555
20.1352 120 50.0947
20.1352 121 50.3947
20.1352 122 50.6947
20.1247 125 51.5873
20.1247 126 51.8873
20.0088 134 54.2062
20.1247 128 52.4873
20.2691 128 52.5884
20.1247 129 52.7873
20.042 129 52.7294
20.0933 131 53.3653
20.1143 129 52.78
20.1247 131 53.3873
20.0023 132 53.6016
20.0383 130 53.0268
20.042 132 53.6294
20.0023 131 53.3016
20.0023 132 53.6016
20.0933 132 53.6653
19.9986 134 54.199
20.0023 134 54.2016
19.9758 135 54.4831
19.9986 135 54.499
20.0155 140 56.0109
19.9758 137 55.0831
19.9758 140 55.9831
19.9558 139 55.669
19.9758 141 56.2831
19.9558 140 55.969
20.0679 140 56.0475
19.9293 146 57.7505
19.9293 145 57.4505
19.9293 150 58.9505
19.9293 151 59.2505
19.9293 152 59.5505
19.9293 150 58.9505
19.9758 145 57.4831
19.9293 153 59.8505
19.9293 155 60.4505
19.9293 154 60.1505
19.9758 136 54.7831
20.2323 109 46.8626
20.1143 132 53.68
20.1247 128 52.4873
20.0023 133 53.9016
20.1607 115 48.6125
19.9558 139 55.669
20.1607 116 48.9125
20.1247 123 50.9873
20.2647 123 51.0853
19.9986 139 55.699
20.042 129 52.7294
20.1395 116 48.8976
20.655 112 48.0585
20.0933 129 52.7653
20.1352 118 49.4947
19.9293 150 58.9505
20.1395 118 49.4976
20.1607 112 47.7125
19.9293 146 57.7505
20.1352 120 50.0947
20.2743 115 48.692
20.6974 106 46.2882
20.1818 109 46.8273
20.1818 109 46.8273
19.9758 140 55.9831
20.672 112 48.0704
19.9293 151 59.2505
20.1247 126 51.8873
19.9293 149 58.6505
20.321 107 46.3247
20.8153 105 46.0707
19.933 155 60.4531
20.0023 134 54.2016
20.1352 120 50.0947
20.1247 128 52.4873
19.9293 146 57.7505
19.9293 149 58.6505
20.1143 132 53.68
20.1818 109 46.8273
20.1352 121 50.3947
20.1247 132 53.6873
20.0023 137 55.1016
20.2609 126 51.9826
20.0933 131 53.3653
20.6974 106 46.2882
19.9758 137 55.0831
20.1247 127 52.1873
20.2323 109 46.8626
19.9758 138 55.3831
20.2323 111 47.4626
20.1247 126 51.8873
20.321 107 46.3247
20.1564 116 48.9095
20.0088 132 53.6062
19.9293 156 60.7505
20.0204 146 57.8143
20.0933 132 53.6653
19.933 149 58.6531
20.1607 113 48.0125
20.1247 125 51.5873
19.9955 139 55.6969
20.8153 105 46.0707
20.1607 116 48.9125
20.1247 126 51.8873
20.6508 116 49.2555
19.9758 136 54.7831
20.6762 107 46.5733
20.1395 116 48.8976
20.168 121 50.4176
20.1395 116 48.8976
20.1247 126 51.8873
19.9758 137 55.0831
19.9758 136 54.7831
19.9293 148 58.3505
20.1564 118 49.5095
20.2203 133 54.0542
20.0023 138 55.4016
20.1247 131 53.3873
19.9293 146 57.7505
20.1352 122 50.6947
20.0933 132 53.6653
20.1395 119 49.7976
20.1352 119 49.7947
20.0668 136 54.8468
20.0933 133 53.9653
20.1818 110 47.1273
20.1247 130 53.0873
20.1607 113 48.0125
19.9293 152 59.5505
