20.6812 82 57.4725
20.6812 83 58.0725
20.1108 84 58.4443
20.1164 84 58.4466
20.6812 84 58.6725
20.1108 85 59.0443
20.1108 86 59.6443
20.1108 94 64.4443
20.1072 88 60.8429
20.1108 88 60.8443
19.7141 89 61.2856
20.1044 89 61.4418
20.1072 89 61.4429
19.7077 90 61.8831
19.7141 94 64.2856
19.7077 95 64.8831
19.7077 92 63.0831
19.8229 91 62.5292
19.6818 94 64.2727
19.7077 98 66.6831
19.6818 95 64.8727
19.3594 96 65.3438
19.5804 100 67.8322
19.6818 96 65.4727
19.3594 104 70.1438
19.3594 98 66.5438
19.3428 99 67.1371
19.3594 103 69.5438
19.3428 100 67.7371
19.3428 101 68.3371
19.2321 109 73.0929
19.3428 100 67.7371
19.2321 103 69.4929
19.2321 104 70.0929
19.2155 105 70.6862
19.2321 105 70.6929
19.2155 106 71.2862
19.2155 107 71.8862
19.2321 105 70.6929
19.0954 109 73.0381
19.2155 109 73.0862
19.0954 110 73.6381
19.0954 111 74.2382
19.0954 110 73.6381
19.0954 113 75.4381
19.0787 121 80.2315
19.0954 114 76.0381
19.0787 115 76.6315
19.0787 116 77.2315
19.0787 115 76.6315
19.0658 118 78.4263
19.0787 118 78.4315
19.0658 119 79.0263
19.0658 120 79.6263
19.0658 121 80.2263
19.0658 122 80.8263
19.0658 121 80.2263
19.0658 122 80.8263
19.0658 127 83.8263
19.0658 130 85.6263
19.6818 96 65.4727
20.1108 87 60.2443
19.2321 104 70.0929
19.2155 108 72.4862
19.0658 135 88.6263
20.1108 88 60.8443
19.2155 105 70.6862
20.1108 87 60.2443
20.1044 89 61.4418
19.2155 106 71.2862
20.1164 84 58.4466
19.3428 109 73.1371
19.0954 116 77.2382
19.3428 99 67.1371
19.0787 116 77.2315
20.1108 86 59.6443
19.2321 113 75.4929
19.0658 124 82.0263
19.6818 96 65.4727
19.2155 106 71.2862
19.0658 118 78.4263
19.2321 105 70.6929
19.0658 121 80.2263
19.7141 89 61.2856
19.3232 104 70.1293
19.2321 104 70.0929
19.0658 130 85.6263
20.6812 84 58.6725
19.7077 94 64.2831
19.3428 102 68.9371
20.2019 88 60.8807
19.2155 106 71.2862
19.2321 102 68.8929
19.2155 109 73.0862
19.7141 90 61.8856
19.3594 96 65.3438
19.0954 110 73.6381
19.2155 109 73.0862
19.3428 100 67.7371
19.0787 114 76.0315
20.1072 88 60.8429
19.6818 100 67.8727
19.7077 90 61.8831
19.0954 112 74.8382
19.0787 117 77.8315
19.0658 123 81.4263
19.0787 124 82.0315
19.3428 98 66.5371
19.0658 120 79.6263
20.1072 89 61.4429
20.6812 84 58.6725
19.0954 113 75.4381
19.0954 109 73.0381
19.0787 118 78.4315
19.0954 112 74.8382
20.1044 89 61.4418
19.7077 92 63.0831
19.2155 107 71.8862
20.1072 88 60.8429
19.3594 96 65.3438
20.1072 88 60.8429
19.7077 96 65.4831
19.0658 118 78.4263
19.2321 102 68.8929
19.0787 115 76.6315
20.6784 89 61.6714
19.0954 112 74.8382
19.3428 101 68.3371
19.2155 107 71.8862
20.1044 89 61.4418
19.7141 97 66.0856
19.0787 114 76.0315
19.3428 99 67.1371
19.5804 96 65.4322
19.3428 100 67.7371
19.7077 90 61.8831
19.6818 94 64.2727
20.1108 86 59.6443
19.2155 106 71.2862
20.6812 84 58.6725
19.7077 90 61.8831
19.2321 103 69.4929
19.2155 109 73.0862
19.0787 112 74.8315
19.6818 96 65.4727
19.6818 94 64.2727
19.0787 116 77.2315
19.2321 107 71.8929
19.0658 121 80.2263
19.0658 123 81.4263
