20.6812 86 79.4681
20.6812 87 80.3681
20.1164 88 81.2116
20.6812 88 81.2681
20.1164 94 86.6116
20.1164 90 83.0116
20.1044 92 84.8104
20.1044 93 85.7104
19.9891 94 86.5989
20.1044 94 86.6104
19.9891 95 87.4989
19.9891 94 86.5989
19.7077 97 89.2708
19.9891 97 89.2989
19.6818 105 96.4682
19.7867 99 91.0787
19.5804 99 91.058
19.6818 103 94.6682
19.3594 107 98.2359
19.5804 100 91.958
19.3594 101 92.8359
19.3594 102 93.7359
19.3428 101 92.8343
19.3594 103 94.6359
19.2321 102 93.7232
19.3428 109 100.034
19.2321 105 96.4232
19.2321 106 97.3232
19.6409 102 93.7641
19.2155 108 99.1215
19.2321 108 99.1232
19.2155 109 100.022
19.2155 110 100.922
19.1787 111 101.818
19.2155 109 100.022
19.1787 112 102.718
19.1787 113 103.618
19.1787 112 102.718
19.1787 115 105.418
19.1787 116 106.318
19.1787 115 105.418
19.1787 118 108.118
19.1787 119 109.018
19.1725 120 109.917
19.1787 120 109.918
19.0954 119 109.01
19.1725 121 110.817
19.0787 122 111.708
19.0954 122 111.71
19.0787 121 110.808
19.0658 122 111.707
19.0787 124 113.508
19.0658 125 114.407
19.0658 126 115.307
19.0192 127 116.202
19.0658 127 116.207
19.0192 128 117.102
19.0192 136 124.302
19.0192 128 117.102
19.0192 138 126.102
19.0954 120 109.91
19.3428 111 101.834
20.1164 88 81.2116
20.1164 89 82.1116
19.1725 121 110.817
19.5456 114 104.555
19.3594 101 92.8359
19.0787 122 111.708
19.0658 126 115.307
19.3594 108 99.1359
19.1787 118 108.118
19.0954 121 110.81
19.1725 121 110.817
19.1787 111 101.818
20.6812 93 85.7681
19.0658 126 115.307
20.1164 89 82.1116
19.2155 116 106.322
19.5804 99 91.058
19.3594 100 91.9359
19.0192 127 116.202
19.2321 104 95.5232
19.1787 115 105.418
20.1164 88 81.2116
19.5874 114 104.559
20.6812 94 86.6681
19.2155 109 100.022
20.1044 92 84.8104
19.1787 113 103.618
19.2155 108 99.1215
19.7077 97 89.2708
19.5804 99 91.058
19.0192 129 118.002
19.6957 98 90.1696
19.3594 102 93.7359
19.1787 120 109.918
19.0658 124 113.507
19.1787 111 101.818
19.2155 109 100.022
19.5874 107 98.2587
20.1164 88 81.2116
20.1164 88 81.2116
19.3594 109 100.036
19.1787 117 107.218
19.1787 115 105.418
19.9891 97 89.2989
19.3428 102 93.7343
19.2155 118 108.122
19.2697 121 110.827
19.1787 118 108.118
19.0658 126 115.307
19.2155 107 98.2215
20.6812 86 79.4681
19.3594 103 94.6359
19.2321 105 96.4232
19.5874 114 104.559
19.2321 104 95.5232
19.0192 131 119.802
19.1725 120 109.917
20.6812 87 80.3681
19.3594 107 98.2359
19.4746 122 111.747
19.6818 99 91.0682
19.3594 100 91.9359
20.1164 88 81.2116
19.2321 108 99.1232
19.0192 127 116.202
19.0658 124 113.507
20.1164 94 86.6116
19.3594 105 96.4359
19.3594 101 92.8359
19.0192 130 118.902
19.3428 102 93.7343
19.1787 118 108.118
19.2321 106 97.3232
19.0192 128 117.102
19.0787 122 111.708
19.0658 127 116.207
19.3428 103 94.6343
19.2155 109 100.022
19.2321 114 104.523
19.6957 98 90.1696
19.0192 127 116.202
19.2321 114 104.523
19.1787 120 109.918
19.3428 107 98.2343
20.1164 88 81.2116
19.0658 127 116.207
19.6818 102 93.7682
19.0954 121 110.81
