20.6812 83 76.7681
20.6812 84 77.6681
20.6812 83 76.7681
20.1164 86 79.4116
20.6812 86 79.4681
20.1164 87 80.3116
20.1164 86 79.4116
20.1164 89 82.1116
20.1164 88 81.2116
20.1044 91 83.9104
20.1072 95 87.5107
20.1164 98 90.2116
19.9891 92 84.7989
20.1044 97 89.3104
19.9891 93 85.6989
19.8229 94 86.5823
19.9891 94 86.5989
19.7077 102 93.7708
19.8229 93 85.6823
19.6818 96 88.3682
19.7077 96 88.3708
19.5804 97 89.258
19.6818 97 89.2682
19.5804 98 90.158
19.3594 99 91.0359
19.4747 99 91.0475
19.5804 99 91.058
19.3428 100 91.9343
19.3594 107 98.2359
19.3428 101 92.8343
19.3428 102 93.7343
19.2321 103 94.6232
19.3428 107 98.2343
19.2321 104 95.5232
19.2321 112 102.723
19.2321 104 95.5232
19.2155 111 101.822
19.2321 112 102.723
19.2155 108 99.1215
19.2155 109 100.022
19.1787 110 100.918
19.2155 108 99.1215
19.1787 111 101.818
19.1787 110 100.918
19.1787 120 109.918
19.1787 121 110.818
19.1787 120 109.918
19.0787 116 106.308
19.0954 116 106.31
19.1787 114 104.518
19.0787 120 109.908
19.0658 121 110.807
19.0787 121 110.808
19.0658 122 111.707
19.0658 121 110.807
20.1164 89 82.1116
20.1164 89 82.1116
19.9891 100 91.9989
19.1787 111 101.818
19.0787 120 109.908
19.1787 116 106.318
20.1072 91 83.9107
20.6812 84 77.6681
19.9891 92 84.7989
19.5804 99 91.058
19.1787 113 103.618
19.3428 100 91.9343
20.6812 83 76.7681
19.2155 109 100.022
19.8229 95 87.4823
19.5874 108 99.1587
19.3594 100 91.9359
19.0954 116 106.31
20.1044 92 84.8104
19.2155 108 99.1215
19.2155 107 98.2215
19.2321 111 101.823
20.1164 89 82.1116
19.1787 115 105.418
19.0954 116 106.31
19.1787 119 109.018
19.6714 99 91.0671
19.9891 92 84.7989
19.1787 112 102.718
19.7077 95 87.4708
19.0787 119 109.008
19.2321 107 98.2232
19.3594 104 95.5359
19.0658 120 109.907
19.9891 92 84.7989
20.6812 86 79.4681
19.0787 116 106.308
19.6818 97 89.2682
20.1164 85 78.5116
19.0787 116 106.308
19.2321 113 103.623
19.2155 107 98.2215
20.1164 86 79.4116
19.2321 107 98.2232
20.1164 89 82.1116
19.3594 99 91.0359
20.1044 92 84.8104
19.2155 107 98.2215
20.6812 86 79.4681
19.3428 100 91.9343
20.1164 88 81.2116
19.1787 110 100.918
20.1044 91 83.9104
20.1044 92 84.8104
19.6818 96 88.3682
20.6812 85 78.5681
19.1787 115 105.418
19.1787 111 101.818
20.6812 85 78.5681
19.5804 97 89.258
19.1787 115 105.418
19.0658 121 110.807
20.6812 86 79.4681
19.8229 94 86.5823
19.1787 110 100.918
20.1164 86 79.4116
20.1164 88 81.2116
19.3428 103 94.6343
19.4747 104 95.5475
19.9891 96 88.3989
20.1164 98 90.2116
19.0787 116 106.308
19.2321 106 97.3232
19.7077 95 87.4708
19.3428 101 92.8343
19.1787 116 106.318
19.3594 100 91.9359
19.1787 111 101.818
19.3594 99 91.0359
19.3428 103 94.6343
20.6812 84 77.6681
19.7077 95 87.4708
20.1164 91 83.9116
19.0787 119 109.008
19.7077 95 87.4708
19.3594 99 91.0359
20.6812 83 76.7681
20.1164 90 83.0116
20.1164 91 83.9116
20.6812 85 78.5681
19.3428 101 92.8343
20.6812 92 84.8681
19.1787 112 102.718
19.7077 96 88.3708
20.6812 86 79.4681
