20.9851 78 38.0896
21.2942 82 39.5059
20.9851 80 38.6896
20.9375 83 39.5562
20.7385 81 38.8169
20.8988 84 39.8291
20.8988 85 40.1291
20.8948 84 39.8264
20.8988 86 40.4291
20.8948 87 40.7264
20.8694 88 41.0086
20.5692 87 40.4985
20.8694 89 41.3086
20.5692 88 40.7985
20.548 91 41.6836
20.5692 91 41.6985
20.4656 92 41.9259
20.4949 92 41.9464
20.548 92 41.9836
20.4656 91 41.6259
20.4444 94 42.5111
20.4656 94 42.5259
20.3557 95 42.749
20.4444 95 42.8111
20.3053 96 43.0137
20.3557 94 42.449
20.2736 102 44.7915
20.3053 97 43.3137
20.0302 98 43.4211
20.1693 98 43.5185
20.2779 98 43.5945
20.0302 99 43.7211
20.0302 100 44.0211
20.0302 99 43.7211
20.0302 100 44.0211
20.0259 103 44.9181
20.4953 97 43.4467
20.0259 104 45.2181
20.0259 105 45.5181
20.4911 100 44.3437
19.9755 105 45.4829
20.0302 101 44.3211
19.9755 115 48.4829
19.9755 109 46.6829
19.9755 110 46.9829
19.9755 111 47.2829
19.9755 112 47.5829
20.4911 107 46.4437
19.9755 121 50.2829
19.9755 113 47.8829
19.9755 114 48.1829
20.1146 113 47.9802
19.9755 118 49.3829
19.9755 117 49.0829
19.9755 118 49.3829
19.9755 121 50.2829
19.9755 120 49.9829
19.9755 123 50.8829
19.9755 122 50.5829
19.9755 123 50.8829
20.4444 93 42.2111
20.3053 97 43.3137
20.4656 94 42.5259
19.9755 113 47.8829
20.0259 114 48.2181
20.0259 103 44.9181
20.1146 111 47.3802
20.2779 98 43.5945
20.4911 104 45.5437
20.4444 99 44.0111
19.9755 118 49.3829
20.4911 107 46.4437
20.1146 110 47.0802
19.9755 113 47.8829
19.9755 109 46.6829
20.0302 101 44.3211
20.0302 100 44.0211
20.4949 90 41.3464
19.9755 108 46.3829
20.0259 102 44.6181
20.5692 89 41.0985
19.9755 114 48.1829
19.9755 118 49.3829
20.1693 98 43.5185
19.9755 121 50.2829
20.8988 93 42.5291
20.3053 95 42.7137
20.0302 98 43.4211
20.4953 94 42.5467
20.8948 87 40.7264
20.1693 98 43.5185
19.9755 113 47.8829
20.0302 98 43.4211
19.9755 114 48.1829
20.0302 110 47.0211
20.6816 92 42.0771
20.4949 90 41.3464
20.548 90 41.3836
19.9755 107 46.0829
20.9851 81 38.9896
20.0259 110 47.0181
20.3557 96 43.049
20.0302 101 44.3211
20.4656 91 41.6259
20.548 91 41.6836
20.2779 97 43.2945
19.9755 117 49.0829
19.9755 112 47.5829
20.0259 103 44.9181
20.2779 97 43.2945
20.7544 88 40.9281
19.9755 115 48.4829
20.9262 83 39.5484
20.8988 84 39.8291
20.8694 94 42.8086
20.4911 114 48.5437
20.4656 92 41.9259
20.0259 104 45.2181
20.2779 97 43.2945
20.0259 107 46.1181
19.9755 107 46.0829
19.9755 121 50.2829
20.4444 94 42.5111
20.8948 87 40.7264
20.0259 104 45.2181
19.9755 113 47.8829
20.5692 89 41.0985
19.9755 118 49.3829
20.8948 93 42.5264
19.9755 117 49.0829
19.9755 114 48.1829
20.0259 104 45.2181
20.4656 97 43.4259
20.1693 96 42.9185
19.9755 120 49.9829
20.4444 95 42.8111
19.9755 118 49.3829
20.0259 105 45.5181
20.8948 85 40.1264
20.3557 95 42.749
20.8948 84 39.8264
20.96 86 40.472
20.8988 84 39.8291
20.548 91 41.6836
20.3557 96 43.049
20.8948 85 40.1264
20.8988 86 40.4291
20.0302 101 44.3211
19.9755 107 46.0829
20.4656 91 41.6259
