20.7288 89 34.383
20.7288 90 34.583
20.7288 91 34.7831
20.4219 93 34.9376
20.7288 90 34.583
20.4219 98 35.9376
20.7288 93 35.1831
20.4219 95 35.3376
20.4219 96 35.5376
19.9077 99 35.7262
20.4219 97 35.7375
19.9077 100 35.9262
20.4219 96 35.5376
19.9077 101 36.1262
20.2874 106 37.4299
19.9077 107 37.3262
19.9077 103 36.5262
19.8278 104 36.6622
19.8466 111 38.0773
19.9077 104 36.7262
19.8278 105 36.8622
19.8278 113 38.4622
19.7888 107 37.231
19.8278 107 37.2622
19.7888 115 38.831
19.7888 109 37.631
19.7481 110 37.7985
19.7888 108 37.431
19.7481 111 37.9985
19.7394 110 37.7915
19.7481 112 38.1985
19.6594 116 38.9275
19.7394 116 38.9915
19.6594 124 40.5275
19.6594 126 40.9275
19.6594 119 39.5275
19.6594 120 39.7275
19.6594 126 40.9275
19.6594 122 40.1275
19.6594 128 41.3275
19.6366 124 40.5093
19.6594 124 40.5275
19.6366 125 40.7093
19.6594 117 39.1275
19.6366 132 42.1093
19.6366 128 41.3093
19.6594 120 39.7275
19.6366 128 41.3093
19.6366 131 41.9093
19.6355 132 42.1084
19.6366 130 41.7093
19.6355 133 42.3084
20.0221 128 41.6177
19.8799 137 43.304
19.6355 136 42.9084
19.6355 137 43.1084
19.6355 145 44.7084
19.6355 146 44.9084
19.6355 147 45.1084
20.0221 131 42.2177
20.6129 98 36.0903
19.8466 111 38.0773
20.4219 93 34.9376
19.9077 100 35.9262
19.7888 107 37.231
19.6594 128 41.3275
19.8466 104 36.6773
19.6355 136 42.9084
19.8466 104 36.6773
20.7288 93 35.1831
19.6366 124 40.5093
20.7288 90 34.583
19.6366 131 41.9093
19.6355 135 42.7084
19.6366 129 41.5093
19.8278 105 36.8622
19.7394 112 38.1915
19.6594 120 39.7275
20.2874 104 37.0299
19.7888 107 37.231
19.6594 122 40.1275
19.8278 105 36.8622
19.7888 108 37.431
19.6366 128 41.3093
20.4219 99 36.1376
19.9077 99 35.7262
19.7888 107 37.231
19.8278 107 37.2622
19.7097 125 40.7678
20.7288 92 34.983
19.7888 108 37.431
19.6594 123 40.3275
19.7481 110 37.7985
19.7888 110 37.831
20.4219 95 35.3376
19.6355 133 42.3084
20.4219 95 35.3376
19.7888 116 39.031
20.0221 128 41.6177
19.7481 112 38.1985
19.6594 119 39.5275
19.6594 126 40.9275
19.6594 123 40.3275
19.7888 108 37.431
19.6594 121 39.9275
19.8466 104 36.6773
19.6366 138 43.3093
20.4219 95 35.3376
20.4219 97 35.7375
20.4219 93 34.9376
19.6366 125 40.7093
20.0221 127 41.4177
19.7888 108 37.431
19.6355 146 44.9084
19.7394 116 38.9915
19.6594 119 39.5275
20.4798 96 35.5838
20.7288 89 34.383
20.7288 89 34.383
19.6355 135 42.7084
20.4219 96 35.5376
19.7888 108 37.431
20.0221 127 41.4177
19.6594 118 39.3275
19.6355 137 43.1084
19.6355 147 45.1084
19.7481 112 38.1985
20.4219 96 35.5376
19.7888 108 37.431
19.7888 108 37.431
19.6594 120 39.7275
20.7288 89 34.383
20.2874 101 36.4299
20.4219 97 35.7375
19.7394 112 38.1915
19.6366 125 40.7093
19.6594 117 39.1275
19.8466 104 36.6773
19.6355 133 42.3084
19.6366 126 40.9093
19.7888 107 37.231
19.7888 117 39.231
19.6594 126 40.9275
19.6366 132 42.1093
19.7888 116 39.031
19.9077 106 37.1262
19.7481 110 37.7985
19.6594 118 39.3275
19.8278 104 36.6622
19.7481 112 38.1985
