20.7288 99 67.6915
20.7288 100 68.2915
20.547 101 68.8188
20.7288 99 67.6915
20.1044 102 69.2418
20.7288 96 65.8915
20.1044 107 72.2418
19.6957 104 70.2783
19.6984 104 70.2794
20.1044 111 74.6418
19.6957 103 69.6783
19.6957 106 71.4783
19.679 107 72.0716
19.6957 107 72.0783
19.679 106 71.4716
19.3474 109 73.139
19.679 107 72.0716
19.3474 110 73.739
19.3474 109 73.139
19.2321 113 75.4929
19.3308 110 73.7323
19.3511 114 76.1404
19.2155 111 74.2862
19.2155 112 74.8862
19.2155 119 79.0862
19.1787 116 77.2715
19.1953 116 77.2781
19.2155 114 76.0862
19.1787 117 77.8715
19.1787 116 77.2715
19.1787 119 79.0715
19.1787 120 79.6715
19.1787 121 80.2715
19.1787 122 80.8715
19.1787 123 81.4715
19.1787 122 80.8715
19.1787 125 82.6715
19.1787 126 83.2715
19.5874 122 81.035
19.2155 122 80.8862
19.5874 124 82.235
19.1787 130 85.6715
19.1103 137 89.8441
19.1787 131 86.2715
19.2155 114 76.0862
19.2155 114 76.0862
19.679 108 72.6716
19.1787 115 76.6715
19.2155 118 78.4862
19.2155 116 77.2862
19.3474 115 76.739
19.1787 117 77.8715
19.6957 107 72.0783
19.6957 107 72.0783
19.1787 121 80.2715
20.1044 102 69.2418
19.1787 116 77.2715
19.1787 118 78.4715
20.1044 101 68.6418
19.1787 128 84.4715
19.3308 110 73.7323
20.7288 98 67.0915
19.6993 106 71.4797
19.5874 128 84.635
19.1787 131 86.2715
20.7288 98 67.0915
19.1787 123 81.4715
19.679 109 73.2716
20.4311 109 73.5725
19.3474 111 74.339
20.7288 100 68.2915
19.1787 130 85.6715
19.1787 132 86.8715
19.679 106 71.4716
19.1953 130 85.6781
20.7288 99 67.6915
19.5637 107 72.0255
19.7701 109 73.308
20.547 102 69.4188
19.3474 112 74.939
19.1787 132 86.8715
19.5637 108 72.6255
20.547 102 69.4188
19.1787 117 77.8715
19.1787 124 82.0715
19.6957 107 72.0783
19.1787 133 87.4715
19.2155 113 75.4862
19.1103 131 86.2441
19.3308 112 74.9323
19.3474 115 76.739
19.1787 121 80.2715
19.3474 110 73.739
20.7288 100 68.2915
19.1787 127 83.8715
19.1787 127 83.8715
20.547 101 68.8188
20.1044 103 69.8418
19.1787 120 79.6715
19.1787 117 77.8715
20.7288 99 67.6915
19.1787 123 81.4715
20.7288 100 68.2915
19.1139 135 88.6456
19.1787 116 77.2715
20.7288 97 66.4915
19.1697 127 83.8679
20.7288 101 68.8915
19.1787 123 81.4715
20.7288 101 68.8915
19.2321 112 74.8929
19.1953 117 77.8781
20.7288 101 68.8915
20.547 102 69.4188
19.3474 109 73.139
19.1814 127 83.8726
19.3474 109 73.139
19.294 123 81.5176
19.3474 115 76.739
19.1787 126 83.2715
20.7288 96 65.8915
19.679 105 70.8716
19.5874 115 76.835
20.547 101 68.8188
19.5874 117 78.035
19.1787 114 76.0715
19.519 128 84.6076
19.1787 125 82.6715
19.9891 100 67.9956
19.1953 117 77.8781
19.1787 127 83.8715
19.6984 104 70.2794
19.1103 131 86.2441
19.1787 130 85.6715
19.1953 123 81.4781
19.2155 121 80.2862
19.1787 130 85.6715
20.7288 99 67.6915
19.1953 116 77.2781
19.1787 125 82.6715
20.1044 100 68.0418
19.1953 116 77.2781
19.1787 126 83.2715
19.2321 113 75.4929
19.1953 117 77.8781
19.1787 118 78.4715
19.2155 112 74.8862
20.547 102 69.4188
19.1787 125 82.6715
19.3474 108 72.539
