22.317 90 56.1585
20.3858 89 54.6929
22.4548 87 54.7274
20.3858 94 57.1929
22.4548 88 55.2274
20.2586 91 55.6293
20.3858 98 59.1929
22.4548 87 54.7274
20.2586 97 58.6293
20.2586 93 56.6293
20.2586 94 57.1293
19.679 95 57.3395
20.2586 95 57.6293
19.3539 96 57.6769
19.679 96 57.8395
19.3539 97 58.1769
19.2693 105 62.1346
19.3372 98 58.6686
19.3539 98 58.6769
19.2693 99 59.1346
19.2107 100 59.6053
19.2693 104 61.6346
19.2107 108 63.6053
19.207 102 60.6035
19.2107 102 60.6053
19.1 103 61.05
19.207 103 61.1035
19.1 104 61.55
19.1 105 62.05
19.1 113 66.05
19.0834 107 63.0417
19.1 107 63.05
19.0834 112 65.5417
19.0834 109 64.0417
19.0632 110 64.5316
19.0834 110 64.5417
19.0438 116 67.5219
19.0632 115 67.0316
19.0466 112 65.5233
19.0466 120 69.5233
19.0466 114 66.5233
19.0466 113 66.0233
19.0466 116 67.5233
19.0466 117 68.0233
19.0466 118 68.5233
19.0438 126 72.5219
19.0834 113 66.0417
19.0404 120 69.5202
19.0438 120 69.5219
19.0238 121 70.0119
19.0404 121 70.0202
19.0238 122 70.5119
19.193 117 68.0965
19.0238 124 71.5119
19.0238 123 71.0119
19.0238 124 71.5119
19.2693 101 60.1346
19.2693 100 59.6346
20.3858 90 55.1929
19.1 106 62.55
19.3539 98 58.6769
19.0466 111 65.0233
22.4548 88 55.2274
19.0466 116 67.5233
19.0466 112 65.5233
22.4548 88 55.2274
19.0632 111 65.0316
19.3539 97 58.1769
19.679 95 57.3395
19.0438 118 68.5219
19.207 107 63.1035
19.1 106 62.55
20.3858 89 54.6929
19.2107 100 59.6053
19.1 105 62.05
19.1 104 61.55
20.2586 94 57.1293
19.0466 111 65.0233
19.0466 114 66.5233
19.1 105 62.05
20.2586 94 57.1293
19.0238 126 72.5119
19.0632 110 64.5316
20.3858 90 55.1929
19.0238 122 70.5119
19.1 108 63.55
19.1 104 61.55
19.1 104 61.55
19.1 107 63.05
19.679 96 57.8395
19.0466 118 68.5233
19.0834 113 66.0417
19.0404 121 70.0202
19.0438 119 69.0219
19.3539 97 58.1769
19.2693 98 58.6346
19.0238 121 70.0119
19.0466 111 65.0233
19.0834 108 63.5417
19.0466 116 67.5233
19.1 106 62.55
22.4548 87 54.7274
19.3372 105 62.1686
19.679 96 57.8395
20.3858 89 54.6929
19.0438 119 69.0219
19.0238 123 71.0119
22.4548 86 54.2274
19.207 103 61.1035
20.2586 91 55.6293
19.3539 96 57.6769
19.2107 102 60.6053
19.0238 121 70.0119
19.1 105 62.05
22.4548 89 55.7274
19.0466 116 67.5233
19.0632 112 65.5316
19.0834 110 64.5417
19.0238 126 72.5119
19.2693 98 58.6346
19.0834 109 64.0417
19.0466 112 65.5233
19.0834 109 64.0417
20.2586 102 61.1293
19.1 106 62.55
19.0438 120 69.5219
19.1 105 62.05
20.3858 98 59.1929
20.2586 95 57.6293
22.4548 93 57.7274
19.0238 122 70.5119
19.0632 112 65.5316
19.0466 117 68.0233
19.0238 123 71.0119
19.0238 124 71.5119
19.0238 122 70.5119
19.0466 114 66.5233
19.2107 102 60.6053
19.0238 124 71.5119
19.0238 123 71.0119
19.3539 98 58.6769
19.0404 121 70.0202
19.2693 98 58.6346
19.679 95 57.3395
19.207 110 64.6035
20.2586 92 56.1293
19.0466 113 66.0233
19.679 99 59.3395
19.0466 117 68.0233
19.0466 113 66.0233
