20.7288 99 83.3458
20.7288 100 84.1458
20.547 101 84.9094
20.7288 99 83.3458
20.547 102 85.7094
20.1044 103 86.4209
20.547 101 84.9094
20.1044 102 85.6209
19.6957 105 87.9391
19.6984 103 86.3397
20.1072 103 86.4214
19.6957 104 87.1391
19.6957 107 89.5391
19.679 106 88.7358
19.6957 106 88.7391
19.679 109 91.1358
19.3474 108 90.2695
19.679 108 90.3358
19.3474 111 92.6695
19.3308 112 93.4662
19.3474 112 93.4695
19.2155 113 94.2431
19.3308 111 92.6662
19.2155 114 95.0431
19.6242 110 91.9248
19.1787 116 96.6357
19.1953 116 96.6391
19.2321 113 94.2464
19.1787 115 95.8357
19.1787 116 96.6357
19.1787 119 99.0357
19.1787 120 99.8357
19.1787 128 106.236
19.1787 120 99.8357
19.1787 127 105.436
19.5874 119 99.1175
19.1787 125 103.836
19.1787 124 103.036
19.1103 132 109.422
19.1787 135 111.836
19.2155 123 102.243
19.1787 123 102.236
19.1787 133 110.236
19.679 106 88.7358
19.5874 122 101.517
19.1787 122 101.436
19.3474 110 91.8695
19.1787 118 98.2357
19.1953 115 95.8391
19.1787 127 105.436
20.546 107 89.7092
20.7288 98 82.5458
19.679 108 90.3358
19.3474 110 91.8695
19.2155 113 94.2431
19.3474 109 91.0695
19.1787 120 99.8357
19.1787 119 99.0357
20.1044 103 86.4209
19.1787 125 103.836
20.7288 98 82.5458
19.5874 119 99.1175
20.7288 100 84.1458
19.6957 103 86.3391
20.1044 104 87.2209
20.1044 108 90.4209
19.1787 126 104.636
19.1787 118 98.2357
19.6957 106 88.7391
19.679 108 90.3358
19.1787 128 106.236
19.1787 122 101.436
19.1787 125 103.836
20.547 100 84.1094
20.1044 101 84.8209
19.2321 111 92.6464
19.1787 125 103.836
19.6957 106 88.7391
20.7288 100 84.1458
19.3474 110 91.8695
20.1044 101 84.8209
20.1044 102 85.6209
19.6984 105 87.9397
19.6957 106 88.7391
19.679 109 91.1358
19.1787 117 97.4357
19.1787 120 99.8357
19.1787 126 104.636
19.3474 110 91.8695
19.1787 124 103.036
19.1787 120 99.8357
19.6984 105 87.9397
19.2155 114 95.0431
19.2155 113 94.2431
19.679 110 91.9358
19.1953 116 96.6391
19.1787 121 100.636
20.1044 101 84.8209
20.547 108 90.5094
20.7288 101 84.9458
19.3308 120 99.8662
19.1787 127 105.436
19.1787 123 102.236
20.1044 102 85.6209
19.1787 131 108.636
19.1787 117 97.4357
19.1787 119 99.0357
19.1787 118 98.2357
19.1787 124 103.036
19.1787 118 98.2357
19.1787 124 103.036
19.1953 125 103.839
19.1787 118 98.2357
20.7288 99 83.3458
20.1044 103 86.4209
19.1787 127 105.436
19.1953 116 96.6391
19.1787 122 101.436
19.5874 118 98.3175
19.1787 123 102.236
19.3308 116 96.6662
20.266 103 86.4532
20.7288 99 83.3458
20.547 100 84.1094
19.1787 126 104.636
20.1044 103 86.4209
19.3308 111 92.6662
19.3474 112 93.4695
20.1044 103 86.4209
19.1787 125 103.836
19.679 116 96.7358
19.3308 113 94.2662
19.2155 113 94.2431
20.7288 99 83.3458
19.294 123 102.259
19.2155 114 95.0431
19.2155 114 95.0431
19.679 110 91.9358
20.7288 100 84.1458
19.3308 113 94.2662
19.1787 127 105.436
19.1787 127 105.436
19.3474 109 91.0695
19.3474 110 91.8695
19.1787 133 110.236
19.3474 112 93.4695
19.6957 105 87.9391
19.679 108 90.3358
20.1044 101 84.8209
19.1787 123 102.236
