22.4548 86 54.2274
22.4548 87 54.7274
20.3858 90 55.1929
22.4548 88 55.2274
20.3858 89 54.6929
22.317 93 57.6585
20.3858 92 56.1929
22.4548 90 56.2274
20.3858 100 60.1929
20.3858 94 57.1929
20.5011 93 56.7506
20.2586 96 58.1293
20.3858 96 58.1929
19.679 97 58.3395
20.2586 95 57.6293
19.3539 98 58.6769
19.679 98 58.8395
19.3539 99 59.1769
19.3539 100 59.6769
19.3372 101 60.1686
19.3539 101 60.1769
19.3372 102 60.6686
19.2273 103 61.1137
19.3372 103 61.1686
19.2107 104 61.6053
19.2107 105 62.1053
19.207 106 62.6035
19.2107 113 66.1053
19.1987 107 63.0993
19.207 105 62.1035
19.1738 108 63.5869
19.1987 108 63.5993
19.0466 114 66.5233
19.1738 110 64.5869
19.1738 115 67.0869
19.1738 112 65.5869
19.1619 113 66.0809
19.3124 112 65.6562
19.1619 114 66.5809
19.1619 115 67.0809
19.1619 116 67.5809
19.1582 115 67.0791
19.1987 111 65.0993
19.1582 116 67.5791
19.1582 119 69.0791
19.1582 118 68.5791
19.2967 120 69.6484
19.1721 119 69.086
19.1582 127 73.0791
19.1554 128 73.5777
19.1721 121 70.086
19.1554 123 71.0777
19.1554 126 72.5777
19.1554 127 73.0777
19.1554 135 77.0777
19.1554 129 74.0777
19.1554 130 74.5777
19.1554 131 75.0777
19.1554 130 74.5777
19.207 107 63.1035
19.1554 131 75.0777
19.3246 116 67.6623
19.1721 119 69.086
19.1554 130 74.5777
19.207 106 62.6035
19.1582 125 72.0791
19.1582 117 68.0791
19.3539 100 59.6769
19.1738 111 65.0869
19.1738 108 63.5869
19.1738 113 66.0869
19.3246 119 69.1623
19.1554 125 72.0777
19.1738 111 65.0869
19.3539 101 60.1769
19.1619 114 66.5809
19.1554 132 75.5777
19.2107 108 63.6053
19.1554 129 74.0777
19.4516 117 68.2258
19.1554 130 74.5777
19.1582 125 72.0791
19.2107 105 62.1053
19.2273 103 61.1137
19.2273 103 61.1137
19.1987 108 63.5993
19.2107 105 62.1053
19.1554 132 75.5777
19.1922 119 69.0961
19.1554 134 76.5777
19.1987 107 63.0993
19.1554 123 71.0777
19.1619 115 67.0809
19.679 98 58.8395
19.3004 114 66.6502
20.3858 92 56.1929
20.3858 91 55.6929
19.207 104 61.6035
19.2107 106 62.6053
19.1619 113 66.0809
19.1554 128 73.5777
20.3858 94 57.1929
19.1738 110 64.5869
19.1554 120 69.5777
19.1554 122 70.5777
22.4548 87 54.7274
19.1987 115 67.0993
19.1582 121 70.0791
19.2079 110 64.6039
19.1738 116 67.5869
19.1738 110 64.5869
19.207 111 65.1035
19.3372 103 61.1686
22.3748 95 58.6874
19.1582 120 69.5791
19.1582 120 69.5791
19.3124 110 64.6562
19.3539 100 59.6769
19.1582 119 69.0791
19.207 106 62.6035
19.679 97 58.3395
19.3539 99 59.1769
19.679 98 58.8395
19.1554 129 74.0777
19.1591 119 69.0795
22.4548 87 54.7274
20.3858 92 56.1929
19.1619 124 71.5809
19.2107 106 62.6053
19.1619 113 66.0809
19.3227 108 63.6614
19.1987 111 65.0993
19.1554 123 71.0777
22.7014 90 56.3507
19.2273 103 61.1137
19.1738 113 66.0869
20.3858 93 56.6929
19.1554 131 75.0777
19.1987 114 66.5993
19.2107 107 63.1053
19.1738 115 67.0869
20.3858 99 59.6929
20.3858 89 54.6929
19.1554 129 74.0777
20.3858 92 56.1929
19.1554 124 71.5777
19.1582 118 68.5791
19.1582 118 68.5791
20.3858 96 58.1929
19.1738 109 64.0869
