20.6812 91 83.9681
20.6812 96 88.4681
20.6812 93 85.7681
20.6747 94 86.6675
20.6775 94 86.6677
20.6812 94 86.6681
20.6747 95 87.5675
20.6747 96 88.4675
20.6747 97 89.3675
20.547 98 90.2547
20.6747 98 90.2675
19.9891 97 89.2989
20.4311 106 97.4431
19.6957 100 91.9696
19.9891 105 96.4989
20.1044 96 88.4104
19.6818 102 93.7682
19.6957 103 94.6696
19.5804 103 94.658
19.679 104 95.5679
19.6818 103 94.6682
19.3428 104 95.5343
19.5804 104 95.558
19.3428 105 96.4343
19.3428 104 95.5343
19.2321 107 98.2232
19.3308 107 98.2331
19.3428 105 96.4343
19.2321 115 105.423
19.2321 114 104.523
19.2321 110 100.923
19.2155 111 101.822
19.2321 111 101.823
19.1787 112 102.718
19.2155 119 109.022
19.1787 117 107.218
19.1787 114 104.518
19.1787 115 105.418
19.5874 111 101.859
19.1953 114 104.52
19.5874 113 103.659
19.1787 126 115.318
19.2155 114 104.522
19.1787 119 109.018
19.1787 119 109.018
19.1787 123 112.618
19.294 129 118.029
19.1697 125 114.417
19.1787 130 118.918
19.1697 124 113.517
19.1697 125 114.417
19.0954 128 117.11
19.5428 122 111.754
19.0954 129 118.01
19.0787 130 118.908
19.4684 124 113.547
19.0787 131 119.808
19.0787 130 118.908
19.0954 128 117.11
20.547 97 89.3547
19.1787 127 116.218
19.6957 101 92.8696
19.0787 129 118.008
19.1787 113 103.618
19.6818 100 91.9682
19.3428 105 96.4343
19.1787 113 103.618
19.1787 125 114.418
19.2155 111 101.822
20.6747 94 86.6675
19.1814 122 111.718
19.679 103 94.6679
19.9891 103 94.6989
19.2321 109 100.023
19.9891 100 91.9989
19.0787 130 118.908
19.1787 112 102.718
19.9891 99 91.0989
19.1697 126 115.317
20.6747 96 88.4675
19.1787 128 117.118
20.6747 100 92.0675
19.3428 112 102.734
19.1697 126 115.317
19.1787 130 118.918
19.1697 124 113.517
19.1697 132 120.717
19.1787 113 103.618
20.6747 94 86.6675
19.2321 111 101.823
19.1787 125 114.418
19.1787 113 103.618
19.1697 132 120.717
19.1787 122 111.718
20.6747 93 85.7675
20.6747 95 87.5675
19.9891 99 91.0989
19.1787 117 107.218
19.2697 119 109.027
19.2155 112 102.722
19.5874 110 100.959
19.6818 103 94.6682
19.0954 127 116.21
19.1787 116 106.318
19.1697 132 120.717
20.6812 93 85.7681
19.1787 122 111.718
19.6818 101 92.8682
19.6957 100 91.9696
19.3428 105 96.4343
19.5804 102 93.758
19.1787 130 118.918
19.2321 116 106.323
19.1787 121 110.818
19.1787 117 107.218
20.547 98 90.2547
19.2321 106 97.3232
19.6818 107 98.2682
19.1953 119 109.02
19.4581 103 94.6458
19.0954 129 118.01
19.2155 112 102.722
20.6747 92 84.8675
19.2155 110 100.922
19.6957 101 92.8696
20.7722 93 85.7772
19.2321 111 101.823
19.5804 101 92.858
19.1787 119 109.018
19.6957 99 91.0696
19.0954 130 118.91
19.9891 100 91.9989
19.1787 113 103.618
19.1787 118 108.118
19.0954 127 116.21
19.679 107 98.2679
19.1787 118 108.118
19.2321 112 102.723
19.2155 118 108.122
19.1697 123 112.617
19.1697 132 120.717
19.0787 131 119.808
19.1787 115 105.418
19.3428 105 96.4343
19.1787 112 102.718
20.6747 96 88.4675
19.3428 106 97.3343
19.0787 130 118.908
19.2155 111 101.822
19.9891 99 91.0989
