20.6812 86 59.8725
20.6812 87 60.4725
20.1164 88 60.8466
20.6812 88 61.0725
20.1164 94 64.4466
20.1164 90 62.0466
20.1044 92 63.2418
20.1044 93 63.8418
19.9891 94 64.3956
20.1044 94 64.4418
19.9891 95 64.9956
19.9891 94 64.3956
19.7077 97 66.0831
19.9891 97 66.1956
19.6818 105 70.8727
19.7867 99 67.3147
19.5804 99 67.2321
19.6818 103 69.6727
19.3594 107 71.9438
19.5804 100 67.8322
19.3594 101 68.3438
19.3594 102 68.9438
19.3428 101 68.3371
19.3594 103 69.5438
19.2321 102 68.8929
19.3428 109 73.1371
19.2321 105 70.6929
19.2321 106 71.2929
19.6409 102 69.0564
19.2155 108 72.4862
19.2321 108 72.4929
19.2155 109 73.0862
19.2155 110 73.6862
19.1787 111 74.2715
19.2155 109 73.0862
19.1787 112 74.8715
19.1787 113 75.4715
19.1787 112 74.8715
19.1787 115 76.6715
19.1787 116 77.2715
19.1787 115 76.6715
19.1787 118 78.4715
19.1787 119 79.0715
19.1725 120 79.669
19.1787 120 79.6715
19.0954 119 79.0381
19.1725 121 80.269
19.0787 122 80.8315
19.0954 122 80.8382
19.0787 121 80.2315
19.0658 122 80.8263
19.0787 124 82.0315
19.0658 125 82.6263
19.0658 126 83.2263
19.0192 127 83.8077
19.0658 127 83.8263
19.0192 128 84.4077
19.0192 136 89.2077
19.0192 128 84.4077
19.0192 138 90.4077
19.0954 120 79.6381
19.3428 111 74.3371
20.1164 88 60.8466
20.1164 89 61.4466
19.1725 121 80.269
19.5456 114 76.2182
19.3594 101 68.3438
19.0787 122 80.8315
19.0658 126 83.2263
19.3594 108 72.5438
19.1787 118 78.4715
19.0954 121 80.2382
19.1725 121 80.269
19.1787 111 74.2715
20.6812 93 64.0725
19.0658 126 83.2263
20.1164 89 61.4466
19.2155 116 77.2862
19.5804 99 67.2321
19.3594 100 67.7438
19.0192 127 83.8077
19.2321 104 70.0929
19.1787 115 76.6715
20.1164 88 60.8466
19.5874 114 76.235
20.6812 94 64.6725
19.2155 109 73.0862
20.1044 92 63.2418
19.1787 113 75.4715
19.2155 108 72.4862
19.7077 97 66.0831
19.5804 99 67.2321
19.0192 129 85.0077
19.6957 98 66.6783
19.3594 102 68.9438
19.1787 120 79.6715
19.0658 124 82.0263
19.1787 111 74.2715
19.2155 109 73.0862
19.5874 107 72.035
20.1164 88 60.8466
20.1164 88 60.8466
19.3594 109 73.1438
19.1787 117 77.8715
19.1787 115 76.6715
19.9891 97 66.1956
19.3428 102 68.9371
19.2155 118 78.4862
19.2697 121 80.3079
19.1787 118 78.4715
19.0658 126 83.2263
19.2155 107 71.8862
20.6812 86 59.8725
19.3594 103 69.5438
19.2321 105 70.6929
19.5874 114 76.235
19.2321 104 70.0929
19.0192 131 86.2077
19.1725 120 79.669
20.6812 87 60.4725
19.3594 107 71.9438
19.4746 122 80.9898
19.6818 99 67.2727
19.3594 100 67.7438
20.1164 88 60.8466
19.2321 108 72.4929
19.0192 127 83.8077
19.0658 124 82.0263
20.1164 94 64.4466
19.3594 105 70.7438
19.3594 101 68.3438
19.0192 130 85.6077
19.3428 102 68.9371
19.1787 118 78.4715
19.2321 106 71.2929
19.0192 128 84.4077
19.0787 122 80.8315
19.0658 127 83.8263
19.3428 103 69.5371
19.2155 109 73.0862
19.2321 114 76.0929
19.6957 98 66.6783
19.0192 127 83.8077
19.2321 114 76.0929
19.1787 120 79.6715
19.3428 107 71.9371
20.1164 88 60.8466
19.0658 127 83.8263
19.6818 102 69.0727
19.0954 121 80.2382
