21.7729 123 92.6319
21.1432 126 94.543
20.8023 128 95.8407
20.1247 130 97.0374
20.5407 132 98.5622
20.24 139 103.372
20.1247 137 101.937
19.9758 141 104.693
19.9758 145 107.493
19.9758 146 108.193
21.1432 126 94.543
21.7729 123 92.6319
20.1247 137 101.937
19.9758 145 107.493
20.3125 138 102.694
21.7729 123 92.6319
20.1247 132 98.4374
20.1247 132 98.4374
20.8023 125 93.7407
19.9758 146 108.193
21.7729 123 92.6319
20.4184 135 100.626
20.8023 128 95.8407
20.2647 133 99.1794
21.7808 123 92.6342
20.1247 136 101.237
20.5407 132 98.5622
20.8023 125 93.7407
19.9758 145 107.493
20.2647 133 99.1794
20.1247 132 98.4374
19.9795 144 106.794
19.9758 146 108.193
19.9795 145 107.494
20.5407 132 98.5622
20.9129 131 97.9739
20.1247 133 99.1374
20.1247 137 101.937
19.9758 149 110.293
20.1247 138 102.637
21.7729 123 92.6319
21.7729 123 92.6319
20.1247 135 100.537
19.9758 146 108.193
21.7729 123 92.6319
20.2805 137 101.984
19.9758 146 108.193
20.4184 130 97.1255
19.9758 146 108.193
20.1247 137 101.937
20.8023 128 95.8407
19.9758 146 108.193
20.8023 128 95.8407
20.1247 138 102.637
20.1247 137 101.937
20.8023 128 95.8407
20.5407 132 98.5622
20.8023 128 95.8407
20.1247 134 99.8374
20.8023 128 95.8407
19.9758 145 107.493
20.8023 128 95.8407
21.693 123 92.6079
21.7729 123 92.6319
20.1247 132 98.4374
20.1247 137 101.937
20.6514 135 100.695
19.9758 146 108.193
20.5407 132 98.5622
20.24 139 103.372
20.1247 136 101.237
19.9758 141 104.693
19.9758 140 103.993
20.4184 130 97.1255
20.1247 135 100.537
19.9758 140 103.993
19.9758 146 108.193
20.1143 137 101.934
21.7729 123 92.6319
20.0668 145 107.52
20.1247 132 98.4374
20.5407 132 98.5622
21.7729 123 92.6319
20.1247 137 101.937
21.1432 126 94.543
20.1247 137 101.937
21.7729 123 92.6319
20.1247 132 98.4374
21.1432 126 94.543
20.1247 136 101.237
19.9758 145 107.493
21.1432 126 94.543
19.9758 141 104.693
20.8023 128 95.8407
20.1247 132 98.4374
20.1247 130 97.0374
19.9758 145 107.493
21.7729 123 92.6319
20.8023 128 95.8407
20.1247 132 98.4374
20.4184 134 99.9255
19.9758 146 108.193
21.7729 123 92.6319
20.8023 128 95.8407
20.8023 128 95.8407
19.9758 147 108.893
19.9758 146 108.193
20.8023 128 95.8407
19.9758 141 104.693
21.1432 126 94.543
20.24 135 100.572
20.2647 128 95.6794
20.1143 137 101.934
20.2691 133 99.1807
21.1432 126 94.543
21.7729 123 92.6319
20.8023 128 95.8407
21.1432 126 94.543
20.1143 137 101.934
20.1247 132 98.4374
19.9758 146 108.193
19.9758 141 104.693
20.24 140 104.072
19.9758 145 107.493
19.9758 146 108.193
21.7729 123 92.6319
21.1432 126 94.543
19.9758 142 105.393
21.7729 123 92.6319
20.5407 132 98.5622
20.5407 132 98.5622
20.1247 136 101.237
20.1247 132 98.4374
20.1247 137 101.937
19.9758 145 107.493
19.9758 147 108.893
20.1247 137 101.937
19.9758 141 104.693
20.8023 128 95.8407
20.5407 132 98.5622
21.1432 126 94.543
20.1247 136 101.237
19.9758 140 103.993
19.9758 145 107.493
19.9758 145 107.493
19.9758 145 107.493
19.9758 146 108.193
20.8023 128 95.8407
21.1432 126 94.543
20.1247 137 101.937
