20.7288 89 27.5559
20.7288 90 27.6559
20.7288 91 27.7559
20.7288 92 27.8559
20.7288 93 27.9559
20.0154 100 28.0139
20.7278 94 28.055
20.7288 94 28.0559
20.547 96 28.0923
20.0154 101 28.1139
19.9045 102 28.114
20.3844 98 28.1459
20.7278 95 28.155
20.547 97 28.1923
20.0154 100 28.0139
19.9045 103 28.214
20.3844 99 28.2459
20.7278 96 28.255
20.2913 100 28.2622
20.547 98 28.2923
19.9045 104 28.314
20.3844 100 28.3459
19.8834 105 28.3951
19.9045 103 28.214
19.7166 107 28.4449
19.7193 112 28.9474
19.8834 106 28.4951
19.7166 108 28.5449
19.8834 107 28.5951
19.7166 109 28.6449
19.7072 110 28.7365
19.7166 110 28.7449
19.5906 110 28.6315
19.6681 118 29.5012
19.5047 113 28.8542
19.6213 112 28.8592
19.5906 111 28.7315
19.7072 112 28.9365
19.5047 114 28.9542
19.5047 115 29.0542
19.4261 116 29.0835
19.5047 114 28.9542
19.4261 117 29.1835
19.3727 116 29.0354
19.4207 118 29.2786
19.4261 118 29.2835
19.342 119 29.3078
19.3727 119 29.3354
19.342 120 29.4078
19.342 119 29.3078
19.342 122 29.6078
19.342 123 29.7078
19.342 124 29.8078
19.342 125 29.9078
19.342 126 30.0078
19.3336 127 30.1002
19.5272 124 29.9745
19.2625 128 30.1363
20.7288 99 28.5559
20.3844 99 28.2459
20.3844 100 28.3459
19.9045 102 28.114
20.547 94 27.8923
19.3727 117 29.1354
19.7072 116 29.3365
19.7072 110 28.7365
19.6933 117 29.424
19.5906 113 28.9315
19.4207 118 29.2786
20.3844 103 28.6459
19.3727 119 29.3354
20.9156 93 28.124
20.0154 102 28.2139
19.8834 105 28.3951
19.9045 103 28.214
19.3727 119 29.3354
20.547 97 28.1923
19.4207 118 29.2786
19.5047 115 29.0542
20.3844 100 28.3459
20.7288 97 28.3559
19.5047 114 28.9542
20.7278 94 28.055
19.342 126 30.0078
19.342 124 29.8078
19.7193 107 28.4474
19.7072 111 28.8365
19.8834 105 28.3951
19.8834 107 28.5951
19.4261 116 29.0835
19.5047 114 28.9542
19.4261 117 29.1835
19.342 120 29.4078
19.5047 115 29.0542
19.9045 105 28.414
19.7193 107 28.4474
19.9045 102 28.114
20.547 96 28.0923
19.342 126 30.0078
19.342 126 30.0078
20.3844 98 28.1459
19.3727 118 29.2354
19.342 120 29.4078
19.7193 105 28.2474
19.2625 128 30.1363
20.0154 100 28.0139
20.8732 93 28.0859
20.7288 93 27.9559
19.342 120 29.4078
19.5047 114 28.9542
19.7193 105 28.2474
19.4261 123 29.7835
20.4781 102 28.6302
19.7166 107 28.4449
19.7072 109 28.6365
20.7288 99 28.5559
19.4655 123 29.819
20.547 101 28.5923
19.7166 107 28.4449
20.7288 93 27.9559
19.342 120 29.4078
20.7288 90 27.6559
19.342 119 29.3078
19.5047 116 29.1542
19.5906 112 28.8315
20.6129 99 28.4516
20.7288 94 28.0559
19.3727 123 29.7354
20.3844 98 28.1459
19.342 119 29.3078
19.5047 115 29.0542
19.9045 105 28.414
19.9045 105 28.414
19.7072 110 28.7365
19.5906 110 28.6315
19.9045 103 28.214
19.7166 108 28.5449
19.7166 110 28.7449
20.547 98 28.2923
20.547 98 28.2923
20.7278 100 28.655
19.7072 112 28.9365
19.342 127 30.1078
19.8834 105 28.3951
19.342 125 29.9078
19.5906 110 28.6315
19.7166 109 28.6449
19.5514 120 29.5963
19.4261 116 29.0835
19.342 120 29.4078
