20.7288 101 76.9186
20.7288 102 77.6186
20.7288 101 76.9186
20.7288 102 77.6186
20.547 106 80.3641
20.547 107 81.0641
20.629 110 83.1887
20.547 107 81.0641
20.308 110 83.0924
19.679 109 82.2037
20.308 109 82.3924
19.3308 113 84.8992
19.3308 114 85.5992
19.3308 115 86.2992
19.3106 117 87.6932
19.294 120 89.7882
19.294 120 89.7882
19.294 120 89.7882
19.294 126 93.9882
19.294 125 93.2882
19.2921 132 98.1876
19.294 128 95.3882
19.2921 133 98.8876
19.2957 127 94.6887
19.2921 130 96.7876
19.2893 130 96.7868
19.2921 132 98.1876
19.2893 133 98.8868
19.2893 134 99.5868
19.2884 133 98.8865
19.2893 133 98.8868
19.2717 136 100.982
19.2884 134 99.5865
19.2745 135 100.282
19.2717 138 102.382
19.3086 133 98.8926
19.6805 135 100.404
19.6805 136 101.104
19.2717 140 103.782
19.2717 141 104.482
19.2754 146 107.983
19.2717 143 105.882
19.2717 144 106.582
19.2717 145 107.282
19.2717 146 107.982
19.2717 147 108.682
19.2717 148 109.382
19.2717 155 114.282
19.2717 144 106.582
19.2717 153 112.882
19.2717 155 114.282
19.2717 154 113.582
19.2717 162 119.182
19.2717 150 110.782
19.3106 123 91.8932
19.294 147 108.688
20.547 107 81.0641
20.308 109 82.3924
19.2717 153 112.882
19.294 121 90.4882
19.294 124 92.5882
19.2717 147 108.682
19.2717 148 109.382
19.2884 136 100.987
19.2717 135 100.282
19.2884 134 99.5865
19.2717 154 113.582
19.3308 115 86.2992
19.3261 129 96.0978
19.294 124 92.5882
19.2717 144 106.582
19.2717 143 105.882
19.3086 132 98.1926
19.2893 133 98.8868
20.8599 105 79.758
19.294 126 93.9882
19.294 135 100.288
19.294 121 90.4882
19.2884 135 100.287
20.547 109 82.4641
19.2717 150 110.782
19.2717 143 105.882
19.294 127 94.6882
19.2717 135 100.282
19.2717 141 104.482
19.294 121 90.4882
19.2717 137 101.682
19.2717 148 109.382
19.2921 132 98.1876
19.2884 134 99.5865
20.547 109 82.4641
19.2921 130 96.7876
19.2893 132 98.1868
19.2893 131 97.4868
20.7288 101 76.9186
19.2717 147 108.682
20.547 106 80.3641
19.2717 138 102.382
19.2884 138 102.387
19.2717 138 102.382
19.2717 156 114.982
19.2893 131 97.4868
20.547 104 78.9641
19.3308 116 86.9992
19.2884 134 99.5865
20.547 108 81.7641
19.6805 132 98.3041
19.294 126 93.9882
19.2893 130 96.7868
19.6957 108 81.5087
20.547 106 80.3641
20.7288 101 76.9186
19.2884 133 98.8865
19.2921 124 92.5876
19.2717 144 106.582
19.3308 115 86.2992
19.3308 120 89.7992
20.7288 100 76.2186
20.547 104 78.9641
19.3831 131 97.5149
19.2717 138 102.382
19.2717 140 103.782
19.2717 144 106.582
19.2717 141 104.482
19.3308 120 89.7992
19.2929 134 99.5879
19.2884 133 98.8865
20.7288 102 77.6186
20.308 108 81.6924
19.294 120 89.7882
19.2717 144 106.582
19.2717 142 105.182
19.294 128 95.3882
19.2921 128 95.3876
19.2717 155 114.282
20.7288 103 78.3186
19.2884 142 105.187
19.2921 131 97.4876
19.2717 165 121.282
19.294 130 96.7882
19.294 126 93.9882
20.7288 102 77.6186
19.2912 134 99.5873
19.2717 150 110.782
20.547 107 81.0641
19.2717 148 109.382
19.2717 142 105.182
19.2921 128 95.3876
19.2717 155 114.282
19.2957 128 95.3887
