20.7288 97 28.3559
20.547 99 28.3923
20.7288 98 28.4559
20.546 104 28.8914
20.7288 99 28.5559
20.547 101 28.5923
20.3844 101 28.4459
20.547 100 28.4923
20.3844 104 28.7459
20.547 103 28.7923
20.3844 105 28.8459
20.3844 104 28.7459
20.2913 107 28.9622
20.3477 114 29.7129
20.2913 108 29.0622
20.1618 110 29.1456
20.2913 107 28.9622
20.0708 111 29.1637
20.1618 111 29.2456
20.2913 110 29.2622
20.0708 112 29.2637
20.0708 113 29.3637
20.0341 121 30.1307
20.0708 115 29.5637
20.0708 114 29.4637
20.0708 115 29.5637
20.0708 116 29.6637
20.031 119 29.9279
20.0708 117 29.7637
20.031 120 30.0279
20.031 121 30.1279
20.1143 116 29.7029
20.031 122 30.2279
19.9758 123 30.2782
20.5926 121 30.6334
19.9758 125 30.4782
19.9758 124 30.3782
19.9293 134 31.3364
20.5926 125 31.0334
20.1783 123 30.4605
19.9986 125 30.4987
19.9955 127 30.696
19.9558 136 31.5602
19.9293 132 31.1364
19.9955 129 30.896
19.9293 133 31.2364
19.9293 134 31.3364
19.9293 135 31.4364
19.9293 136 31.5364
19.9293 135 31.4364
19.9293 138 31.7364
19.9293 137 31.6364
19.9293 140 31.9364
19.9293 139 31.8364
19.9293 142 32.1364
19.9293 143 32.2364
19.9293 144 32.3364
19.9293 145 32.4364
19.9293 146 32.5364
20.3844 106 28.9459
19.9558 130 30.9602
20.1618 108 28.9456
19.9293 141 32.0364
20.1618 110 29.1456
20.3844 104 28.7459
20.547 99 28.3923
20.031 123 30.3279
20.0708 116 29.6637
19.9293 141 32.0364
19.9293 138 31.7364
20.7288 95 28.1559
19.9558 131 31.0602
20.0708 115 29.5637
20.547 103 28.7923
20.0708 112 29.2637
19.9293 137 31.6364
19.9293 132 31.1364
19.9758 120 29.9782
20.2913 109 29.1622
19.9558 130 30.9602
20.2913 109 29.1622
20.7288 97 28.3559
20.3844 105 28.8459
20.2913 108 29.0622
19.9758 127 30.6782
20.2913 107 28.9622
20.547 100 28.4923
19.9293 135 31.4364
20.547 100 28.4923
20.1754 116 29.7579
19.9293 137 31.6364
19.9293 143 32.2364
19.9758 122 30.1782
20.0204 137 31.7183
20.3844 104 28.7459
20.1783 123 30.4605
19.9758 136 31.5782
20.0668 125 30.5602
20.547 101 28.5923
19.9293 142 32.1364
19.9758 125 30.4782
20.547 101 28.5923
19.9758 127 30.6782
20.547 101 28.5923
20.1618 109 29.0456
20.0204 142 32.2183
19.9293 144 32.3364
20.3844 103 28.6459
19.9758 122 30.1782
20.3844 107 29.0459
20.1301 137 31.8171
19.9293 142 32.1364
20.0708 109 28.9637
20.7288 98 28.4559
20.2913 110 29.2622
20.6129 105 29.0516
20.0708 114 29.4637
20.0708 116 29.6637
19.9293 137 31.6364
20.031 125 30.5279
19.9558 131 31.0602
19.9293 139 31.8364
20.0708 112 29.2637
20.2913 113 29.5622
19.9293 142 32.1364
19.9758 124 30.3782
19.9293 143 32.2364
19.9293 137 31.6364
20.0708 111 29.1637
20.547 102 28.6923
20.1783 126 30.7605
19.9293 140 31.9364
20.2913 107 28.9622
20.0341 121 30.1307
19.9293 145 32.4364
19.9758 122 30.1782
20.0708 114 29.4637
19.9293 144 32.3364
19.9558 132 31.1602
20.547 98 28.2923
20.0708 111 29.1637
19.9758 127 30.6782
19.9293 146 32.5364
19.9758 124 30.3782
20.0204 129 30.9183
20.1618 111 29.2456
20.1143 121 30.2029
20.547 102 28.6923
19.9955 129 30.896
20.1143 116 29.7029
