20.6812 89 75.3362
20.6784 91 76.9357
20.1164 85 72.0233
20.6812 94 79.3362
20.1164 88 74.4233
20.1164 87 73.6233
20.1164 90 76.0233
20.1164 89 75.2233
20.1044 92 77.6209
20.1164 92 77.6233
20.1044 93 78.4209
19.9891 94 79.1978
20.1044 94 79.2209
19.9891 95 79.9978
19.9891 96 80.7978
19.6818 97 81.5364
19.8229 95 79.9646
19.9891 102 85.5978
19.6818 98 82.3364
19.5804 97 81.5161
19.6818 99 83.1364
19.3594 100 83.8719
19.5804 98 82.3161
19.3594 99 83.0719
19.3428 102 85.4686
19.3594 102 85.4719
19.2321 103 86.2464
19.3428 103 86.2686
19.2321 104 87.0464
19.2321 105 87.8464
19.2321 106 88.6464
19.2321 107 89.4464
19.2155 108 90.2431
19.2321 108 90.2464
19.2155 114 95.0431
19.2155 110 91.8431
19.1787 111 92.6357
19.2155 111 92.6431
19.1787 112 93.4357
19.1787 113 94.2357
19.1787 114 95.0357
19.1787 122 101.436
19.5874 111 92.7175
19.1787 117 97.4357
19.1787 116 96.6357
19.1787 117 97.4357
19.0954 120 99.8191
19.1725 120 99.8345
19.1787 118 98.2357
19.0954 121 100.619
19.0658 122 101.413
19.0787 126 104.616
19.0954 122 101.419
19.0658 121 100.613
19.0658 122 101.413
19.0658 123 102.213
19.0658 126 104.613
19.0192 127 105.404
19.0658 127 105.413
19.0192 128 106.204
19.1787 114 95.0357
19.1725 125 103.835
20.1164 87 73.6233
19.1787 115 95.8357
19.3594 101 84.6719
19.2321 103 86.2464
20.6812 86 72.9362
19.6818 97 81.5364
19.0954 119 99.0191
19.9891 95 79.9978
19.3594 100 83.8719
19.1787 112 93.4357
19.0658 122 101.413
19.2321 108 90.2464
20.6812 86 72.9362
19.1787 116 96.6357
19.1725 120 99.8345
20.1164 87 73.6233
19.9891 96 80.7978
19.3428 100 83.8686
19.6818 99 83.1364
19.6818 101 84.7364
19.1787 126 104.636
19.0954 121 100.619
20.6812 87 73.7362
19.0658 122 101.413
20.1044 92 77.6209
19.0658 125 103.813
19.0787 122 101.416
19.0658 122 101.413
19.0658 122 101.413
19.3594 102 85.4719
19.2155 109 91.0431
19.4684 116 96.6937
20.6812 86 72.9362
20.6812 85 72.1362
19.6818 98 82.3364
20.1164 87 73.6233
20.1164 91 76.8233
20.1044 96 80.8209
20.1044 94 79.2209
19.2321 104 87.0464
19.1787 119 99.0357
19.0658 124 103.013
20.7965 91 76.9593
19.1787 113 94.2357
19.1787 113 94.2357
19.1787 113 94.2357
19.1787 119 99.0357
19.1787 126 104.636
19.0192 131 108.604
20.6812 84 71.3362
19.0954 122 101.419
19.2155 114 95.0431
19.1787 115 95.8357
19.1725 120 99.8345
19.2321 105 87.8464
19.1787 115 95.8357
19.1953 113 94.2391
19.6818 99 83.1364
19.2321 108 90.2464
19.2155 108 90.2431
19.2155 111 92.6431
20.6812 87 73.7362
19.8229 95 79.9646
19.2321 111 92.6464
19.0658 125 103.813
19.2321 103 86.2464
19.2321 106 88.6464
20.6812 85 72.1362
19.2321 103 86.2464
19.2155 111 92.6431
19.3594 99 83.0719
20.1044 92 77.6209
19.2321 107 89.4464
19.3594 100 83.8719
19.1787 115 95.8357
20.1164 87 73.6233
19.0658 127 105.413
19.7987 98 82.3597
19.1787 113 94.2357
19.0658 125 103.813
20.1044 93 78.4209
19.2321 107 89.4464
19.3594 98 82.2719
19.0658 123 102.213
19.6818 98 82.3364
19.0658 122 101.413
19.2321 104 87.0464
20.6812 85 72.1362
