20.6812 86 66.4044
20.6812 87 67.1043
20.1164 88 67.6349
20.6812 88 67.8044
20.1164 94 71.8349
20.1164 90 69.0349
20.1044 92 70.4313
20.1044 93 71.1313
19.9891 94 71.7967
20.1044 94 71.8313
19.9891 95 72.4967
19.9891 94 71.7967
19.7077 97 73.8123
19.9891 97 73.8967
19.6818 105 79.4045
19.7867 99 75.236
19.5804 99 75.1741
19.6818 103 78.0045
19.3594 107 80.7078
19.5804 100 75.8741
19.3594 101 76.5078
19.3594 102 77.2078
19.3428 101 76.5028
19.3594 103 77.9078
19.2321 102 77.1696
19.3428 109 82.1028
19.2321 105 79.2696
19.2321 106 79.9696
19.6409 102 77.2923
19.2155 108 81.3646
19.2321 108 81.3696
19.2155 109 82.0646
19.2155 110 82.7646
19.1787 111 83.4536
19.2155 109 82.0646
19.1787 112 84.1536
19.1787 113 84.8536
19.1787 112 84.1536
19.1787 115 86.2536
19.1787 116 86.9536
19.1787 115 86.2536
19.1787 118 88.3536
19.1787 119 89.0536
19.1725 120 89.7518
19.1787 120 89.7536
19.0954 119 89.0286
19.1725 121 90.4518
19.0787 122 91.1236
19.0954 122 91.1286
19.0787 121 90.4236
19.0658 122 91.1198
19.0787 124 92.5236
19.0658 125 93.2198
19.0658 126 93.9198
19.0192 127 94.6058
19.0658 127 94.6198
19.0192 128 95.3058
19.0192 136 100.906
19.0192 128 95.3058
19.0192 138 102.306
19.0954 120 89.7286
19.3428 111 83.5028
20.1164 88 67.6349
20.1164 89 68.3349
19.1725 121 90.4518
19.5456 114 85.6637
19.3594 101 76.5078
19.0787 122 91.1236
19.0658 126 93.9198
19.3594 108 81.4078
19.1787 118 88.3536
19.0954 121 90.4286
19.1725 121 90.4518
19.1787 111 83.4536
20.6812 93 71.3044
19.0658 126 93.9198
20.1164 89 68.3349
19.2155 116 86.9646
19.5804 99 75.1741
19.3594 100 75.8078
19.0192 127 94.6058
19.2321 104 78.5696
19.1787 115 86.2536
20.1164 88 67.6349
19.5874 114 85.6762
20.6812 94 72.0043
19.2155 109 82.0646
20.1044 92 70.4313
19.1787 113 84.8536
19.2155 108 81.3646
19.7077 97 73.8123
19.5804 99 75.1741
19.0192 129 96.0058
19.6957 98 74.5087
19.3594 102 77.2078
19.1787 120 89.7536
19.0658 124 92.5198
19.1787 111 83.4536
19.2155 109 82.0646
19.5874 107 80.7762
20.1164 88 67.6349
20.1164 88 67.6349
19.3594 109 82.1078
19.1787 117 87.6536
19.1787 115 86.2536
19.9891 97 73.8967
19.3428 102 77.2028
19.2155 118 88.3646
19.2697 121 90.4809
19.1787 118 88.3536
19.0658 126 93.9198
19.2155 107 80.6646
20.6812 86 66.4044
19.3594 103 77.9078
19.2321 105 79.2696
19.5874 114 85.6762
19.2321 104 78.5696
19.0192 131 97.4058
19.1725 120 89.7518
20.6812 87 67.1043
19.3594 107 80.7078
19.4746 122 91.2424
19.6818 99 75.2045
19.3594 100 75.8078
20.1164 88 67.6349
19.2321 108 81.3696
19.0192 127 94.6058
19.0658 124 92.5198
20.1164 94 71.8349
19.3594 105 79.3078
19.3594 101 76.5078
19.0192 130 96.7058
19.3428 102 77.2028
19.1787 118 88.3536
19.2321 106 79.9696
19.0192 128 95.3058
19.0787 122 91.1236
19.0658 127 94.6198
19.3428 103 77.9028
19.2155 109 82.0646
19.2321 114 85.5696
19.6957 98 74.5087
19.0192 127 94.6058
19.2321 114 85.5696
19.1787 120 89.7536
19.3428 107 80.7028
20.1164 88 67.6349
19.0658 127 94.6198
19.6818 102 77.3045
19.0954 121 90.4286
