20.6784 87 60.4714
20.6812 83 58.0725
20.1108 84 58.4443
20.2074 85 59.083
20.6812 84 58.6725
20.1108 85 59.0443
20.1108 86 59.6443
20.1108 87 60.2443
19.7141 88 60.6856
20.1072 88 60.8429
20.1108 88 60.8443
19.7077 89 61.2831
19.7141 87 60.0856
19.7077 90 61.8831
19.7077 95 64.8831
19.7077 92 63.0831
19.7077 93 63.6831
19.6818 94 64.2727
19.7077 94 64.2831
19.6818 95 64.8727
19.3594 96 65.3438
19.5804 96 65.4322
19.6818 96 65.4727
19.3594 95 64.7438
19.3594 98 66.5438
19.3428 99 67.1371
19.3594 103 69.5438
19.3428 107 71.9371
19.3428 105 70.7371
19.2321 109 73.0929
19.4338 103 69.5735
19.2321 101 68.2929
19.2155 104 70.0862
19.2321 104 70.0929
19.2155 105 70.6862
19.2155 106 71.2862
19.2155 107 71.8862
19.2155 108 72.4862
19.0954 109 73.0381
19.2155 109 73.0862
19.0954 110 73.6381
19.0954 111 74.2382
19.0787 117 77.8315
19.0954 110 73.6381
19.0787 113 75.4315
19.0787 112 74.8315
19.0787 122 80.8315
19.0787 121 80.2315
19.0787 115 76.6315
19.0658 123 81.4263
19.0787 116 77.2315
19.0658 119 79.0263
19.0658 120 79.6263
19.0658 121 80.2263
19.0658 126 83.2263
19.0658 123 81.4263
19.5355 125 82.8142
19.0658 123 81.4263
19.0787 113 75.4315
19.0954 110 73.6381
19.0658 123 81.4263
20.1108 87 60.2443
20.1108 87 60.2443
20.1108 86 59.6443
19.0658 122 80.8263
19.3428 102 68.9371
19.7141 88 60.6856
19.7077 91 62.4831
20.6812 89 61.6725
19.3594 98 66.5438
19.0787 113 75.4315
20.6812 83 58.0725
19.6818 102 69.0727
19.0954 119 79.0381
19.2155 108 72.4862
19.3594 96 65.3438
20.1072 92 63.2429
19.0658 117 77.8263
19.2155 106 71.2862
19.0787 117 77.8315
19.3594 96 65.3438
20.1108 90 62.0443
19.2321 103 69.4929
19.7141 89 61.2856
19.0787 118 78.4315
20.6812 83 58.0725
19.3428 99 67.1371
19.7141 89 61.2856
19.5804 103 69.6321
20.1164 91 62.6466
19.0658 120 79.6263
20.1108 88 60.8443
20.1164 84 58.4466
19.0658 124 82.0263
19.7077 97 66.0831
19.0658 119 79.0263
19.3594 98 66.5438
19.7077 93 63.6831
19.0658 125 82.6263
19.7077 93 63.6831
19.2321 104 70.0929
19.0954 112 74.8382
19.6818 94 64.2727
19.0658 120 79.6263
19.3594 96 65.3438
19.0787 120 79.6315
20.1108 86 59.6443
19.2321 102 68.8929
19.0954 110 73.6381
19.0954 112 74.8382
19.7141 89 61.2856
20.1108 84 58.4443
19.0787 115 76.6315
19.0954 112 74.8382
20.1108 86 59.6443
19.3428 106 71.3371
19.2155 108 72.4862
19.3594 105 70.7438
19.0787 112 74.8315
19.1697 123 81.4679
19.3428 100 67.7371
19.3428 101 68.3371
20.1108 84 58.4443
19.6818 96 65.4727
19.6818 96 65.4727
20.1108 88 60.8443
19.7077 92 63.0831
19.0954 109 73.0381
19.3428 100 67.7371
19.7077 98 66.6831
19.0787 115 76.6315
20.1108 84 58.4443
20.6812 89 61.6725
20.1108 86 59.6443
19.0787 120 79.6315
19.3594 96 65.3438
19.0658 121 80.2263
19.0658 121 80.2263
19.0787 116 77.2315
19.3428 100 67.7371
19.3428 102 68.9371
19.0658 127 83.8263
19.5804 103 69.6321
20.1108 88 60.8443
19.2321 108 72.4929
19.3428 101 68.3371
19.0954 111 74.2382
20.1108 88 60.8443
19.0658 120 79.6263
19.6818 101 68.4727
