21.7704 115 96.3541
21.7969 117 97.9594
21.8188 115 96.3638
21.8504 115 96.3701
21.7169 116 97.1434
21.7704 116 97.1541
21.8188 115 96.3638
21.693 120 100.339
20.8429 117 97.7686
21.7704 117 97.9541
20.3373 122 101.667
20.6237 124 103.325
20.8023 122 101.76
20.2647 123 102.453
20.4237 120 100.085
20.2647 124 103.253
20.4617 123 102.492
20.168 121 100.834
20.1247 127 105.625
20.168 123 102.434
20.1247 127 105.625
20.1247 130 108.025
20.1247 131 108.825
20.0082 134 111.202
20.1143 132 109.623
20.118 131 108.824
20.1247 132 109.625
19.9986 134 111.2
20.0705 134 111.214
19.9986 135 112
19.9795 136 112.796
19.9758 137 113.595
20.118 133 110.424
19.9758 138 114.395
19.9758 141 116.795
19.9758 140 115.995
19.9758 141 116.795
19.9758 144 119.195
19.9795 142 117.596
19.9758 146 120.795
19.9758 147 121.595
19.9758 139 115.195
19.9758 146 120.795
19.9293 149 123.186
19.4363 153 126.287
19.2893 157 129.458
19.2671 158 130.253
19.9795 139 115.196
21.693 121 101.139
21.8188 115 96.3638
19.9758 144 119.195
20.5584 124 103.312
20.1247 129 107.225
19.9758 139 115.195
20.118 133 110.424
19.9986 135 112
21.8504 115 96.3701
20.2647 123 102.453
20.168 126 104.834
21.8504 115 96.3701
20.1247 132 109.625
21.7169 116 97.1434
21.7969 117 97.9594
19.9795 136 112.796
20.1247 131 108.825
20.118 131 108.824
20.1143 132 109.623
19.2671 157 129.453
19.9758 147 121.595
20.0192 139 115.204
20.1247 128 106.425
20.8023 121 100.96
20.8023 121 100.96
20.0705 135 112.014
21.8504 117 97.9701
20.1247 131 108.825
20.1247 126 104.825
21.693 120 100.339
21.7169 116 97.1434
21.8188 117 97.9638
19.9293 149 123.186
20.118 132 109.624
19.9758 147 121.595
21.693 122 101.939
21.7704 117 97.9541
20.1247 127 105.625
20.2647 124 103.253
20.2647 123 102.453
20.2647 122 101.653
20.118 132 109.624
20.168 126 104.834
19.9758 141 116.795
19.9758 141 116.795
19.2671 157 129.453
21.7704 117 97.9541
21.693 122 101.939
20.1247 133 110.425
20.118 131 108.824
20.0705 135 112.014
19.9293 148 122.386
19.9758 137 113.595
21.8188 115 96.3638
21.8188 115 96.3638
20.168 123 102.434
20.8023 122 101.76
19.9758 137 113.595
19.9293 148 122.386
20.8429 117 97.7686
20.168 121 100.834
20.0896 133 110.418
20.7028 123 102.541
21.693 121 101.139
21.693 119 99.5386
21.7169 116 97.1434
19.9758 146 120.795
20.2647 124 103.253
20.1247 131 108.825
21.693 120 100.339
21.784 124 103.557
19.9795 137 113.596
19.9758 142 117.595
21.8504 121 101.17
21.7704 115 96.3541
21.7169 116 97.1434
21.7704 115 96.3541
21.7704 115 96.3541
19.9758 142 117.595
21.7969 115 96.3594
21.7169 116 97.1434
20.1247 130 108.025
20.1247 131 108.825
20.308 120 100.062
22.1042 116 97.2208
21.8504 115 96.3701
19.9795 137 113.596
20.168 124 103.234
19.9758 140 115.995
20.0896 133 110.418
21.8188 115 96.3638
21.7704 116 97.1541
20.8023 121 100.96
20.2647 123 102.453
19.9758 142 117.595
20.0668 144 119.213
20.1247 126 104.825
19.9986 135 112
20.8429 117 97.7686
20.1247 127 105.625
19.9758 142 117.595
19.9758 146 120.795
