20.7288 92 34.983
20.7288 93 35.1831
20.7288 94 35.383
20.547 95 35.4376
20.7288 95 35.583
20.547 96 35.6376
20.547 97 35.8376
20.547 103 37.0376
20.547 99 36.2376
20.5036 100 36.4029
20.547 100 36.4376
20.5036 106 37.6029
20.5036 102 36.8029
20.4311 103 36.9449
20.5036 108 38.0029
19.9077 106 37.1262
20.4237 104 37.139
20.4311 104 37.1449
20.2913 103 36.833
20.4237 110 38.339
20.2913 106 37.433
19.8281 111 38.0625
19.8281 112 38.2625
19.8281 113 38.4624
19.8278 114 38.6622
19.8281 118 39.4624
19.8278 119 39.6622
19.7888 116 39.031
19.7888 117 39.231
19.7888 118 39.431
19.7668 119 39.6135
19.7888 117 39.231
19.7668 120 39.8135
19.7668 121 40.0135
20.2254 116 39.3803
19.7658 124 40.6127
19.7481 130 41.7985
19.7632 123 40.4105
19.7658 123 40.4127
19.7404 131 41.9923
19.7404 132 42.1923
19.7404 133 42.3923
19.7404 134 42.5923
19.7404 135 42.7923
19.7404 136 42.9923
19.7404 135 42.7923
19.7404 136 42.9923
19.7404 139 43.5923
19.7404 140 43.7923
20.2913 106 37.433
19.7658 122 40.2127
19.7668 118 39.4135
19.7888 118 39.431
20.2913 105 37.233
19.7404 132 42.1923
19.7658 122 40.2127
19.7404 138 43.3923
19.7404 133 42.3923
19.8281 112 38.2625
20.547 100 36.4376
19.7658 122 40.2127
19.7481 123 40.3985
20.4237 104 37.139
20.547 96 35.6376
20.7288 93 35.1831
20.7288 99 36.383
19.7632 123 40.4105
19.7404 137 43.1923
19.8281 111 38.0625
19.7658 123 40.4127
19.7404 137 43.1923
19.7888 117 39.231
19.7404 138 43.3923
19.7632 123 40.4105
20.547 95 35.4376
20.4311 104 37.1449
20.547 100 36.4376
20.4237 104 37.139
19.7404 132 42.1923
19.7404 140 43.7923
19.7481 123 40.3985
19.8278 115 38.8622
19.7668 120 39.8135
19.8281 112 38.2625
19.7404 136 42.9923
19.7888 117 39.231
20.3877 109 38.1102
19.7632 129 41.6105
19.7888 117 39.231
19.7658 122 40.2127
20.5036 102 36.8029
20.4311 103 36.9449
19.7888 116 39.031
19.7481 121 39.9985
19.8278 114 38.6622
19.7888 117 39.231
19.7888 119 39.631
20.4311 104 37.1449
19.7668 117 39.2135
20.547 97 35.8376
20.547 97 35.8376
19.8278 115 38.8622
19.7404 131 41.9923
19.7404 140 43.7923
19.8281 113 38.4624
20.4311 102 36.7449
19.7668 118 39.4135
20.2264 115 39.1811
20.4237 105 37.339
20.4311 103 36.9449
19.7668 120 39.8135
20.5036 102 36.8029
19.7404 136 42.9923
20.2913 104 37.033
19.7658 120 39.8126
19.7404 134 42.5923
20.7288 92 34.983
19.7404 136 42.9923
19.7632 124 40.6105
19.7668 121 40.0135
19.7632 123 40.4105
20.3877 107 37.7102
19.7404 138 43.3923
19.9077 106 37.1262
19.7632 123 40.4105
19.8281 111 38.0625
19.7404 138 43.3923
19.8278 121 40.0622
19.7404 135 42.7923
19.7888 118 39.431
19.7668 120 39.8135
20.7288 93 35.1831
20.3877 109 38.1102
19.7668 119 39.6135
20.6129 99 36.2903
19.7668 122 40.2135
19.7668 121 40.0135
19.8281 112 38.2625
19.8278 118 39.4622
20.5036 100 36.4029
19.7404 132 42.1923
20.5036 102 36.8029
19.8281 111 38.0625
19.7404 132 42.1923
19.7668 121 40.0135
20.5036 101 36.6029
19.7668 122 40.2135
19.7658 121 40.0126
20.4311 103 36.9449
19.7888 116 39.031
