20.7288 99 83.3458
20.7288 100 84.1458
20.547 101 84.9094
20.7288 99 83.3458
20.1044 102 85.6209
20.7288 96 80.9458
20.1044 107 89.6209
19.6957 104 87.1391
19.6984 104 87.1397
20.1044 111 92.8209
19.6957 103 86.3391
19.6957 106 88.7391
19.679 107 89.5358
19.6957 107 89.5391
19.679 106 88.7358
19.3474 109 91.0695
19.679 107 89.5358
19.3474 110 91.8695
19.3474 109 91.0695
19.2321 113 94.2464
19.3308 110 91.8662
19.3511 114 95.0702
19.2155 111 92.6431
19.2155 112 93.4431
19.2155 119 99.0431
19.1787 116 96.6357
19.1953 116 96.6391
19.2155 114 95.0431
19.1787 117 97.4357
19.1787 116 96.6357
19.1787 119 99.0357
19.1787 120 99.8357
19.1787 121 100.636
19.1787 122 101.436
19.1787 123 102.236
19.1787 122 101.436
19.1787 125 103.836
19.1787 126 104.636
19.5874 122 101.517
19.2155 122 101.443
19.5874 124 103.117
19.1787 130 107.836
19.1103 137 113.422
19.1787 131 108.636
19.2155 114 95.0431
19.2155 114 95.0431
19.679 108 90.3358
19.1787 115 95.8357
19.2155 118 98.2431
19.2155 116 96.6431
19.3474 115 95.8695
19.1787 117 97.4357
19.6957 107 89.5391
19.6957 107 89.5391
19.1787 121 100.636
20.1044 102 85.6209
19.1787 116 96.6357
19.1787 118 98.2357
20.1044 101 84.8209
19.1787 128 106.236
19.3308 110 91.8662
20.7288 98 82.5458
19.6993 106 88.7399
19.5874 128 106.317
19.1787 131 108.636
20.7288 98 82.5458
19.1787 123 102.236
19.679 109 91.1358
20.4311 109 91.2862
19.3474 111 92.6695
20.7288 100 84.1458
19.1787 130 107.836
19.1787 132 109.436
19.679 106 88.7358
19.1953 130 107.839
20.7288 99 83.3458
19.5637 107 89.5127
19.7701 109 91.154
20.547 102 85.7094
19.3474 112 93.4695
19.1787 132 109.436
19.5637 108 90.3127
20.547 102 85.7094
19.1787 117 97.4357
19.1787 124 103.036
19.6957 107 89.5391
19.1787 133 110.236
19.2155 113 94.2431
19.1103 131 108.622
19.3308 112 93.4662
19.3474 115 95.8695
19.1787 121 100.636
19.3474 110 91.8695
20.7288 100 84.1458
19.1787 127 105.436
19.1787 127 105.436
20.547 101 84.9094
20.1044 103 86.4209
19.1787 120 99.8357
19.1787 117 97.4357
20.7288 99 83.3458
19.1787 123 102.236
20.7288 100 84.1458
19.1139 135 111.823
19.1787 116 96.6357
20.7288 97 81.7458
19.1697 127 105.434
20.7288 101 84.9458
19.1787 123 102.236
20.7288 101 84.9458
19.2321 112 93.4464
19.1953 117 97.4391
20.7288 101 84.9458
20.547 102 85.7094
19.3474 109 91.0695
19.1814 127 105.436
19.3474 109 91.0695
19.294 123 102.259
19.3474 115 95.8695
19.1787 126 104.636
20.7288 96 80.9458
19.679 105 87.9358
19.5874 115 95.9175
20.547 101 84.9094
19.5874 117 97.5175
19.1787 114 95.0357
19.519 128 106.304
19.1787 125 103.836
19.9891 100 83.9978
19.1953 117 97.4391
19.1787 127 105.436
19.6984 104 87.1397
19.1103 131 108.622
19.1787 130 107.836
19.1953 123 102.239
19.2155 121 100.643
19.1787 130 107.836
20.7288 99 83.3458
19.1953 116 96.6391
19.1787 125 103.836
20.1044 100 84.0209
19.1953 116 96.6391
19.1787 126 104.636
19.2321 113 94.2464
19.1953 117 97.4391
19.1787 118 98.2357
19.2155 112 93.4431
20.547 102 85.7094
19.1787 125 103.836
19.3474 108 90.2695
