20.7288 89 34.383
20.7288 90 34.583
20.4219 92 34.7375
20.7288 91 34.7831
20.4219 93 34.9376
20.7288 92 34.983
20.4219 94 35.1376
19.9077 97 35.3262
20.4219 95 35.3376
19.9077 98 35.5262
20.4219 96 35.5376
19.9077 99 35.7262
20.4219 97 35.7375
19.9077 100 35.9262
19.9077 101 36.1262
19.9077 102 36.3262
19.9077 101 36.1262
19.8278 104 36.6622
19.8466 104 36.6773
19.9077 104 36.7262
19.8278 105 36.8622
19.7888 113 38.431
19.8278 104 36.6622
19.7888 107 37.231
19.7888 115 38.831
19.7888 109 37.631
19.7481 110 37.7985
19.7888 110 37.831
19.7394 109 37.5915
19.7481 111 37.9985
19.7394 110 37.7915
19.7394 113 38.3915
19.6594 115 38.7275
19.6594 116 38.9275
19.6594 117 39.1275
19.6594 118 39.3275
19.6594 119 39.5275
19.6594 120 39.7275
19.6594 126 40.9275
19.6594 120 39.7275
19.6594 123 40.3275
19.6366 129 41.5093
19.6594 122 40.1275
19.6366 125 40.7093
19.6366 126 40.9093
19.6366 127 41.1093
19.6366 126 40.9093
19.9558 123 40.5646
19.7166 125 40.7733
19.6355 131 41.9084
19.6366 125 40.7093
19.6355 132 42.1084
19.6355 133 42.3084
19.6355 134 42.5084
19.6355 135 42.7084
19.6355 136 42.9084
20.0221 131 42.2177
19.6355 143 44.3084
19.6355 137 43.1084
19.6355 140 43.7084
19.6355 142 44.1084
19.6355 145 44.7084
19.6355 146 44.9084
19.6355 145 44.7084
19.6355 133 42.3084
19.6366 135 42.7093
20.7288 92 34.983
19.7394 111 37.9915
19.6366 123 40.3093
19.6594 116 38.9275
19.6355 133 42.3084
19.6366 132 42.1093
20.4219 94 35.1376
19.6366 133 42.3093
19.6355 132 42.1084
20.4219 93 34.9376
19.6366 131 41.9093
19.6355 143 44.3084
19.6355 131 41.9084
19.6594 115 38.7275
19.9077 98 35.5262
19.6594 115 38.7275
19.7888 108 37.431
19.6594 115 38.7275
19.8466 104 36.6773
19.9786 117 39.3829
20.4219 93 34.9376
19.6594 124 40.5275
19.6594 122 40.1275
19.9077 100 35.9262
20.6129 98 36.0903
19.6594 119 39.5275
19.6594 119 39.5275
19.7888 109 37.631
19.6355 132 42.1084
19.6594 113 38.3275
19.9077 98 35.5262
19.6355 144 44.5084
19.6355 145 44.7084
19.6355 134 42.5084
19.7888 109 37.631
19.6355 132 42.1084
19.6594 117 39.1275
19.6594 115 38.7275
19.6594 125 40.7275
19.8278 106 37.0622
19.6594 119 39.5275
19.9077 100 35.9262
19.9077 100 35.9262
19.7888 113 38.431
19.6355 131 41.9084
19.8278 106 37.0622
19.6355 142 44.1084
19.9077 98 35.5262
19.6355 135 42.7084
20.4219 96 35.5376
19.6355 131 41.9084
19.6355 146 44.9084
19.6355 134 42.5084
19.9077 104 36.7262
20.4219 100 36.3376
19.6355 144 44.5084
19.6761 130 41.7409
19.6366 128 41.3093
19.8278 111 38.0622
19.6594 124 40.5275
19.9077 101 36.1262
19.7888 108 37.431
19.6594 117 39.1275
19.9077 105 36.9262
19.9077 103 36.5262
19.6355 142 44.1084
20.7288 89 34.383
19.6366 131 41.9093
19.7394 111 37.9915
19.6594 118 39.3275
20.4219 95 35.3376
20.7288 89 34.383
19.6366 131 41.9093
19.8278 106 37.0622
19.7888 106 37.031
19.6594 116 38.9275
19.6594 117 39.1275
19.9077 100 35.9262
19.6366 126 40.9093
19.6594 118 39.3275
19.7888 108 37.431
19.7481 111 37.9985
19.7481 111 37.9985
19.8278 107 37.2622
