20.168 122 40.5344
20.168 126 41.3344
21.2296 126 42.1837
20.168 125 41.1344
20.1247 127 41.4998
20.168 130 42.1344
20.1247 128 41.6998
20.1247 127 41.4998
20.1247 132 42.4998
20.1247 131 42.2998
20.118 132 42.4944
20.2647 128 41.8118
20.118 133 42.6944
20.1143 134 42.8915
20.118 134 42.8944
20.0023 137 43.4018
20.0705 135 43.0564
20.1143 139 43.8915
19.9795 136 43.1836
19.9758 137 43.3806
19.9795 139 43.7836
19.9758 138 43.5806
20.0668 138 43.6535
20.0668 139 43.8535
20.1143 137 43.4915
19.9758 142 44.3806
19.9758 144 44.7806
19.9758 146 45.1806
19.9758 145 44.9806
19.8053 146 45.0442
19.9758 148 45.5806
19.8262 143 44.4609
19.8016 147 45.2413
19.8016 150 45.8413
19.8262 147 45.2609
19.8016 154 46.6413
19.8016 146 45.0413
19.8016 152 46.2413
19.8006 154 46.6405
19.8006 155 46.8405
19.8016 149 45.6413
19.8234 155 46.8587
19.4721 164 48.3777
19.4721 164 48.3777
19.4074 168 49.1259
19.9795 143 44.5836
19.8016 149 45.6413
20.0023 135 43.0018
20.168 125 41.1344
19.9758 139 43.7806
19.9758 140 43.9806
19.4721 165 48.5777
19.9795 136 43.1836
20.0705 135 43.0564
19.8006 152 46.2405
20.1247 131 42.2998
19.8006 154 46.6405
20.2647 125 41.2118
20.1247 128 41.6998
20.118 132 42.4944
19.8006 155 46.8405
20.168 127 41.5344
20.1247 132 42.4998
20.0155 141 44.2124
19.9758 144 44.7806
21.2296 120 40.9837
19.8262 143 44.4609
19.8006 153 46.4405
19.8006 155 46.8405
19.9795 137 43.3836
19.9758 144 44.7806
19.9795 139 43.7836
20.0088 140 44.0071
19.9758 145 44.9806
20.1247 129 41.8998
19.8262 143 44.4609
20.2647 126 41.4118
20.1247 131 42.2998
20.1247 132 42.4998
20.0705 135 43.0564
19.8016 147 45.2413
19.8016 155 46.8413
20.1143 134 42.8915
20.1247 134 42.8998
20.0023 134 42.8018
20.118 134 42.8944
19.9758 144 44.7806
20.0088 139 43.8071
19.9795 137 43.3836
19.8006 158 47.4405
20.0668 142 44.4535
19.9758 141 44.1806
20.4237 118 39.939
19.4074 168 49.1259
19.4721 164 48.3777
19.9758 150 45.9806
20.1247 131 42.2998
19.8016 152 46.2413
19.9758 141 44.1806
20.308 121 40.4464
20.1143 135 43.0915
20.1247 131 42.2998
19.9795 139 43.7836
19.9758 145 44.9806
19.4721 160 47.5777
19.8016 153 46.4413
19.9795 137 43.3836
20.118 133 42.6944
20.308 120 40.2464
19.8016 151 46.0413
19.8053 146 45.0442
19.8006 155 46.8405
19.8053 150 45.8442
20.2691 128 41.8153
20.168 123 40.7344
20.0521 136 43.2417
19.9293 152 46.3435
19.8006 155 46.8405
19.9795 137 43.3836
20.1247 131 42.2998
19.8016 149 45.6413
20.168 124 40.9344
19.8016 150 45.8413
19.4652 165 48.5722
20.168 125 41.1344
19.8006 153 46.4405
19.8016 147 45.2413
20.1143 135 43.0915
19.8016 150 45.8413
20.118 132 42.4944
19.9758 144 44.7806
20.168 127 41.5344
19.9758 150 45.9806
20.118 133 42.6944
19.8006 154 46.6405
19.9758 149 45.7806
20.168 127 41.5344
19.9758 138 43.5806
20.0798 160 48.0639
20.1143 134 42.8915
20.1247 132 42.4998
19.8244 143 44.4595
20.2647 126 41.4118
20.168 126 41.3344
20.3123 123 40.8499
19.9795 137 43.3836
20.1143 134 42.8915
20.0668 142 44.4535
19.9758 139 43.7806
19.8053 149 45.6442
