21.1621 96 43.6135
21.023 97 43.8161
21.1409 99 44.4986
20.8378 97 43.6865
20.7501 100 44.5251
20.5117 102 44.9582
20.6254 103 45.3377
20.6344 97 43.5441
20.7501 101 44.8251
20.5074 104 45.5552
20.321 103 45.1247
20.4862 103 45.2404
20.321 106 46.0247
20.2323 107 46.2626
20.321 105 45.7247
20.2729 109 46.891
20.2323 108 46.5626
20.1607 109 46.8125
20.1818 109 46.8273
20.0259 110 47.0181
20.1607 110 47.1125
20.4911 108 46.7437
19.9755 156 60.7829
20.8153 103 45.4707
19.9727 157 61.0809
20.2323 108 46.5626
20.7501 103 45.4251
21.1621 96 43.6135
20.0259 108 46.4181
20.7501 103 45.4251
20.2323 106 45.9626
20.6465 100 44.4526
20.1818 108 46.5273
20.5074 101 44.6552
20.2323 105 45.6626
20.0259 117 49.1181
20.5074 103 45.2552
20.7501 101 44.8251
20.1818 113 48.0273
20.1607 109 46.8125
20.6465 100 44.4526
20.7501 100 44.5251
20.321 105 45.7247
19.9727 157 61.0809
20.6465 100 44.4526
20.7705 103 45.4393
20.5074 102 44.9552
20.321 103 45.1247
20.1818 109 46.8273
20.7501 103 45.4251
21.023 97 43.8161
20.6514 100 44.456
20.2323 108 46.5626
20.2323 108 46.5626
20.7501 103 45.4251
20.6465 99 44.1526
20.8166 105 46.0716
20.4862 110 47.3404
20.7501 100 44.5251
21.1621 96 43.6135
20.0259 110 47.0181
20.1607 110 47.1125
20.321 104 45.4247
20.5074 101 44.6552
21.1409 97 43.8986
20.165 106 45.9155
21.023 99 44.4161
21.023 99 44.4161
20.5074 103 45.2552
20.2323 106 45.9626
20.2323 107 46.2626
20.5074 103 45.2552
20.321 105 45.7247
20.3011 108 46.6108
20.7501 100 44.5251
20.8166 98 43.9716
19.9727 157 61.0809
20.6302 101 44.7411
20.6302 103 45.3411
20.1607 107 46.2125
20.1818 108 46.5273
21.023 98 44.1161
20.0259 108 46.4181
20.7501 101 44.8251
20.0259 110 47.0181
19.9755 112 47.5829
20.321 104 45.4247
21.1621 103 45.7135
21.023 98 44.1161
20.2323 108 46.5626
21.1621 96 43.6135
19.9727 157 61.0809
20.321 108 46.6247
20.6254 101 44.7377
20.7501 100 44.5251
20.2323 106 45.9626
21.1409 97 43.8986
20.5074 104 45.5552
20.321 104 45.4247
21.023 99 44.4161
19.9755 114 48.1829
21.1409 104 45.9986
20.6254 103 45.3377
20.6254 103 45.3377
21.1621 96 43.6135
20.7501 100 44.5251
20.321 105 45.7247
19.9727 157 61.0809
20.4862 112 47.9404
20.4862 103 45.2404
20.4862 103 45.2404
20.8378 97 43.6865
20.1607 110 47.1125
21.0272 98 44.119
20.6254 101 44.7377
20.3053 101 44.5137
20.1047 153 59.9733
20.321 105 45.7247
20.4862 105 45.8404
20.8378 97 43.6865
20.6465 100 44.4526
20.5074 101 44.6552
21.1409 99 44.4986
20.1607 110 47.1125
21.0018 99 44.4012
21.023 104 45.9161
20.6302 101 44.7411
20.5478 102 44.9834
20.6254 101 44.7377
20.1607 110 47.1125
20.5074 102 44.9552
20.4015 153 60.181
20.1818 106 45.9273
20.5074 102 44.9552
20.5074 101 44.6552
20.1818 106 45.9273
20.321 105 45.7247
20.5074 104 45.5552
20.5074 104 45.5552
20.9558 95 43.169
19.9755 112 47.5829
20.6465 101 44.7526
21.1621 96 43.6135
20.321 104 45.4247
20.1664 112 47.7164
20.6254 110 47.4377
21.1621 96 43.6135
20.7501 101 44.8251
20.6974 103 45.3882
20.5074 101 44.6552
