20.6812 83 76.7681
20.6812 84 77.6681
20.6812 85 78.5681
20.1164 93 85.7116
20.6812 92 84.8681
20.1164 94 86.6116
20.1164 88 81.2116
20.1164 94 86.6116
20.1164 88 81.2116
20.1044 98 90.2104
20.1072 91 83.9107
20.1164 91 83.9116
19.9891 92 84.7989
20.1044 92 84.8104
20.0801 94 86.608
19.9891 94 86.5989
19.8229 93 85.6823
19.9891 95 87.4989
19.6818 96 88.3682
19.7077 96 88.3708
19.8229 96 88.3823
19.5804 104 95.558
19.6818 97 89.2682
19.5804 98 90.158
19.3594 99 91.0359
19.4747 99 91.0475
19.5804 103 94.658
19.3594 100 91.9359
19.3428 108 99.1343
19.3594 101 92.8359
19.3428 102 93.7343
19.2321 103 94.6232
19.3428 103 94.6343
19.2321 109 100.023
19.2321 105 96.4232
19.2321 104 95.5232
19.2155 107 98.2215
19.2321 107 98.2232
19.2155 108 99.1215
19.2155 116 106.322
19.1787 110 100.918
19.2155 108 99.1215
19.1787 111 101.818
19.1787 112 102.718
19.1787 113 103.618
19.1787 114 104.518
19.1787 115 105.418
19.0954 116 106.31
19.1787 116 106.318
19.0954 117 107.21
19.0954 118 108.11
19.0954 117 107.21
19.0954 120 109.91
19.0658 121 110.807
19.0787 119 109.008
19.0954 119 109.01
19.0658 122 111.707
19.0954 123 112.61
19.2321 104 95.5232
19.2155 106 97.3215
19.2321 103 94.6232
19.5804 97 89.258
19.4747 99 91.0475
19.9891 92 84.7989
19.0658 121 110.807
19.1787 111 101.818
19.5804 97 89.258
19.8229 95 87.4823
19.2321 106 97.3232
19.5804 99 91.058
19.3594 99 91.0359
19.3428 103 94.6343
19.1787 116 106.318
19.2321 103 94.6232
19.3594 99 91.0359
19.1787 112 102.718
20.1164 86 79.4116
19.0787 121 110.808
19.3428 102 93.7343
19.1787 115 105.418
19.0658 120 109.907
20.1164 87 80.3116
19.0954 119 109.01
19.3428 102 93.7343
19.6818 97 89.2682
19.3594 99 91.0359
19.6818 96 88.3682
19.2321 103 94.6232
19.2155 116 106.322
19.0787 115 105.408
19.3428 99 91.0343
19.9891 93 85.6989
19.2321 104 95.5232
20.1044 97 89.3104
19.5804 99 91.058
19.3428 102 93.7343
19.0954 121 110.81
19.0954 116 106.31
19.1787 115 105.418
19.0954 117 107.21
20.0997 95 87.51
19.3594 99 91.0359
19.1787 110 100.918
20.1164 88 81.2116
19.7077 96 88.3708
20.1164 87 80.3116
20.1072 91 83.9107
19.5658 100 91.9566
19.8229 94 86.5823
19.1787 110 100.918
19.9891 93 85.6989
19.7077 96 88.3708
20.1164 85 78.5116
20.1044 98 90.2104
20.1044 91 83.9104
19.3594 100 91.9359
19.4874 116 106.349
19.3594 100 91.9359
19.6818 96 88.3682
19.2155 111 101.822
19.2155 107 98.2215
19.1787 122 111.718
19.0954 118 108.11
19.8229 95 87.4823
20.6812 85 78.5681
19.7077 94 86.5708
19.1787 115 105.418
19.8229 95 87.4823
19.5804 99 91.058
19.0954 119 109.01
20.1164 90 83.0116
20.6812 82 75.8681
19.5804 105 96.458
19.1787 114 104.518
20.1044 91 83.9104
20.6812 84 77.6681
19.9891 93 85.6989
19.2321 106 97.3232
19.3594 100 91.9359
19.2321 106 97.3232
19.7077 96 88.3708
19.2155 108 99.1215
20.1044 92 84.8104
19.3594 103 94.6359
20.1044 98 90.2104
19.6818 95 87.4682
20.1072 91 83.9107
20.1164 88 81.2116
20.1164 90 83.0116
19.3428 101 92.8343
