22.317 96 59.1585
22.4548 98 60.2274
22.4548 94 58.2274
20.7455 96 58.3727
22.317 99 60.6585
20.7455 97 58.8727
21.9281 96 58.9641
22.4548 94 58.2274
20.7455 98 59.3727
20.7288 96 58.3644
20.7455 100 60.3727
20.7288 101 60.8644
20.7455 101 60.8727
20.7288 107 63.8644
19.7867 105 62.3934
20.8441 104 62.4221
20.6296 104 62.3148
19.679 103 61.3395
19.6854 103 61.3427
19.6957 103 61.3478
20.7278 112 66.3639
19.679 113 66.3395
19.7701 108 63.885
19.3474 115 67.1737
19.679 106 62.8395
19.3372 109 64.1686
19.3474 109 64.1737
19.6854 104 61.8427
19.6818 105 62.3409
19.3372 111 65.1686
19.3308 110 64.6654
19.3336 110 64.6668
19.3308 113 66.1654
19.2117 114 66.6058
19.2153 114 66.6077
19.3474 108 63.6737
19.3308 114 66.6654
19.2117 113 66.1058
19.2117 116 67.6058
19.1987 115 67.0993
19.2117 117 68.1058
19.1987 116 67.5993
19.195 119 69.0975
19.1987 117 68.0993
19.1785 120 69.5893
19.1987 117 68.0993
19.2153 115 67.1077
19.1582 120 69.5791
19.1619 122 70.5809
19.1785 120 69.5893
19.1582 127 73.0791
19.1582 122 70.5791
19.1582 132 75.5791
19.1554 124 71.5777
19.1582 124 71.5791
19.1721 124 71.586
19.1554 128 73.5777
19.2153 113 66.1077
19.6957 105 62.3478
19.3336 109 64.1668
19.2117 114 66.6058
19.3106 114 66.6553
20.7288 104 62.3644
20.6296 105 62.8148
19.3308 112 65.6654
19.2117 115 67.1058
20.7455 96 58.3727
19.1582 124 71.5791
19.1987 117 68.0993
19.1987 115 67.0993
22.4548 91 56.7274
19.1554 126 72.5777
19.1554 124 71.5777
19.3308 113 66.1654
22.4548 93 57.7274
19.1987 119 69.0993
19.3474 108 63.6737
19.1582 124 71.5791
19.1582 122 70.5791
19.1554 126 72.5777
22.7014 93 57.8507
19.679 103 61.3395
19.3336 111 65.1668
20.7455 100 60.3727
19.1785 118 68.5893
19.3474 109 64.1737
20.7288 102 61.3644
19.195 124 71.5975
19.3474 108 63.6737
19.2117 112 65.6058
20.7288 102 61.3644
19.1554 126 72.5777
19.3372 108 63.6686
19.2153 114 66.6077
19.3474 115 67.1737
19.679 103 61.3395
19.2117 114 66.6058
19.1987 116 67.5993
19.7867 105 62.3934
19.3308 112 65.6654
19.3372 107 63.1686
20.8074 104 62.4037
19.1785 118 68.5893
19.679 106 62.8395
19.1582 120 69.5791
19.1987 117 68.0993
22.4548 94 58.2274
19.3372 118 68.6686
19.1987 117 68.0993
20.7288 100 60.3644
19.3336 111 65.1668
20.7455 96 58.3727
19.6818 106 62.8409
22.4548 92 57.2274
19.3372 111 65.1686
19.6854 105 62.3427
19.1922 119 69.0961
19.195 119 69.0975
19.6957 105 62.3478
20.6296 106 63.3148
19.2153 114 66.6077
19.2117 114 66.6058
19.679 108 63.8395
20.7455 97 58.8727
19.3474 109 64.1737
19.1619 120 69.5809
19.679 105 62.3395
19.6854 105 62.3427
19.2117 114 66.6058
19.1582 123 71.0791
19.1582 123 71.0791
19.679 105 62.3395
19.3474 109 64.1737
19.2117 115 67.1058
19.1582 124 71.5791
19.3308 113 66.1654
19.1987 116 67.5993
19.679 106 62.8395
19.679 106 62.8395
19.1987 119 69.0993
19.2153 118 68.6077
19.1785 122 70.5893
19.1785 119 69.0893
19.679 106 62.8395
20.7455 96 58.3727
19.6854 103 61.3427
22.6547 95 58.8273
19.1582 124 71.5791
20.7288 104 62.3644
19.679 106 62.8395
