20.8057 69 35.264
20.8057 70 35.564
20.7385 71 35.8169
20.7659 69 35.2362
20.8057 71 35.864
20.7385 72 36.1169
20.7385 73 36.4169
20.6179 74 36.6325
20.7385 74 36.7169
20.6179 75 36.9325
20.6179 76 37.2325
20.6417 78 37.8492
20.6179 77 37.5325
20.5507 78 37.7855
20.5507 84 39.5855
20.5507 80 38.3855
20.5507 86 40.1855
20.4833 89 41.0383
21.2251 83 39.7576
20.5744 84 39.602
20.4833 82 38.9383
20.3557 90 41.249
20.3557 86 40.049
20.3557 87 40.349
20.3557 86 40.049
20.3557 89 40.949
20.168 90 41.1176
20.3557 90 41.249
20.1374 96 42.8962
20.1374 92 41.6962
20.1374 93 41.9962
20.1693 90 41.1185
20.2838 90 41.1987
20.0302 93 41.9211
19.9755 96 42.7829
20.0302 96 42.8211
19.9755 104 45.1829
19.9755 98 43.3829
19.9755 99 43.6829
19.9755 98 43.3829
19.9755 101 44.2829
19.9755 102 44.5829
19.9755 103 44.8829
19.9755 102 44.5829
19.9797 104 45.1858
19.9755 99 43.6829
19.9755 107 46.0829
19.9755 108 46.3829
19.9755 109 46.6829
19.9755 108 46.3829
19.9755 105 45.4829
19.9755 110 46.9829
19.9755 113 47.8829
19.9755 112 47.5829
19.9755 113 47.8829
19.8434 116 48.6904
19.9755 116 48.7829
19.8434 117 48.9904
20.7385 73 36.4169
20.4833 83 39.2383
19.9755 99 43.6829
19.9755 115 48.4829
20.1374 92 41.6962
20.7385 80 38.5169
19.9755 109 46.6829
19.9755 115 48.4829
20.5507 77 37.4855
19.9755 110 46.9829
20.0302 96 42.8211
19.9755 106 45.7829
19.9755 103 44.8829
20.1374 94 42.2962
20.3557 94 42.449
20.6179 74 36.6325
20.8597 81 38.9018
20.0302 101 44.3211
20.7385 72 36.1169
19.9755 107 46.0829
20.5507 80 38.3855
20.1146 110 47.0802
19.8434 121 50.1904
20.6179 75 36.9325
19.9755 103 44.8829
19.9755 106 45.7829
20.6179 76 37.2325
20.5507 78 37.7855
20.118 95 42.5826
19.9755 101 44.2829
19.9755 107 46.0829
19.9755 98 43.3829
20.8057 75 37.064
20.4833 82 38.9383
20.3557 94 42.449
20.0302 94 42.2211
20.3557 85 39.749
20.7385 74 36.7169
20.4833 90 41.3383
20.3755 94 42.4628
20.7385 78 37.9169
20.5964 108 46.8175
20.7385 73 36.4169
19.9755 110 46.9829
20.4833 84 39.5383
20.0302 94 42.2211
19.9755 116 48.7829
20.1374 91 41.3962
20.4911 109 47.0437
20.7659 71 35.8362
20.7973 81 38.8581
20.554 84 39.5878
20.0665 110 47.0466
20.6179 74 36.6325
20.3557 92 41.849
20.3557 90 41.249
19.8434 116 48.6904
20.3557 85 39.749
20.1374 94 42.2962
20.1374 91 41.3962
20.7385 72 36.1169
20.4833 83 39.2383
20.8057 69 35.264
19.9755 110 46.9829
19.9755 97 43.0829
20.3557 89 40.949
20.3557 85 39.749
19.9755 113 47.8829
20.0302 95 42.5211
19.9755 99 43.6829
20.5507 78 37.7855
19.9755 101 44.2829
20.4833 82 38.9383
20.4833 88 40.7383
20.168 91 41.4176
20.0302 95 42.5211
20.4911 97 43.4437
20.3557 90 41.249
20.3011 108 46.6108
19.9755 98 43.3829
20.5507 88 40.7855
20.5507 77 37.4855
19.9755 102 44.5829
19.9755 110 46.9829
20.8057 70 35.564
20.7385 73 36.4169
20.3557 89 40.949
20.6179 74 36.6325
20.1374 92 41.6962
19.9755 114 48.1829
20.1374 91 41.3962
20.168 90 41.1176
