20.3858 88 54.1929
22.4548 86 54.2274
20.3858 89 54.6929
22.4548 87 54.7274
20.3858 95 57.6929
22.4548 88 55.2274
20.2586 91 55.6293
20.3858 91 55.6929
20.2586 92 56.1293
20.2586 98 59.1293
20.2586 99 59.6293
19.679 95 57.3395
20.2586 95 57.6293
19.3539 96 57.6769
19.679 96 57.8395
19.3539 97 58.1769
19.2693 96 57.6346
19.3372 98 58.6686
19.3539 101 60.1769
19.2107 99 59.1053
19.2693 99 59.1346
19.2107 98 58.6053
19.2107 101 60.1053
19.207 109 64.1035
19.2107 102 60.6053
19.1 110 64.55
19.207 110 64.6035
19.1 104 61.55
19.1 105 62.05
19.0834 106 62.5417
19.1 104 61.55
19.0834 107 63.0417
19.0834 108 63.5417
19.0834 109 64.0417
19.0632 110 64.5316
19.0834 108 63.5417
19.0466 111 65.0233
19.0632 111 65.0316
19.0466 112 65.5233
19.0466 113 66.0233
19.0466 114 66.5233
19.0466 122 70.5233
19.0466 114 66.5233
19.0438 117 68.0219
19.0466 115 67.0233
19.0438 118 68.5219
19.0404 119 69.0202
19.0438 126 72.5219
19.0404 120 69.5202
19.0238 121 70.0119
19.0404 121 70.0202
19.0238 122 70.5119
19.0238 123 71.0119
19.0238 128 73.5119
19.0238 123 71.0119
19.0238 124 71.5119
19.0238 127 73.0119
19.0238 128 73.5119
19.0238 122 70.5119
19.0238 127 73.0119
19.2107 102 60.6053
19.0466 116 67.5233
19.0238 126 72.5119
19.0834 108 63.5417
20.2586 91 55.6293
19.0238 123 71.0119
19.0238 125 72.0119
19.0238 122 70.5119
19.193 119 69.0965
20.2586 91 55.6293
19.0632 118 68.5316
19.2693 99 59.1346
19.1 106 62.55
19.0834 106 62.5417
19.0404 119 69.0202
19.0466 113 66.0233
19.0404 120 69.5202
22.4365 94 58.2182
19.1 105 62.05
19.0438 117 68.0219
19.679 94 56.8395
19.0466 111 65.0233
19.679 96 57.8395
20.2586 91 55.6293
19.2079 104 61.6039
19.0466 113 66.0233
19.0834 113 66.0417
19.2693 98 58.6346
19.1 105 62.05
19.679 99 59.3395
19.3539 96 57.6769
19.0238 126 72.5119
19.0404 121 70.0202
20.2586 92 56.1293
19.1 113 66.05
22.4548 88 55.2274
20.3858 91 55.6929
19.0834 106 62.5417
22.4548 91 56.7274
20.3858 89 54.6929
19.0834 117 68.0417
19.0466 120 69.5233
19.207 103 61.1035
20.2586 94 57.1293
19.3539 96 57.6769
19.3372 98 58.6686
19.0238 123 71.0119
22.4548 87 54.7274
19.3539 102 60.6769
19.1 104 61.55
19.0404 128 73.5202
19.0834 116 67.5417
19.3539 96 57.6769
20.2586 93 56.6293
19.0438 117 68.0219
19.0834 108 63.5417
19.0404 120 69.5202
19.2107 100 59.6053
19.0238 121 70.0119
19.3539 98 58.6769
19.0466 111 65.0233
20.3858 91 55.6929
19.2693 98 58.6346
19.0834 110 64.5417
19.2107 100 59.6053
19.0404 121 70.0202
19.0466 121 70.0233
19.1 105 62.05
19.2693 97 58.1346
19.0438 125 72.0219
19.0606 118 68.5303
20.3858 88 54.1929
19.1 103 61.05
20.2586 91 55.6293
19.679 95 57.3395
19.0438 117 68.0219
19.2107 109 64.1053
20.2586 94 57.1293
19.0404 121 70.0202
19.0404 119 69.0202
19.0632 111 65.0316
19.0466 115 67.0233
19.2107 102 60.6053
19.0238 125 72.0119
19.0238 126 72.5119
19.3539 96 57.6769
19.0834 108 63.5417
19.0466 117 68.0233
19.0466 112 65.5233
19.207 110 64.6035
