20.4237 117 39.739
20.308 121 40.4464
20.308 120 40.2464
20.168 121 40.3344
20.168 122 40.5344
20.168 123 40.7344
20.168 124 40.9344
20.168 125 41.1344
20.1247 126 41.2998
20.168 126 41.3344
20.2647 123 40.8118
20.2691 129 42.0153
20.1247 131 42.2998
20.1247 130 42.0998
20.118 131 42.2944
20.1247 134 42.8998
20.118 134 42.8944
20.0023 133 42.6018
20.3369 129 42.0695
20.118 133 42.6944
20.0023 133 42.6018
20.0192 139 43.8154
20.0023 135 43.0018
20.1143 132 42.4915
19.9795 137 43.3836
19.9795 136 43.1836
19.9758 140 43.9806
19.9758 139 43.7806
20.0668 139 43.8535
19.9758 143 44.5806
19.8244 139 43.6595
19.884 140 43.9072
19.9758 142 44.3806
19.8016 145 44.8413
19.8053 145 44.8442
19.8016 146 45.0413
19.8016 147 45.2413
19.8016 150 45.8413
19.8016 149 45.6413
19.8016 152 46.2413
19.8006 153 46.4405
19.8006 155 46.8405
19.8016 145 44.8413
19.8006 153 46.4405
20.3148 150 46.2519
19.8006 155 46.8405
19.8006 156 47.0405
19.8006 157 47.2405
20.0798 155 47.0639
19.4721 163 48.1777
19.4652 164 48.3722
19.6086 161 47.8869
20.0151 163 48.6121
19.3127 170 49.4501
19.4721 163 48.1777
19.9758 140 43.9806
19.8006 154 46.6405
19.9758 142 44.3806
19.4074 164 48.3259
20.168 124 40.9344
19.8016 148 45.4413
19.8006 154 46.6405
20.168 122 40.5344
20.5637 115 39.451
20.1143 135 43.0915
19.8234 155 46.8587
20.0521 133 42.6417
19.8006 157 47.2405
20.0088 139 43.8071
20.1247 126 41.2998
20.5637 115 39.451
20.118 131 42.2944
19.9558 143 44.5646
20.1143 132 42.4915
20.1247 127 41.4998
19.8262 142 44.2609
20.4237 117 39.739
20.168 126 41.3344
19.8006 151 46.0405
19.8006 150 45.8405
19.9795 138 43.5836
20.4237 120 40.339
19.8262 142 44.2609
20.168 125 41.1344
19.8016 147 45.2413
19.8281 141 44.0625
20.3148 153 46.8519
19.8006 150 45.8405
19.9758 139 43.7806
20.1247 126 41.2998
19.6086 160 47.6869
20.168 124 40.9344
20.4233 123 40.9386
20.118 132 42.4944
19.9758 138 43.5806
19.8262 143 44.4609
20.168 128 41.7344
19.8244 142 44.2595
19.8234 153 46.4587
20.0023 140 44.0018
20.4237 117 39.739
19.8234 155 46.8587
19.5438 165 48.6351
20.0023 134 42.8018
19.9758 142 44.3806
20.1247 130 42.0998
20.1247 130 42.0998
19.4721 164 48.3777
19.9795 135 42.9836
19.4074 168 49.1259
19.8016 153 46.4413
20.1247 127 41.4998
20.2239 131 42.3791
19.8016 150 45.8413
19.8262 142 44.2609
20.0023 134 42.8018
20.1247 134 42.8998
19.8006 150 45.8405
20.168 122 40.5344
20.5637 116 39.6509
19.4721 163 48.1777
20.0023 133 42.6018
20.1247 126 41.2998
20.1247 130 42.0998
19.8016 147 45.2413
19.9758 138 43.5806
19.53 161 47.824
20.168 125 41.1344
19.9795 138 43.5836
20.308 120 40.2464
20.3386 138 43.8709
19.933 145 44.9464
20.1247 128 41.6998
19.9293 150 45.9435
20.4617 122 40.7693
19.8006 154 46.6405
20.308 120 40.2464
20.0023 134 42.8018
20.308 120 40.2464
19.8016 147 45.2413
19.8016 146 45.0413
20.168 124 40.9344
19.4721 163 48.1777
20.168 123 40.7344
19.8006 155 46.8405
19.8016 145 44.8413
19.9758 136 43.1806
20.0023 134 42.8018
19.9758 141 44.1806
19.4721 159 47.3777
