21.9993 80 45.1996
21.8834 88 48.33
21.9993 82 45.9996
21.9993 83 46.3996
21.8834 91 49.53
21.9993 83 46.3996
21.9982 84 46.799
22.1146 87 48.0687
21.9982 85 47.1989
21.4147 88 48.0489
21.9982 88 48.3989
21.4147 89 48.4489
21.4147 90 48.8489
21.4147 91 49.2489
20.7288 93 49.6373
21.4147 92 49.6488
20.7288 94 50.0373
21.53 94 50.518
20.7288 95 50.4373
20.547 96 50.7282
20.6129 103 53.5678
20.4311 104 53.8587
20.546 98 51.5276
20.547 98 51.5282
20.546 99 51.9276
20.546 100 52.3276
20.546 101 52.7276
20.2913 102 52.9748
20.546 100 52.3276
20.2913 101 52.5748
20.1754 111 56.5052
20.2913 105 54.1748
20.2913 104 53.7748
20.1618 107 54.8971
20.2913 107 54.9748
20.1618 108 55.2971
20.0708 109 55.6425
20.1618 114 57.6971
20.0708 115 58.0425
20.0708 111 56.4425
20.0708 112 56.8425
20.0708 113 57.2425
20.0708 114 57.6425
20.031 115 58.0186
20.0708 115 58.0425
20.031 116 58.4186
20.031 117 58.8186
20.031 118 59.2186
20.031 119 59.6186
20.0082 120 60.0049
20.031 118 59.2186
20.0082 121 60.4049
20.0023 127 62.8013
20.0082 122 60.8049
19.9795 123 61.1877
20.0023 128 63.2014
19.9795 124 61.5877
19.9795 125 61.9877
19.9795 126 62.3877
19.9795 127 62.7877
21.9993 82 45.9996
20.031 116 58.4186
21.8834 88 48.33
21.9993 85 47.1996
20.031 120 60.0186
20.1618 112 56.8971
20.0708 109 55.6425
21.9993 86 47.5996
20.1618 106 54.4971
20.2913 103 53.3748
21.9993 87 47.9996
21.4147 88 48.0489
21.4147 91 49.2489
21.9982 86 47.5989
20.031 118 59.2186
20.546 99 51.9276
21.4147 90 48.8489
20.0023 122 60.8013
20.547 98 51.5282
21.4147 91 49.2489
20.7288 94 50.0373
20.0082 122 60.8049
21.4147 97 51.6488
20.0708 112 56.8425
20.031 123 61.2186
21.4147 90 48.8489
21.9993 84 46.7996
20.0708 115 58.0425
19.9795 125 61.9877
20.2913 106 54.5748
20.7288 94 50.0373
19.9795 127 62.7877
20.7288 95 50.4373
21.4147 91 49.2489
21.8834 91 49.53
21.9993 80 45.1996
20.031 115 58.0186
20.2913 106 54.5748
21.9982 87 47.9989
20.7288 95 50.4373
21.9993 81 45.5996
21.9982 88 48.3989
20.2913 102 52.9748
20.547 96 50.7282
21.4147 88 48.0489
20.7288 93 49.6373
20.1618 108 55.2971
20.546 99 51.9276
19.9795 127 62.7877
19.9795 132 64.7877
20.2913 103 53.3748
20.547 96 50.7282
20.0708 115 58.0425
20.7861 112 57.2717
20.0082 121 60.4049
20.4311 105 54.2587
20.031 119 59.6186
20.0023 123 61.2014
21.9982 87 47.9989
20.031 114 57.6186
20.546 102 53.1276
20.546 104 53.9276
20.0708 115 58.0425
20.0708 110 56.0425
20.2913 107 54.9748
20.0708 113 57.2425
20.0708 115 58.0425
21.4147 93 50.0489
21.4147 91 49.2489
20.0708 110 56.0425
20.2913 102 52.9748
21.9993 86 47.5996
20.0708 112 56.8425
20.031 117 58.8186
20.4311 103 53.4587
20.0023 122 60.8013
20.1468 116 58.4881
19.933 130 63.9598
21.8824 94 50.7294
20.0023 122 60.8013
20.031 114 57.6186
20.1618 109 55.6971
21.9993 83 46.3996
20.547 97 51.1282
20.7288 93 49.6373
20.0023 123 61.2014
20.031 116 58.4186
21.9993 82 45.9996
20.0708 112 56.8425
20.0082 122 60.8049
