21.8834 85 47.13
21.9982 83 46.3989
21.9993 80 45.1996
21.9993 81 45.5996
21.9982 82 45.9989
21.9993 82 45.9996
21.9982 83 46.3989
21.4147 84 46.4489
21.9982 84 46.799
21.4147 85 46.8489
21.4147 86 47.2489
21.4147 92 49.6488
21.4147 88 48.0489
20.7288 90 48.4373
21.4147 89 48.4489
20.7288 91 48.8373
21.4147 90 48.8489
20.7288 92 49.2373
20.7288 93 49.6373
20.547 94 49.9282
20.7288 94 50.0373
20.547 95 50.3282
20.547 96 50.7282
20.546 97 51.1276
20.547 97 51.1282
20.546 98 51.5276
20.546 99 51.9276
20.546 100 52.3276
20.2913 101 52.5748
20.546 101 52.7276
20.2913 102 52.9748
20.2913 103 53.3748
20.1618 104 53.6971
20.1754 111 56.5052
20.1618 105 54.0971
20.0708 106 54.4425
20.1618 106 54.4971
20.0708 107 54.8425
20.0708 108 55.2425
20.0708 107 54.8425
20.0708 110 56.0425
20.3153 108 55.3892
20.0708 112 56.8425
20.0708 111 56.4425
20.031 114 57.6186
20.0708 114 57.6425
20.031 115 58.0186
20.031 116 58.4186
20.0082 117 58.8049
20.031 117 58.8186
20.0082 116 58.4049
20.0023 119 59.6014
20.0082 119 59.6049
20.0023 120 60.0014
19.9558 128 63.1735
19.9795 122 60.7877
20.0023 122 60.8013
19.9795 123 61.1877
19.9795 124 61.5877
20.2913 102 52.9748
20.0082 118 59.2049
20.0708 106 54.4425
21.4147 89 48.4489
20.1618 106 54.4971
21.4147 84 46.4489
20.0082 116 58.4049
21.4147 90 48.8489
21.9993 78 44.3996
19.933 130 63.9598
20.031 114 57.6186
20.2913 102 52.9748
20.0023 122 60.8013
20.547 97 51.1282
20.0023 120 60.0014
20.4301 108 55.4581
20.0082 118 59.2049
20.0023 122 60.8013
20.1618 106 54.4971
20.0082 119 59.6049
20.2913 99 51.7748
21.9982 82 45.9989
20.0023 119 59.6014
20.031 114 57.6186
20.031 117 58.8186
20.0023 125 62.0014
20.0023 119 59.6014
21.9993 86 47.5996
21.4147 85 46.8489
20.546 101 52.7276
21.9993 79 44.7996
20.0708 111 56.4425
20.7288 94 50.0373
20.0708 110 56.0425
21.9993 81 45.5996
21.9993 79 44.7996
20.031 116 58.4186
20.0023 120 60.0014
21.4147 86 47.2489
20.0082 119 59.6049
20.0023 120 60.0014
21.9993 78 44.3996
20.546 100 52.3276
20.0023 120 60.0014
20.547 97 51.1282
20.547 96 50.7282
20.546 97 51.1276
20.547 94 49.9282
20.4301 104 53.8581
21.9993 78 44.3996
20.7288 90 48.4373
20.0023 119 59.6014
21.9982 84 46.799
21.9993 82 45.9996
20.0708 110 56.0425
19.9795 124 61.5877
21.9993 86 47.5996
20.1618 104 53.6971
21.9982 83 46.3989
20.7288 92 49.2373
21.9982 83 46.3989
21.4147 84 46.4489
21.9993 82 45.9996
20.546 100 52.3276
20.0023 119 59.6014
21.9982 84 46.799
20.1618 104 53.6971
20.0708 110 56.0425
21.8834 88 48.33
20.031 116 58.4186
20.0708 107 54.8425
21.9982 87 47.9989
20.031 121 60.4186
21.9993 82 45.9996
19.9795 123 61.1877
21.4147 90 48.8489
20.546 98 51.5276
20.547 96 50.7282
20.0708 110 56.0425
20.0082 116 58.4049
20.546 99 51.9276
19.9795 121 60.3877
20.031 116 58.4186
20.0708 107 54.8425
21.4147 84 46.4489
20.1618 104 53.6971
20.1618 109 55.6971
21.4147 87 47.6488
21.9982 81 45.5989
20.0082 122 60.8049
20.1754 108 55.3053
