22.3748 93 57.6874
22.4548 87 54.7274
22.4548 88 55.2274
22.4548 89 55.7274
22.4548 90 56.2274
22.4548 89 55.7274
22.4548 90 56.2274
20.7455 94 57.3727
22.317 91 56.6585
22.4548 93 57.7274
20.7288 95 57.8644
20.6296 102 61.3148
22.4548 88 55.2274
20.7288 96 58.3644
20.7288 95 57.8644
20.7288 98 59.3644
20.7288 99 59.8644
19.7562 100 59.8781
19.679 101 60.3395
20.7288 100 60.3644
19.7562 105 62.3781
19.3539 102 60.6769
19.679 100 59.8395
19.3511 108 63.6755
19.3539 104 61.6769
19.3372 105 62.1686
19.3474 109 64.1737
19.3539 105 62.1769
19.3539 103 61.1769
19.3372 105 62.1686
19.3336 108 63.6668
19.3372 106 62.6686
19.2107 109 64.1053
19.2273 109 64.1137
19.3232 114 66.6616
19.3308 109 64.1654
19.3336 116 67.6668
19.2107 108 63.6053
19.207 111 65.1035
19.2107 111 65.1053
19.207 110 64.6035
19.1987 113 66.0993
19.2107 110 64.6053
19.1785 114 66.5893
19.195 114 66.5975
19.1987 114 66.5993
19.1785 122 70.5893
19.1619 116 67.5809
19.5872 111 65.2936
19.1619 117 68.0809
19.5706 113 66.2853
19.1582 119 69.0791
19.1619 119 69.0809
19.1582 120 69.5791
19.1582 121 70.0791
19.3274 116 67.6637
19.1554 123 71.0777
19.2264 128 73.6132
19.1554 124 71.5777
19.2107 109 64.1053
20.7288 96 58.3644
19.2107 111 65.1053
19.2107 113 66.1053
19.3372 107 63.1686
19.3336 112 65.6668
20.7288 100 60.3644
19.1582 119 69.0791
19.195 112 65.5975
20.6296 101 60.8148
22.4548 88 55.2274
20.7288 95 57.8644
20.7455 95 57.8727
22.4548 85 53.7274
19.3539 103 61.1769
19.2107 110 64.6053
19.1619 116 67.5809
20.7288 95 57.8644
22.4548 87 54.7274
19.5469 107 63.2735
19.7562 101 60.3781
19.3659 108 63.6829
19.1582 123 71.0791
19.1785 116 67.5893
19.3308 111 65.1654
19.3539 103 61.1769
22.4548 87 54.7274
19.3336 109 64.1668
22.4548 87 54.7274
19.207 109 64.1035
19.207 109 64.1035
19.1582 119 69.0791
19.1582 126 72.5791
19.679 102 60.8395
19.3372 105 62.1686
19.3372 105 62.1686
19.1619 119 69.0809
19.1785 114 66.5893
19.3539 102 60.6769
19.1987 111 65.0993
19.1554 121 70.0777
19.207 111 65.1035
19.1619 117 68.0809
22.4548 87 54.7274
19.3492 110 64.6746
20.9156 101 60.9578
19.1987 114 66.5993
19.3308 111 65.1654
19.7562 100 59.8781
19.1554 122 70.5777
20.7288 99 59.8644
19.3004 117 68.1502
19.2107 109 64.1053
20.7288 97 58.8644
19.2107 111 65.1053
22.317 98 60.1585
19.1987 113 66.0993
19.1987 110 64.5993
19.1785 114 66.5893
19.1619 117 68.0809
19.3474 105 62.1737
19.3539 109 64.1769
19.2042 113 66.1021
19.679 106 62.8395
19.3004 116 67.6502
22.317 94 58.1585
19.1582 124 71.5791
19.1619 120 69.5809
22.4548 87 54.7274
20.7288 95 57.8644
19.3372 105 62.1686
22.4548 88 55.2274
19.1619 117 68.0809
19.679 102 60.8395
20.7455 95 57.8727
19.3336 109 64.1668
19.5552 107 63.2776
22.317 91 56.6585
20.6296 102 61.3148
20.7278 103 61.8639
22.4548 95 58.7274
19.3372 106 62.6686
22.4548 87 54.7274
19.1987 113 66.0993
19.207 111 65.1035
19.1987 118 68.5993
19.1619 117 68.0809
19.3372 105 62.1686
19.2273 107 63.1137
19.2107 108 63.6053
20.7288 98 59.3644
