22.4548 92 57.2274
22.4548 93 57.7274
22.4548 99 60.7274
20.7455 96 58.3727
22.4548 93 57.7274
20.7288 95 57.8644
20.6296 104 62.3148
21.9281 96 58.9641
22.4548 96 59.2274
20.6129 108 64.3065
20.7288 100 60.3644
19.679 104 61.8395
19.6854 104 61.8427
19.6957 104 61.8478
20.7455 104 62.3727
20.6296 104 62.3148
19.679 105 62.3395
20.6129 111 65.8065
19.7701 107 63.385
19.679 114 66.8395
19.3372 108 63.6686
19.3474 108 63.6737
19.679 106 62.8395
19.3372 109 64.1686
19.3336 108 63.6668
19.3372 110 64.6686
19.679 105 62.3395
19.3336 111 65.1668
19.3308 112 65.6654
19.2117 113 66.1058
19.3308 113 66.1654
19.2117 114 66.6058
19.2117 115 67.1058
19.1987 114 66.5993
19.2117 116 67.6058
19.1987 115 67.0993
19.1987 116 67.5993
19.1785 117 68.0893
19.195 117 68.0975
19.6074 114 66.8037
19.1785 120 69.5893
19.1582 121 70.0791
19.1619 119 69.0809
19.317 120 69.6585
19.1582 129 74.0791
19.1582 121 70.0791
19.1582 131 75.0791
19.1554 125 72.0777
19.1582 123 71.0791
19.1554 124 71.5777
19.1554 127 73.0777
19.3372 109 64.1686
19.3308 113 66.1654
19.1987 116 67.5993
19.1554 126 72.5777
22.4548 93 57.7274
19.2117 116 67.6058
19.679 105 62.3395
19.3274 117 68.1637
19.6957 104 61.8478
20.7288 102 61.3644
22.4548 94 58.2274
20.6296 104 62.3148
19.3372 110 64.6686
22.4548 99 60.7274
19.3308 112 65.6654
19.1785 121 70.0893
19.1582 123 71.0791
19.3308 113 66.1654
20.8599 105 62.9299
19.1987 116 67.5993
19.1554 125 72.0777
19.679 114 66.8395
19.3308 111 65.1654
20.7455 96 58.3727
19.1619 121 70.0809
19.2117 116 67.6058
19.6074 112 65.8037
19.1582 121 70.0791
21.9281 100 60.9641
22.4548 94 58.2274
19.3372 107 63.1686
22.4548 95 58.7274
19.2117 115 67.1058
20.7288 95 57.8644
19.6854 104 61.8427
21.9281 96 58.9641
19.1987 117 68.0993
20.6296 104 62.3148
22.4548 94 58.2274
22.4548 94 58.2274
19.3372 110 64.6686
19.2117 113 66.1058
19.1619 121 70.0809
19.1554 127 73.0777
20.7455 97 58.8727
19.1582 120 69.5791
19.1785 118 68.5893
22.4548 90 56.2274
19.3372 107 63.1686
19.3308 113 66.1654
19.1987 116 67.5993
19.1554 123 71.0777
19.1554 125 72.0777
19.1987 116 67.5993
19.3372 107 63.1686
19.1582 125 72.0791
19.1582 119 69.0791
22.4548 96 59.2274
20.7288 97 58.8644
19.1582 125 72.0791
19.679 102 60.8395
19.4218 113 66.2109
19.3336 111 65.1668
20.6129 111 65.8065
22.317 100 61.1585
19.4218 112 65.7109
19.3372 110 64.6686
19.1582 123 71.0791
19.1582 121 70.0791
22.4548 93 57.7274
19.3539 106 62.6769
19.5872 115 67.2936
19.3308 113 66.1654
20.7288 103 61.8644
19.5469 113 66.2735
20.7288 100 60.3644
21.9281 96 58.9641
20.7288 95 57.8644
19.679 104 61.8395
22.4548 93 57.7274
20.7288 101 60.8644
19.679 106 62.8395
22.4548 93 57.7274
22.317 100 61.1585
22.317 97 59.6585
19.3372 110 64.6686
19.3372 107 63.1686
19.1619 119 69.0809
22.4548 94 58.2274
19.2117 113 66.1058
20.7288 108 64.3644
19.1582 129 74.0791
19.3502 113 66.1751
20.6296 104 62.3148
20.7288 102 61.3644
19.1987 119 69.0993
19.1582 121 70.0791
19.1987 117 68.0993
20.7288 100 60.3644
