20.7288 94 35.383
20.7288 97 35.983
20.547 98 36.0376
20.7288 103 37.1831
20.547 99 36.2376
20.547 100 36.4376
20.547 101 36.6376
20.547 102 36.8376
20.5036 101 36.6029
20.547 103 37.0376
20.4237 104 37.139
20.5036 104 37.2029
20.4237 105 37.339
20.4237 106 37.539
20.2913 107 37.633
20.168 108 37.7344
20.4237 107 37.739
20.2913 108 37.833
20.168 109 37.9344
20.168 110 38.1344
20.0708 116 39.2566
20.1618 111 38.3295
20.168 111 38.3344
20.0708 112 38.4566
20.0708 113 38.6566
20.0708 112 38.4566
20.0708 115 39.0566
19.8281 116 39.0625
20.0708 114 38.8566
20.3423 111 38.4738
19.8281 116 39.0625
19.8281 119 39.6625
19.8281 118 39.4624
19.8244 121 40.0595
19.8281 119 39.6625
19.8244 122 40.2595
19.7668 121 40.0135
19.8244 123 40.4595
19.7668 124 40.6135
19.7668 123 40.4135
19.7632 124 40.6105
19.7668 124 40.6135
20.2228 121 40.3782
19.7632 135 42.8105
19.7632 129 41.6105
19.7632 137 43.2105
19.7632 131 42.0105
19.7632 132 42.2105
19.8241 135 42.8593
19.7622 134 42.6097
19.7632 134 42.6105
19.7622 135 42.8097
19.7622 134 42.6097
19.7404 137 43.1923
19.7632 128 41.4105
19.7404 143 44.3923
19.7404 139 43.5923
19.7404 138 43.3923
19.7404 139 43.5923
19.7404 140 43.7923
19.7404 141 43.9923
19.7404 145 44.7923
19.7404 140 43.7923
20.547 99 36.2376
20.7288 102 36.983
19.8281 116 39.0625
19.7404 144 44.5923
19.7622 140 43.8097
20.0708 113 38.6566
20.4237 104 37.139
19.7668 126 41.0135
20.4237 105 37.339
20.0708 114 38.8566
19.8281 120 39.8624
19.7404 143 44.3923
19.7404 135 42.7923
19.7632 134 42.6105
20.2 136 43.36
20.547 98 36.0376
19.8281 119 39.6625
19.7632 134 42.6105
20.5036 101 36.6029
19.8281 117 39.2625
19.7632 128 41.4105
19.7632 129 41.6105
19.7622 134 42.6097
19.8016 133 42.4413
20.1618 109 37.9295
19.8281 116 39.0625
19.7668 122 40.2135
19.7632 140 43.8105
20.547 99 36.2376
19.7632 130 41.8105
19.7622 135 42.8097
20.3078 111 38.4463
19.7632 127 41.2105
20.168 108 37.7344
20.4237 104 37.139
19.8281 117 39.2625
19.7668 123 40.4135
20.168 109 37.9344
20.547 103 37.0376
19.7622 134 42.6097
19.7632 128 41.4105
19.7668 124 40.6135
20.2228 125 41.1782
19.8281 118 39.4624
19.8281 121 40.0625
19.7632 127 41.2105
19.8281 119 39.6625
19.7404 142 44.1923
20.0708 116 39.2566
19.7632 126 41.0105
19.8244 122 40.2595
20.5036 108 38.0029
20.4237 105 37.339
20.0708 111 38.2566
20.547 98 36.0376
19.8244 121 40.0595
19.7622 141 44.0097
19.7668 124 40.6135
20.0521 117 39.4417
19.7404 140 43.7923
20.1618 111 38.3295
20.547 100 36.4376
20.547 101 36.6376
20.547 98 36.0376
20.0708 109 37.8566
20.1754 114 38.9403
19.8281 117 39.2625
19.7404 141 43.9923
19.8281 120 39.8624
19.7668 126 41.0135
19.7632 129 41.6105
20.5036 104 37.2029
20.2913 108 37.833
20.0708 119 39.8566
19.7632 128 41.4105
19.7632 127 41.2105
20.4311 107 37.7449
20.2913 107 37.633
19.7668 125 40.8135
19.7632 128 41.4105
19.7622 135 42.8097
20.547 103 37.0376
19.7668 123 40.4135
20.7288 97 35.983
19.8281 119 39.6625
19.7632 127 41.2105
19.8281 118 39.4624
