22.4548 94 58.2274
22.4548 95 58.7274
20.7455 97 58.8727
22.3748 103 62.6874
20.7455 103 61.8727
21.9281 97 59.4641
22.4548 95 58.7274
20.7455 99 59.8727
20.7455 100 60.3727
20.7288 101 60.8644
20.7455 101 60.8727
20.7288 100 60.3644
20.7288 103 61.8644
20.7288 104 62.3644
20.7288 105 62.8644
20.547 104 62.2735
19.6854 105 62.3427
20.7444 107 63.8722
20.7288 104 62.3644
20.2913 107 63.6456
20.308 107 63.654
20.4311 114 67.2156
19.679 108 63.8395
19.679 109 64.3395
19.3474 110 64.6737
19.679 110 64.8395
19.3372 111 65.1686
19.3474 109 64.1737
19.3308 112 65.6654
19.4246 113 66.2123
19.3372 110 64.6686
19.3308 113 66.1654
19.3308 112 65.6654
19.3308 113 66.1654
19.3106 116 67.6553
19.3308 116 67.6654
19.2117 115 67.1058
19.294 117 68.147
19.3106 115 67.1553
19.3502 117 68.1751
19.2117 117 68.1058
19.1987 117 68.0993
19.1619 122 70.5809
19.1785 120 69.5893
19.1582 123 71.0791
19.1619 123 71.0809
19.1582 124 71.5791
19.1582 123 71.0791
19.1582 124 71.5791
19.1554 127 73.0777
19.1582 125 72.0791
19.1554 126 72.5777
19.1554 127 73.0777
19.1554 128 73.5777
19.1554 131 75.0777
19.1554 132 75.5777
20.7278 106 63.3639
19.1987 117 68.0993
20.547 104 62.2735
19.1582 121 70.0791
19.3308 114 66.6654
19.3106 121 70.1553
19.195 118 68.5975
19.3106 115 67.1553
19.2117 122 70.6058
19.3474 115 67.1737
19.1582 125 72.0791
19.294 117 68.147
19.3344 118 68.6672
19.6854 107 63.3427
19.3474 118 68.6737
19.1554 128 73.5777
19.1619 129 74.0809
19.3308 112 65.6654
20.7288 102 61.3644
19.3274 117 68.1637
20.7455 98 59.3727
22.4548 95 58.7274
19.294 117 68.147
21.9281 97 59.4641
19.3308 112 65.6654
20.8599 106 63.4299
19.2967 124 71.6484
19.1619 122 70.5809
19.3308 114 66.6654
19.1554 131 75.0777
19.3474 117 68.1737
19.195 121 70.0975
19.1785 120 69.5893
19.2117 125 72.1058
19.3106 117 68.1553
20.2913 112 66.1456
21.9281 102 61.9641
20.7455 104 62.3727
22.4548 95 58.7274
19.1582 121 70.0791
19.3106 116 67.6553
19.3308 112 65.6654
19.3372 109 64.1686
19.1554 128 73.5777
19.3308 112 65.6654
19.1554 128 73.5777
19.3474 113 66.1737
22.4548 96 59.2274
20.7288 104 62.3644
19.3308 114 66.6654
19.1582 123 71.0791
22.4548 100 61.2274
19.3308 115 67.1654
20.7288 102 61.3644
19.1582 122 70.5791
21.9281 97 59.4641
19.3372 118 68.6686
19.3106 124 71.6553
19.3308 113 66.1654
19.1785 122 70.5893
20.308 105 62.654
19.1554 130 74.5777
19.294 115 67.147
20.7455 99 59.8727
19.679 106 62.8395
22.317 100 61.1585
20.7455 101 60.8727
19.3474 118 68.6737
20.7288 102 61.3644
19.1554 127 73.0777
20.547 106 63.2735
19.3502 109 64.1751
20.6129 110 65.3065
19.679 110 64.8395
20.7288 100 60.3644
19.1619 121 70.0809
20.7455 99 59.8727
19.1582 122 70.5791
19.3308 114 66.6654
20.308 107 63.654
22.4548 95 58.7274
19.679 109 64.3395
22.3748 104 63.1874
19.5599 112 65.78
19.2117 115 67.1058
19.1554 127 73.0777
19.3308 112 65.6654
19.195 119 69.0975
20.8074 107 63.9037
22.4548 96 59.2274
20.7288 104 62.3644
19.3106 117 68.1553
20.7455 97 58.8727
19.1554 132 75.5777
