20.6812 82 75.8681
20.6812 83 76.7681
20.1164 84 77.6116
20.6812 84 77.6681
20.1164 85 78.5116
20.1164 86 79.4116
20.1164 87 80.3116
20.1072 88 81.2107
20.1108 88 81.2111
20.1164 88 81.2116
20.1044 89 82.1104
20.1072 93 85.7107
20.1044 90 83.0104
19.7077 91 83.8708
19.8229 91 83.8823
19.9891 91 83.8989
20.1044 89 82.1104
19.7077 92 84.7708
19.7077 93 85.6708
19.6818 94 86.5682
19.7987 95 87.4799
19.6818 95 87.4682
19.5804 96 88.358
19.6818 96 88.3682
19.3594 97 89.2359
19.5804 97 89.258
19.3594 96 88.3359
19.3428 104 95.5343
19.3594 99 91.0359
19.3428 100 91.9343
19.3428 99 91.0343
19.2321 102 93.7232
19.3428 102 93.7343
19.2321 103 94.6232
19.2321 104 95.5232
19.2321 105 96.4232
19.3065 107 98.2306
19.6409 101 92.8641
19.2155 112 102.722
19.2155 115 105.422
19.2155 109 100.022
19.1787 110 100.918
19.2155 110 100.922
19.0954 111 101.81
19.1787 111 101.818
19.0954 110 100.91
19.0954 118 108.11
19.0954 114 104.51
19.0787 115 105.408
19.0954 115 105.41
19.0787 116 106.308
19.0787 117 107.208
19.0787 116 106.308
19.0658 119 109.007
19.0787 119 109.008
19.0658 120 109.907
19.0954 113 103.61
19.2155 107 98.2215
19.2155 109 100.022
19.7077 92 84.7708
19.2321 109 100.023
19.5804 104 95.558
19.3594 97 89.2359
19.0954 112 102.71
19.3594 99 91.0359
19.0954 114 104.51
19.2321 109 100.023
19.0954 113 103.61
20.1072 89 82.1107
19.0658 119 109.007
20.6812 82 75.8681
20.1164 91 83.9116
20.1072 89 82.1107
19.2155 108 99.1215
19.0954 113 103.61
20.1164 84 77.6116
19.3428 102 93.7343
19.3428 101 92.8343
19.6409 101 92.8641
19.2321 103 94.6232
19.0787 119 109.008
19.2321 110 100.923
20.1164 84 77.6116
19.5804 101 92.858
19.7077 92 84.7708
19.2155 107 98.2215
19.2155 106 97.3215
19.0954 118 108.11
20.1164 85 78.5116
19.7077 94 86.5708
20.1072 89 82.1107
19.2155 106 97.3215
19.0954 112 102.71
19.6818 94 86.5682
20.1072 96 88.4107
20.6812 87 80.3681
20.1072 89 82.1107
19.0954 112 102.71
19.2321 102 93.7232
20.1164 87 80.3116
19.3594 96 88.3359
19.3428 102 93.7343
19.0787 120 109.908
19.2321 106 97.3232
20.1164 84 77.6116
19.5804 96 88.358
19.6818 103 94.6682
19.7077 93 85.6708
19.0658 119 109.007
19.1787 111 101.818
19.0787 118 108.108
19.2321 105 96.4232
19.5804 97 89.258
19.2155 105 96.4215
19.2155 115 105.422
19.3594 103 94.6359
20.1164 92 84.8116
19.5804 96 88.358
19.7077 92 84.7708
20.1164 88 81.2116
19.0954 111 101.81
19.3428 100 91.9343
19.0954 112 102.71
20.1044 91 83.9104
19.3428 102 93.7343
19.2155 113 103.622
20.1164 84 77.6116
19.0954 111 101.81
19.7077 91 83.8708
19.2321 103 94.6232
19.0954 115 105.41
19.2155 108 99.1215
19.5041 110 100.95
19.3594 103 94.6359
20.1164 83 76.7116
19.2155 111 101.822
19.0787 120 109.908
19.3428 99 91.0343
19.5484 120 109.955
19.0954 112 102.71
20.1044 91 83.9104
19.2321 111 101.823
20.1164 88 81.2116
19.5804 97 89.258
20.6812 83 76.7681
19.0787 115 105.408
19.0787 116 106.308
20.1164 86 79.4116
19.7077 92 84.7708
19.7077 91 83.8708
