20.7288 90 34.583
20.7288 96 35.7831
20.6129 99 36.2903
20.7288 93 35.1831
20.7288 94 35.383
20.547 100 36.4376
20.7288 95 35.583
20.547 94 35.2376
20.4311 104 37.1449
20.4311 105 37.3449
19.9077 99 35.7262
19.9323 101 36.1458
20.5036 99 36.2029
20.547 99 36.2376
19.9077 106 37.1262
20.4219 100 36.3376
20.5036 100 36.4029
20.4219 101 36.5376
19.9077 105 36.9262
19.9077 106 37.1262
19.9077 107 37.3262
19.9067 108 37.5253
19.9077 106 37.1262
19.9067 109 37.7253
19.8281 109 37.6625
19.8281 112 38.2625
19.7888 113 38.431
19.8684 112 38.2947
19.8281 113 38.4624
19.7888 119 39.631
19.7888 115 38.831
19.7668 116 39.0135
19.7888 116 39.031
19.7668 117 39.2135
19.7481 118 39.3985
19.7668 122 40.2135
19.7481 119 39.5985
19.7481 120 39.7985
19.7481 128 41.3985
19.7481 122 40.1985
19.7481 123 40.3985
19.7471 124 40.5977
19.7481 122 40.1985
19.7481 116 38.9985
19.7471 124 40.5977
19.7481 118 39.3985
19.7471 133 42.3977
19.7471 129 41.5977
19.7253 128 41.3803
19.7404 130 41.7923
20.3066 124 41.0453
20.5036 99 36.2029
19.7481 121 39.9985
19.7404 130 41.7923
19.7471 133 42.3977
19.9077 99 35.7262
19.9077 108 37.5262
20.547 95 35.4376
19.7888 116 39.031
19.7471 124 40.5977
20.4219 101 36.5376
20.3066 119 40.0453
19.7481 127 41.1985
20.547 94 35.2376
19.7481 121 39.9985
20.7288 96 35.7831
19.9077 102 36.3262
19.8281 113 38.4624
20.547 99 36.2376
19.7481 121 39.9985
20.5036 100 36.4029
19.7404 130 41.7923
20.547 98 36.0376
19.9077 108 37.5262
19.7888 114 38.631
19.7668 116 39.0135
20.4219 101 36.5376
19.8278 108 37.4622
20.547 96 35.6376
19.7481 118 39.3985
19.7471 127 41.1977
20.5036 99 36.2029
19.7404 130 41.7923
20.547 96 35.6376
19.7668 125 40.8135
20.5036 100 36.4029
20.4219 101 36.5376
20.7288 95 35.583
19.7471 133 42.3977
19.9067 109 37.7253
19.9067 108 37.5253
20.5036 97 35.8029
19.7481 123 40.3985
19.7668 117 39.2135
19.9077 104 36.7262
19.8281 113 38.4624
20.547 97 35.8376
20.547 97 35.8376
20.547 95 35.4376
19.9067 106 37.1253
19.7471 128 41.3977
19.9077 108 37.5262
19.7471 126 40.9977
19.7888 114 38.631
19.9077 105 36.9262
20.3066 123 40.8453
19.9077 101 36.1262
20.547 96 35.6376
20.547 96 35.6376
20.4219 101 36.5376
19.7471 128 41.3977
20.7288 91 34.7831
20.7288 93 35.1831
19.9077 105 36.9262
20.547 97 35.8376
19.7481 121 39.9985
20.547 97 35.8376
19.7471 134 42.5977
19.9077 106 37.1262
20.7288 93 35.1831
19.7471 129 41.5977
19.9077 102 36.3262
20.4219 100 36.3376
19.7481 120 39.7985
19.7471 129 41.5977
20.547 97 35.8376
19.7481 122 40.1985
20.7288 94 35.383
19.7471 124 40.5977
19.9077 103 36.5262
19.7471 130 41.7977
19.7481 127 41.1985
19.7481 123 40.3985
19.7471 126 40.9977
19.7888 117 39.231
19.7888 123 40.431
19.7481 123 40.3985
19.7471 130 41.7977
19.7471 124 40.5977
19.7471 129 41.5977
19.7471 124 40.5977
19.8278 108 37.4622
19.9067 109 37.7253
19.8278 112 38.2622
20.7288 92 34.983
20.547 95 35.4376
20.7288 93 35.1831
19.9077 105 36.9262
20.547 95 35.4376
19.7471 130 41.7977
