20.6812 91 83.9681
20.6812 92 84.8681
20.6747 93 85.7675
20.6812 93 85.7681
20.6747 94 86.6675
20.6747 95 87.5675
20.1044 96 88.4104
20.6747 94 86.6675
20.1044 97 89.3104
20.6747 92 84.8675
19.9891 99 91.0989
19.6957 100 91.9696
19.9891 100 91.9989
19.6818 99 91.0682
19.6957 101 92.8696
19.5804 102 93.758
19.6818 102 93.7682
19.3594 103 94.6359
19.5804 101 92.858
19.3428 104 95.5343
19.3428 105 96.4343
19.3428 106 97.3343
19.6409 102 93.7641
19.3308 107 98.2331
19.3428 107 98.2343
19.5804 102 93.758
19.2321 109 100.023
19.2321 108 99.1232
19.2155 111 101.822
19.2321 111 101.823
19.1787 112 102.718
19.2155 112 102.722
19.1787 113 103.618
19.1787 114 104.518
19.1787 115 105.418
19.1953 113 103.62
19.1787 117 107.218
19.1787 116 106.318
19.1787 119 109.018
19.1787 118 108.118
19.1787 121 110.818
19.1787 122 111.718
19.2155 117 107.222
19.1697 131 119.817
19.1787 122 111.718
19.1697 125 114.417
19.1697 126 115.317
19.1697 127 116.217
19.0954 128 117.11
19.1697 126 115.317
19.0787 127 116.208
19.0954 127 116.21
19.0787 137 125.208
19.0787 129 118.008
19.0787 132 120.708
19.4874 128 117.149
19.0787 133 121.608
19.0787 135 123.408
19.3428 104 95.5343
20.6784 98 90.2678
19.5428 122 111.754
19.0787 133 121.608
19.6957 104 95.5696
19.3594 103 94.6359
19.0954 129 118.01
19.1953 121 110.82
19.1697 125 114.417
19.0954 126 115.31
19.1697 124 113.517
19.0787 132 120.708
19.3428 102 93.7343
19.1787 120 109.918
19.0954 128 117.11
19.2321 115 105.423
19.1787 112 102.718
19.9891 99 91.0989
20.6812 93 85.7681
19.1787 123 112.618
19.6957 100 91.9696
19.1787 118 108.118
20.6812 91 83.9681
20.1044 97 89.3104
19.0954 127 116.21
19.2321 107 98.2232
20.6784 96 88.4678
20.6812 92 84.8681
19.6818 101 92.8682
19.1697 125 114.417
20.6812 91 83.9681
19.2107 133 121.621
20.6747 96 88.4675
19.1697 126 115.317
20.1044 101 92.9104
19.1787 114 104.518
19.1787 112 102.718
20.6747 94 86.6675
19.1787 119 109.018
19.3428 105 96.4343
19.6957 104 95.5696
19.3428 107 98.2343
19.1787 114 104.518
19.1787 119 109.018
19.3428 105 96.4343
19.1787 120 109.918
19.3594 101 92.8359
19.5484 133 121.655
19.0954 127 116.21
19.3428 105 96.4343
19.0787 133 121.608
19.3474 112 102.735
20.6812 91 83.9681
19.6957 101 92.8696
19.1725 124 113.517
19.0787 130 118.908
19.1787 117 107.218
20.6747 93 85.7675
19.0787 131 119.808
19.9891 96 88.3989
19.2107 134 122.521
19.9891 100 91.9989
20.6812 95 87.5681
19.3594 103 94.6359
20.6747 94 86.6675
20.6747 96 88.4675
19.6957 98 90.1696
19.1787 115 105.418
19.2321 110 100.923
19.4518 123 112.645
19.6818 101 92.8682
19.0787 137 125.208
19.1787 119 109.018
19.1697 127 116.217
19.1953 121 110.82
20.6812 92 84.8681
19.2155 110 100.922
20.6747 92 84.8675
19.6957 101 92.8696
19.1953 119 109.02
19.3428 105 96.4343
19.2321 111 101.823
19.2321 107 98.2232
19.1787 120 109.918
19.1697 124 113.517
19.9891 98 90.1989
19.0787 128 117.108
19.1787 118 108.118
19.3594 101 92.8359
20.6747 94 86.6675
19.565 129 118.057
19.2321 110 100.923
