20.6812 91 62.8725
20.6812 92 63.4725
20.6747 93 64.0699
20.6812 93 64.0725
20.6747 94 64.6699
20.6747 95 65.2699
20.1044 96 65.6418
20.6747 94 64.6699
20.1044 97 66.2418
20.6747 92 63.4699
19.9891 99 67.3956
19.6957 100 67.8783
19.9891 100 67.9956
19.6818 99 67.2727
19.6957 101 68.4783
19.5804 102 69.0322
19.6818 102 69.0727
19.3594 103 69.5438
19.5804 101 68.4322
19.3428 104 70.1371
19.3428 105 70.7371
19.3428 106 71.3371
19.6409 102 69.0564
19.3308 107 71.9323
19.3428 107 71.9371
19.5804 102 69.0322
19.2321 109 73.0929
19.2321 108 72.4929
19.2155 111 74.2862
19.2321 111 74.2929
19.1787 112 74.8715
19.2155 112 74.8862
19.1787 113 75.4715
19.1787 114 76.0715
19.1787 115 76.6715
19.1953 113 75.4781
19.1787 117 77.8715
19.1787 116 77.2715
19.1787 119 79.0715
19.1787 118 78.4715
19.1787 121 80.2715
19.1787 122 80.8715
19.2155 117 77.8862
19.1697 131 86.2679
19.1787 122 80.8715
19.1697 125 82.6679
19.1697 126 83.2679
19.1697 127 83.8679
19.0954 128 84.4381
19.1697 126 83.2679
19.0787 127 83.8315
19.0954 127 83.8382
19.0787 137 89.8315
19.0787 129 85.0315
19.0787 132 86.8315
19.4874 128 84.595
19.0787 133 87.4315
19.0787 135 88.6315
19.3428 104 70.1371
20.6784 98 67.0714
19.5428 122 81.0171
19.0787 133 87.4315
19.6957 104 70.2783
19.3594 103 69.5438
19.0954 129 85.0381
19.1953 121 80.2781
19.1697 125 82.6679
19.0954 126 83.2382
19.1697 124 82.0679
19.0787 132 86.8315
19.3428 102 68.9371
19.1787 120 79.6715
19.0954 128 84.4381
19.2321 115 76.6929
19.1787 112 74.8715
19.9891 99 67.3956
20.6812 93 64.0725
19.1787 123 81.4715
19.6957 100 67.8783
19.1787 118 78.4715
20.6812 91 62.8725
20.1044 97 66.2418
19.0954 127 83.8382
19.2321 107 71.8929
20.6784 96 65.8714
20.6812 92 63.4725
19.6818 101 68.4727
19.1697 125 82.6679
20.6812 91 62.8725
19.2107 133 87.4843
20.6747 96 65.8699
19.1697 126 83.2679
20.1044 101 68.6418
19.1787 114 76.0715
19.1787 112 74.8715
20.6747 94 64.6699
19.1787 119 79.0715
19.3428 105 70.7371
19.6957 104 70.2783
19.3428 107 71.9371
19.1787 114 76.0715
19.1787 119 79.0715
19.3428 105 70.7371
19.1787 120 79.6715
19.3594 101 68.3438
19.5484 133 87.6194
19.0954 127 83.8382
19.3428 105 70.7371
19.0787 133 87.4315
19.3474 112 74.939
20.6812 91 62.8725
19.6957 101 68.4783
19.1725 124 82.069
19.0787 130 85.6315
19.1787 117 77.8715
20.6747 93 64.0699
19.0787 131 86.2315
19.9891 96 65.5956
19.2107 134 88.0843
19.9891 100 67.9956
20.6812 95 65.2725
19.3594 103 69.5438
20.6747 94 64.6699
20.6747 96 65.8699
19.6957 98 66.6783
19.1787 115 76.6715
19.2321 110 73.6929
19.4518 123 81.5807
19.6818 101 68.4727
19.0787 137 89.8315
19.1787 119 79.0715
19.1697 127 83.8679
19.1953 121 80.2781
20.6812 92 63.4725
19.2155 110 73.6862
20.6747 92 63.4699
19.6957 101 68.4783
19.1953 119 79.0781
19.3428 105 70.7371
19.2321 111 74.2929
19.2321 107 71.8929
19.1787 120 79.6715
19.1697 124 82.0679
19.9891 98 66.7956
19.0787 128 84.4315
19.1787 118 78.4715
19.3594 101 68.3438
20.6747 94 64.6699
19.565 129 85.226
19.2321 110 73.6929
