20.7288 92 27.8559
20.7288 93 27.9559
20.7288 94 28.0559
20.7288 95 28.1559
20.3844 99 28.2459
20.7288 96 28.2559
20.2913 100 28.2622
20.4311 105 28.888
20.3844 100 28.3459
20.7288 102 28.8559
20.2913 101 28.3622
20.4311 106 28.988
20.7288 98 28.4559
20.2913 102 28.4622
20.2913 101 28.3622
20.1618 105 28.6456
20.2913 102 28.4622
20.1618 106 28.7456
20.2913 103 28.5622
20.1618 107 28.8456
20.1618 108 28.9456
20.0708 109 28.9637
20.1251 116 29.7126
20.0341 117 29.7307
20.0708 109 28.9637
20.0708 112 29.2637
19.9986 113 29.2987
20.0708 113 29.3637
19.9986 115 29.4987
19.9986 115 29.4987
19.9986 114 29.3987
19.9758 117 29.6782
19.9521 124 30.3569
19.9758 118 29.7782
20.0668 116 29.6602
19.9521 120 29.9569
19.9758 120 29.9782
19.9521 121 30.0569
19.9293 122 30.1364
19.9521 122 30.1569
19.9293 123 30.2364
19.5573 132 30.8016
19.9293 124 30.3364
19.7079 131 30.8371
19.6716 127 30.4044
19.9293 125 30.4364
19.5573 127 30.3016
19.9293 126 30.5364
19.5573 128 30.4016
19.9293 127 30.6364
19.5573 131 30.7016
19.7424 129 30.6682
19.5155 134 30.9639
19.9986 115 29.4987
19.9521 122 30.1569
19.9986 116 29.5987
19.9521 121 30.0569
19.9758 117 29.6782
19.5573 129 30.5016
20.1618 105 28.6456
19.9758 117 29.6782
20.7288 102 28.8559
19.5573 128 30.4016
20.547 99 28.3923
19.9521 120 29.9569
20.7288 96 28.2559
20.2458 120 30.2213
20.3844 100 28.3459
20.7288 92 27.8559
19.9293 132 31.1364
20.0708 109 28.9637
20.2913 103 28.5622
19.9986 121 30.0987
20.547 96 28.0923
19.9986 113 29.2987
19.6716 125 30.2044
19.9521 121 30.0569
20.2913 101 28.3622
20.2913 103 28.5622
19.9986 115 29.4987
20.0708 109 28.9637
20.1618 107 28.8456
19.9986 115 29.4987
19.9521 121 30.0569
20.0341 120 30.0307
20.2913 104 28.6622
19.5573 127 30.3016
20.2913 101 28.3622
19.9293 126 30.5364
19.5573 126 30.2016
20.3844 99 28.2459
20.2431 109 29.1188
19.9986 115 29.4987
19.9986 113 29.2987
20.1618 107 28.8456
20.2913 103 28.5622
19.9986 117 29.6987
20.6129 102 28.7516
20.7288 99 28.5559
19.9986 122 30.1987
19.9758 122 30.1782
19.9986 113 29.2987
19.5573 127 30.3016
20.3844 100 28.3459
20.7288 98 28.4559
20.1618 109 29.0456
19.9758 117 29.6782
19.9293 123 30.2364
19.9521 126 30.5569
19.9986 114 29.3987
19.7424 127 30.4682
19.9521 121 30.0569
19.5573 128 30.4016
20.0341 118 29.8307
20.7278 100 28.655
20.1618 114 29.5456
19.9293 123 30.2364
20.0708 112 29.2637
20.547 97 28.1923
20.2913 103 28.5622
19.5573 128 30.4016
19.5573 128 30.4016
19.8246 128 30.6421
20.0708 118 29.8637
20.0708 109 28.9637
20.7288 97 28.3559
19.5612 127 30.3051
20.7288 97 28.3559
19.6676 125 30.2008
20.1618 109 29.0456
19.9986 117 29.6987
20.1618 109 29.0456
20.048 121 30.1432
20.7288 96 28.2559
20.7288 97 28.3559
19.9521 122 30.1569
20.2913 100 28.2622
20.1618 107 28.8456
19.9986 113 29.2987
19.5573 128 30.4016
19.9293 126 30.5364
20.7288 92 27.8559
20.547 98 28.2923
20.2231 123 30.5007
20.0708 112 29.2637
19.9521 120 29.9569
19.6716 127 30.4044
19.6716 127 30.4044
20.7288 98 28.4559
19.9758 119 29.8782
