20.6812 82 69.7362
20.6812 83 70.5362
20.1164 84 71.2233
20.6812 84 71.3362
20.1164 85 72.0233
20.1108 86 72.8222
20.1164 86 72.8233
20.1108 87 73.6222
20.1072 88 74.4214
20.1108 88 74.4222
20.1044 89 75.2209
20.1072 89 75.2214
19.8229 90 75.9646
20.1044 94 79.2209
19.7077 91 76.7415
19.8229 91 76.7646
19.7077 92 77.5415
19.7077 93 78.3415
19.6818 94 79.1364
19.7077 94 79.1415
19.6818 95 79.9364
19.3594 96 80.6719
19.5804 96 80.7161
19.6818 96 80.7364
19.3594 97 81.4719
19.3594 98 82.2719
19.3428 99 83.0686
19.3594 99 83.0719
19.3428 100 83.8686
19.3428 108 90.2686
19.2321 102 85.4464
19.3428 102 85.4686
19.2321 103 86.2464
19.2321 104 87.0464
19.2321 105 87.8464
19.2155 111 92.6431
19.2321 106 88.6464
19.2155 105 87.8431
19.2155 113 94.2431
19.2155 107 89.4431
19.1787 114 95.0357
19.2155 108 90.2431
19.0954 111 92.6191
19.1787 111 92.6357
19.0954 112 93.4191
19.0954 113 94.2191
19.0954 114 95.0191
19.0787 115 95.8157
19.0954 115 95.8191
19.0787 116 96.6157
19.0787 117 97.4157
19.0787 118 98.2157
19.0658 119 99.0132
19.0787 117 97.4157
19.0658 120 99.8132
19.0658 128 106.213
19.0658 122 101.413
19.0658 121 100.613
20.1044 90 76.0209
19.7077 92 77.5415
20.1044 89 75.2209
19.5804 100 83.9161
19.7077 94 79.1415
19.6818 95 79.9364
19.3428 101 84.6686
19.3594 97 81.4719
19.7077 93 78.3415
19.2155 106 88.6431
19.0658 124 103.013
19.6818 96 80.7364
19.2321 111 92.6464
19.3428 105 87.8686
20.6812 83 70.5362
19.2155 110 91.8431
19.3594 98 82.2719
19.0658 130 107.813
19.5804 96 80.7161
19.2321 104 87.0464
20.1072 88 74.4214
19.0658 122 101.413
19.0954 118 98.2191
19.8229 90 75.9646
19.5804 96 80.7161
19.6818 95 79.9364
20.1072 88 74.4214
20.1108 88 74.4222
19.3428 100 83.8686
19.2321 103 86.2464
19.0954 115 95.8191
19.2155 110 91.8431
19.1787 117 97.4357
19.0787 117 97.4157
19.0658 121 100.613
20.6812 83 70.5362
20.1164 85 72.0233
19.3428 99 83.0686
19.7077 93 78.3415
19.3594 96 80.6719
19.0787 119 99.0157
19.8229 90 75.9646
19.0954 110 91.8191
19.6818 95 79.9364
19.2321 109 91.0464
19.0954 113 94.2191
19.0787 119 99.0157
20.6812 83 70.5362
19.2155 105 87.8431
20.1044 89 75.2209
19.3428 106 88.6686
19.0954 113 94.2191
20.1072 88 74.4214
19.7077 98 82.3415
19.0658 123 102.213
19.2321 102 85.4464
19.2321 105 87.8464
20.1072 88 74.4214
19.4338 103 86.2868
19.0658 120 99.8132
19.2321 103 86.2464
20.1044 90 76.0209
19.3428 105 87.8686
19.7987 92 77.5597
20.1108 86 72.8222
19.3428 106 88.6686
20.1072 88 74.4214
20.1108 88 74.4222
19.0954 113 94.2191
19.7077 93 78.3415
19.2321 102 85.4464
19.2321 103 86.2464
19.3428 99 83.0686
20.1072 88 74.4214
19.0787 119 99.0157
19.0658 121 100.613
19.0954 113 94.2191
19.1787 110 91.8357
19.0954 115 95.8191
19.3594 97 81.4719
19.0787 117 97.4157
19.7077 96 80.7415
20.1072 89 75.2214
20.6812 89 75.3362
19.5804 96 80.7161
20.6812 84 71.3362
19.2321 102 85.4464
19.0658 128 106.213
20.6812 84 71.3362
19.0787 117 97.4157
19.0954 113 94.2191
19.2155 110 91.8431
