20.7288 98 28.4559
20.7288 94 28.0559
20.7288 95 28.1559
20.3844 99 28.2459
20.7288 96 28.2559
20.547 98 28.2923
20.3844 100 28.3459
20.7288 97 28.3559
20.547 99 28.3923
20.3844 101 28.4459
20.7288 98 28.4559
20.2913 102 28.4622
20.3844 102 28.5459
20.2913 103 28.5622
20.1618 105 28.6456
20.1754 111 29.2579
20.1618 106 28.7456
20.2913 105 28.7622
20.1618 107 28.8456
20.1618 108 28.9456
20.0708 109 28.9637
20.1618 109 29.0456
20.0708 108 28.8637
20.0341 118 29.8307
20.0708 112 29.2637
20.0708 113 29.3637
20.0708 114 29.4637
20.031 115 29.5279
20.0708 115 29.5637
19.9986 117 29.6987
20.031 121 30.1279
19.9758 121 30.0782
19.9986 117 29.6987
19.9758 118 29.7782
19.9758 117 29.6782
19.9758 120 29.9782
19.9758 121 30.0782
19.9758 120 29.9782
19.9758 123 30.2782
20.0432 121 30.1389
19.9293 131 31.0364
19.9293 125 30.4364
20.0679 127 30.7611
19.9293 126 30.5364
19.9293 125 30.4364
19.9293 133 31.2364
19.9293 129 30.8364
19.7547 129 30.6792
19.9293 130 30.9364
19.7547 130 30.7792
19.9293 129 30.8364
19.7547 131 30.8792
19.5612 133 30.9051
19.7547 134 31.1792
19.7547 135 31.2792
19.5612 137 31.3051
19.5612 138 31.4051
19.9986 116 29.5987
19.9758 117 29.6782
20.7288 98 28.4559
19.9758 118 29.7782
20.0708 110 29.0637
19.9758 121 30.0782
19.9758 121 30.0782
20.0708 113 29.3637
19.9293 129 30.8364
19.9758 117 29.6782
20.0708 110 29.0637
19.9521 125 30.4569
20.2913 103 28.5622
19.7547 132 30.9792
19.9986 115 29.4987
19.9758 117 29.6782
20.1618 105 28.6456
20.1618 113 29.4456
20.7288 93 27.9559
20.3844 102 28.5459
19.9293 125 30.4364
19.7547 130 30.7792
19.6995 142 31.9295
19.9758 123 30.2782
20.1618 107 28.8456
20.0341 120 30.0307
20.7288 96 28.2559
20.3844 101 28.4459
19.9986 117 29.6987
20.1618 105 28.6456
20.3844 102 28.5459
20.7288 96 28.2559
19.9293 126 30.5364
20.0708 110 29.0637
19.5612 140 31.6051
20.0708 114 29.4637
20.3844 99 28.2459
19.7547 134 31.1792
19.7547 135 31.2792
20.547 99 28.3923
20.0668 121 30.1602
20.0668 118 29.8602
19.9399 130 30.9459
20.3844 102 28.5459
20.0708 115 29.5637
20.0432 122 30.2388
19.9293 126 30.5364
19.9293 126 30.5364
20.547 98 28.2923
19.9293 124 30.3364
20.1618 105 28.6456
20.547 98 28.2923
19.7547 131 30.8792
20.2913 102 28.4622
20.3844 99 28.2459
20.2913 102 28.4622
19.9758 121 30.0782
20.7288 95 28.1559
20.0204 122 30.2183
20.2913 100 28.2622
20.1618 109 29.0456
19.7547 132 30.9792
20.1618 106 28.7456
20.0708 113 29.3637
19.9758 119 29.8782
19.9758 117 29.6782
19.9399 130 30.9459
19.7547 132 30.9792
20.031 115 29.5279
20.547 97 28.1923
20.546 106 29.0914
20.0708 114 29.4637
19.9293 127 30.6364
20.2913 102 28.4622
19.9758 123 30.2782
19.9758 117 29.6782
20.7288 93 27.9559
20.0708 112 29.2637
19.9758 118 29.7782
20.1618 107 28.8456
20.031 115 29.5279
19.9293 128 30.7364
19.9293 126 30.5364
19.9758 122 30.1782
20.7288 100 28.6559
19.9293 127 30.6364
20.3844 102 28.5459
19.9521 122 30.1569
19.7547 134 31.1792
19.7547 134 31.1792
20.3844 99 28.2459
19.9758 119 29.8782
20.547 97 28.1923
