20.6812 89 61.6725
20.6812 83 58.0725
20.1164 84 58.4466
20.6812 91 62.8725
20.1164 89 61.4466
20.1164 93 63.8466
20.1108 87 60.2443
20.1164 87 60.2466
20.1072 88 60.8429
20.1108 95 65.0443
20.1044 89 61.4418
20.1072 89 61.4429
20.1044 90 62.0418
19.7077 95 64.8831
19.8229 91 62.5292
19.9891 91 62.5956
20.1044 91 62.6418
19.7077 92 63.0831
19.7077 93 63.6831
19.6818 94 64.2727
19.8229 92 63.1292
19.6818 95 64.8727
19.3594 96 65.3438
19.5804 96 65.4322
19.6818 96 65.4727
19.3594 97 65.9438
19.3594 98 66.5438
19.3428 99 67.1371
19.3594 97 65.9438
19.3428 107 71.9371
19.3428 101 68.3371
19.2321 102 68.8929
19.3428 102 68.9371
19.2321 103 69.4929
19.2321 104 70.0929
19.2321 105 70.6929
19.2155 106 71.2862
19.2321 106 71.2929
19.2155 107 71.8862
19.2155 108 72.4862
19.2155 107 71.8862
19.1787 110 73.6715
19.2155 108 72.4862
19.0954 111 74.2382
19.1787 111 74.2715
19.0954 112 74.8382
19.0954 113 75.4381
19.0954 119 79.0381
19.0787 115 76.6315
19.5041 110 73.8016
19.0787 116 77.2315
19.0787 117 77.8315
19.0787 116 77.2315
19.0658 119 79.0263
19.0787 117 77.8315
19.0658 120 79.6263
19.0658 121 80.2263
19.1787 110 73.6715
19.2155 111 74.2862
19.0658 124 82.0263
20.1044 90 62.0418
19.0658 120 79.6263
19.0658 126 83.2263
19.6818 95 64.8727
20.6812 82 57.4725
19.6818 96 65.4727
19.6818 96 65.4727
19.0954 112 74.8382
19.0658 121 80.2263
19.0787 124 82.0315
19.0787 115 76.6315
20.1072 87 60.2429
19.0954 111 74.2382
19.5804 96 65.4322
19.3428 102 68.9371
19.9891 98 66.7956
19.0954 111 74.2382
19.0658 119 79.0263
19.6818 95 64.8727
19.1787 110 73.6715
19.0658 124 82.0263
20.1164 91 62.6466
20.1072 89 61.4429
20.1072 89 61.4429
19.2321 102 68.8929
19.8229 92 63.1292
20.6812 82 57.4725
19.6818 96 65.4727
19.7077 98 66.6831
19.0658 119 79.0263
19.6818 95 64.8727
19.3428 102 68.9371
19.0787 115 76.6315
19.2321 103 69.4929
20.1044 97 66.2418
20.1044 96 65.6418
20.6812 82 57.4725
19.0787 118 78.4315
19.0658 120 79.6263
19.9891 91 62.5956
20.1072 88 60.8429
19.0954 113 75.4381
19.6242 105 70.8497
20.1072 89 61.4429
19.3594 104 70.1438
19.7077 93 63.6831
19.3594 98 66.5438
19.3428 101 68.3371
19.3428 101 68.3371
20.1108 94 64.4443
19.8229 89 61.3292
19.2155 110 73.6862
19.7077 91 62.4831
19.1787 110 73.6715
20.1044 90 62.0418
19.0954 112 74.8382
19.7077 101 68.4831
19.3428 100 67.7371
19.3594 99 67.1438
19.2155 109 73.0862
19.3594 97 65.9438
20.1072 88 60.8429
19.2321 102 68.8929
19.2321 105 70.6929
19.2155 108 72.4862
20.6784 89 61.6714
19.0954 112 74.8382
20.6812 83 58.0725
19.0658 120 79.6263
20.6812 84 58.6725
19.2321 103 69.4929
19.5804 96 65.4322
19.0954 119 79.0381
19.7077 100 67.8831
19.2321 104 70.0929
19.2321 106 71.2929
19.0787 118 78.4315
20.6812 84 58.6725
20.1044 89 61.4418
19.1787 117 77.8715
19.3594 98 66.5438
19.1787 115 76.6715
19.3594 98 66.5438
19.0658 125 82.6263
19.3594 97 65.9438
19.2155 115 76.6862
20.1164 84 58.4466
19.0954 113 75.4381
20.1072 89 61.4429
19.2321 102 68.8929
