20.6784 87 73.7357
20.6812 83 70.5362
20.1108 84 71.2222
20.2074 85 72.0415
20.6812 84 71.3362
20.1108 85 72.0222
20.1108 86 72.8222
20.1108 87 73.6222
19.7141 88 74.3428
20.1072 88 74.4214
20.1108 88 74.4222
19.7077 89 75.1415
19.7141 87 73.5428
19.7077 90 75.9415
19.7077 95 79.9415
19.7077 92 77.5415
19.7077 93 78.3415
19.6818 94 79.1364
19.7077 94 79.1415
19.6818 95 79.9364
19.3594 96 80.6719
19.5804 96 80.7161
19.6818 96 80.7364
19.3594 95 79.8719
19.3594 98 82.2719
19.3428 99 83.0686
19.3594 103 86.2719
19.3428 107 89.4686
19.3428 105 87.8686
19.2321 109 91.0464
19.4338 103 86.2868
19.2321 101 84.6464
19.2155 104 87.0431
19.2321 104 87.0464
19.2155 105 87.8431
19.2155 106 88.6431
19.2155 107 89.4431
19.2155 108 90.2431
19.0954 109 91.0191
19.2155 109 91.0431
19.0954 110 91.8191
19.0954 111 92.6191
19.0787 117 97.4157
19.0954 110 91.8191
19.0787 113 94.2157
19.0787 112 93.4157
19.0787 122 101.416
19.0787 121 100.616
19.0787 115 95.8157
19.0658 123 102.213
19.0787 116 96.6157
19.0658 119 99.0132
19.0658 120 99.8132
19.0658 121 100.613
19.0658 126 104.613
19.0658 123 102.213
19.5355 125 103.907
19.0658 123 102.213
19.0787 113 94.2157
19.0954 110 91.8191
19.0658 123 102.213
20.1108 87 73.6222
20.1108 87 73.6222
20.1108 86 72.8222
19.0658 122 101.413
19.3428 102 85.4686
19.7141 88 74.3428
19.7077 91 76.7415
20.6812 89 75.3362
19.3594 98 82.2719
19.0787 113 94.2157
20.6812 83 70.5362
19.6818 102 85.5364
19.0954 119 99.0191
19.2155 108 90.2431
19.3594 96 80.6719
20.1072 92 77.6214
19.0658 117 97.4132
19.2155 106 88.6431
19.0787 117 97.4157
19.3594 96 80.6719
20.1108 90 76.0222
19.2321 103 86.2464
19.7141 89 75.1428
19.0787 118 98.2157
20.6812 83 70.5362
19.3428 99 83.0686
19.7141 89 75.1428
19.5804 103 86.3161
20.1164 91 76.8233
19.0658 120 99.8132
20.1108 88 74.4222
20.1164 84 71.2233
19.0658 124 103.013
19.7077 97 81.5415
19.0658 119 99.0132
19.3594 98 82.2719
19.7077 93 78.3415
19.0658 125 103.813
19.7077 93 78.3415
19.2321 104 87.0464
19.0954 112 93.4191
19.6818 94 79.1364
19.0658 120 99.8132
19.3594 96 80.6719
19.0787 120 99.8157
20.1108 86 72.8222
19.2321 102 85.4464
19.0954 110 91.8191
19.0954 112 93.4191
19.7141 89 75.1428
20.1108 84 71.2222
19.0787 115 95.8157
19.0954 112 93.4191
20.1108 86 72.8222
19.3428 106 88.6686
19.2155 108 90.2431
19.3594 105 87.8719
19.0787 112 93.4157
19.1697 123 102.234
19.3428 100 83.8686
19.3428 101 84.6686
20.1108 84 71.2222
19.6818 96 80.7364
19.6818 96 80.7364
20.1108 88 74.4222
19.7077 92 77.5415
19.0954 109 91.0191
19.3428 100 83.8686
19.7077 98 82.3415
19.0787 115 95.8157
20.1108 84 71.2222
20.6812 89 75.3362
20.1108 86 72.8222
19.0787 120 99.8157
19.3594 96 80.6719
19.0658 121 100.613
19.0658 121 100.613
19.0787 116 96.6157
19.3428 100 83.8686
19.3428 102 85.4686
19.0658 127 105.413
19.5804 103 86.3161
20.1108 88 74.4222
19.2321 108 90.2464
19.3428 101 84.6686
19.0954 111 92.6191
20.1108 88 74.4222
19.0658 120 99.8132
19.6818 101 84.7364
