22.8376 127 116.584
21.1168 132 120.912
22.4759 136 124.648
21.0605 134 122.706
20.8023 129 118.18
21.1641 137 125.416
20.1247 137 125.312
19.9758 146 133.398
20.1247 137 125.312
22.8376 127 116.584
21.0605 134 122.706
20.5407 136 124.454
19.9758 142 129.798
21.1168 132 120.912
22.3164 132 121.032
20.1247 137 125.312
20.1247 137 125.312
20.5407 133 121.754
20.5407 136 124.454
21.0605 134 122.706
21.1168 132 120.912
20.9283 136 124.493
20.1247 137 125.312
20.1247 137 125.312
22.4759 136 124.648
20.1247 137 125.312
19.9758 146 133.398
22.8376 127 116.584
22.8376 127 116.584
20.8885 133 121.789
22.3164 132 121.032
19.9758 146 133.398
20.5407 136 124.454
21.1168 132 120.912
22.8376 127 116.584
22.8376 127 116.584
20.9283 136 124.493
20.1247 137 125.312
19.9758 146 133.398
21.0605 134 122.706
20.1247 137 125.312
22.3164 132 121.032
19.9795 145 132.498
20.1247 137 125.312
21.0605 134 122.706
21.1168 132 120.912
20.2805 141 128.928
22.3164 132 121.032
20.9283 134 122.693
22.7093 131 120.171
20.9283 137 125.393
19.9758 146 133.398
20.9283 136 124.493
20.2805 141 128.928
20.9283 136 124.493
22.8376 127 116.584
22.4409 134 122.844
20.5407 136 124.454
22.8376 127 116.584
22.3164 132 121.032
22.3164 132 121.032
22.3164 132 121.032
21.1168 132 120.912
20.1247 137 125.312
21.0605 134 122.706
21.1168 132 120.912
20.4184 135 123.542
21.1168 132 120.912
19.9758 146 133.398
20.9283 136 124.493
20.5407 136 124.454
20.9283 134 122.693
22.8376 127 116.584
20.5416 141 128.954
21.0605 130 119.106
21.0605 134 122.706
20.9283 136 124.493
22.8376 127 116.584
21.1641 137 125.416
21.0605 134 122.706
22.8376 127 116.584
21.0605 130 119.106
22.3164 132 121.032
20.3125 138 126.231
19.9758 146 133.398
19.9795 145 132.498
20.1247 137 125.312
21.1168 132 120.912
20.5407 136 124.454
20.1247 137 125.312
21.0605 134 122.706
20.1247 137 125.312
21.1168 132 120.912
20.5407 136 124.454
20.5407 136 124.454
20.5407 136 124.454
20.8885 133 121.789
22.3164 132 121.032
20.9283 136 124.493
20.5407 136 124.454
22.8376 127 116.584
22.3164 132 121.032
21.1168 132 120.912
22.8376 127 116.584
20.1247 133 121.712
20.9283 135 123.593
21.0605 134 122.706
21.0605 134 122.706
21.1641 137 125.416
21.1432 127 116.414
20.1247 137 125.312
20.8704 135 123.587
20.5407 136 124.454
22.8376 127 116.584
21.1003 133 121.81
21.1003 133 121.81
22.8376 127 116.584
21.1168 132 120.912
20.8023 129 118.18
20.5407 136 124.454
22.8376 127 116.584
19.9758 142 129.798
22.1758 135 123.718
21.1168 132 120.912
21.0605 134 122.706
20.1247 137 125.312
20.9283 134 122.693
22.8376 127 116.584
22.8505 128 117.485
21.0605 134 122.706
20.5407 136 124.454
22.512 133 121.951
20.9283 136 124.493
20.8011 134 122.68
22.8376 127 116.584
21.0605 134 122.706
22.3164 132 121.032
20.5407 136 124.454
20.1247 137 125.312
20.0668 145 132.507
21.0399 138 126.304
20.9283 136 124.493
20.9283 136 124.493
21.1432 127 116.414
20.9283 136 124.493
22.8376 127 116.584
20.5407 136 124.454
20.9283 136 124.493
22.3164 132 121.032
22.8376 127 116.584
