20.6812 83 76.7681
20.1164 84 77.6116
20.6812 84 77.6681
20.1164 85 78.5116
20.1164 84 77.6116
20.1164 91 83.9116
20.1108 88 81.2111
20.1164 88 81.2116
20.1108 89 82.1111
20.1072 90 83.0107
20.1108 90 83.0111
19.9891 91 83.8989
20.1044 91 83.9104
20.1072 91 83.9107
19.8229 92 84.7823
19.9891 92 84.7989
19.7077 93 85.6708
19.8229 93 85.6823
19.5804 99 91.058
19.6818 95 87.4682
19.7077 102 93.7708
19.6818 96 88.3682
19.3594 97 89.2359
19.5804 97 89.258
19.6818 97 89.2682
19.3594 98 90.1359
19.3594 99 91.0359
19.3428 100 91.9343
19.3594 100 91.9359
19.3428 101 92.8343
19.2321 102 93.7232
19.3428 102 93.7343
19.2321 103 94.6232
19.2321 108 99.1232
19.2321 105 96.4232
19.2321 104 95.5232
19.2155 107 98.2215
19.2321 107 98.2232
19.2155 108 99.1215
19.2155 109 100.022
19.1787 110 100.918
19.2155 110 100.922
19.1787 111 101.818
19.1787 112 102.718
19.1787 113 103.618
19.0954 112 102.71
19.1787 114 104.518
19.0954 115 105.41
19.0787 116 106.308
19.0954 114 104.51
19.0787 124 113.508
19.0787 123 112.608
19.0787 117 107.208
19.0658 125 114.407
19.0787 127 116.208
19.0787 115 105.408
19.0658 129 118.007
19.0658 123 112.607
19.0658 122 111.707
19.0658 122 111.707
20.1164 84 77.6116
19.0658 123 112.607
20.1072 91 83.9107
19.0787 117 107.208
19.1787 110 100.918
19.5804 97 89.258
19.0658 120 109.907
19.3594 102 93.7359
20.1108 88 81.2111
19.1787 113 103.618
19.8229 92 84.7823
19.3428 100 91.9343
19.8229 92 84.7823
20.1164 86 79.4116
19.2155 109 100.022
19.2155 117 107.222
20.1044 95 87.5104
19.6818 97 89.2682
20.6812 83 76.7681
19.0658 121 110.807
19.3594 102 93.7359
20.1164 86 79.4116
19.3428 101 92.8343
19.0954 116 106.31
19.0787 117 107.208
19.0658 130 118.907
20.1108 92 84.8111
19.2321 111 101.823
20.1108 90 83.0111
20.1982 91 83.9198
20.1164 85 78.5116
20.2074 86 79.4207
20.1164 88 81.2116
19.8229 92 84.7823
19.0658 121 110.807
19.2155 107 98.2215
19.2155 108 99.1215
19.0787 116 106.308
20.6812 84 77.6681
19.0954 115 105.41
19.6818 95 87.4682
20.1108 89 82.1111
20.1108 88 81.2111
19.2321 102 93.7232
20.1044 91 83.9104
19.0954 114 104.51
19.9891 95 87.4989
19.8229 93 85.6823
20.1164 84 77.6116
20.1164 85 78.5116
20.1164 86 79.4116
19.5804 97 89.258
20.1164 88 81.2116
19.2321 111 101.823
20.1044 91 83.9104
19.0787 119 109.008
19.3594 97 89.2359
19.9891 91 83.8989
19.6818 95 87.4682
19.6818 97 89.2682
19.7077 95 87.4708
19.6818 97 89.2682
19.3428 105 96.4343
19.6818 93 85.6682
19.2321 105 96.4232
19.5804 97 89.258
19.0658 131 119.807
19.9891 92 84.7989
20.1164 85 78.5116
19.0658 120 109.907
19.0658 119 109.007
19.7077 99 91.0708
20.1164 84 77.6116
20.1164 88 81.2116
19.0787 122 111.708
20.1164 94 86.6116
19.0954 115 105.41
19.0787 118 108.108
19.8229 92 84.7823
19.1787 114 104.518
19.0658 121 110.807
19.7077 94 86.5708
20.1164 86 79.4116
19.0658 121 110.807
19.1787 113 103.618
20.1108 89 82.1111
19.0954 116 106.31
20.1108 88 81.2111
19.6818 95 87.4682
20.1108 89 82.1111
