21.9993 87 47.9996
21.9993 88 48.3996
21.9993 82 45.9996
21.9993 85 47.1996
21.9993 86 47.5996
21.9982 87 47.9989
21.9993 92 49.9996
21.4147 91 49.2489
22.0145 93 50.4087
21.4147 92 49.6488
20.7288 94 50.0373
21.4147 93 50.0489
20.7288 93 49.6373
21.4147 94 50.4489
20.7288 94 50.0373
20.547 102 53.1282
20.7288 95 50.4373
20.547 103 53.5282
20.547 97 51.1282
20.546 98 51.5276
20.547 100 52.3282
20.546 101 52.7276
20.546 102 53.1276
20.546 103 53.5276
20.2913 104 53.7748
20.4311 104 53.8587
20.546 104 53.9276
20.2913 105 54.1748
20.2913 106 54.5748
20.2913 107 54.9748
20.1618 108 55.2971
20.2913 108 55.3748
20.0708 109 55.6425
20.1618 109 55.6971
20.0708 115 58.0425
20.0708 116 58.4425
20.1865 114 57.7119
20.0708 113 57.2425
20.0708 114 57.6425
20.0708 115 58.0425
20.031 116 58.4186
20.1618 113 57.2971
20.031 117 58.8186
20.031 118 59.2186
20.031 119 59.6186
20.031 120 60.0186
20.031 120 60.0186
20.0023 122 60.8013
20.0082 122 60.8049
20.031 122 60.8186
20.0023 123 61.2014
19.9795 124 61.5877
20.0023 124 61.6014
19.9795 125 61.9877
19.9795 126 62.3877
19.9795 127 62.7877
19.9558 128 63.1735
20.0705 125 62.0423
19.9795 126 62.3877
20.547 97 51.1282
20.0708 109 55.6425
19.9558 133 65.1735
20.2913 105 54.1748
20.0708 114 57.6425
20.0708 110 56.0425
20.547 98 51.5282
19.9795 125 61.9877
21.4147 91 49.2489
20.546 100 52.3276
19.9558 128 63.1735
20.7288 95 50.4373
20.2913 105 54.1748
20.0708 113 57.2425
20.546 100 52.3276
19.9795 126 62.3877
19.9558 128 63.1735
20.031 117 58.8186
20.546 100 52.3276
20.0082 122 60.8049
20.2913 106 54.5748
20.031 122 60.8186
19.9795 125 61.9877
20.0708 112 56.8425
20.0341 123 61.2205
21.9993 82 45.9996
20.2913 108 55.3748
20.031 117 58.8186
20.031 117 58.8186
21.4147 93 50.0489
20.1618 108 55.2971
21.9993 85 47.1996
20.031 118 59.2186
20.2913 106 54.5748
20.1618 108 55.2971
20.2913 105 54.1748
19.9795 126 62.3877
20.0708 113 57.2425
20.7288 94 50.0373
19.9795 125 61.9877
19.9795 125 61.9877
20.7288 93 49.6373
21.4147 91 49.2489
21.4147 93 50.0489
20.0023 123 61.2014
20.2913 108 55.3748
21.8834 89 48.73
20.031 116 58.4186
21.4147 91 49.2489
20.1618 108 55.2971
20.1618 113 57.2971
20.0708 110 56.0425
21.4147 94 50.4489
20.547 103 53.5282
21.8834 96 51.53
19.9795 127 62.7877
21.4147 91 49.2489
20.2913 106 54.5748
20.2913 106 54.5748
19.9795 126 62.3877
20.031 115 58.0186
21.9993 85 47.1996
19.9795 126 62.3877
20.547 100 52.3282
20.546 103 53.5276
20.2913 107 54.9748
20.0708 115 58.0425
21.4147 93 50.0489
21.9993 90 49.1996
19.9795 125 61.9877
21.9993 92 49.9996
19.9795 125 61.9877
21.4147 89 48.4489
20.7288 94 50.0373
21.2989 98 51.9793
20.031 122 60.8186
20.1618 109 55.6971
20.547 97 51.1282
20.2903 108 55.3742
20.031 116 58.4186
20.0708 113 57.2425
19.9795 126 62.3877
20.7288 94 50.0373
20.0023 123 61.2014
21.9993 92 49.9996
20.547 104 53.9282
20.0341 122 60.8205
20.547 103 53.5282
20.031 122 60.8186
20.7288 95 50.4373
21.4147 92 49.6488
