20.9878 107 72.5951
21.8962 107 72.9585
20.7455 104 70.6982
20.6055 110 74.2422
20.9878 108 73.1951
20.5637 109 73.6255
20.5637 112 75.4255
20.5637 111 74.8255
20.308 112 75.3232
20.5637 112 75.4255
20.308 113 75.9232
20.4233 117 78.3693
20.308 117 78.3232
20.308 116 77.7232
20.0521 126 83.6208
20.308 119 79.5232
20.0521 128 84.8208
20.308 116 77.7232
20.168 123 81.8672
20.2691 123 81.9076
20.308 118 78.9232
20.168 118 78.8672
20.1247 124 82.4499
20.1221 124 82.4488
20.1247 125 83.0499
20.1221 125 83.0488
20.031 129 85.4124
20.0023 128 84.8009
20.0082 130 86.0033
20.031 130 86.0124
20.0023 129 85.4009
19.9986 132 87.1994
20.0023 134 88.4009
19.9795 133 87.7918
19.9986 133 87.7994
20.0082 128 84.8033
19.9758 135 88.9903
19.9795 135 88.9918
19.294 134 88.1176
19.9758 134 88.3903
19.2921 138 90.5168
19.3086 140 91.7234
19.2884 144 94.1154
19.3059 143 93.5224
19.2717 145 94.7087
19.294 142 92.9176
19.2754 149 97.1102
19.2717 148 96.5087
20.1247 123 81.8499
20.308 114 76.5232
20.308 113 75.9232
19.9758 136 89.5903
20.168 119 79.4672
20.0082 132 87.2033
20.031 127 84.2124
20.9878 110 74.3951
20.0023 130 86.0009
20.031 127 84.2124
19.2717 145 94.7087
20.308 114 76.5232
20.308 116 77.7232
20.9878 107 72.5951
19.9758 134 88.3903
19.9795 135 88.9918
19.2717 146 95.3087
20.0082 128 84.8033
19.9795 133 87.7918
20.1221 125 83.0488
19.2717 145 94.7087
20.308 118 78.9232
19.9758 135 88.9903
19.9986 132 87.1994
19.9986 130 85.9994
19.9795 132 87.1918
20.679 114 76.6716
20.679 114 76.6716
19.9758 136 89.5903
20.308 116 77.7232
20.168 121 80.6672
20.031 128 84.8124
19.2717 148 96.5087
20.0023 130 86.0009
19.9758 135 88.9903
20.031 130 86.0124
20.308 112 75.3232
20.0023 131 86.6009
19.9795 131 86.5918
21.0624 113 76.225
20.308 114 76.5232
19.2717 147 95.9087
20.0082 130 86.0033
20.1247 123 81.8499
19.2717 147 95.9087
20.168 122 81.2672
20.031 127 84.2124
20.308 114 76.5232
20.1221 125 83.0488
19.9986 130 85.9994
19.9521 140 91.9809
19.9795 134 88.3918
19.2717 146 95.3087
19.9758 133 87.7903
20.168 121 80.6672
19.2717 145 94.7087
19.2893 150 97.7157
20.031 127 84.2124
20.9878 110 74.3951
19.9986 133 87.7994
20.308 116 77.7232
20.168 123 81.8672
19.9986 132 87.1994
20.031 127 84.2124
20.308 119 79.5232
20.1247 122 81.2499
20.5637 108 73.0255
20.168 120 80.0672
21.8962 109 74.1585
20.5637 114 76.6255
19.3086 141 92.3234
20.031 128 84.8124
20.5637 113 76.0255
20.1247 127 84.2499
20.4237 113 75.9695
20.1247 124 82.4499
20.1921 124 82.4768
19.2893 140 91.7157
19.9795 133 87.7918
19.9758 135 88.9903
20.1247 127 84.2499
19.9758 135 88.9903
19.9758 136 89.5903
20.0705 132 87.2282
20.0023 130 86.0009
20.308 113 75.9232
19.9795 133 87.7918
19.294 134 88.1176
20.9878 108 73.1951
20.5637 109 73.6255
20.1247 125 83.0499
20.0383 129 85.4153
20.031 127 84.2124
20.1247 125 83.0499
20.308 113 75.9232
19.2717 146 95.3087
20.308 112 75.3232
20.168 123 81.8672
20.0705 130 86.0282
20.308 118 78.9232
20.0023 132 87.2009
19.2717 146 95.3087
