20.8153 104 45.7707
20.6974 105 45.9882
20.321 106 46.0247
20.8153 105 46.0707
21.0018 102 45.3012
20.6974 108 46.8882
20.321 107 46.3247
20.1818 108 46.5273
20.2323 108 46.5626
20.1818 109 46.8273
20.2998 108 46.6098
20.1818 110 47.1273
20.1607 111 47.4125
20.4862 108 46.7404
20.1607 115 48.6125
20.2998 112 47.8098
20.1395 115 48.5976
20.1818 110 47.1273
20.1607 115 48.6125
20.2786 114 48.395
20.1607 112 47.7125
20.655 113 48.3585
20.1607 113 48.0125
20.1352 119 49.7947
20.1352 120 50.0947
20.1395 120 50.0976
20.0088 131 53.3062
20.1352 122 50.6947
20.1247 125 51.5873
20.1247 124 51.2873
20.1247 125 51.5873
20.1247 126 51.8873
20.2647 123 51.0853
20.042 128 52.4294
20.1221 124 51.2855
20.1143 130 53.08
20.1247 128 52.4873
20.0383 131 53.3268
20.042 131 53.3294
20.0023 130 53.0016
20.0383 132 53.6268
20.042 130 53.0294
20.0023 132 53.6016
20.0023 132 53.6016
20.2467 129 52.8727
19.9758 134 54.1831
19.9986 134 54.199
19.9758 137 55.0831
19.9758 136 54.7831
19.9758 136 54.7831
20.0468 137 55.1328
19.9758 138 55.3831
20.2003 135 54.6402
19.9558 140 55.969
19.9293 144 57.1505
19.9293 145 57.4505
19.9293 149 58.6505
19.933 146 57.7531
20.6974 105 45.9882
20.1221 124 51.2855
20.1607 112 47.7125
20.6974 108 46.8882
20.6974 105 45.9882
20.2998 113 48.1098
20.1395 118 49.4976
20.1607 112 47.7125
20.321 106 46.0247
20.1352 122 50.6947
20.1607 111 47.4125
20.1607 110 47.1125
20.042 130 53.0294
19.9293 147 58.0505
20.1818 111 47.4273
20.1352 120 50.0947
20.1247 123 50.9873
19.9558 141 56.2691
19.9986 134 54.199
19.9558 142 56.569
20.0933 130 53.0653
19.9558 141 56.2691
20.1352 122 50.6947
20.729 105 46.0103
20.1352 119 49.7947
20.1247 123 50.9873
20.1143 130 53.08
19.9558 138 55.369
19.9986 134 54.199
19.9758 140 55.9831
19.9758 135 54.4831
19.9758 138 55.3831
20.1395 118 49.4976
19.9558 139 55.669
19.9558 140 55.969
20.1352 119 49.7947
20.6762 106 46.2733
20.321 107 46.3247
20.042 130 53.0294
20.321 107 46.3247
20.1247 122 50.6873
20.0383 133 53.9268
20.1564 115 48.6095
20.6974 105 45.9882
20.1143 130 53.08
20.1247 124 51.2873
20.1564 119 49.8095
19.9691 150 58.9784
20.1607 111 47.4125
20.6974 105 45.9882
20.2212 129 52.8548
19.9758 137 55.0831
19.9293 148 58.3505
20.6762 113 48.3733
20.0023 134 54.2016
20.1818 111 47.4273
20.1247 127 52.1873
20.655 112 48.0585
20.6974 106 46.2882
20.1607 112 47.7125
20.6762 108 46.8733
20.0023 133 53.9016
20.8153 105 46.0707
20.1352 119 49.7947
20.1247 125 51.5873
19.9758 136 54.7831
20.118 137 55.1826
20.0679 137 55.1475
19.9293 144 57.1505
20.1818 110 47.1273
20.042 130 53.0294
20.1607 113 48.0125
19.9758 139 55.6831
20.8153 104 45.7707
20.1352 120 50.0947
20.1395 118 49.4976
20.1607 124 51.3125
20.0383 132 53.6268
20.1818 109 46.8273
20.2691 127 52.2884
20.0023 133 53.9016
19.9558 141 56.2691
20.1607 111 47.4125
20.0933 128 52.4653
20.1738 142 56.7217
19.9293 144 57.1505
19.9758 135 54.4831
20.1607 113 48.0125
20.1607 116 48.9125
19.9558 139 55.669
20.1143 130 53.08
20.1395 116 48.8976
