20.7288 89 27.5559
20.7288 90 27.6559
20.7288 91 27.7559
20.7288 97 28.3559
20.7288 98 28.4559
20.7288 94 28.0559
20.547 96 28.0923
20.3844 98 28.1459
20.7278 100 28.655
20.7288 95 28.1559
20.547 97 28.1923
20.3844 99 28.2459
20.7278 96 28.255
20.2913 100 28.2622
20.4311 105 28.888
20.3844 100 28.3459
20.2913 101 28.3622
20.0154 104 28.4139
20.2913 102 28.4622
20.0154 105 28.5139
19.9045 106 28.514
20.1754 110 29.1579
20.0154 104 28.4139
19.8693 115 29.3823
19.7193 109 28.6474
20.2903 112 29.4612
19.8834 108 28.6951
19.9045 108 28.714
19.7166 110 28.7449
19.7193 115 29.2474
19.8482 117 29.5634
19.7166 116 29.3449
19.5906 113 28.9315
19.7166 110 28.7449
19.5906 114 29.0315
19.7166 118 29.5449
19.5047 115 29.0542
19.5906 117 29.3315
19.5047 116 29.1542
19.4261 117 29.1835
19.6172 119 29.5555
19.4261 118 29.2835
19.4261 119 29.3835
19.6058 117 29.3452
19.4252 120 29.4827
19.4261 120 29.4835
19.342 121 29.5078
19.4207 121 29.5786
19.342 122 29.6078
19.342 123 29.7078
19.342 124 29.8078
19.342 125 29.9078
19.342 126 30.0078
19.5272 124 29.9745
20.2913 100 28.2622
19.5047 116 29.1542
19.4207 121 29.5786
20.2913 101 28.3622
19.9045 106 28.514
19.5047 117 29.2542
20.7288 92 27.8559
19.342 122 29.6078
20.7288 91 27.7559
20.7288 93 27.9559
20.7288 91 27.7559
19.342 126 30.0078
20.2913 102 28.4622
20.7288 93 27.9559
20.2913 100 28.2622
20.3477 106 28.9129
20.547 97 28.1923
20.0154 102 28.2139
20.7288 93 27.9559
19.342 123 29.7078
19.4252 120 29.4827
19.7833 115 29.305
19.5906 115 29.1315
19.5047 115 29.0542
19.9045 107 28.614
20.2913 100 28.2622
19.7166 112 28.9449
19.7757 112 28.9982
19.7166 111 28.8449
19.5272 121 29.6745
19.6872 120 29.7185
20.547 96 28.0923
19.342 124 29.8078
19.7193 115 29.2474
19.4261 117 29.1835
19.9045 107 28.614
19.7166 111 28.8449
19.4261 119 29.3835
19.7166 117 29.4449
19.7166 111 28.8449
20.7288 95 28.1559
19.6872 120 29.7185
19.4252 120 29.4827
19.342 122 29.6078
20.7288 90 27.6559
20.7288 92 27.8559
19.9045 105 28.414
20.3844 99 28.2459
19.5047 115 29.0542
19.4252 120 29.4827
19.7193 114 29.1474
19.4207 120 29.4786
19.5906 113 28.9315
20.3844 98 28.1459
20.1754 111 29.2579
20.7288 89 27.5559
19.5047 115 29.0542
20.7288 93 27.9559
19.4261 117 29.1835
19.8834 109 28.7951
20.2913 101 28.3622
19.5514 122 29.7963
19.5047 115 29.0542
19.7166 115 29.2449
20.7278 101 28.755
19.5906 115 29.1315
20.2913 100 28.2622
20.7288 94 28.0559
19.4261 119 29.3835
19.4207 121 29.5786
19.5047 117 29.2542
20.2913 100 28.2622
19.4252 120 29.4827
19.342 121 29.5078
20.7288 95 28.1559
19.342 121 29.5078
19.342 121 29.5078
19.342 123 29.7078
20.7288 92 27.8559
19.5906 118 29.4315
20.6129 97 28.2516
19.4252 120 29.4827
19.7757 112 28.9982
19.7166 112 28.9449
19.342 125 29.9078
20.7278 95 28.155
19.6872 120 29.7185
19.342 124 29.8078
19.7193 110 28.7474
19.5906 115 29.1315
19.8834 106 28.4951
19.4261 120 29.4835
19.5047 115 29.0542
19.7193 109 28.6474
19.6213 111 28.7592
19.342 122 29.6078
