20.7455 102 28.8709
20.6055 106 29.1449
20.7455 103 28.9709
20.6055 107 29.2449
20.7455 104 29.0709
20.5637 108 29.3073
20.6055 106 29.1449
20.547 105 28.9923
20.4237 108 29.1813
20.547 109 29.3923
20.4478 116 30.003
20.3511 113 29.616
20.4237 111 29.4813
20.547 108 29.2923
20.2913 111 29.3622
20.1618 113 29.4456
20.2913 114 29.6622
20.1618 116 29.7456
20.2913 113 29.5622
20.1618 119 30.0456
20.1618 120 30.1456
20.0708 121 30.1637
20.1247 121 30.2122
20.1618 119 30.0456
20.3153 116 29.8837
20.031 123 30.3279
20.1618 120 30.1456
20.031 124 30.4279
19.9944 132 31.1949
20.0023 126 30.602
20.031 126 30.6279
20.042 124 30.4378
20.0023 126 30.602
20.0023 129 30.902
19.9758 130 30.9782
20.0023 128 30.802
19.9758 129 30.8782
19.9758 132 31.1782
19.9758 133 31.2782
19.9758 132 31.1782
19.9758 135 31.4782
19.9716 134 31.3744
19.9758 136 31.5782
20.0626 134 31.4563
19.9558 138 31.7602
19.933 139 31.8397
20.0023 130 31.002
19.9293 138 31.7364
19.933 140 31.9397
19.9293 141 32.0364
19.9293 140 31.9364
19.9293 141 32.0364
19.9293 144 32.3364
19.9293 147 32.6364
20.1618 119 30.0456
20.7455 106 29.2709
20.6055 108 29.3449
20.0023 130 31.002
20.1247 121 30.2122
19.9758 126 30.5782
19.9758 130 30.9782
20.2913 113 29.5622
19.9758 128 30.7782
20.5637 106 29.1073
20.1247 121 30.2122
19.9758 134 31.3782
20.1247 121 30.2122
19.9293 141 32.0364
20.0708 121 30.1637
20.0023 130 31.002
20.6055 108 29.3449
20.024 136 31.6216
20.1519 138 31.9367
20.031 122 30.2279
19.933 139 31.8397
20.6055 108 29.3449
20.1618 122 30.3456
20.5637 108 29.3073
20.1618 119 30.0456
20.0708 121 30.1637
20.031 126 30.6279
20.1618 113 29.4456
19.9758 133 31.2782
19.9758 132 31.1782
19.9758 130 30.9782
20.1618 119 30.0456
19.9293 147 32.6364
20.7455 105 29.1709
20.1618 115 29.6456
19.9758 132 31.1782
20.7455 103 28.9709
20.2913 111 29.3622
19.9293 141 32.0364
19.9758 131 31.0782
20.1618 117 29.8456
20.8771 117 30.4894
19.9758 132 31.1782
20.6055 107 29.2449
20.1618 115 29.6456
20.5637 108 29.3073
19.9758 133 31.2782
19.9758 125 30.4782
20.4237 109 29.2813
19.9293 142 32.1364
20.0708 123 30.3637
20.4237 110 29.3813
20.7455 104 29.0709
19.933 137 31.6397
20.547 108 29.2923
20.0023 129 30.902
19.9758 128 30.7782
19.9558 136 31.5602
20.0708 121 30.1637
20.1247 121 30.2122
20.6055 106 29.1449
20.1618 116 29.7456
20.2913 111 29.3622
20.6296 111 29.6666
20.1618 124 30.5456
20.1247 121 30.2122
19.9758 131 31.0782
19.9758 130 30.9782
19.9758 129 30.8782
19.9293 143 32.2364
20.1618 120 30.1456
20.2913 115 29.7622
20.1618 116 29.7456
20.6055 105 29.0449
20.0708 121 30.1637
19.933 140 31.9397
20.0708 120 30.0637
20.1247 121 30.2122
20.0023 125 30.502
19.9758 131 31.0782
20.1618 118 29.9456
20.1618 120 30.1456
19.9558 136 31.5602
20.1101 130 31.0991
20.1754 119 30.0579
20.1618 120 30.1456
19.9293 140 31.9364
20.2913 111 29.3622
20.0708 121 30.1637
20.031 124 30.4279
20.0023 126 30.602
20.031 122 30.2279
19.933 138 31.7397
19.933 141 32.0397
20.1101 131 31.1991
20.0023 126 30.602
