21.9993 83 46.3996
21.8834 91 49.53
21.8834 92 49.93
21.9993 86 47.5996
21.9993 87 47.9996
21.9993 86 47.5996
21.9993 87 47.9996
21.9993 90 49.1996
21.4147 91 49.2489
21.9993 89 48.7996
21.4147 92 49.6488
21.4147 93 50.0489
20.7288 95 50.4373
21.4147 94 50.4489
20.7288 94 50.0373
21.4147 95 50.8489
20.7338 99 52.0403
20.7288 95 50.4373
20.547 103 53.5282
20.547 99 51.9282
20.547 105 54.3282
20.547 101 52.7282
20.547 102 53.1282
20.546 101 52.7276
20.547 101 52.7282
20.546 104 53.9276
20.546 105 54.3276
20.1754 113 57.3053
20.4311 104 53.8587
20.2913 107 54.9748
20.2913 108 55.3748
20.2913 109 55.7748
20.0708 110 56.0425
20.1618 108 55.2971
20.168 110 56.1008
20.2913 110 56.1748
20.0708 111 56.4425
20.0708 112 56.8425
20.0708 118 59.2425
20.0708 114 57.6425
20.0708 115 58.0425
20.0708 116 58.4425
20.0708 117 58.8425
20.031 116 58.4186
20.0708 118 59.2425
20.031 119 59.6186
20.031 118 59.2186
20.031 126 62.4186
19.9558 129 63.5735
20.031 120 60.0186
20.0023 121 60.4014
20.0023 124 61.6014
19.9795 125 61.9877
20.0023 123 61.2014
19.9795 126 62.3877
20.118 121 60.4708
19.9558 128 63.1735
19.9795 128 63.1877
19.9558 129 63.5735
19.9558 130 63.9735
19.9558 136 66.3735
21.8834 91 49.53
20.0708 113 57.2425
20.547 102 53.1282
20.2913 109 55.7748
20.547 99 51.9282
19.9558 136 66.3735
19.9795 128 63.1877
20.547 99 51.9282
21.9993 88 48.3996
21.4147 91 49.2489
20.7288 100 52.4373
20.547 99 51.9282
20.031 119 59.6186
20.0708 118 59.2425
20.0708 116 58.4425
19.9795 125 61.9877
20.0708 118 59.2425
19.9558 130 63.9735
20.0708 112 56.8425
20.0708 113 57.2425
20.2913 108 55.3748
19.9558 128 63.1735
20.0705 125 62.0423
20.031 120 60.0186
19.9795 125 61.9877
20.546 104 53.9276
19.9795 126 62.3877
20.547 101 52.7282
20.7288 96 50.8373
20.1754 115 58.1052
21.9993 84 46.7996
20.547 97 51.1282
21.9993 90 49.1996
20.546 103 53.5276
20.031 122 60.8186
20.2913 107 54.9748
20.547 103 53.5282
20.031 124 61.6186
20.5963 123 61.5578
20.547 101 52.7282
19.9795 131 64.3877
21.9993 86 47.5996
20.031 120 60.0186
20.0708 115 58.0425
20.0023 123 61.2014
20.2913 107 54.9748
20.2913 109 55.7748
20.2913 110 56.1748
20.2913 107 54.9748
21.9993 88 48.3996
20.6129 102 53.1678
22.1303 91 49.6782
21.9993 85 47.1996
21.9993 91 49.5996
19.9795 126 62.3877
19.9558 128 63.1735
20.0708 111 56.4425
20.0023 123 61.2014
20.547 97 51.1282
20.0023 122 60.8013
20.547 99 51.9282
20.547 98 51.5282
21.4147 96 51.2489
20.2913 107 54.9748
20.031 118 59.2186
19.9795 133 65.1877
19.9558 131 64.3735
21.9993 88 48.3996
20.031 116 58.4186
20.2467 119 59.748
20.1251 117 58.8751
20.0708 113 57.2425
21.9993 83 46.3996
20.547 98 51.5282
20.7288 97 51.2373
20.118 119 59.6708
20.031 120 60.0186
20.0023 128 63.2014
20.4301 112 57.0581
20.547 100 52.3282
19.9558 130 63.9735
20.0708 111 56.4425
20.546 105 54.3276
21.9993 83 46.3996
20.031 120 60.0186
20.547 101 52.7282
19.9558 127 62.7735
20.2913 106 54.5748
21.4147 91 49.2489
