22.3748 93 57.6874
22.4548 87 54.7274
20.3858 90 55.1929
22.4548 88 55.2274
20.3858 91 55.6929
22.317 93 57.6585
20.3858 91 55.6929
22.4548 88 55.2274
20.3858 93 56.6929
20.3858 94 57.1929
20.5011 93 56.7506
20.2586 96 58.1293
20.3858 96 58.1929
19.679 97 58.3395
20.2586 97 58.6293
19.3539 98 58.6769
19.679 98 58.8395
19.3539 99 59.1769
19.4449 101 60.2225
19.3372 99 59.1686
19.3539 101 60.1769
19.3372 102 60.6686
19.2273 103 61.1137
19.3372 101 60.1686
19.2107 102 60.6053
19.2273 104 61.6137
19.207 110 64.6035
19.2107 109 64.1053
19.207 106 62.6035
19.1987 107 63.0993
19.207 107 63.1035
19.1738 108 63.5869
19.1987 108 63.5993
19.1738 109 64.0869
19.1738 110 64.5869
19.1738 109 64.0869
19.1711 117 68.0855
19.1619 113 66.0809
19.1738 113 66.0869
19.1619 114 66.5809
19.0466 115 67.0233
19.1619 115 67.0809
19.0466 116 67.5233
19.0466 118 68.5233
19.0466 121 70.0233
20.3858 90 55.1929
20.3858 96 58.1929
19.1619 111 65.0809
20.3858 93 56.6929
19.207 113 66.1035
19.1623 117 68.0811
19.2107 105 62.1053
19.3372 102 60.6686
19.3539 104 61.6769
19.3539 98 58.6769
19.207 105 62.1035
20.2586 97 58.6293
19.1619 122 70.5809
22.4548 90 56.2274
20.3858 95 57.6929
19.2107 105 62.1053
19.1738 109 64.0869
19.1738 113 66.0869
20.3858 94 57.1929
20.3858 90 55.1929
20.3858 96 58.1929
19.1619 113 66.0809
19.207 106 62.6035
19.3426 102 60.6713
20.3858 94 57.1929
19.3539 98 58.6769
22.4548 88 55.2274
19.1619 114 66.5809
19.1738 111 65.0869
19.3539 101 60.1769
20.3858 95 57.6929
19.1619 115 67.0809
19.1619 114 66.5809
19.1619 114 66.5809
20.3858 91 55.6929
19.1987 107 63.0993
19.0466 120 69.5233
19.1738 108 63.5869
20.3858 92 56.1929
19.3539 98 58.6769
20.5011 92 56.2506
19.1987 108 63.5993
19.1738 107 63.0869
20.3858 96 58.1929
22.4548 87 54.7274
19.0632 113 66.0316
22.9452 88 55.4726
19.0466 123 71.0233
19.1738 111 65.0869
20.3858 95 57.6929
20.3858 91 55.6929
20.3858 98 59.1929
20.3858 93 56.6929
19.1738 112 65.5869
19.0466 116 67.5233
19.207 103 61.1035
22.4548 90 56.2274
22.3748 93 57.6874
19.207 106 62.6035
22.4548 90 56.2274
19.2107 103 61.1053
19.207 105 62.1035
22.317 92 57.1585
19.2273 103 61.1137
19.1738 108 63.5869
19.3539 98 58.6769
19.679 104 61.8395
19.3762 100 59.6881
20.3858 93 56.6929
19.207 103 61.1035
20.3858 94 57.1929
19.2107 104 61.6053
19.3539 99 59.1769
19.0466 114 66.5233
19.1619 113 66.0809
19.3372 106 62.6686
19.1619 114 66.5809
22.4548 86 54.2274
19.207 106 62.6035
19.1619 113 66.0809
20.2586 101 60.6293
19.1738 112 65.5869
20.3858 93 56.6929
19.207 106 62.6035
19.1738 114 66.5869
22.4548 89 55.7274
20.3858 94 57.1929
19.1619 115 67.0809
20.3858 90 55.1929
19.1619 113 66.0809
20.2586 96 58.1293
19.0466 115 67.0233
19.1987 107 63.0993
20.2586 97 58.6293
19.3539 99 59.1769
19.679 98 58.8395
19.1738 110 64.5869
19.1738 113 66.0869
20.3858 92 56.1929
22.4548 90 56.2274
19.3372 101 60.1686
19.679 98 58.8395
19.1738 120 69.5869
20.3858 90 55.1929
19.3539 101 60.1769
