20.7288 100 84.1458
20.7288 100 84.1458
20.7288 101 84.9458
20.7288 104 87.3458
20.547 105 88.1094
20.547 104 87.3094
20.547 105 88.1094
20.547 108 90.5094
19.6957 109 91.1391
20.308 109 91.2616
20.629 111 92.9258
19.7701 111 92.754
19.6957 108 90.3391
19.3308 114 95.0662
19.3308 115 95.8662
19.3308 115 95.8662
19.3308 115 95.8662
19.3106 116 96.6621
19.3106 117 97.4621
19.2967 118 98.2593
19.2976 123 102.26
19.294 120 99.8588
19.2921 125 103.858
19.1787 118 98.2357
19.3289 122 101.466
19.2921 127 105.458
19.2921 124 103.058
19.2893 138 114.258
19.3087 128 106.262
19.2893 132 109.458
19.2893 131 108.658
19.2884 134 111.058
19.2893 132 109.458
19.6971 130 107.939
19.2717 136 112.654
19.2912 133 110.258
19.2884 134 111.058
19.294 131 108.659
19.2717 138 114.254
19.2717 139 115.054
19.2717 138 114.254
19.2717 141 116.654
19.2717 134 111.054
19.2717 143 118.254
19.2717 144 119.054
19.6805 140 115.936
19.2717 146 120.654
19.2745 143 118.255
19.2717 146 120.654
19.6805 144 119.136
19.2717 155 127.854
19.2717 145 119.854
19.2717 146 120.654
19.294 147 121.459
19.2717 154 127.054
19.2717 153 126.254
19.2717 154 127.054
19.2717 155 127.854
19.2717 161 132.654
19.2884 161 132.658
19.2717 160 131.854
19.2893 131 108.658
19.2717 143 118.254
19.679 110 91.9358
19.2884 151 124.658
19.2717 154 127.054
19.2745 143 118.255
19.2717 144 119.054
19.2717 156 128.654
20.547 112 93.7094
19.2884 142 117.458
20.7288 101 84.9458
19.2717 150 123.854
20.4311 113 94.4862
19.294 134 111.059
20.547 104 87.3094
19.2893 132 109.458
19.3308 115 95.8662
19.2717 150 123.854
19.6957 109 91.1391
20.547 107 89.7094
20.547 108 90.5094
19.2717 142 117.454
19.2717 154 127.054
19.3308 114 95.0662
19.3308 115 95.8662
20.547 105 88.1094
19.3289 122 101.466
19.2717 155 127.854
20.547 107 89.7094
19.2717 141 116.654
19.2745 140 115.855
19.2717 141 116.654
19.294 120 99.8588
19.2717 144 119.054
19.2717 136 112.654
19.3308 115 95.8662
19.2921 123 102.258
19.6971 129 107.139
19.679 115 95.9358
19.2893 130 107.858
20.7288 102 85.7458
19.3308 115 95.8662
19.3308 115 95.8662
20.547 109 91.3094
19.2717 156 128.654
19.2921 129 107.058
19.2717 141 116.654
20.308 109 91.2616
19.3106 118 98.2621
19.2717 145 119.854
19.3308 115 95.8662
19.3087 127 105.462
19.2884 136 112.658
19.3344 116 96.6669
19.2717 139 115.054
19.2717 150 123.854
19.294 121 100.659
20.547 105 88.1094
19.2717 146 120.654
19.3059 130 107.861
19.2717 139 115.054
19.3289 122 101.466
19.3308 115 95.8662
20.7288 101 84.9458
19.679 112 93.5358
19.2717 146 120.654
19.3106 117 97.4621
19.2884 141 116.658
19.294 125 103.859
19.2893 133 110.258
20.547 103 86.5094
19.2921 131 108.658
19.2717 146 120.654
19.2921 127 105.458
19.2717 137 113.454
19.2884 138 114.258
19.2884 150 123.858
19.294 125 103.859
19.2717 145 119.854
19.679 108 90.3358
19.3106 122 101.462
19.6957 107 89.5391
19.3086 134 111.062
19.2717 145 119.854
19.3106 122 101.462
19.294 128 106.259
19.2884 140 115.858
19.2717 143 118.254
19.2893 135 111.858
