20.7288 89 27.5559
20.7288 90 27.6559
20.7288 91 27.7559
20.7278 92 27.855
20.7288 92 27.8559
19.9153 106 28.5238
20.7278 93 27.955
20.547 95 27.9923
20.0154 100 28.0139
19.9045 101 28.014
20.7278 94 28.055
20.547 96 28.0923
19.9153 108 28.7238
19.9045 107 28.614
20.3844 98 28.1459
19.7193 104 28.1474
20.7278 95 28.155
20.4311 104 28.788
19.9045 103 28.214
20.3844 99 28.2459
19.7193 112 28.9474
20.546 106 29.0914
20.0211 100 28.019
19.7166 106 28.3449
19.7193 106 28.3474
19.5906 108 28.4315
19.6813 115 29.2132
19.5906 109 28.5315
19.7072 108 28.5365
19.7166 108 28.5449
19.7031 112 28.9328
19.5047 111 28.6542
19.5906 111 28.7315
19.4655 119 29.419
19.4261 113 28.7835
19.5047 111 28.6542
19.4261 114 28.8835
19.4261 115 28.9835
19.3727 116 29.0354
19.4261 116 29.0835
19.342 117 29.1078
19.3727 117 29.1354
19.342 123 29.7078
19.342 119 29.3078
19.342 120 29.4078
19.3014 119 29.2713
19.3059 121 29.4753
19.342 121 29.5078
19.3014 127 30.0713
19.3014 123 29.6713
19.3014 124 29.7713
19.2625 125 29.8363
19.3014 125 29.8713
19.2625 126 29.9363
19.2625 127 30.0363
19.2625 128 30.1363
19.2625 129 30.2363
20.7278 93 27.955
20.7288 92 27.8559
20.0154 99 27.9139
19.7193 106 28.3474
19.3727 116 29.0354
20.7288 91 27.7559
20.7278 97 28.355
20.7288 89 27.5559
19.5047 113 28.8542
19.2625 131 30.4363
19.3059 121 29.4753
20.7288 90 27.6559
19.2625 125 29.8363
19.3014 125 29.8713
19.2625 125 29.8363
19.7193 106 28.3474
19.3014 123 29.6713
20.7288 89 27.5559
19.3869 123 29.7482
20.547 98 28.2923
19.5906 108 28.4315
20.0154 100 28.0139
19.3336 124 29.8002
19.3014 121 29.4713
20.547 95 27.9923
20.0154 101 28.1139
19.3014 125 29.8713
20.7278 94 28.055
19.4261 115 28.9835
19.342 117 29.1078
19.4261 116 29.0835
20.7288 91 27.7559
19.4866 118 29.3379
19.3466 119 29.3119
19.342 118 29.2078
19.342 118 29.2078
19.3059 121 29.4753
20.0154 99 27.9139
19.342 116 29.0078
19.3727 117 29.1354
20.7288 90 27.6559
19.5047 111 28.6542
19.3014 121 29.4713
19.3014 125 29.8713
19.5906 114 29.0315
20.7288 90 27.6559
19.5047 118 29.3542
19.5047 113 28.8542
20.7288 91 27.7559
20.547 97 28.1923
19.69 111 28.821
19.5906 109 28.5315
19.3727 117 29.1354
19.7193 104 28.1474
19.5047 109 28.4542
19.3014 123 29.6713
19.342 117 29.1078
19.5906 109 28.5315
20.6129 98 28.3516
19.6872 113 29.0185
20.7278 94 28.055
19.342 118 29.2078
19.2868 125 29.8581
20.3844 98 28.1459
19.3014 121 29.4713
19.5906 109 28.5315
19.4477 126 30.1029
19.5047 113 28.8542
19.5906 111 28.7315
19.3336 124 29.8002
19.5047 113 28.8542
19.5047 112 28.7542
19.5906 111 28.7315
19.7166 106 28.3449
19.342 120 29.4078
20.0211 99 27.919
19.5514 115 29.0963
19.3727 116 29.0354
20.0154 101 28.1139
19.342 119 29.3078
20.3844 98 28.1459
19.7072 108 28.5365
19.7166 108 28.5449
19.2625 134 30.7363
20.7288 91 27.7559
20.7278 92 27.855
19.3014 122 29.5713
19.3059 119 29.2753
19.7072 106 28.3365
19.3014 124 29.7713
20.0154 101 28.1139
20.7288 89 27.5559
19.2625 125 29.8363
