20.168 123 40.7344
19.4074 168 49.1259
20.168 122 40.5344
20.168 123 40.7344
19.4721 160 47.5777
19.4074 168 49.1259
20.168 121 40.3344
20.168 122 40.5344
20.168 123 40.7344
20.1247 126 41.2998
19.4721 159 47.3777
19.4721 163 48.1777
19.4074 164 48.3259
19.4074 168 49.1259
19.3127 170 49.4501
20.168 120 40.1344
20.168 122 40.5344
20.168 123 40.7344
20.1247 125 41.0998
19.9795 134 42.7836
19.8244 138 43.4595
19.7632 147 45.2105
19.53 157 47.024
19.4721 158 47.1777
19.4721 159 47.3777
19.4721 160 47.5777
19.4721 162 47.9777
19.4074 163 48.1259
20.7455 109 38.3964
20.5637 111 38.6509
20.2913 116 39.433
20.168 119 39.9344
20.168 120 40.1344
20.168 121 40.3344
20.168 122 40.5344
20.168 123 40.7344
20.1247 125 41.0998
20.1247 126 41.2998
20.031 127 41.4248
20.0023 131 42.2018
19.9795 133 42.5836
19.9795 134 42.7836
19.8244 137 43.2595
19.8016 140 43.8413
19.7632 146 45.0105
19.53 156 46.824
20.7455 106 37.7964
20.7455 107 37.9964
20.7455 108 38.1964
20.5637 110 38.451
20.5637 111 38.6509
20.547 112 38.8376
20.547 113 39.0376
20.4237 114 39.139
20.2913 115 39.233
20.168 118 39.7344
20.168 119 39.9344
20.168 120 40.1344
20.168 121 40.3344
20.168 122 40.5344
20.168 123 40.7344
20.1247 124 40.8998
20.1247 126 41.2998
20.031 128 41.6248
20.0023 130 42.0018
20.0023 131 42.2018
19.9795 132 42.3836
19.9795 133 42.5836
19.9758 134 42.7806
19.9795 134 42.7836
19.8244 136 43.0595
19.8281 136 43.0625
19.8244 137 43.2595
19.8244 138 43.4595
19.8016 139 43.6413
19.7632 145 44.8105
19.7632 146 45.0105
19.7632 147 45.2105
19.53 154 46.424
19.53 155 46.624
19.53 156 46.824
19.53 157 47.024
20.7455 105 37.5964
20.7455 106 37.7964
20.7455 107 37.9964
20.7455 108 38.1964
20.5637 109 38.2509
20.7455 109 38.3964
20.5637 110 38.451
20.547 111 38.6376
20.5637 111 38.6509
20.547 112 38.8376
20.4237 113 38.939
20.2913 114 39.033
20.547 113 39.0376
20.2913 115 39.233
20.2913 116 39.433
20.168 117 39.5344
20.168 118 39.7344
20.168 120 40.1344
20.168 121 40.3344
20.168 122 40.5344
20.1247 123 40.6998
20.168 123 40.7344
20.1247 125 41.0998
20.031 126 41.2248
20.1247 126 41.2998
20.031 127 41.4248
20.031 128 41.6248
20.0023 129 41.8018
20.0023 130 42.0018
19.9795 131 42.1836
19.9986 131 42.1989
19.9795 133 42.5836
19.8281 134 42.6625
19.9758 134 42.7806
19.9795 134 42.7836
19.8281 135 42.8624
19.8244 136 43.0595
19.8244 137 43.2595
19.8016 138 43.4413
19.8244 138 43.4595
19.8016 139 43.6413
19.7632 140 43.8105
19.8016 140 43.8413
19.7632 144 44.6105
19.7632 145 44.8105
19.7632 146 45.0105
19.6664 151 45.9332
19.7632 151 46.0105
19.6279 152 46.1023
19.6664 152 46.1332
19.53 153 46.224
19.6279 153 46.3023
19.53 154 46.424
19.53 155 46.624
