20.7288 101 76.9186
20.547 106 80.3641
20.7288 100 76.2186
20.7288 102 77.6186
19.3308 115 86.2992
20.7288 100 76.2186
20.7288 101 76.9186
20.547 105 79.6641
20.547 106 80.3641
19.679 110 82.9037
19.3308 114 85.5992
20.7288 100 76.2186
20.7288 101 76.9186
20.7288 102 77.6186
20.547 104 78.9641
20.547 106 80.3641
19.679 109 82.2037
19.3308 113 84.8992
19.3308 114 85.5992
19.3308 115 86.2992
20.7288 100 76.2186
20.7288 101 76.9186
20.7288 102 77.6186
20.547 103 78.2641
20.547 104 78.9641
20.547 105 79.6641
19.6957 107 80.8087
19.679 108 81.5037
19.679 110 82.9037
19.3308 114 85.5992
19.3308 115 86.2992
19.3106 116 86.9932
19.1787 118 88.3536
20.7288 99 75.5186
20.7288 100 76.2186
20.7288 101 76.9186
20.547 102 77.5641
20.7288 102 77.6186
20.547 103 78.2641
20.547 104 78.9641
20.547 105 79.6641
19.6957 106 80.1087
19.6984 106 80.1095
20.547 106 80.3641
19.679 107 80.8037
19.6957 107 80.8087
19.679 108 81.5037
19.679 109 82.2037
19.679 110 82.9037
19.3474 111 83.5042
19.679 111 83.6037
19.3308 112 84.1992
19.3308 113 84.8992
19.3308 114 85.5992
19.3106 115 86.2932
19.3308 115 86.2992
19.1953 116 86.9586
19.3106 116 86.9932
19.1787 117 87.6536
19.1787 119 89.0536
19.1787 123 91.8536
