20.1247 133 121.712
19.9758 142 129.798
19.9758 146 133.398
20.1247 130 119.012
20.1247 132 120.812
20.1247 133 121.712
19.9758 140 127.998
19.9758 141 128.898
19.9758 142 129.798
19.9758 145 132.498
19.9758 146 133.398
19.9758 147 134.298
21.693 122 111.969
20.2647 125 114.526
20.1247 129 118.112
20.1247 130 119.012
20.1247 131 119.912
20.1247 132 120.812
20.1247 133 121.712
19.9795 138 126.198
19.9758 139 127.098
19.9758 140 127.998
19.9758 141 128.898
19.9758 142 129.798
19.9758 144 131.598
19.9758 145 132.498
19.9758 146 133.398
19.9758 147 134.298
21.7704 117 107.477
21.693 121 111.069
21.693 122 111.969
20.8023 123 112.78
20.2647 124 113.626
20.2647 125 114.526
20.168 126 115.417
20.1247 128 117.212
20.1247 129 118.112
20.1247 130 119.012
20.1247 131 119.912
20.1247 132 120.812
20.1247 133 121.712
19.9986 136 124.4
19.9795 137 125.298
19.9795 138 126.198
19.9758 139 127.098
19.9758 140 127.998
19.9758 141 128.898
19.9758 142 129.798
19.9758 143 130.698
19.9758 145 132.498
19.9758 146 133.398
19.9758 147 134.298
19.9293 148 135.193
21.7704 116 106.577
21.7969 116 106.58
21.8188 116 106.582
21.8504 116 106.585
21.7169 117 107.472
21.693 120 110.169
21.693 121 111.069
20.8023 122 111.88
21.693 122 111.969
20.2647 123 112.726
20.5584 123 112.756
20.8023 123 112.78
20.2647 124 113.626
20.168 125 114.517
20.2647 125 114.526
20.1247 127 116.312
20.1247 128 117.212
20.1247 129 118.112
20.1247 130 119.012
20.1247 131 119.912
20.1247 132 120.812
20.0082 133 121.701
20.1143 133 121.711
20.118 133 121.712
20.1247 133 121.712
19.9986 135 123.5
19.9795 136 124.398
19.9986 136 124.4
19.9795 137 125.298
19.9758 138 126.198
19.9795 138 126.198
19.9758 139 127.098
19.9758 140 127.998
19.9758 141 128.898
19.9758 142 129.798
19.9758 143 130.698
19.9758 144 131.598
19.9758 145 132.498
19.9758 146 133.398
19.9293 147 134.293
19.9758 147 134.298
19.2671 158 144.127
19.2671 162 147.727
