19.1787 118 88.3536
19.1787 117 87.6536
19.1787 119 89.0536
19.1787 123 91.8536
19.1787 116 86.9536
19.1787 118 88.3536
19.1787 119 89.0536
19.1787 120 89.7536
19.1787 124 92.5536
19.6957 104 78.7087
19.2155 112 84.1646
19.1787 115 86.2536
19.1787 116 86.9536
19.1787 117 87.6536
19.1787 118 88.3536
19.1787 119 89.0536
19.1787 120 89.7536
19.1787 121 90.4536
19.1787 122 91.1536
19.1787 123 91.8536
19.1787 124 92.5536
19.1787 125 93.2536
19.6957 103 78.0087
19.6957 104 78.7087
19.1787 115 86.2536
19.1787 116 86.9536
19.1787 117 87.6536
19.1787 118 88.3536
19.1787 119 89.0536
19.1787 120 89.7536
19.1787 121 90.4536
19.1787 122 91.1536
19.1787 123 91.8536
19.1787 124 92.5536
19.1787 125 93.2536
19.9891 100 75.9967
19.6957 103 78.0087
19.6957 104 78.7087
19.2155 111 83.4646
19.2155 112 84.1646
19.1787 114 85.5536
19.1787 115 86.2536
19.1787 116 86.9536
19.1787 117 87.6536
19.1787 118 88.3536
19.1787 119 89.0536
19.1787 120 89.7536
19.1787 121 90.4536
19.1787 122 91.1536
19.1787 123 91.8536
19.1787 124 92.5536
19.1787 125 93.2536
19.1697 127 94.6509
20.6747 95 72.7024
19.9891 101 76.6967
19.6957 102 77.3087
19.6957 103 78.0087
19.6957 104 78.7087
19.2155 110 82.7646
19.2321 110 82.7696
19.2155 111 83.4646
19.2155 112 84.1646
19.1787 113 84.8536
19.1787 114 85.5536
19.1787 115 86.2536
19.1787 116 86.9536
19.1787 117 87.6536
19.1787 118 88.3536
19.1787 119 89.0536
19.1787 120 89.7536
19.1787 121 90.4536
19.1787 122 91.1536
19.1787 123 91.8536
19.1787 124 92.5536
19.1787 125 93.2536
19.1697 126 93.9509
19.1697 128 95.3509
20.6775 94 72.0033
20.6747 96 73.4024
19.9891 99 75.2967
19.6957 101 76.6087
19.9891 101 76.6967
19.6957 102 77.3087
19.6957 103 78.0087
19.6957 104 78.7087
19.3308 108 81.3992
19.2321 109 82.0696
19.2155 111 83.4646
19.1953 112 84.1586
19.2155 112 84.1646
19.1787 114 85.5536
19.1787 115 86.2536
19.1787 116 86.9536
19.1787 117 87.6536
19.1787 118 88.3536
19.1787 119 89.0536
19.1787 120 89.7536
19.1787 121 90.4536
19.1787 122 91.1536
19.1787 123 91.8536
19.1787 124 92.5536
19.1697 125 93.2509
19.1787 125 93.2536
19.1697 126 93.9509
19.1697 127 94.6509
19.0787 130 96.7236
20.6812 92 70.6044
20.6747 95 72.7024
20.6775 95 72.7033
20.6747 96 73.4024
20.6747 97 74.1024
19.9891 98 74.5967
20.547 98 74.7641
19.9891 100 75.9967
19.9891 101 76.6967
19.6957 102 77.3087
19.6957 103 78.0087
19.3428 104 78.6028
19.5804 104 78.6741
19.679 104 78.7037
19.6957 104 78.7087
19.2321 108 81.3696
19.3308 108 81.3992
19.2321 109 82.0696
19.2155 111 83.4646
19.1787 112 84.1536
19.2155 112 84.1646
19.1787 113 84.8536
19.1787 115 86.2536
19.1787 116 86.9536
19.1787 117 87.6536
19.1787 118 88.3536
19.1787 119 89.0536
19.1787 120 89.7536
19.1787 121 90.4536
19.1787 122 91.1536
19.1787 123 91.8536
19.1787 124 92.5536
19.1697 125 93.2509
19.1787 125 93.2536
19.1697 126 93.9509
19.1697 127 94.6509
19.0954 128 95.3286
19.1269 128 95.3381
19.1697 128 95.3509
19.0787 131 97.4236
