19.9755 113 47.8829
19.9755 112 47.5829
19.9755 114 48.1829
19.9755 111 47.2829
19.9755 112 47.5829
19.9755 114 48.1829
19.9755 111 47.2829
19.9755 112 47.5829
19.9755 113 47.8829
19.9755 114 48.1829
19.9755 111 47.2829
19.9755 112 47.5829
19.9755 113 47.8829
19.9755 114 48.1829
19.9755 110 46.9829
19.9755 111 47.2829
19.9755 112 47.5829
19.9755 113 47.8829
19.9755 114 48.1829
19.9755 109 46.6829
19.9755 110 46.9829
19.9755 112 47.5829
19.9755 113 47.8829
19.9755 114 48.1829
19.9755 108 46.3829
19.9755 109 46.6829
19.9755 110 46.9829
19.9755 111 47.2829
19.9755 112 47.5829
19.9755 113 47.8829
19.7341 135 54.3139
19.5674 139 55.3972
19.9755 107 46.0829
19.9755 109 46.6829
19.9755 110 46.9829
19.9755 111 47.2829
19.9755 112 47.5829
19.9755 113 47.8829
19.9755 114 48.1829
19.7341 134 54.0139
19.9755 106 45.7829
19.9755 108 46.3829
19.9755 109 46.6829
19.9755 110 46.9829
19.9755 111 47.2829
19.9755 112 47.5829
19.9755 113 47.8829
19.9755 107 46.0829
19.9755 108 46.3829
19.9755 109 46.6829
19.9755 110 46.9829
19.9755 111 47.2829
19.9755 112 47.5829
19.9755 113 47.8829
19.9755 114 48.1829
19.9755 106 45.7829
19.9755 107 46.0829
19.9755 108 46.3829
19.9755 109 46.6829
19.9755 110 46.9829
19.9755 111 47.2829
19.9755 112 47.5829
19.9755 113 47.8829
19.9755 114 48.1829
19.9755 107 46.0829
19.9755 108 46.3829
19.9755 109 46.6829
19.9755 110 46.9829
19.9755 111 47.2829
19.9755 112 47.5829
19.9755 113 47.8829
19.9755 114 48.1829
19.9755 105 45.4829
19.9755 107 46.0829
19.9755 108 46.3829
19.9755 109 46.6829
19.9755 110 46.9829
19.9755 111 47.2829
19.9755 112 47.5829
19.9755 113 47.8829
19.9755 114 48.1829
19.9755 104 45.1829
19.9755 106 45.7829
19.9755 107 46.0829
19.9755 108 46.3829
19.9755 109 46.6829
19.9755 110 46.9829
19.9755 111 47.2829
19.9755 112 47.5829
19.9755 113 47.8829
19.9755 104 45.1829
19.9755 105 45.4829
19.9755 106 45.7829
19.9755 107 46.0829
19.9755 109 46.6829
19.9755 110 46.9829
19.9755 111 47.2829
19.9755 112 47.5829
19.9755 113 47.8829
19.9755 103 44.8829
19.9755 104 45.1829
19.9755 105 45.4829
19.9755 106 45.7829
19.9755 107 46.0829
19.9755 108 46.3829
19.9755 109 46.6829
19.9755 110 46.9829
19.9755 111 47.2829
19.9755 112 47.5829
19.9755 113 47.8829
19.9755 114 48.1829
19.9755 102 44.5829
19.9755 104 45.1829
19.9755 105 45.4829
19.9755 106 45.7829
19.9755 107 46.0829
19.9755 108 46.3829
19.9755 109 46.6829
19.9755 110 46.9829
19.9755 111 47.2829
19.9755 112 47.5829
19.9755 113 47.8829
19.9755 114 48.1829
20.0302 95 42.5211
19.9755 103 44.8829
19.9755 104 45.1829
19.9755 105 45.4829
19.9755 107 46.0829
19.9755 108 46.3829
19.9755 109 46.6829
19.9755 110 46.9829
19.9755 111 47.2829
19.9755 112 47.5829
19.9755 113 47.8829
20.0302 95 42.5211
19.9755 103 44.8829
19.9755 104 45.1829
19.9755 106 45.7829
19.9755 107 46.0829
19.9755 108 46.3829
19.9755 109 46.6829
19.9755 110 46.9829
19.9755 111 47.2829
19.9755 112 47.5829
19.9755 113 47.8829
19.9755 114 48.1829
19.9755 103 44.8829
19.9755 104 45.1829
19.9755 105 45.4829
19.9755 106 45.7829
19.9755 108 46.3829
19.9755 110 46.9829
19.9755 111 47.2829
19.9755 112 47.5829
19.9755 113 47.8829
19.9755 114 48.1829
19.9755 103 44.8829
19.9755 104 45.1829
19.9755 105 45.4829
19.9755 106 45.7829
19.9755 107 46.0829
19.9755 108 46.3829
19.9755 109 46.6829
19.9755 110 46.9829
19.9755 111 47.2829
19.9755 112 47.5829
19.9755 113 47.8829
19.9755 114 48.1829
20.7385 73 36.4169
20.0302 95 42.5211
19.9755 98 43.3829
19.9755 103 44.8829
19.9755 104 45.1829
19.9755 105 45.4829
19.9755 106 45.7829
19.9755 107 46.0829
19.9755 108 46.3829
19.9755 109 46.6829
19.9755 110 46.9829
19.9755 111 47.2829
19.9755 112 47.5829
19.9755 113 47.8829
19.9755 114 48.1829
20.7385 72 36.1169
20.1374 93 41.9962
20.0302 94 42.2211
19.9755 97 43.0829
19.9755 99 43.6829
19.9755 102 44.5829
19.9755 103 44.8829
19.9755 104 45.1829
19.9755 105 45.4829
19.9755 106 45.7829
19.9755 108 46.3829
19.9755 109 46.6829
19.9755 110 46.9829
19.9755 112 47.5829
19.9755 113 47.8829
19.9755 114 48.1829
20.7385 72 36.1169
20.7385 73 36.4169
20.0302 95 42.5211
19.9755 97 43.0829
19.9755 98 43.3829
19.9755 99 43.6829
19.9755 102 44.5829
19.9755 103 44.8829
19.9755 104 45.1829
19.9755 105 45.4829
19.9755 106 45.7829
19.9755 108 46.3829
19.9755 109 46.6829
19.9755 110 46.9829
19.9755 111 47.2829
19.9755 112 47.5829
19.9755 113 47.8829
19.9755 114 48.1829
20.7385 73 36.4169
20.3557 89 40.949
20.1374 93 41.9962
20.0302 95 42.5211
19.9755 98 43.3829
19.9755 99 43.6829
19.9755 100 43.9829
19.9755 103 44.8829
19.9755 104 45.1829
19.9755 105 45.4829
19.9755 106 45.7829
19.9755 107 46.0829
19.9755 108 46.3829
19.9755 109 46.6829
19.9755 110 46.9829
19.9755 111 47.2829
19.9755 112 47.5829
19.9755 113 47.8829
19.9755 114 48.1829
20.7385 72 36.1169
20.7385 73 36.4169
20.5507 78 37.7855
20.0302 95 42.5211
19.9755 98 43.3829
19.9755 99 43.6829
19.9755 100 43.9829
19.9755 101 44.2829
19.9755 103 44.8829
19.9755 104 45.1829
19.9755 105 45.4829
19.9755 106 45.7829
19.9755 107 46.0829
19.9755 108 46.3829
19.9755 109 46.6829
19.9755 111 47.2829
19.9755 112 47.5829
19.9755 113 47.8829
19.9755 114 48.1829
20.7385 71 35.8169
20.7385 73 36.4169
20.5507 77 37.4855
20.5507 79 38.0855
20.1374 92 41.6962
20.1374 93 41.9962
20.0302 94 42.2211
20.0302 95 42.5211
19.9755 98 43.3829
19.9755 99 43.6829
19.9755 100 43.9829
19.9755 101 44.2829
19.9755 102 44.5829
19.9755 103 44.8829
19.9755 104 45.1829
19.9755 105 45.4829
19.9755 106 45.7829
19.9755 107 46.0829
19.9755 108 46.3829
19.9755 109 46.6829
19.9755 110 46.9829
19.9755 111 47.2829
19.9755 112 47.5829
19.9755 113 47.8829
19.9755 114 48.1829
20.7385 72 36.1169
20.7385 73 36.4169
20.5507 78 37.7855
20.5507 79 38.0855
20.5507 80 38.3855
20.3557 88 40.649
20.1374 92 41.6962
20.0302 93 41.9211
20.1374 93 41.9962
20.0302 94 42.2211
20.0302 95 42.5211
19.9755 96 42.7829
19.9755 97 43.0829
19.9755 98 43.3829
19.9755 100 43.9829
19.9755 101 44.2829
19.9755 102 44.5829
19.9755 103 44.8829
19.9755 104 45.1829
19.9755 105 45.4829
19.9755 106 45.7829
19.9755 107 46.0829
19.9755 108 46.3829
19.9755 109 46.6829
19.9755 110 46.9829
19.9755 111 47.2829
19.9755 112 47.5829
19.9755 113 47.8829
19.9755 114 48.1829
20.7385 72 36.1169
20.7385 73 36.4169
20.6179 75 36.9325
20.5507 76 37.1855
20.5507 77 37.4855
20.5507 78 37.7855
20.5507 79 38.0855
20.5507 80 38.3855
20.3557 89 40.949
20.1374 92 41.6962
20.0302 94 42.2211
20.0302 95 42.5211
19.9755 97 43.0829
19.9755 98 43.3829
19.9755 99 43.6829
19.9755 100 43.9829
19.9755 101 44.2829
19.9755 102 44.5829
19.9755 103 44.8829
19.9755 104 45.1829
19.9755 105 45.4829
19.9755 107 46.0829
19.9755 108 46.3829
19.9755 110 46.9829
19.9755 111 47.2829
19.9755 112 47.5829
19.9755 113 47.8829
19.9755 114 48.1829
19.3787 160 61.5651
20.8057 69 35.264
20.7385 72 36.1169
20.7385 73 36.4169
20.5507 77 37.4855
20.5507 78 37.7855
20.5507 79 38.0855
20.5507 80 38.3855
20.5507 81 38.6855
20.3557 89 40.949
20.1374 91 41.3962
20.1374 92 41.6962
20.1374 93 41.9962
20.0302 94 42.2211
20.0302 95 42.5211
19.9755 96 42.7829
19.9755 97 43.0829
19.9755 98 43.3829
19.9755 99 43.6829
19.9755 100 43.9829
19.9755 101 44.2829
19.9755 104 45.1829
19.9755 105 45.4829
19.9755 106 45.7829
19.9755 107 46.0829
19.9755 108 46.3829
19.9755 109 46.6829
19.9755 110 46.9829
19.9755 111 47.2829
19.9755 112 47.5829
19.9755 113 47.8829
19.9755 114 48.1829
20.7385 71 35.8169
20.7385 72 36.1169
20.7385 73 36.4169
20.5507 76 37.1855
20.5507 77 37.4855
20.5507 78 37.7855
20.5507 79 38.0855
20.5507 80 38.3855
20.5507 81 38.6855
20.3557 87 40.349
20.1374 92 41.6962
20.0302 93 41.9211
20.0302 94 42.2211
20.0302 95 42.5211
19.9755 97 43.0829
19.9755 98 43.3829
19.9755 99 43.6829
19.9755 100 43.9829
19.9755 101 44.2829
19.9755 102 44.5829
19.9755 103 44.8829
19.9755 104 45.1829
19.9755 105 45.4829
19.9755 106 45.7829
19.9755 107 46.0829
19.9755 108 46.3829
19.9755 109 46.6829
19.9755 110 46.9829
19.9755 111 47.2829
19.9755 112 47.5829
19.9755 113 47.8829
19.9755 114 48.1829
20.7385 72 36.1169
20.7385 73 36.4169
20.6179 74 36.6325
20.6179 75 36.9325
20.5507 77 37.4855
20.5507 78 37.7855
20.5507 79 38.0855
20.5507 80 38.3855
20.4833 81 38.6383
20.5507 81 38.6855
20.3557 85 39.749
20.3557 89 40.949
20.1374 92 41.6962
20.0302 93 41.9211
20.1374 93 41.9962
20.0302 94 42.2211
20.0302 95 42.5211
19.9755 97 43.0829
19.9755 98 43.3829
19.9755 99 43.6829
19.9755 100 43.9829
19.9755 102 44.5829
19.9755 103 44.8829
19.9755 105 45.4829
19.9755 106 45.7829
19.9755 107 46.0829
19.9755 108 46.3829
19.9755 109 46.6829
19.9755 111 47.2829
19.9755 112 47.5829
19.9755 113 47.8829
19.9755 114 48.1829
20.7385 72 36.1169
20.6179 73 36.3325
20.7385 73 36.4169
20.6179 75 36.9325
20.5507 77 37.4855
20.5507 78 37.7855
20.5507 79 38.0855
20.5507 80 38.3855
20.5507 81 38.6855
20.3557 86 40.049
20.3557 88 40.649
20.1374 92 41.6962
20.1374 93 41.9962
20.0302 94 42.2211
19.9755 95 42.4829
19.9755 97 43.0829
19.9755 98 43.3829
19.9755 99 43.6829
19.9755 100 43.9829
19.9755 101 44.2829
19.9755 102 44.5829
19.9755 103 44.8829
19.9755 104 45.1829
19.9755 105 45.4829
19.9755 106 45.7829
19.9755 107 46.0829
19.9755 108 46.3829
19.9755 109 46.6829
19.9755 110 46.9829
19.9755 111 47.2829
19.9755 112 47.5829
19.9755 113 47.8829
19.9755 114 48.1829
20.7385 70 35.5169
20.7659 70 35.5361
20.7385 71 35.8169
20.7385 72 36.1169
20.7385 73 36.4169
20.6179 74 36.6325
20.6179 75 36.9325
20.5507 77 37.4855
20.5507 78 37.7855
20.5507 79 38.0855
20.5507 80 38.3855
20.4833 82 38.9383
20.3557 84 39.449
20.3557 86 40.049
20.3557 87 40.349
20.3557 88 40.649
20.1374 92 41.6962
20.1374 93 41.9962
20.0302 94 42.2211
20.0302 95 42.5211
19.9755 96 42.7829
19.9755 97 43.0829
19.9755 98 43.3829
19.9755 99 43.6829
19.9755 100 43.9829
19.9755 101 44.2829
19.9755 102 44.5829
19.9755 103 44.8829
19.9755 104 45.1829
19.9755 105 45.4829
19.9755 106 45.7829
19.9755 108 46.3829
19.9755 109 46.6829
19.9755 110 46.9829
19.9755 111 47.2829
19.9755 112 47.5829
19.9755 113 47.8829
19.9755 114 48.1829
20.8057 68 34.964
20.8057 69 35.264
20.7659 70 35.5361
20.7385 71 35.8169
20.7385 72 36.1169
20.7385 73 36.4169
20.6179 74 36.6325
20.6179 75 36.9325
20.5507 77 37.4855
20.5507 78 37.7855
20.5507 79 38.0855
20.5507 80 38.3855
20.5507 81 38.6855
20.3557 85 39.749
20.3557 86 40.049
20.3557 87 40.349
20.3557 88 40.649
20.168 89 40.8176
20.1374 92 41.6962
20.0302 94 42.2211
19.9755 96 42.7829
19.9755 97 43.0829
19.9755 98 43.3829
19.9755 99 43.6829
19.9755 100 43.9829
19.9755 101 44.2829
19.9755 102 44.5829
19.9755 103 44.8829
19.9755 104 45.1829
19.9755 105 45.4829
19.9755 106 45.7829
19.9755 108 46.3829
19.9755 109 46.6829
19.9755 110 46.9829
19.9755 111 47.2829
19.9755 112 47.5829
19.9755 113 47.8829
19.9755 114 48.1829
19.8434 115 48.3904
20.8057 69 35.264
20.7385 71 35.8169
20.7385 72 36.1169
20.6179 73 36.3325
20.7385 73 36.4169
20.6179 74 36.6325
20.6179 75 36.9325
20.5507 76 37.1855
20.5507 77 37.4855
20.5507 78 37.7855
20.5507 79 38.0855
20.5507 80 38.3855
20.5507 81 38.6855
20.4833 82 38.9383
20.4833 83 39.2383
20.3557 85 39.749
20.3557 86 40.049
20.3557 87 40.349
20.3557 88 40.649
20.3557 89 40.949
20.1374 90 41.0962
20.1374 92 41.6962
20.0302 93 41.9211
20.1374 93 41.9962
20.0302 94 42.2211
20.0302 95 42.5211
19.9755 96 42.7829
19.9755 97 43.0829
19.9755 98 43.3829
19.9755 99 43.6829
19.9755 101 44.2829
19.9755 102 44.5829
19.9755 103 44.8829
19.9755 104 45.1829
19.9755 105 45.4829
19.9755 106 45.7829
19.9755 107 46.0829
19.9755 108 46.3829
19.9755 109 46.6829
19.9755 110 46.9829
19.9755 111 47.2829
19.9755 112 47.5829
19.9755 113 47.8829
19.9755 114 48.1829
19.8434 116 48.6904
20.7659 69 35.2362
20.8057 69 35.264
20.7385 71 35.8169
20.7385 72 36.1169
20.7385 73 36.4169
20.6179 74 36.6325
20.6179 75 36.9325
20.5507 77 37.4855
20.5507 78 37.7855
20.5507 80 38.3855
20.4833 82 38.9383
20.4833 83 39.2383
20.4833 84 39.5383
20.3557 85 39.749
20.3557 86 40.049
20.3557 87 40.349
20.3557 89 40.949
20.168 90 41.1176
20.1374 91 41.3962
20.1374 92 41.6962
20.0302 93 41.9211
20.1374 93 41.9962
20.0302 94 42.2211
20.0302 95 42.5211
19.9755 96 42.7829
19.9755 97 43.0829
19.9755 98 43.3829
19.9755 99 43.6829
19.9755 101 44.2829
19.9755 102 44.5829
19.9755 103 44.8829
19.9755 104 45.1829
19.9755 105 45.4829
19.9755 106 45.7829
19.9755 107 46.0829
19.9755 108 46.3829
19.9755 109 46.6829
19.9755 110 46.9829
19.9755 112 47.5829
19.9755 113 47.8829
19.9755 114 48.1829
19.8434 116 48.6904
19.8434 117 48.9904
19.8434 121 50.1904
20.8057 67 34.664
20.8057 69 35.264
20.7385 70 35.5169
20.7659 70 35.5361
20.7385 71 35.8169
20.6179 74 36.6325
20.5507 75 36.8855
20.6179 75 36.9325
20.5507 77 37.4855
20.5507 78 37.7855
20.5507 79 38.0855
20.5507 80 38.3855
20.5507 81 38.6855
20.4833 82 38.9383
20.4833 83 39.2383
20.3557 84 39.449
20.3557 85 39.749
20.3557 86 40.049
20.3557 87 40.349
20.3557 89 40.949
20.168 90 41.1176
20.1374 91 41.3962
20.1374 92 41.6962
20.1374 93 41.9962
20.0302 95 42.5211
19.9755 96 42.7829
19.9755 97 43.0829
19.9755 98 43.3829
19.9755 100 43.9829
19.9755 101 44.2829
19.9755 102 44.5829
19.9755 104 45.1829
19.9755 105 45.4829
19.9755 106 45.7829
19.9755 107 46.0829
19.9755 108 46.3829
19.9755 109 46.6829
19.9755 110 46.9829
19.9755 111 47.2829
19.9755 112 47.5829
19.9755 113 47.8829
19.8434 114 48.0904
19.9755 114 48.1829
19.8434 115 48.3904
19.8434 116 48.6904
19.8434 117 48.9904
