19.4074 168 49.1259
19.4721 160 47.5777
19.4074 168 49.1259
19.4721 159 47.3777
19.4721 163 48.1777
19.4074 164 48.3259
19.4074 168 49.1259
19.3127 170 49.4501
20.168 120 40.1344
19.53 157 47.024
19.4721 158 47.1777
19.4721 159 47.3777
19.4721 160 47.5777
19.4721 162 47.9777
19.4074 163 48.1259
20.168 119 39.9344
20.168 120 40.1344
20.031 127 41.4248
19.53 156 46.824
20.2913 115 39.233
20.168 118 39.7344
20.168 119 39.9344
20.168 120 40.1344
19.53 154 46.424
19.53 155 46.624
19.53 156 46.824
19.53 157 47.024
20.2913 114 39.033
20.2913 115 39.233
20.168 117 39.5344
20.168 118 39.7344
20.168 120 40.1344
20.031 126 41.2248
20.031 127 41.4248
19.7632 140 43.8105
19.7632 144 44.6105
19.6664 151 45.9332
19.6279 152 46.1023
19.6664 152 46.1332
19.53 153 46.224
19.6279 153 46.3023
19.53 154 46.424
19.53 155 46.624
20.2913 113 38.833
20.2913 114 39.033
20.2913 115 39.233
20.168 116 39.3344
20.168 117 39.5344
20.168 118 39.7344
20.168 119 39.9344
20.168 120 40.1344
20.1247 122 40.4998
20.031 124 40.8248
20.031 125 41.0248
20.031 126 41.2248
19.7632 139 43.6105
19.7632 141 44.0105
19.7632 143 44.4105
19.7632 144 44.6105
19.6664 148 45.3332
19.6664 150 45.7332
20.7288 105 37.583
20.547 109 38.2376
20.4237 111 38.539
20.2913 112 38.633
20.2913 114 39.033
20.2913 115 39.233
20.168 118 39.7344
20.168 119 39.9344
20.168 120 40.1344
20.031 123 40.6248
20.031 124 40.8248
20.031 125 41.0248
20.031 126 41.2248
20.031 127 41.4248
19.7632 138 43.4105
19.7632 139 43.6105
19.7632 140 43.8105
19.7632 142 44.2105
19.7632 143 44.4105
19.7632 144 44.6105
19.7404 145 44.7923
19.7404 146 44.9923
20.7455 102 36.9964
20.7288 104 37.383
20.547 107 37.8376
20.547 108 38.0376
20.547 109 38.2376
20.4237 110 38.339
20.2913 111 38.433
20.2913 112 38.633
20.2913 113 38.833
20.2913 114 39.033
20.2913 115 39.233
20.168 116 39.3344
20.168 117 39.5344
20.168 118 39.7344
20.168 119 39.9344
20.168 120 40.1344
20.1247 121 40.2998
20.031 122 40.4248
20.1247 122 40.4998
20.031 123 40.6248
20.031 124 40.8248
20.031 125 41.0248
20.031 126 41.2248
20.031 127 41.4248
19.9068 128 41.5255
19.8244 130 41.8595
19.8244 133 42.4595
19.7668 136 43.0135
19.7632 137 43.2105
19.7632 138 43.4105
19.7632 139 43.6105
19.7632 141 44.0105
19.7632 142 44.2105
19.7632 143 44.4105
19.7404 144 44.5923
19.7632 144 44.6105
19.7404 145 44.7923
20.7455 101 36.7964
20.7288 102 36.983
20.7455 102 36.9964
20.7288 103 37.1831
20.7288 104 37.383
20.547 105 37.4376
20.7288 105 37.583
20.547 106 37.6376
20.547 107 37.8376
20.547 108 38.0376
20.4237 109 38.139
20.547 109 38.2376
20.2913 111 38.433
20.4237 111 38.539
20.2913 112 38.633
20.2913 113 38.833
20.2913 114 39.033
20.168 115 39.1344
20.2913 115 39.233
20.168 117 39.5344
20.168 118 39.7344
20.168 119 39.9344
20.1247 120 40.0998
20.1247 121 40.2998
20.0708 122 40.4566
20.1247 122 40.4998
20.031 123 40.6248
20.031 124 40.8248
20.031 125 41.0248
20.031 126 41.2248
19.9068 127 41.3255
20.031 127 41.4248
19.8281 128 41.4624
19.849 128 41.4792
19.9068 128 41.5255
19.8244 129 41.6595
19.8244 131 42.0595
19.8244 132 42.2595
19.7668 133 42.4135
19.8053 133 42.4442
19.8244 133 42.4595
19.7668 135 42.8135
19.7632 136 43.0105
19.7632 137 43.2105
19.7632 138 43.4105
19.7632 139 43.6105
19.7632 140 43.8105
19.7632 141 44.0105
19.7632 142 44.2105
19.7404 144 44.5923
