20.7288 101 92.9729
20.547 106 97.4547
20.7288 100 92.0729
20.7288 102 93.8729
20.547 107 98.3547
19.3308 115 105.433
20.7288 100 92.0729
20.7288 101 92.9729
20.7288 103 94.7729
20.547 105 96.5547
20.547 106 97.4547
20.547 107 98.3547
19.679 110 100.968
19.3308 114 104.533
19.3308 116 106.333
19.3106 118 108.131
20.7288 100 92.0729
20.7288 101 92.9729
20.7288 102 93.8729
20.7288 103 94.7729
20.547 104 95.6547
20.547 106 97.4547
20.547 107 98.3547
19.6957 108 99.1696
19.679 109 100.068
19.3308 113 103.633
19.3308 114 104.533
19.3308 115 105.433
19.3308 116 106.333
19.3106 117 107.231
20.7288 100 92.0729
20.7288 101 92.9729
20.7288 102 93.8729
20.547 103 94.7547
20.547 104 95.6547
20.547 105 96.5547
19.6957 107 98.2696
20.547 107 98.3547
19.679 108 99.1679
19.6957 108 99.1696
19.679 110 100.968
19.679 112 102.768
19.3308 114 104.533
19.3308 115 105.433
19.3106 116 106.331
19.3106 117 107.231
19.1787 118 108.118
19.2967 118 108.13
19.3106 118 108.131
