19.9293 154 73.5576
20.168 122 60.9008
20.1247 127 62.8748
19.9758 137 66.7855
19.9293 153 73.1576
19.9293 158 75.1576
20.168 121 60.5008
20.168 122 60.9008
20.1247 126 62.4748
20.1247 127 62.8748
19.9758 136 66.3855
19.9293 147 70.7576
19.9293 152 72.7576
19.9293 153 73.1576
19.9293 154 73.5576
19.9293 157 74.7576
20.168 120 60.1008
20.168 121 60.5008
20.168 122 60.9008
20.1247 125 62.0748
20.1247 126 62.4748
20.1247 127 62.8748
19.9758 135 65.9855
19.9758 136 66.3855
19.9758 137 66.7855
19.9293 144 69.5576
19.9293 146 70.3576
19.9293 148 71.1576
19.9293 149 71.5576
19.9293 151 72.3576
19.9293 152 72.7576
19.9293 153 73.1576
19.9293 154 73.5576
19.9293 156 74.3576
19.9293 157 74.7576
19.9293 158 75.1576
20.2913 116 58.5748
20.2913 118 59.3748
20.168 119 59.7008
20.168 120 60.1008
20.168 121 60.5008
20.168 122 60.9008
20.1247 124 61.6748
20.1247 125 62.0748
20.1247 126 62.4748
20.1247 127 62.8748
20.0521 129 63.6313
20.0082 130 64.0049
19.9986 132 64.7992
19.9758 135 65.9855
19.9758 136 66.3855
19.9758 137 66.7855
19.9293 143 69.1576
19.9293 145 69.9576
19.9293 146 70.3576
19.9293 147 70.7576
19.9293 148 71.1576
19.9293 150 71.9576
19.9293 152 72.7576
19.9293 153 73.1576
19.9293 155 73.9576
19.9293 156 74.3576
19.9293 157 74.7576
20.8574 111 56.9144
20.4237 114 57.8542
20.2913 115 58.1748
20.2913 118 59.3748
20.168 119 59.7008
20.168 120 60.1008
20.168 121 60.5008
20.168 122 60.9008
20.1247 123 61.2748
20.1247 125 62.0748
20.1247 126 62.4748
20.1247 127 62.8748
20.0521 128 63.2313
20.0993 128 63.2596
20.0082 129 63.6049
20.0521 129 63.6313
19.9986 131 64.3992
20.0082 131 64.4049
19.9795 133 65.1877
19.9986 133 65.1992
19.9795 134 65.5877
19.9758 135 65.9855
19.9758 136 66.3855
19.9758 137 66.7855
19.9716 138 67.1829
19.9521 140 67.9713
19.9293 142 68.7576
19.9293 143 69.1576
19.9293 144 69.5576
19.9293 145 69.9576
19.9293 146 70.3576
19.9293 147 70.7576
19.9293 148 71.1576
19.9293 149 71.5576
19.9293 150 71.9576
19.9293 151 72.3576
19.9293 152 72.7576
19.9293 154 73.5576
19.9293 155 73.9576
19.9293 156 74.3576
21.233 106 55.1398
21.2748 106 55.1649
21.0392 107 55.4235
21.233 107 55.5398
20.8574 110 56.5144
20.8992 110 56.5395
20.547 111 56.7282
20.8574 111 56.9144
20.4237 113 57.4542
20.547 113 57.5282
20.2913 114 57.7748
20.4237 114 57.8542
20.2913 115 58.1748
20.2913 116 58.5748
20.2913 117 58.9748
20.168 118 59.3008
20.2913 118 59.3748
20.168 119 59.7008
20.168 120 60.1008
20.168 121 60.5008
20.1247 122 60.8748
20.1247 124 61.6748
20.1247 125 62.0748
20.1247 126 62.4748
20.0993 127 62.8596
20.118 127 62.8708
20.1247 127 62.8748
20.0521 128 63.2313
20.0521 129 63.6313
20.0082 130 64.0049
20.0082 131 64.4049
19.9986 132 64.7992
19.9986 133 65.1992
19.9758 134 65.5855
19.9795 134 65.5877
19.9758 135 65.9855
19.9758 136 66.3855
19.9716 137 66.7829
19.9521 139 67.5713
19.9716 139 67.5829
19.9293 141 68.3576
19.933 141 68.3598
19.9521 141 68.3713
19.9293 142 68.7576
19.9293 143 69.1576
19.9293 145 69.9576
19.9293 147 70.7576
19.9293 148 71.1576
19.9293 149 71.5576
19.9293 150 71.9576
19.9293 153 73.1576
