20.7288 101 84.9458
20.547 106 88.9094
20.7288 100 84.1458
20.7288 102 85.7458
19.3308 115 95.8662
20.7288 100 84.1458
20.7288 101 84.9458
20.547 105 88.1094
20.547 106 88.9094
19.679 110 91.9358
19.3308 114 95.0662
20.7288 100 84.1458
20.7288 101 84.9458
20.7288 102 85.7458
20.547 104 87.3094
20.547 106 88.9094
19.679 109 91.1358
19.3308 113 94.2662
19.3308 114 95.0662
19.3308 115 95.8662
20.7288 100 84.1458
20.7288 101 84.9458
20.7288 102 85.7458
20.547 103 86.5094
20.547 104 87.3094
20.547 105 88.1094
19.6957 107 89.5391
19.679 108 90.3358
19.679 110 91.9358
19.3308 114 95.0662
19.3308 115 95.8662
19.3106 116 96.6621
19.1787 118 98.2357
20.7288 99 83.3458
20.7288 100 84.1458
20.7288 101 84.9458
20.547 102 85.7094
20.7288 102 85.7458
20.547 103 86.5094
20.547 104 87.3094
20.547 105 88.1094
19.6957 106 88.7391
19.6984 106 88.7397
20.547 106 88.9094
19.679 107 89.5358
19.6957 107 89.5391
19.679 108 90.3358
19.679 109 91.1358
19.679 110 91.9358
19.3474 111 92.6695
19.679 111 92.7358
19.3308 112 93.4662
19.3308 113 94.2662
19.3308 114 95.0662
19.3106 115 95.8621
19.3308 115 95.8662
19.1953 116 96.6391
19.3106 116 96.6621
19.1787 117 97.4357
19.1787 119 99.0357
19.1787 123 102.236
