20.1247 127 105.625
19.9758 138 114.395
19.2671 158 130.253
19.2671 162 133.453
20.308 120 100.062
20.168 121 100.834
20.168 123 102.434
20.1247 126 104.825
20.1247 127 105.625
19.9758 137 113.595
19.9758 138 114.395
19.2671 157 129.453
19.2671 158 130.253
21.8962 110 92.3792
20.308 118 98.4616
20.308 119 99.2616
20.168 122 101.634
20.168 123 102.434
20.1247 125 104.025
20.1247 127 105.625
20.0023 132 109.6
19.9758 135 111.995
19.9758 136 112.795
19.2717 152 125.454
19.2671 157 129.453
19.2671 161 132.653
21.8962 109 91.5793
20.5637 114 95.3127
20.308 115 96.0616
20.308 117 97.6616
20.308 118 98.4616
20.308 119 99.2616
20.168 120 100.034
20.308 120 100.062
20.168 121 100.834
20.168 122 101.634
20.168 123 102.434
20.1247 124 103.225
20.1247 125 104.025
20.1247 126 104.825
20.1247 127 105.625
20.031 128 106.406
20.031 129 107.206
20.0082 130 108.002
20.0023 131 108.8
19.9986 132 109.6
20.0023 132 109.6
19.9795 133 110.396
19.9758 134 111.195
19.9758 135 111.995
19.9758 136 112.795
19.9758 137 113.595
19.9758 138 114.395
19.2717 147 121.454
19.2717 151 124.654
21.8962 108 90.7793
21.8962 109 91.5793
20.5637 110 92.1127
20.6055 110 92.1211
20.9878 110 92.1975
20.5637 112 93.7127
20.5637 113 94.5127
20.308 114 95.2616
20.4237 114 95.2847
20.5637 114 95.3127
20.308 116 96.8616
20.308 117 97.6616
20.308 118 98.4616
20.308 119 99.2616
20.168 120 100.034
20.308 120 100.062
20.168 121 100.834
20.168 122 101.634
20.1247 123 102.425
20.168 123 102.434
20.1247 125 104.025
20.1247 126 104.825
20.031 127 105.606
20.1247 127 105.625
20.031 128 106.406
20.0082 129 107.202
20.031 129 107.206
20.0023 130 108
20.0082 130 108.002
20.0023 131 108.8
19.9795 132 109.596
19.9986 132 109.6
20.0023 132 109.6
19.9795 133 110.396
19.9758 134 111.195
19.9795 134 111.196
19.9758 135 111.995
19.9758 136 112.795
19.9758 137 113.595
19.9716 138 114.394
19.9758 138 114.395
19.294 141 116.659
19.294 142 117.459
19.2717 146 120.654
19.2893 146 120.658
19.2717 149 123.054
19.2717 151 124.654
19.2717 156 128.654
