19.9758 142 80.9879
20.1247 130 75.0624
19.9758 140 79.9879
19.9758 141 80.4879
19.9758 142 80.9879
19.9758 145 82.4879
20.1247 129 74.5624
20.1247 130 75.0624
20.1247 131 75.5624
19.9758 139 79.4879
19.9758 140 79.9879
19.9758 141 80.4879
19.9758 142 80.9879
19.9758 144 81.9879
19.9758 145 82.4879
20.168 126 73.084
20.1247 128 74.0624
20.1247 129 74.5624
20.1247 130 75.0624
20.1247 131 75.5624
19.9986 136 77.9993
19.9795 137 78.4897
19.9758 139 79.4879
19.9758 140 79.9879
19.9758 141 80.4879
19.9758 142 80.9879
19.9758 143 81.4879
19.9758 145 82.4879
19.9293 148 83.9647
21.7704 116 68.8852
20.308 118 69.154
21.7169 117 69.3585
20.308 120 70.154
20.168 124 72.084
20.168 125 72.584
20.1247 127 73.5624
20.1247 128 74.0624
20.1247 129 74.5624
20.1247 130 75.0624
20.1247 131 75.5624
20.118 132 76.059
20.0082 133 76.5041
20.0023 134 77.0011
19.9986 135 77.4993
19.9795 136 77.9897
19.9986 136 77.9993
19.9758 138 78.9879
19.9758 139 79.4879
19.9758 140 79.9879
19.9758 141 80.4879
19.9758 142 80.9879
19.9758 143 81.4879
19.9758 145 82.4879
19.9293 147 83.4647
19.9293 149 84.4647
19.2671 158 88.6335
19.2671 162 90.6335
21.9227 111 66.4613
21.7704 115 68.3852
21.7969 115 68.3984
21.8504 115 68.4252
20.308 117 68.654
20.6017 117 68.8008
21.7169 116 68.8585
21.7704 116 68.8852
20.308 118 69.154
20.308 119 69.654
20.168 121 70.584
20.168 122 71.084
20.168 123 71.584
20.168 125 72.584
20.1247 126 73.0624
20.1247 127 73.5624
20.1247 128 74.0624
20.1247 129 74.5624
20.1247 130 75.0624
20.118 131 75.559
20.1247 131 75.5624
20.0082 132 76.0041
20.1143 132 76.0572
20.118 132 76.059
20.0023 133 76.5011
20.0082 133 76.5041
19.9986 134 76.9993
19.9986 135 77.4993
19.9795 136 77.9897
19.9758 137 78.4879
19.9795 137 78.4897
19.9758 138 78.9879
19.9758 139 79.4879
19.9758 140 79.9879
19.9758 141 80.4879
19.9758 142 80.9879
19.9758 143 81.4879
19.9758 144 81.9879
19.9293 145 82.4647
19.9293 146 82.9647
19.9293 147 83.4647
19.9293 148 83.9647
19.2717 152 85.6359
19.9293 152 85.9647
19.2671 153 86.1335
19.2671 157 88.1335
19.2671 158 88.6335
19.2671 161 90.1335
19.2671 162 90.6335
19.2671 163 91.1335
19.2196 165 92.1098
