19.1787 118 78.4715
19.1787 117 77.8715
19.1787 119 79.0715
19.1787 123 81.4715
19.6957 105 70.8783
19.2155 113 75.4862
19.1787 116 77.2715
19.1787 118 78.4715
19.1787 119 79.0715
19.1787 120 79.6715
19.1787 124 82.0715
19.1787 126 83.2715
20.547 100 68.2188
19.6957 104 70.2783
19.6957 105 70.8783
19.3474 109 73.139
19.2155 112 74.8862
19.1787 115 76.6715
19.1787 116 77.2715
19.1787 117 77.8715
19.1787 118 78.4715
19.1787 119 79.0715
19.1787 120 79.6715
19.1787 121 80.2715
19.1787 122 80.8715
19.1787 123 81.4715
19.1787 124 82.0715
19.1787 125 82.6715
20.547 100 68.2188
19.6957 103 69.6783
19.6957 104 70.2783
19.6957 105 70.8783
19.679 106 71.4716
19.3474 108 72.539
19.3474 109 73.139
19.2155 113 75.4862
19.1787 115 76.6715
19.1787 116 77.2715
19.1787 117 77.8715
19.1787 118 78.4715
19.1787 119 79.0715
19.1787 120 79.6715
19.1787 121 80.2715
19.1787 122 80.8715
19.1787 123 81.4715
19.1787 124 82.0715
19.1787 125 82.6715
19.1787 126 83.2715
19.1103 132 86.8441
19.9891 100 67.9956
20.1044 100 68.0418
19.6957 103 69.6783
19.6957 104 70.2783
19.679 105 70.8716
19.679 106 71.4716
19.5637 107 72.0255
19.3474 108 72.539
19.5637 108 72.6255
19.3474 109 73.139
19.3308 110 73.7323
19.2155 111 74.2862
19.2155 112 74.8862
19.2155 113 75.4862
19.1787 114 76.0715
19.1787 115 76.6715
19.1787 116 77.2715
19.1787 117 77.8715
19.1787 118 78.4715
19.1787 119 79.0715
19.1787 120 79.6715
19.1787 121 80.2715
19.1787 122 80.8715
19.1787 123 81.4715
19.1787 124 82.0715
19.1787 125 82.6715
19.1787 126 83.2715
19.1697 127 83.8679
19.1103 131 86.2441
19.1103 137 89.8441
20.6747 95 65.2699
20.7288 95 65.2915
20.79 95 65.316
19.9891 101 68.5956
19.6957 102 69.0783
19.6957 103 69.6783
19.6957 104 70.2783
19.6957 105 70.8783
19.5637 106 71.4255
19.5804 106 71.4322
19.679 106 71.4716
19.5637 107 72.0255
19.5637 108 72.6255
19.3308 109 73.1323
19.3474 109 73.139
19.2155 110 73.6862
19.2321 110 73.6929
19.3308 110 73.7323
19.2155 111 74.2862
19.2155 112 74.8862
19.1787 113 75.4715
19.1953 113 75.4781
19.2155 113 75.4862
19.1787 114 76.0715
19.1787 115 76.6715
19.1787 116 77.2715
19.1787 117 77.8715
19.1787 118 78.4715
19.1787 119 79.0715
19.1787 120 79.6715
19.1787 121 80.2715
19.1787 122 80.8715
19.1787 123 81.4715
19.1787 124 82.0715
19.1787 125 82.6715
19.1697 126 83.2679
19.1787 126 83.2715
19.1697 128 84.4679
19.1103 130 85.6441
19.1103 131 86.2441
19.1103 132 86.8441
19.1103 136 89.2441
19.1103 138 90.4441
19.1103 145 94.6441
