19.4074 168 49.1259
19.4721 160 47.5777
19.4074 168 49.1259
19.4721 159 47.3777
19.4721 163 48.1777
19.4074 164 48.3259
19.4074 168 49.1259
19.3127 170 49.4501
19.53 157 47.024
19.4721 158 47.1777
19.4721 159 47.3777
19.4721 160 47.5777
19.4721 162 47.9777
19.4074 163 48.1259
19.53 156 46.824
19.53 154 46.424
19.53 155 46.624
19.53 156 46.824
19.53 157 47.024
19.6664 151 45.9332
19.6279 152 46.1023
19.6664 152 46.1332
19.53 153 46.224
19.6279 153 46.3023
19.53 154 46.424
19.53 155 46.624
20.2913 113 38.833
19.7632 139 43.6105
19.6664 148 45.3332
19.6664 150 45.7332
20.2913 112 38.633
20.031 123 40.6248
19.7632 138 43.4105
19.7632 139 43.6105
19.7404 145 44.7923
19.7404 146 44.9923
20.4237 110 38.339
20.2913 111 38.433
20.2913 112 38.633
20.2913 113 38.833
20.031 122 40.4248
20.031 123 40.6248
19.8244 130 41.8595
19.7632 137 43.2105
19.7632 138 43.4105
19.7632 139 43.6105
19.7404 144 44.5923
19.7404 145 44.7923
20.7288 102 36.983
20.7288 103 37.1831
20.547 105 37.4376
20.547 106 37.6376
20.4237 109 38.139
20.2913 111 38.433
20.2913 112 38.633
20.2913 113 38.833
20.168 115 39.1344
20.031 123 40.6248
19.8244 129 41.6595
19.8244 131 42.0595
19.7668 133 42.4135
19.7632 136 43.0105
19.7632 137 43.2105
19.7632 138 43.4105
19.7632 139 43.6105
19.7404 144 44.5923
20.7288 101 36.7831
20.7288 102 36.983
20.7288 103 37.1831
20.547 104 37.2376
20.5637 104 37.2509
20.547 106 37.6376
20.4237 108 37.939
20.4237 110 38.339
20.2913 112 38.633
20.2913 113 38.833
20.168 115 39.1344
20.031 121 40.2248
20.0708 121 40.2566
20.031 123 40.6248
19.8281 127 41.2625
19.8244 128 41.4595
19.8244 129 41.6595
19.8244 130 41.8595
19.8244 131 42.0595
19.7668 132 42.2135
19.7632 135 42.8105
19.7632 136 43.0105
19.7632 137 43.2105
19.7632 138 43.4105
19.7632 139 43.6105
20.7288 100 36.583
20.7288 101 36.7831
20.7288 102 36.983
20.7288 103 37.1831
20.547 105 37.4376
20.547 106 37.6376
20.4237 107 37.739
20.4237 108 37.939
20.4237 109 38.139
20.4237 110 38.339
20.2913 112 38.633
20.2913 113 38.833
20.168 114 38.9344
20.168 115 39.1344
20.0708 120 40.0566
20.031 122 40.4248
20.031 123 40.6248
19.8281 124 40.6625
19.8281 126 41.0625
19.8244 129 41.6595
19.8244 130 41.8595
19.7668 131 42.0135
19.8244 131 42.0595
19.7668 132 42.2135
19.7668 133 42.4135
19.7632 134 42.6105
19.7632 136 43.0105
19.7632 137 43.2105
19.7632 138 43.4105
19.7622 139 43.6097
19.7632 139 43.6105
20.7288 99 36.383
20.7288 100 36.583
20.7288 101 36.7831
20.7288 102 36.983
20.5637 103 37.0509
20.6914 103 37.1531
20.7288 103 37.1831
20.547 104 37.2376
20.547 105 37.4376
20.4237 106 37.539
20.5036 106 37.6029
20.547 106 37.6376
20.4237 108 37.939
20.4237 109 38.139
20.2913 110 38.233
20.4237 110 38.339
20.2913 112 38.633
20.168 113 38.7344
20.2913 113 38.833
20.168 114 38.9344
20.0708 115 39.0566
20.168 115 39.1344
20.0708 120 40.0566
20.0708 121 40.2566
20.031 122 40.4248
19.8281 123 40.4624
20.031 123 40.6248
19.8281 124 40.6625
19.8281 125 40.8624
19.8281 126 41.0625
19.8244 127 41.2595
19.8281 127 41.2625
19.8244 128 41.4595
19.8244 129 41.6595
19.8244 130 41.8595
19.7668 131 42.0135
19.7668 132 42.2135
19.7632 133 42.4105
19.7668 133 42.4135
19.7632 134 42.6105
19.7632 135 42.8105
19.7632 136 43.0105
19.7632 137 43.2105
19.7632 138 43.4105
