19.7947 159 33.7153
19.7947 163 34.1153
19.7947 164 34.2153
19.9293 144 32.3364
19.7947 158 33.6153
19.7947 163 34.1153
19.7947 164 34.2153
19.9293 143 32.2364
19.9293 145 32.4364
19.7947 157 33.5153
19.7947 158 33.6153
19.7947 162 34.0153
19.7947 163 34.1153
19.9293 142 32.1364
19.9293 143 32.2364
19.9293 144 32.3364
19.9293 145 32.4364
19.8531 152 33.0677
19.7947 153 33.1153
19.7947 156 33.4153
19.7947 157 33.5153
19.7947 158 33.6153
19.7947 159 33.7153
19.7947 162 34.0153
19.7947 163 34.1153
19.7947 164 34.2153
19.9293 143 32.2364
19.9293 144 32.3364
19.9293 145 32.4364
19.8531 151 32.9677
19.7947 152 33.0153
19.8531 152 33.0677
19.7947 155 33.3153
19.7947 156 33.4153
19.7947 157 33.5153
19.9293 141 32.0364
19.9293 142 32.1364
19.9293 143 32.2364
19.9293 144 32.3364
19.9293 145 32.4364
19.8531 147 32.5677
19.8531 150 32.8677
20.031 123 30.3279
19.9758 130 30.9782
19.9293 140 31.9364
19.9293 142 32.1364
19.9293 143 32.2364
19.9293 144 32.3364
19.9293 145 32.4364
19.8531 146 32.4677
19.8531 148 32.6677
20.2913 111 29.3622
20.0708 121 30.1637
20.031 122 30.2279
19.9758 129 30.8782
19.9758 130 30.9782
19.9293 140 31.9364
19.9293 141 32.0364
19.9293 142 32.1364
19.9293 143 32.2364
19.9293 144 32.3364
19.8531 145 32.3677
19.9293 145 32.4364
19.8531 146 32.4677
19.8531 148 32.6677
20.2913 110 29.2622
20.2913 111 29.3622
20.0708 120 30.0637
20.0708 121 30.1637
20.031 123 30.3279
19.9758 129 30.8782
19.9758 130 30.9782
19.9293 139 31.8364
19.9293 141 32.0364
19.9293 142 32.1364
19.9293 143 32.2364
20.547 105 28.9923
20.2913 111 29.3622
20.0708 120 30.0637
20.0708 121 30.1637
20.031 122 30.2279
20.031 123 30.3279
19.9758 125 30.4782
19.9758 126 30.5782
19.9758 128 30.7782
19.9758 129 30.8782
19.9758 130 30.9782
19.9293 138 31.7364
19.9293 140 31.9364
19.9293 141 32.0364
19.9293 142 32.1364
19.9293 143 32.2364
19.9293 144 32.3364
20.7288 100 28.6559
20.547 104 28.8923
20.547 106 29.0923
20.2913 109 29.1622
20.2913 110 29.2622
20.2913 111 29.3622
20.0708 119 29.9637
20.0708 120 30.0637
20.0708 121 30.1637
20.031 122 30.2279
20.031 123 30.3279
19.9758 125 30.4782
19.9758 127 30.6782
19.9758 129 30.8782
19.9758 130 30.9782
19.9558 132 31.1602
19.9293 137 31.6364
19.9293 140 31.9364
19.9293 141 32.0364
19.9293 142 32.1364
19.9293 143 32.2364
19.9293 144 32.3364
19.9293 145 32.4364
20.7288 99 28.5559
20.7288 101 28.7559
20.547 103 28.7923
20.547 105 28.9923
20.547 106 29.0923
20.2913 110 29.2622
20.1618 112 29.3456
20.2913 111 29.3622
20.0708 114 29.4637
20.031 121 30.1279
20.0708 121 30.1637
20.031 123 30.3279
19.9758 124 30.3782
20.0023 124 30.402
19.9758 125 30.4782
19.9758 126 30.5782
19.9758 127 30.6782
19.9758 128 30.7782
19.9758 130 30.9782
19.9558 133 31.2602
19.9558 134 31.3602
19.933 135 31.4397
19.9293 138 31.7364
19.9293 139 31.8364
19.9293 140 31.9364
19.9293 141 32.0364
19.9293 142 32.1364
19.9293 143 32.2364
19.9293 144 32.3364
19.9293 145 32.4364
20.7288 98 28.4559
20.7288 99 28.5559
20.7288 100 28.6559
20.547 102 28.6923
20.547 103 28.7923
20.7288 102 28.8559
20.547 104 28.8923
20.547 105 28.9923
20.3844 107 29.0459
20.547 106 29.0923
20.2913 109 29.1622
20.1618 111 29.2456
20.1618 112 29.3456
20.2913 111 29.3622
20.0708 113 29.3637
20.0708 115 29.5637
20.0708 118 29.8637
20.0708 119 29.9637
20.0708 120 30.0637
20.031 122 30.2279
20.0023 123 30.302
20.031 123 30.3279
19.9758 125 30.4782
19.9758 126 30.5782
19.9758 127 30.6782
19.9758 129 30.8782
19.9758 130 30.9782
19.9558 131 31.0602
19.9558 132 31.1602
19.933 134 31.3397
19.9558 134 31.3602
19.9293 138 31.7364
19.9293 139 31.8364
19.9293 140 31.9364
19.9293 141 32.0364
19.9293 143 32.2364
19.9293 144 32.3364
19.9293 145 32.4364
20.7288 98 28.4559
20.7288 99 28.5559
20.7288 100 28.6559
20.547 102 28.6923
20.7288 101 28.7559
20.547 103 28.7923
20.7288 102 28.8559
20.547 104 28.8923
20.3844 106 28.9459
20.547 105 28.9923
20.2913 108 29.0622
20.547 106 29.0923
20.3844 108 29.1459
20.1618 111 29.2456
20.2913 110 29.2622
20.0708 112 29.2637
20.1618 112 29.3456
20.2913 111 29.3622
20.0708 113 29.3637
20.0708 114 29.4637
20.0708 116 29.6637
20.0708 118 29.8637
20.0708 119 29.9637
20.031 121 30.1279
20.042 121 30.1378
20.0708 121 30.1637
20.031 122 30.2279
19.9758 124 30.3782
19.9758 125 30.4782
19.9758 126 30.5782
19.9758 127 30.6782
19.9758 128 30.7782
19.9758 129 30.8782
19.9558 130 30.9602
19.9758 130 30.9782
19.9558 131 31.0602
19.9558 132 31.1602
19.9558 133 31.2602
19.9558 134 31.3602
19.9293 135 31.4364
19.933 135 31.4397
19.9293 138 31.7364
19.9293 139 31.8364
19.9293 140 31.9364
19.9293 141 32.0364
19.9293 142 32.1364
19.9293 143 32.2364
19.9293 144 32.3364
19.9293 145 32.4364
