19.1787 118 108.118
19.1787 117 107.218
19.1787 119 109.018
19.1787 123 112.618
19.1787 116 106.318
19.1787 118 108.118
19.1787 119 109.018
19.1787 120 109.918
19.1787 115 105.418
19.1787 116 106.318
19.1787 117 107.218
19.1787 118 108.118
19.1787 119 109.018
19.1787 120 109.918
19.1787 121 110.818
19.1787 122 111.718
19.1787 123 112.618
19.1787 115 105.418
19.1787 116 106.318
19.1787 117 107.218
19.1787 118 108.118
19.1787 119 109.018
19.1787 120 109.918
19.1787 121 110.818
19.1787 122 111.718
19.1787 123 112.618
19.2155 111 101.822
19.1787 114 104.518
19.1787 115 105.418
19.1787 116 106.318
19.1787 117 107.218
19.1787 118 108.118
19.1787 119 109.018
19.1787 120 109.918
19.1787 121 110.818
19.1787 122 111.718
19.1787 123 112.618
20.6747 95 87.5675
19.2155 110 100.922
19.2321 110 100.923
19.2155 111 101.822
19.1787 113 103.618
19.1787 114 104.518
19.1787 115 105.418
19.1787 116 106.318
19.1787 117 107.218
19.1787 118 108.118
19.1787 119 109.018
19.1787 120 109.918
19.1787 121 110.818
19.1787 122 111.718
19.1787 123 112.618
19.1697 126 115.317
19.2321 109 100.023
19.2155 111 101.822
19.1787 114 104.518
19.1787 115 105.418
19.1787 116 106.318
19.1787 117 107.218
19.1787 118 108.118
19.1787 119 109.018
19.1787 120 109.918
19.1787 121 110.818
19.1787 122 111.718
19.1787 123 112.618
19.1697 125 114.417
19.1697 126 115.317
19.0787 130 118.908
20.6812 92 84.8681
20.6747 95 87.5675
19.9891 98 90.1989
19.3428 104 95.5343
19.2321 108 99.1232
19.2321 109 100.023
19.2155 111 101.822
19.1787 112 102.718
19.1787 113 103.618
19.1787 115 105.418
19.1787 116 106.318
19.1787 117 107.218
19.1787 118 108.118
19.1787 119 109.018
19.1787 120 109.918
19.1787 121 110.818
19.1787 122 111.718
19.1787 123 112.618
19.1697 125 114.417
19.1697 126 115.317
19.0787 131 119.808
20.6812 91 83.9681
20.6747 95 87.5675
19.3428 103 94.6343
19.2321 107 98.2232
19.2321 108 99.1232
19.2321 109 100.023
19.2321 110 100.923
19.2155 111 101.822
19.1787 114 104.518
19.1787 115 105.418
19.1787 116 106.318
19.1787 117 107.218
19.1787 118 108.118
19.1787 119 109.018
19.1787 120 109.918
19.1787 121 110.818
19.1787 122 111.718
19.1787 123 112.618
19.1697 125 114.417
19.1697 126 115.317
19.0954 127 116.21
19.0787 130 118.908
19.0787 131 119.808
19.0787 132 120.708
20.6812 92 84.8681
20.6747 94 86.6675
19.3428 103 94.6343
19.3428 104 95.5343
19.3428 105 96.4343
19.3308 106 97.3331
19.2321 107 98.2232
19.2321 108 99.1232
19.2321 110 100.923
19.1787 111 101.818
19.1787 113 103.618
19.1787 114 104.518
19.1787 115 105.418
19.1787 116 106.318
19.1787 117 107.218
19.1787 118 108.118
19.1787 119 109.018
19.1787 120 109.918
19.1787 121 110.818
19.1787 122 111.718
19.1787 123 112.618
19.1697 126 115.317
19.0954 127 116.21
19.0787 132 120.708
19.0787 133 121.608
19.0787 135 123.408
20.6812 90 83.0681
20.6812 92 84.8681
20.6747 93 85.7675
20.6747 95 87.5675
19.6957 99 91.0696
19.6818 101 92.8682
19.3428 103 94.6343
19.3428 104 95.5343
19.3428 105 96.4343
19.2321 106 97.3232
19.3428 106 97.3343
19.2321 108 99.1232
19.2321 109 100.023
19.2321 110 100.923
19.1787 111 101.818
19.2155 111 101.822
19.1787 112 102.718
19.1787 113 103.618
19.1787 114 104.518
19.1787 115 105.418
19.1787 116 106.318
19.1787 117 107.218
19.1787 118 108.118
19.1787 119 109.018
19.1787 121 110.818
19.1787 122 111.718
19.1787 123 112.618
19.1697 124 113.517
19.1697 126 115.317
19.0954 127 116.21
19.0787 129 118.008
19.0787 130 118.908
19.0787 131 119.808
19.0787 132 120.708
19.0787 133 121.608
19.0787 136 124.308
19.0787 139 127.008
20.6812 91 83.9681
20.6747 92 84.8675
20.6747 93 85.7675
20.6747 94 86.6675
20.6747 95 87.5675
20.1044 96 88.4104
19.9891 97 89.2989
19.6957 99 91.0696
19.6818 100 91.9682
19.5804 101 92.858
19.6818 101 92.8682
19.3428 104 95.5343
19.3428 105 96.4343
19.2321 106 97.3232
19.3428 106 97.3343
19.2321 107 98.2232
19.2321 109 100.023
19.2155 110 100.922
19.2321 110 100.923
19.2155 111 101.822
19.1787 112 102.718
19.1787 113 103.618
19.1787 114 104.518
19.1787 115 105.418
19.1787 116 106.318
19.1787 117 107.218
19.1787 118 108.118
19.1787 119 109.018
19.1787 121 110.818
19.1787 122 111.718
19.1697 123 112.617
19.1787 123 112.618
19.1697 124 113.517
19.1697 125 114.417
19.1697 126 115.317
19.0954 127 116.21
19.0787 129 118.008
19.0787 130 118.908
19.0787 131 119.808
20.6812 91 83.9681
20.6812 92 84.8681
20.6747 93 85.7675
20.6747 94 86.6675
20.1044 95 87.5104
20.6747 95 87.5675
19.9891 98 90.1989
19.5804 101 92.858
19.6818 101 92.8682
19.3594 102 93.7359
19.3428 104 95.5343
19.3428 105 96.4343
19.2321 107 98.2232
19.2321 108 99.1232
19.2321 109 100.023
19.2321 110 100.923
19.2155 111 101.822
19.1787 112 102.718
19.1787 113 103.618
19.1787 114 104.518
19.1787 116 106.318
19.1787 117 107.218
19.1787 118 108.118
19.1787 119 109.018
19.1787 120 109.918
19.1787 121 110.818
19.1787 122 111.718
19.1787 123 112.618
19.1697 124 113.517
19.1697 125 114.417
19.1697 126 115.317
19.0954 127 116.21
19.0787 128 117.108
19.0787 130 118.908
19.0787 131 119.808
19.0787 132 120.708
19.0787 134 122.508
20.6812 91 83.9681
20.6747 92 84.8675
20.6812 92 84.8681
20.6747 93 85.7675
20.6747 94 86.6675
20.6747 95 87.5675
19.9891 96 88.3989
20.1044 96 88.4104
19.6957 98 90.1696
19.9891 98 90.1989
19.6818 99 91.0682
19.3594 101 92.8359
19.5804 101 92.858
19.6818 101 92.8682
19.3428 102 93.7343
19.3428 104 95.5343
19.3428 105 96.4343
19.3428 106 97.3343
19.2321 107 98.2232
19.2321 108 99.1232
19.2321 109 100.023
19.2155 110 100.922
19.2321 110 100.923
19.2155 111 101.822
19.1787 112 102.718
19.1787 113 103.618
19.1787 114 104.518
19.1787 115 105.418
19.1787 116 106.318
19.1787 117 107.218
19.1787 118 108.118
19.1787 119 109.018
19.1787 120 109.918
19.1787 121 110.818
19.1787 122 111.718
19.1787 123 112.618
19.1697 124 113.517
19.1697 125 114.417
19.0954 126 115.31
19.1697 126 115.317
19.0787 127 116.208
19.0954 127 116.21
19.0787 128 117.108
19.0787 129 118.008
19.0787 130 118.908
19.0787 131 119.808
19.0787 132 120.708
19.0787 133 121.608
19.0787 135 123.408
19.0787 137 125.208
