19.2671 158 116.38
19.2671 162 119.18
20.168 121 90.7504
19.2671 157 115.68
19.2671 158 116.38
19.2717 152 112.182
19.2671 157 115.68
19.2671 161 118.48
20.308 115 86.5924
20.308 117 87.9924
20.168 120 90.0504
20.168 121 90.7504
19.2717 147 108.682
19.2717 151 111.482
20.5637 110 83.1691
20.308 114 85.8924
20.308 116 87.2924
20.308 117 87.9924
20.168 120 90.0504
20.168 121 90.7504
20.1247 123 92.1374
20.031 127 94.9093
19.2717 146 107.982
19.2717 149 110.082
19.2717 151 111.482
19.2717 156 114.982
20.5637 109 82.4691
20.5637 110 83.1691
20.5637 111 83.8691
20.308 113 85.1924
20.308 114 85.8924
20.308 115 86.5924
20.308 116 87.2924
20.308 117 87.9924
20.168 118 88.6504
20.168 120 90.0504
20.168 121 90.7504
20.1247 123 92.1374
20.031 127 94.9093
20.0023 129 96.3007
19.294 135 100.288
19.2717 145 107.282
19.2717 146 107.982
19.2717 148 109.382
20.7455 104 79.0236
20.5637 108 81.7691
20.5637 109 82.4691
20.5637 111 83.8691
20.308 112 84.4924
20.308 113 85.1924
20.308 114 85.8924
20.308 116 87.2924
20.308 117 87.9924
20.168 118 88.6504
20.168 119 89.3504
20.168 120 90.0504
20.168 121 90.7504
20.1247 122 91.4374
20.1247 123 92.1374
20.1221 124 92.8366
20.1221 125 93.5366
20.0521 126 94.2156
20.031 127 94.9093
20.0023 128 95.6007
20.0023 129 96.3007
19.294 134 99.5882
19.2884 144 106.587
19.2717 145 107.282
19.2717 146 107.982
19.2717 147 108.682
19.2717 148 109.382
20.7455 103 78.3236
20.7455 105 79.7236
20.7455 107 81.1236
20.5637 108 81.7691
20.5637 109 82.4691
20.5637 110 83.1691
20.308 111 83.7924
20.5637 111 83.8691
20.308 112 84.4924
20.308 113 85.1924
20.308 114 85.8924
20.308 115 86.5924
20.308 116 87.2924
20.168 117 87.9504
20.308 117 87.9924
20.168 118 88.6504
20.168 119 89.3504
20.168 120 90.0504
20.1247 121 90.7374
20.168 121 90.7504
20.1247 122 91.4374
20.1221 123 92.1366
20.1247 123 92.1374
20.0521 125 93.5156
20.1221 125 93.5366
20.031 126 94.2093
20.0023 127 94.9007
20.0082 127 94.9025
20.031 127 94.9093
19.294 129 96.0882
20.0023 129 96.3007
19.294 133 98.8882
19.294 134 99.5882
19.294 135 100.288
19.2884 137 101.687
19.2921 137 101.688
19.2884 143 105.887
19.2717 144 106.582
19.2884 144 106.587
19.2717 145 107.282
19.2717 146 107.982
19.2717 147 108.682
19.2717 148 109.382
