19.1787 118 108.118
19.1787 117 107.218
19.1787 119 109.018
19.1787 116 106.318
19.1787 118 108.118
19.1787 119 109.018
19.1787 120 109.918
19.1787 115 105.418
19.1787 116 106.318
19.1787 117 107.218
19.1787 118 108.118
19.1787 119 109.018
19.1787 120 109.918
19.1787 121 110.818
19.1787 122 111.718
19.1787 115 105.418
19.1787 116 106.318
19.1787 117 107.218
19.1787 118 108.118
19.1787 119 109.018
19.1787 120 109.918
19.1787 121 110.818
19.1787 122 111.718
19.1787 114 104.518
19.1787 115 105.418
19.1787 116 106.318
19.1787 117 107.218
19.1787 118 108.118
19.1787 119 109.018
19.1787 120 109.918
19.1787 121 110.818
19.1787 122 111.718
19.2155 110 100.922
19.1787 113 103.618
19.1787 114 104.518
19.1787 115 105.418
19.1787 116 106.318
19.1787 117 107.218
19.1787 118 108.118
19.1787 119 109.018
19.1787 120 109.918
19.1787 121 110.818
19.1787 122 111.718
19.1787 114 104.518
19.1787 115 105.418
19.1787 116 106.318
19.1787 117 107.218
19.1787 118 108.118
19.1787 119 109.018
19.1787 120 109.918
19.1787 121 110.818
19.1787 122 111.718
19.9891 98 90.1989
19.3428 104 95.5343
19.2321 108 99.1232
19.1787 112 102.718
19.1787 113 103.618
19.1787 115 105.418
19.1787 116 106.318
19.1787 117 107.218
19.1787 118 108.118
19.1787 119 109.018
19.1787 120 109.918
19.1787 121 110.818
19.1787 122 111.718
19.3428 103 94.6343
19.2321 107 98.2232
19.2321 108 99.1232
19.1787 114 104.518
19.1787 115 105.418
19.1787 116 106.318
19.1787 117 107.218
19.1787 118 108.118
19.1787 119 109.018
19.1787 120 109.918
19.1787 121 110.818
19.1787 122 111.718
19.3428 103 94.6343
19.3428 104 95.5343
19.2321 107 98.2232
19.2321 108 99.1232
19.1787 111 101.818
19.1787 113 103.618
19.1787 114 104.518
19.1787 115 105.418
19.1787 116 106.318
19.1787 117 107.218
19.1787 118 108.118
19.1787 119 109.018
19.1787 120 109.918
19.1787 121 110.818
19.1787 122 111.718
20.6812 90 83.0681
19.3428 103 94.6343
19.3428 104 95.5343
19.2321 106 97.3232
19.2321 108 99.1232
19.1787 111 101.818
19.1787 112 102.718
19.1787 113 103.618
19.1787 114 104.518
19.1787 115 105.418
19.1787 116 106.318
19.1787 117 107.218
19.1787 118 108.118
19.1787 119 109.018
19.1787 121 110.818
19.1787 122 111.718
19.1697 124 113.517
20.6747 92 84.8675
19.9891 97 89.2989
19.6818 100 91.9682
19.3428 104 95.5343
19.2321 106 97.3232
19.2321 107 98.2232
19.2155 110 100.922
19.1787 112 102.718
19.1787 113 103.618
19.1787 114 104.518
19.1787 115 105.418
19.1787 116 106.318
19.1787 117 107.218
19.1787 118 108.118
19.1787 119 109.018
19.1787 121 110.818
19.1787 122 111.718
19.1697 123 112.617
19.1697 124 113.517
19.9891 98 90.1989
19.3594 102 93.7359
19.3428 104 95.5343
19.2321 107 98.2232
19.2321 108 99.1232
19.1787 112 102.718
19.1787 113 103.618
19.1787 114 104.518
19.1787 116 106.318
19.1787 117 107.218
19.1787 118 108.118
19.1787 119 109.018
19.1787 120 109.918
19.1787 121 110.818
19.1787 122 111.718
19.1697 124 113.517
20.6747 92 84.8675
19.9891 96 88.3989
19.6957 98 90.1696
19.9891 98 90.1989
19.6818 99 91.0682
19.3594 101 92.8359
19.3428 102 93.7343
19.3428 104 95.5343
19.2321 107 98.2232
19.2321 108 99.1232
19.2155 110 100.922
19.1787 112 102.718
19.1787 113 103.618
19.1787 114 104.518
19.1787 115 105.418
19.1787 116 106.318
19.1787 117 107.218
19.1787 118 108.118
19.1787 119 109.018
19.1787 120 109.918
19.1787 121 110.818
19.1787 122 111.718
19.1697 124 113.517
19.0787 127 116.208
20.6812 89 82.1681
20.6747 91 83.9675
20.6747 92 84.8675
20.1044 94 86.6104
19.9891 96 88.3989
19.9891 97 89.2989
19.6818 98 90.1682
19.6818 100 91.9682
19.3594 101 92.8359
19.3428 102 93.7343
19.3594 102 93.7359
19.3428 103 94.6343
19.3428 104 95.5343
19.2321 105 96.4232
19.2321 107 98.2232
19.2321 108 99.1232
19.2155 109 100.022
19.1787 110 100.918
19.2155 110 100.922
19.1787 112 102.718
19.1787 113 103.618
19.1787 115 105.418
19.1787 116 106.318
19.1787 117 107.218
19.1787 118 108.118
19.1787 119 109.018
19.1787 120 109.918
19.1787 121 110.818
19.1787 122 111.718
19.1697 123 112.617
19.1697 124 113.517
20.6812 89 82.1681
20.6812 90 83.0681
20.6747 92 84.8675
20.1044 93 85.7104
19.9891 96 88.3989
19.9891 97 89.2989
19.6818 99 91.0682
19.5804 100 91.958
19.6818 100 91.9682
19.3594 101 92.8359
19.3428 102 93.7343
19.3594 102 93.7359
19.3428 103 94.6343
19.2321 104 95.5232
19.3428 104 95.5343
19.2321 106 97.3232
19.2321 107 98.2232
19.2321 108 99.1232
19.2155 110 100.922
19.1787 111 101.818
19.1787 112 102.718
19.1787 113 103.618
19.1787 114 104.518
19.1787 116 106.318
19.1787 117 107.218
19.1787 118 108.118
19.1787 119 109.018
19.1787 120 109.918
19.1787 121 110.818
19.1787 122 111.718
19.1697 124 113.517
19.0658 128 117.107
20.6812 88 81.2681
20.6812 90 83.0681
20.6747 92 84.8675
20.1044 94 86.6104
19.9891 95 87.4989
19.9891 96 88.3989
19.9891 97 89.2989
19.9891 98 90.1989
19.6818 99 91.0682
19.3594 100 91.9359
19.6818 100 91.9682
19.3594 101 92.8359
19.3428 102 93.7343
19.3594 102 93.7359
19.3428 103 94.6343
19.2321 104 95.5232
19.2321 105 96.4232
19.2321 106 97.3232
19.2321 108 99.1232
19.2155 110 100.922
19.1787 111 101.818
19.1787 112 102.718
19.1787 113 103.618
19.1787 114 104.518
19.1787 115 105.418
19.1787 116 106.318
19.1787 117 107.218
19.1787 118 108.118
19.1787 119 109.018
19.1787 120 109.918
19.1787 121 110.818
19.1787 122 111.718
19.0954 124 113.51
19.1697 124 113.517
19.0787 127 116.208
19.0658 128 117.107
20.6812 88 81.2681
20.6812 89 82.1681
20.6747 90 83.0675
20.6812 90 83.0681
20.1044 92 84.8104
19.9891 94 86.5989
20.1044 94 86.6104
19.9891 95 87.4989
19.9891 96 88.3989
19.9891 97 89.2989
19.9891 98 90.1989
19.6818 99 91.0682
19.6818 100 91.9682
19.3594 101 92.8359
19.3428 102 93.7343
19.3594 102 93.7359
19.3428 103 94.6343
19.3428 104 95.5343
19.2321 105 96.4232
19.2321 106 97.3232
19.2321 107 98.2232
19.2155 108 99.1215
19.2321 108 99.1232
19.1787 110 100.918
19.2155 110 100.922
19.1787 111 101.818
19.1787 112 102.718
19.1787 113 103.618
19.1787 114 104.518
19.1787 115 105.418
19.1787 116 106.318
19.1787 117 107.218
19.1787 118 108.118
19.1787 119 109.018
19.1787 120 109.918
19.1787 121 110.818
19.1697 122 111.717
19.1787 122 111.718
19.0787 124 113.508
19.0954 124 113.51
19.0658 127 116.207
19.0192 128 117.102
19.0658 128 117.107
