19.1787 118 98.2357
19.1787 117 97.4357
19.1787 119 99.0357
19.1787 123 102.236
19.1787 116 96.6357
19.1787 118 98.2357
19.1787 119 99.0357
19.1787 120 99.8357
19.1787 115 95.8357
19.1787 116 96.6357
19.1787 117 97.4357
19.1787 118 98.2357
19.1787 119 99.0357
19.1787 120 99.8357
19.1787 121 100.636
19.1787 122 101.436
19.1787 123 102.236
19.1787 115 95.8357
19.1787 116 96.6357
19.1787 117 97.4357
19.1787 118 98.2357
19.1787 119 99.0357
19.1787 120 99.8357
19.1787 121 100.636
19.1787 122 101.436
19.1787 123 102.236
19.2155 111 92.6431
19.1787 114 95.0357
19.1787 115 95.8357
19.1787 116 96.6357
19.1787 117 97.4357
19.1787 118 98.2357
19.1787 119 99.0357
19.1787 120 99.8357
19.1787 121 100.636
19.1787 122 101.436
19.1787 123 102.236
19.1697 127 105.434
20.6747 95 80.1349
19.2155 110 91.8431
19.2321 110 91.8464
19.2155 111 92.6431
19.1787 113 94.2357
19.1787 114 95.0357
19.1787 115 95.8357
19.1787 116 96.6357
19.1787 117 97.4357
19.1787 118 98.2357
19.1787 119 99.0357
19.1787 120 99.8357
19.1787 121 100.636
19.1787 122 101.436
19.1787 123 102.236
19.1697 126 104.634
19.9891 99 83.1978
19.2321 109 91.0464
19.2155 111 92.6431
19.1787 114 95.0357
19.1787 115 95.8357
19.1787 116 96.6357
19.1787 117 97.4357
19.1787 118 98.2357
19.1787 119 99.0357
19.1787 120 99.8357
19.1787 121 100.636
19.1787 122 101.436
19.1787 123 102.236
19.1697 125 103.834
19.1697 126 104.634
19.1697 127 105.434
19.0787 130 107.816
20.6812 92 77.7362
20.6747 95 80.1349
19.9891 98 82.3978
19.3428 104 87.0686
19.2321 108 90.2464
19.2321 109 91.0464
19.2155 111 92.6431
19.1787 112 93.4357
19.1787 113 94.2357
19.1787 115 95.8357
19.1787 116 96.6357
19.1787 117 97.4357
19.1787 118 98.2357
19.1787 119 99.0357
19.1787 120 99.8357
19.1787 121 100.636
19.1787 122 101.436
19.1787 123 102.236
19.1697 125 103.834
19.1697 126 104.634
19.1697 127 105.434
19.0954 128 106.219
19.0787 131 108.616
20.6812 91 76.9362
20.6747 95 80.1349
19.9891 99 83.1978
19.3428 103 86.2686
19.2321 107 89.4464
19.2321 108 90.2464
19.2321 109 91.0464
19.2321 110 91.8464
19.2155 111 92.6431
19.1787 114 95.0357
19.1787 115 95.8357
19.1787 116 96.6357
19.1787 117 97.4357
19.1787 118 98.2357
19.1787 119 99.0357
19.1787 120 99.8357
19.1787 121 100.636
19.1787 122 101.436
19.1787 123 102.236
19.1697 125 103.834
19.1697 126 104.634
19.0954 127 105.419
19.1697 127 105.434
19.0787 130 107.816
19.0787 131 108.616
19.0787 132 109.416
20.6812 92 77.7362
20.6747 94 79.335
19.9891 99 83.1978
19.6957 100 83.9391
19.5804 102 85.5161
19.3428 103 86.2686
19.3428 104 87.0686
19.3428 105 87.8686
19.3308 106 88.6662
19.2321 107 89.4464
19.2321 108 90.2464
19.2321 110 91.8464
19.1787 111 92.6357
19.1787 113 94.2357
19.1787 114 95.0357
19.1787 115 95.8357
19.1787 116 96.6357
19.1787 117 97.4357
19.1787 118 98.2357
19.1787 119 99.0357
19.1787 120 99.8357
19.1787 121 100.636
19.1787 122 101.436
19.1787 123 102.236
19.1697 126 104.634
19.0954 127 105.419
19.1697 127 105.434
19.0954 128 106.219
19.0787 132 109.416
19.0787 133 110.216
19.0787 135 111.816
20.6812 90 76.1362
20.6812 92 77.7362
20.6747 93 78.535
20.6747 95 80.1349
19.6957 99 83.1391
19.9891 99 83.1978
19.6957 100 83.9391
19.6818 101 84.7364
19.3428 103 86.2686
19.3428 104 87.0686
19.3428 105 87.8686
19.2321 106 88.6464
19.3428 106 88.6686
19.2321 108 90.2464
19.2321 109 91.0464
19.2321 110 91.8464
19.1787 111 92.6357
19.2155 111 92.6431
19.1787 112 93.4357
19.1787 113 94.2357
19.1787 114 95.0357
19.1787 115 95.8357
19.1787 116 96.6357
19.1787 117 97.4357
19.1787 118 98.2357
19.1787 119 99.0357
19.1787 121 100.636
19.1787 122 101.436
19.1787 123 102.236
19.1697 124 103.034
19.1697 126 104.634
19.0954 127 105.419
19.1697 127 105.434
19.0954 128 106.219
19.0787 129 107.016
19.0787 130 107.816
19.0787 131 108.616
19.0787 132 109.416
19.0787 133 110.216
19.0787 136 112.616
19.0787 139 115.016
20.6812 91 76.9362
20.6747 92 77.7349
20.6747 93 78.535
20.6747 94 79.335
20.6747 95 80.1349
20.1044 96 80.8209
19.9891 97 81.5978
19.6957 99 83.1391
19.9891 99 83.1978
19.6818 100 83.9364
19.6957 100 83.9391
19.5804 101 84.7161
19.6818 101 84.7364
19.5804 102 85.5161
19.3428 104 87.0686
19.3428 105 87.8686
19.2321 106 88.6464
19.3428 106 88.6686
19.2321 107 89.4464
19.2321 109 91.0464
19.2155 110 91.8431
19.2321 110 91.8464
19.2155 111 92.6431
19.1787 112 93.4357
19.1787 113 94.2357
19.1787 114 95.0357
19.1787 115 95.8357
19.1787 116 96.6357
19.1787 117 97.4357
19.1787 118 98.2357
19.1787 119 99.0357
19.1787 121 100.636
19.1787 122 101.436
19.1697 123 102.234
19.1787 123 102.236
19.1697 124 103.034
19.1697 125 103.834
19.1697 126 104.634
19.0954 127 105.419
19.0954 128 106.219
19.0787 129 107.016
19.0787 130 107.816
19.0787 131 108.616
20.6812 91 76.9362
20.6812 92 77.7362
20.6747 93 78.535
20.6747 94 79.335
20.1044 95 80.0209
20.6747 95 80.1349
19.9891 98 82.3978
19.9891 99 83.1978
19.5804 101 84.7161
19.6818 101 84.7364
19.3594 102 85.4719
19.5804 102 85.5161
19.3428 104 87.0686
19.3428 105 87.8686
19.2321 107 89.4464
19.2321 108 90.2464
19.2321 109 91.0464
19.2321 110 91.8464
19.2155 111 92.6431
19.1787 112 93.4357
19.1787 113 94.2357
19.1787 114 95.0357
19.1787 116 96.6357
19.1787 117 97.4357
19.1787 118 98.2357
19.1787 119 99.0357
19.1787 120 99.8357
19.1787 121 100.636
19.1787 122 101.436
19.1787 123 102.236
19.1697 124 103.034
19.1697 125 103.834
19.1697 126 104.634
19.0954 127 105.419
19.1697 127 105.434
19.0787 128 106.216
19.0954 128 106.219
19.0787 130 107.816
19.0787 131 108.616
19.0787 132 109.416
19.0787 134 111.016
