19.1787 114 104.518
19.1787 113 103.618
19.1787 114 104.518
19.1787 114 104.518
19.1787 112 102.718
19.1787 113 103.618
19.1787 114 104.518
19.1787 111 101.818
19.1787 113 103.618
19.1787 114 104.518
19.2321 106 97.3232
19.1787 111 101.818
19.1787 112 102.718
19.1787 113 103.618
19.1787 114 104.518
19.2321 106 97.3232
19.1787 112 102.718
19.1787 113 103.618
19.1787 114 104.518
19.1787 112 102.718
19.1787 113 103.618
19.1787 114 104.518
19.3428 102 93.7343
19.1787 112 102.718
19.1787 113 103.618
19.1787 114 104.518
19.3428 102 93.7343
19.2321 105 96.4232
19.2155 109 100.022
19.1787 110 100.918
19.1787 112 102.718
19.1787 113 103.618
19.3428 102 93.7343
19.2321 104 95.5232
19.2321 106 97.3232
19.1787 111 101.818
19.1787 112 102.718
19.1787 113 103.618
19.1787 114 104.518
19.3428 102 93.7343
19.2321 104 95.5232
19.2321 105 96.4232
19.2321 106 97.3232
19.1787 111 101.818
19.1787 112 102.718
19.1787 113 103.618
19.1787 114 104.518
19.3428 102 93.7343
19.2321 105 96.4232
19.2321 106 97.3232
19.2155 108 99.1215
19.1787 110 100.918
19.1787 111 101.818
19.1787 112 102.718
19.1787 113 103.618
19.1787 114 104.518
19.0192 128 117.102
19.2321 106 97.3232
19.2155 108 99.1215
19.2155 109 100.022
19.1787 111 101.818
19.1787 112 102.718
19.1787 113 103.618
19.1787 114 104.518
19.0658 126 115.307
19.0192 127 116.202
19.0192 129 118.002
19.0192 133 121.602
19.0192 136 124.302
19.3594 99 91.0359
19.3428 102 93.7343
19.2321 104 95.5232
19.2321 105 96.4232
19.2321 106 97.3232
19.2155 109 100.022
19.1787 110 100.918
19.1787 111 101.818
19.1787 112 102.718
19.1787 113 103.618
19.1787 114 104.518
19.0658 125 114.407
19.0192 126 115.302
19.0192 128 117.102
19.0192 129 118.002
19.0192 132 120.702
19.0192 136 124.302
20.1164 88 81.2116
19.2321 103 94.6232
19.2321 105 96.4232
19.2155 108 99.1215
19.2155 109 100.022
19.1787 111 101.818
19.1787 112 102.718
19.1787 113 103.618
19.1787 114 104.518
19.0658 126 115.307
19.0192 127 116.202
19.0192 128 117.102
19.0192 129 118.002
19.0192 131 119.802
19.0192 133 121.602
19.0192 135 123.402
20.1164 89 82.1116
19.3594 99 91.0359
19.2321 104 95.5232
19.2321 105 96.4232
19.2321 106 97.3232
19.2155 107 98.2215
19.2155 109 100.022
19.1787 111 101.818
19.1787 112 102.718
19.1787 114 104.518
19.0658 124 113.507
19.0658 125 114.407
19.0192 127 116.202
19.0192 128 117.102
19.0192 129 118.002
19.0192 134 122.502
19.0192 135 123.402
19.0192 136 124.302
20.1164 87 80.3116
20.1164 89 82.1116
19.3594 99 91.0359
19.2321 104 95.5232
19.2321 105 96.4232
19.2321 106 97.3232
19.2155 107 98.2215
19.2155 108 99.1215
19.2155 109 100.022
19.1787 111 101.818
19.1787 112 102.718
19.1787 113 103.618
19.1787 114 104.518
19.0658 123 112.607
19.0658 125 114.407
19.0192 127 116.202
19.0192 128 117.102
19.0192 129 118.002
19.0192 130 118.902
19.0192 132 120.702
19.0192 137 125.202
20.1164 88 81.2116
20.1164 89 82.1116
20.1164 90 83.0116
19.3428 101 92.8343
19.2321 102 93.7232
19.3428 102 93.7343
19.2321 104 95.5232
19.2321 105 96.4232
19.2321 106 97.3232
19.2155 107 98.2215
19.2155 108 99.1215
19.2155 109 100.022
19.1787 111 101.818
19.1787 112 102.718
19.1787 113 103.618
19.0658 122 111.707
19.0658 124 113.507
19.0658 125 114.407
19.0658 126 115.307
19.0192 127 116.202
19.0192 128 117.102
19.0192 129 118.002
19.0192 130 118.902
19.0192 131 119.802
19.0192 136 124.302
19.0192 138 126.102
20.6812 84 77.6681
20.1164 86 79.4116
20.1164 88 81.2116
20.1164 89 82.1116
19.6818 96 88.3682
19.3594 99 91.0359
19.3428 102 93.7343
19.2321 103 94.6232
19.2321 104 95.5232
19.2321 105 96.4232
19.2321 106 97.3232
19.2155 108 99.1215
19.2155 109 100.022
19.1787 111 101.818
19.1787 112 102.718
19.1787 113 103.618
19.1787 114 104.518
19.0658 121 110.807
19.0658 123 112.607
19.0658 124 113.507
19.0658 125 114.407
19.0192 127 116.202
19.0192 128 117.102
20.6812 84 77.6681
20.1164 85 78.5116
20.1164 87 80.3116
20.1164 88 81.2116
20.1164 89 82.1116
20.1164 90 83.0116
19.5804 97 89.258
19.3594 98 90.1359
19.3594 99 91.0359
19.3428 100 91.9343
19.3428 102 93.7343
19.2321 103 94.6232
19.2321 104 95.5232
19.2321 105 96.4232
19.2321 106 97.3232
19.2155 108 99.1215
19.2155 109 100.022
19.1787 111 101.818
19.1787 112 102.718
19.1787 113 103.618
19.1787 114 104.518
19.0658 121 110.807
19.0658 122 111.707
19.0658 123 112.607
19.0658 124 113.507
19.0658 125 114.407
19.0658 126 115.307
19.0192 127 116.202
19.0192 128 117.102
19.0192 131 119.802
20.6812 83 76.7681
20.1164 87 80.3116
20.1164 88 81.2116
20.1164 89 82.1116
20.1164 90 83.0116
19.9891 92 84.7989
19.3594 98 90.1359
19.3594 99 91.0359
19.3428 101 92.8343
19.2321 103 94.6232
19.2321 104 95.5232
19.2321 105 96.4232
19.2321 106 97.3232
19.2155 107 98.2215
19.2155 108 99.1215
19.1787 109 100.018
19.2155 109 100.022
19.1787 111 101.818
19.1787 112 102.718
19.1787 113 103.618
19.1787 114 104.518
19.0658 120 109.907
19.0787 120 109.908
19.0658 122 111.707
19.0658 124 113.507
19.0658 125 114.407
19.0658 126 115.307
19.0192 127 116.202
19.0192 128 117.102
20.6812 84 77.6681
20.1164 86 79.4116
20.1164 87 80.3116
20.1164 88 81.2116
20.1164 89 82.1116
20.1164 90 83.0116
19.3428 100 91.9343
19.3428 101 92.8343
19.3428 102 93.7343
19.2321 103 94.6232
19.2321 104 95.5232
19.2321 105 96.4232
19.2155 106 97.3215
19.2321 106 97.3232
19.2155 108 99.1215
19.2155 109 100.022
19.1787 110 100.918
19.1787 111 101.818
19.1787 112 102.718
19.1787 113 103.618
19.1787 114 104.518
19.0658 121 110.807
19.0658 122 111.707
19.0658 123 112.607
19.0658 124 113.507
19.0658 125 114.407
20.6812 82 75.8681
20.6812 84 77.6681
20.1164 87 80.3116
20.1164 88 81.2116
20.1044 90 83.0104
20.1164 90 83.0116
19.6818 96 88.3682
19.3594 99 91.0359
19.3428 100 91.9343
19.3428 101 92.8343
19.2321 103 94.6232
19.2321 104 95.5232
19.2321 105 96.4232
19.2321 106 97.3232
19.2155 107 98.2215
19.2155 108 99.1215
19.2155 109 100.022
19.1787 110 100.918
19.1787 111 101.818
19.1787 112 102.718
19.1787 114 104.518
19.0658 121 110.807
19.0658 122 111.707
19.0658 123 112.607
19.0658 124 113.507
19.0658 126 115.307
20.6812 83 76.7681
20.6812 84 77.6681
20.1164 86 79.4116
20.1164 87 80.3116
20.1164 88 81.2116
20.1164 89 82.1116
20.1044 90 83.0104
20.1164 90 83.0116
19.9891 91 83.8989
19.5804 96 88.358
19.3594 98 90.1359
19.3594 99 91.0359
19.3428 101 92.8343
19.2321 102 93.7232
19.3428 102 93.7343
19.2321 103 94.6232
19.2321 104 95.5232
19.2321 105 96.4232
19.2155 106 97.3215
19.2155 107 98.2215
19.2155 108 99.1215
19.2155 109 100.022
19.1787 110 100.918
19.1787 111 101.818
19.1787 112 102.718
19.1787 113 103.618
19.1787 114 104.518
19.0658 120 109.907
19.0658 121 110.807
19.0658 122 111.707
19.0658 123 112.607
19.0658 125 114.407
19.0658 126 115.307
20.6812 83 76.7681
20.6812 84 77.6681
20.1164 86 79.4116
20.1164 87 80.3116
20.1164 88 81.2116
20.1164 89 82.1116
20.1164 90 83.0116
19.9891 92 84.7989
19.7077 95 87.4708
19.5804 97 89.258
19.3594 99 91.0359
19.3428 101 92.8343
19.3428 102 93.7343
19.2321 103 94.6232
19.2321 104 95.5232
19.2321 105 96.4232
19.2321 106 97.3232
19.2155 108 99.1215
19.2155 109 100.022
19.1787 110 100.918
19.1787 111 101.818
19.1787 112 102.718
19.1787 113 103.618
19.1787 114 104.518
19.0658 120 109.907
19.0787 120 109.908
19.0658 121 110.807
19.0658 122 111.707
19.0658 124 113.507
19.0658 125 114.407
19.0658 126 115.307
20.6812 83 76.7681
20.6812 84 77.6681
20.1164 85 78.5116
20.1164 86 79.4116
20.1164 87 80.3116
20.1164 88 81.2116
20.1164 90 83.0116
19.9891 92 84.7989
19.6818 95 87.4682
19.5804 97 89.258
19.3594 99 91.0359
19.3428 101 92.8343
19.3428 102 93.7343
19.2321 104 95.5232
19.2321 106 97.3232
19.2155 108 99.1215
19.2155 109 100.022
19.1787 110 100.918
19.1787 112 102.718
19.1787 113 103.618
19.1787 114 104.518
19.0658 121 110.807
19.0658 122 111.707
19.0658 123 112.607
19.0658 125 114.407
19.0658 126 115.307
20.6812 83 76.7681
20.6812 84 77.6681
20.1164 86 79.4116
20.1164 87 80.3116
20.1164 89 82.1116
20.1072 90 83.0107
20.1164 90 83.0116
19.9891 91 83.8989
19.9891 92 84.7989
19.6818 96 88.3682
19.5804 97 89.258
19.3594 99 91.0359
19.3428 101 92.8343
19.3428 102 93.7343
19.2321 103 94.6232
19.2321 104 95.5232
19.2321 105 96.4232
19.2155 106 97.3215
19.2321 106 97.3232
19.2155 107 98.2215
19.2155 108 99.1215
19.2155 109 100.022
19.1787 110 100.918
19.1787 111 101.818
19.1787 112 102.718
19.1787 113 103.618
19.1787 114 104.518
19.0954 115 105.41
19.0658 122 111.707
19.0658 123 112.607
19.0658 124 113.507
19.0658 125 114.407
20.6812 82 75.8681
20.6812 83 76.7681
20.6812 84 77.6681
20.1164 85 78.5116
20.1164 86 79.4116
20.1164 87 80.3116
20.1164 88 81.2116
20.1164 90 83.0116
19.9891 92 84.7989
19.8229 93 85.6823
19.7077 94 86.5708
19.6818 95 87.4682
19.6818 96 88.3682
19.5804 97 89.258
19.3428 99 91.0343
19.3594 99 91.0359
19.3428 101 92.8343
19.3428 102 93.7343
19.2321 103 94.6232
19.2321 104 95.5232
19.2321 105 96.4232
19.2155 106 97.3215
19.2321 106 97.3232
19.2155 107 98.2215
19.2155 108 99.1215
19.1787 110 100.918
19.1787 111 101.818
19.1787 112 102.718
19.1787 113 103.618
19.1787 114 104.518
19.0787 115 105.408
19.0787 119 109.008
19.0658 120 109.907
19.0658 121 110.807
19.0658 122 111.707
20.6812 83 76.7681
20.6812 84 77.6681
20.1164 85 78.5116
20.1164 86 79.4116
20.1164 87 80.3116
20.1164 88 81.2116
20.1164 89 82.1116
20.1164 90 83.0116
19.9891 92 84.7989
19.8229 93 85.6823
19.7077 95 87.4708
19.6818 96 88.3682
19.5804 97 89.258
19.3594 99 91.0359
19.3428 100 91.9343
19.3428 101 92.8343
19.3428 102 93.7343
19.2321 103 94.6232
19.2321 104 95.5232
19.2321 106 97.3232
19.2155 107 98.2215
19.2155 108 99.1215
19.2155 109 100.022
19.1787 110 100.918
19.1787 111 101.818
19.1787 112 102.718
19.1787 113 103.618
19.1787 114 104.518
19.0787 116 106.308
19.0787 119 109.008
19.0658 120 109.907
19.0787 120 109.908
19.0658 121 110.807
19.0658 122 111.707
20.6812 83 76.7681
20.6812 84 77.6681
20.1164 86 79.4116
20.1164 87 80.3116
20.1164 88 81.2116
20.1164 89 82.1116
20.1164 90 83.0116
19.9891 92 84.7989
19.7077 93 85.6708
19.6818 96 88.3682
19.5804 97 89.258
19.3428 99 91.0343
19.3594 99 91.0359
19.3428 100 91.9343
19.3428 101 92.8343
19.3428 102 93.7343
19.2321 103 94.6232
19.2321 104 95.5232
19.2321 105 96.4232
19.2321 106 97.3232
19.2155 107 98.2215
19.2155 108 99.1215
19.2155 109 100.022
19.1787 110 100.918
19.1787 111 101.818
19.1787 112 102.718
19.1787 113 103.618
19.0954 114 104.51
19.0787 116 106.308
19.0787 117 107.208
19.0787 120 109.908
19.0658 121 110.807
19.0658 122 111.707
19.0658 123 112.607
20.6812 83 76.7681
20.1164 84 77.6116
20.6812 84 77.6681
20.1164 86 79.4116
20.1164 87 80.3116
20.1164 88 81.2116
20.1164 89 82.1116
19.9891 90 82.9989
20.1164 90 83.0116
19.8229 92 84.7823
19.9891 92 84.7989
19.7077 94 86.5708
19.7077 95 87.4708
19.5804 96 88.358
19.6818 96 88.3682
19.3594 97 89.2359
19.5804 97 89.258
19.3594 99 91.0359
19.3428 100 91.9343
19.3428 101 92.8343
19.3428 102 93.7343
19.2321 103 94.6232
19.2321 105 96.4232
19.2155 106 97.3215
19.2321 106 97.3232
19.2155 107 98.2215
19.2155 108 99.1215
19.2155 109 100.022
19.1787 110 100.918
19.1787 111 101.818
19.1787 112 102.718
19.1787 113 103.618
19.1787 114 104.518
19.0954 115 105.41
19.0787 116 106.308
19.0787 117 107.208
19.0787 118 108.108
19.0787 120 109.908
19.0658 121 110.807
19.0658 122 111.707
19.0658 126 115.307
