19.9758 142 129.798
19.9758 146 133.398
20.1247 130 119.012
19.9758 140 127.998
19.9758 141 128.898
19.9758 142 129.798
19.9758 145 132.498
19.9758 146 133.398
20.1247 129 118.112
20.1247 130 119.012
19.9758 139 127.098
19.9758 140 127.998
19.9758 141 128.898
19.9758 142 129.798
19.9758 144 131.598
19.9758 145 132.498
19.9758 146 133.398
20.1247 128 117.212
20.1247 129 118.112
20.1247 130 119.012
19.9758 139 127.098
19.9758 140 127.998
19.9758 141 128.898
19.9758 142 129.798
19.9758 143 130.698
19.9758 145 132.498
19.9758 146 133.398
20.168 125 114.517
20.1247 127 116.312
20.1247 128 117.212
20.1247 129 118.112
20.1247 130 119.012
19.9986 135 123.5
19.9758 138 126.198
19.9758 139 127.098
19.9758 140 127.998
19.9758 141 128.898
19.9758 142 129.798
19.9758 143 130.698
19.9758 144 131.598
19.9758 145 132.498
19.9758 146 133.398
19.2671 158 144.127
19.2671 162 147.727
20.308 120 110.031
20.168 121 110.917
20.168 123 112.717
20.168 124 113.617
20.1247 126 115.412
20.1247 127 116.312
20.1247 128 117.212
20.1247 129 118.112
20.1247 130 119.012
19.9986 134 122.6
19.9986 135 123.5
19.9758 137 125.298
19.9758 138 126.198
19.9758 139 127.098
19.9758 140 127.998
19.9758 141 128.898
19.9758 142 129.798
19.9758 144 131.598
19.9758 146 133.398
19.2671 157 143.227
19.2671 158 144.127
21.8962 110 101.19
20.9878 112 102.899
20.4237 116 106.442
20.8429 116 106.484
20.308 118 108.231
20.308 119 109.131
20.168 122 111.817
20.168 123 112.717
20.1247 125 114.512
20.168 125 114.517
20.1247 127 116.312
20.1247 128 117.212
20.1247 129 118.112
20.031 130 119.003
20.0082 131 119.901
20.0023 132 120.8
20.0082 132 120.801
19.9986 133 121.7
20.0023 133 121.7
19.9986 134 122.6
19.9758 135 123.498
19.9795 135 123.498
19.9986 135 123.5
19.9758 136 124.398
19.9758 139 127.098
19.9758 140 127.998
19.9758 142 129.798
19.9758 143 130.698
19.9758 144 131.598
19.9758 145 132.498
19.4363 146 133.344
19.9293 146 133.393
19.9521 146 133.395
19.9758 146 133.398
19.2717 152 138.727
19.2893 152 138.729
19.4363 152 138.744
19.2671 157 143.227
19.2671 161 146.827
