19.1787 118 98.2357
19.1787 117 97.4357
19.1787 119 99.0357
19.1787 116 96.6357
19.1787 118 98.2357
19.1787 119 99.0357
19.1787 120 99.8357
19.1787 115 95.8357
19.1787 116 96.6357
19.1787 117 97.4357
19.1787 118 98.2357
19.1787 119 99.0357
19.1787 120 99.8357
19.1787 115 95.8357
19.1787 116 96.6357
19.1787 117 97.4357
19.1787 118 98.2357
19.1787 119 99.0357
19.1787 120 99.8357
19.1787 114 95.0357
19.1787 115 95.8357
19.1787 116 96.6357
19.1787 117 97.4357
19.1787 118 98.2357
19.1787 119 99.0357
19.1787 120 99.8357
19.2155 110 91.8431
19.1787 113 94.2357
19.1787 114 95.0357
19.1787 115 95.8357
19.1787 116 96.6357
19.1787 117 97.4357
19.1787 118 98.2357
19.1787 119 99.0357
19.1787 120 99.8357
19.1787 114 95.0357
19.1787 115 95.8357
19.1787 116 96.6357
19.1787 117 97.4357
19.1787 118 98.2357
19.1787 119 99.0357
19.1787 120 99.8357
19.1787 112 93.4357
19.1787 113 94.2357
19.1787 115 95.8357
19.1787 116 96.6357
19.1787 117 97.4357
19.1787 118 98.2357
19.1787 119 99.0357
19.1787 120 99.8357
19.3428 103 86.2686
19.2321 107 89.4464
19.1787 114 95.0357
19.1787 115 95.8357
19.1787 116 96.6357
19.1787 117 97.4357
19.1787 118 98.2357
19.1787 119 99.0357
19.1787 120 99.8357
19.3428 103 86.2686
19.2321 107 89.4464
19.1787 111 92.6357
19.1787 113 94.2357
19.1787 114 95.0357
19.1787 115 95.8357
19.1787 116 96.6357
19.1787 117 97.4357
19.1787 118 98.2357
19.1787 119 99.0357
19.1787 120 99.8357
19.3428 103 86.2686
19.2321 106 88.6464
19.1787 111 92.6357
19.1787 112 93.4357
19.1787 113 94.2357
19.1787 114 95.0357
19.1787 115 95.8357
19.1787 116 96.6357
19.1787 117 97.4357
19.1787 118 98.2357
19.1787 119 99.0357
19.9891 97 81.5978
19.2321 106 88.6464
19.2321 107 89.4464
19.2155 110 91.8431
19.1787 112 93.4357
19.1787 113 94.2357
19.1787 114 95.0357
19.1787 115 95.8357
19.1787 116 96.6357
19.1787 117 97.4357
19.1787 118 98.2357
19.1787 119 99.0357
19.3594 102 85.4719
19.2321 107 89.4464
19.1787 112 93.4357
19.1787 113 94.2357
19.1787 114 95.0357
19.1787 116 96.6357
19.1787 117 97.4357
19.1787 118 98.2357
19.1787 119 99.0357
19.1787 120 99.8357
19.9891 96 80.7978
19.6957 98 82.3391
19.3594 101 84.6719
19.3428 102 85.4686
19.2321 107 89.4464
19.2155 110 91.8431
19.1787 112 93.4357
19.1787 113 94.2357
19.1787 114 95.0357
19.1787 115 95.8357
19.1787 116 96.6357
19.1787 117 97.4357
19.1787 118 98.2357
19.1787 119 99.0357
19.1787 120 99.8357
19.9891 96 80.7978
19.9891 97 81.5978
19.6818 98 82.3364
19.3594 101 84.6719
19.3428 102 85.4686
19.3594 102 85.4719
19.3428 103 86.2686
19.2321 105 87.8464
19.2321 107 89.4464
19.2155 109 91.0431
19.1787 110 91.8357
19.2155 110 91.8431
19.1787 112 93.4357
19.1787 113 94.2357
19.1787 115 95.8357
19.1787 116 96.6357
19.1787 117 97.4357
19.1787 118 98.2357
19.1787 119 99.0357
19.1787 120 99.8357
20.1044 93 78.4209
19.9891 96 80.7978
19.9891 97 81.5978
19.3594 101 84.6719
19.3428 102 85.4686
19.3594 102 85.4719
19.3428 103 86.2686
19.2321 104 87.0464
19.2321 106 88.6464
19.2321 107 89.4464
19.2155 110 91.8431
19.1787 111 92.6357
19.1787 112 93.4357
19.1787 113 94.2357
19.1787 114 95.0357
19.1787 116 96.6357
19.1787 117 97.4357
19.1787 118 98.2357
19.1787 119 99.0357
19.1787 120 99.8357
20.6812 88 74.5362
19.9891 95 79.9978
19.9891 96 80.7978
19.9891 97 81.5978
19.3594 100 83.8719
19.3594 101 84.6719
19.3428 102 85.4686
19.3594 102 85.4719
19.3428 103 86.2686
19.2321 104 87.0464
19.2321 105 87.8464
19.2321 106 88.6464
19.2155 110 91.8431
19.1787 111 92.6357
19.1787 112 93.4357
19.1787 113 94.2357
19.1787 114 95.0357
19.1787 115 95.8357
19.1787 116 96.6357
19.1787 117 97.4357
19.1787 118 98.2357
19.1787 119 99.0357
19.1787 120 99.8357
20.6812 88 74.5362
20.1044 92 77.6209
19.9891 94 79.1978
19.9891 95 79.9978
19.9891 96 80.7978
19.9891 97 81.5978
19.3594 101 84.6719
19.3428 102 85.4686
19.3594 102 85.4719
19.3428 103 86.2686
19.2321 105 87.8464
19.2321 106 88.6464
19.2321 107 89.4464
19.2155 108 90.2431
19.1787 110 91.8357
19.2155 110 91.8431
19.1787 111 92.6357
19.1787 112 93.4357
19.1787 113 94.2357
19.1787 114 95.0357
19.1787 115 95.8357
19.1787 116 96.6357
19.1787 117 97.4357
19.1787 118 98.2357
19.1787 119 99.0357
19.1787 120 99.8357
19.0787 124 103.016
19.0192 128 106.204
20.6747 88 74.535
20.1044 93 78.4209
19.9891 95 79.9978
19.9891 96 80.7978
19.6957 97 81.5391
19.9891 97 81.5978
19.3594 101 84.6719
19.3594 102 85.4719
19.3428 103 86.2686
19.2321 106 88.6464
19.2321 107 89.4464
19.2155 108 90.2431
19.2155 109 91.0431
19.1787 111 92.6357
19.1787 112 93.4357
19.1787 113 94.2357
19.1787 114 95.0357
19.1787 115 95.8357
19.1787 116 96.6357
19.1787 117 97.4357
19.1787 118 98.2357
19.1787 119 99.0357
19.1787 120 99.8357
19.0787 123 102.216
19.0658 126 104.613
19.0192 127 105.404
19.0192 129 107.004
19.0192 133 110.204
19.0192 136 112.604
20.6812 87 73.7362
20.1044 91 76.8209
20.1044 93 78.4209
19.9891 95 79.9978
19.9891 96 80.7978
19.9891 97 81.5978
19.6957 98 82.3391
19.3594 99 83.0719
19.3594 100 83.8719
19.3594 101 84.6719
19.3428 102 85.4686
19.3594 102 85.4719
19.3428 103 86.2686
19.2321 104 87.0464
19.2321 105 87.8464
19.2321 106 88.6464
19.2321 107 89.4464
19.2155 109 91.0431
19.1787 110 91.8357
19.2155 110 91.8431
19.1787 111 92.6357
19.1787 112 93.4357
19.1787 113 94.2357
19.1787 114 95.0357
19.1787 115 95.8357
19.1787 116 96.6357
19.1787 118 98.2357
19.1787 119 99.0357
19.1787 120 99.8357
19.0787 124 103.016
19.0658 125 103.813
19.0192 126 104.604
19.0192 128 106.204
19.0192 129 107.004
19.0192 132 109.404
19.0192 136 112.604
20.6812 86 72.9362
20.6812 87 73.7362
20.1164 88 74.4233
20.6747 88 74.535
20.6812 88 74.5362
20.1044 91 76.8209
20.1044 92 77.6209
19.9891 93 78.3978
20.1044 93 78.4209
19.9891 95 79.9978
19.9891 96 80.7978
19.9891 97 81.5978
19.5804 99 83.1161
19.3594 100 83.8719
19.3594 101 84.6719
19.2321 103 86.2464
19.3428 103 86.2686
19.2321 105 87.8464
19.2321 107 89.4464
19.2155 108 90.2431
19.2155 109 91.0431
19.1787 111 92.6357
19.1787 112 93.4357
19.1787 113 94.2357
19.1787 114 95.0357
19.1787 115 95.8357
19.1787 116 96.6357
19.1787 117 97.4357
19.1787 118 98.2357
19.1787 119 99.0357
19.1725 120 99.8345
19.1787 120 99.8357
19.0787 122 101.416
19.0787 124 103.016
19.0658 126 104.613
19.0192 127 105.404
19.0192 128 106.204
19.0192 129 107.004
19.0192 131 108.604
19.0192 133 110.204
19.0192 135 111.804
20.6812 87 73.7362
20.6812 88 74.5362
20.1164 89 75.2233
20.1044 92 77.6209
19.9891 93 78.3978
20.1044 93 78.4209
19.9891 94 79.1978
19.9891 95 79.9978
19.9891 96 80.7978
19.6957 97 81.5391
19.9891 97 81.5978
19.5804 98 82.3161
19.6957 98 82.3391
19.3594 99 83.0719
19.5804 99 83.1161
19.3594 100 83.8719
19.3594 101 84.6719
19.3428 103 86.2686
19.2321 104 87.0464
19.2321 105 87.8464
19.2321 106 88.6464
19.2155 107 89.4431
19.2321 107 89.4464
19.2155 109 91.0431
19.2155 110 91.8431
19.1787 111 92.6357
19.1787 112 93.4357
19.1787 114 95.0357
19.1787 115 95.8357
19.1787 116 96.6357
19.1787 117 97.4357
19.1787 118 98.2357
19.1787 119 99.0357
19.0954 120 99.8191
19.1787 120 99.8357
19.0787 121 100.616
19.0787 122 101.416
19.0787 123 102.216
19.0658 124 103.013
19.0787 124 103.016
19.0658 125 103.813
19.0192 127 105.404
19.0192 128 106.204
19.0192 129 107.004
19.0192 134 111.004
19.0192 135 111.804
19.0192 136 112.604
