20.1247 133 99.1374
19.9758 142 105.393
19.9758 146 108.193
20.1247 130 97.0374
20.1247 132 98.4374
20.1247 133 99.1374
19.9758 140 103.993
19.9758 141 104.693
19.9758 142 105.393
19.9758 145 107.493
19.9758 146 108.193
19.9758 147 108.893
21.693 122 91.9079
20.2647 125 93.5794
20.1247 129 96.3374
20.1247 130 97.0374
20.1247 131 97.7374
20.1247 132 98.4374
20.1247 133 99.1374
19.9795 138 102.594
19.9758 139 103.293
19.9758 140 103.993
19.9758 141 104.693
19.9758 142 105.393
19.9758 144 106.793
19.9758 145 107.493
19.9758 146 108.193
19.9758 147 108.893
21.7704 117 88.4311
21.693 121 91.2079
21.693 122 91.9079
20.8023 123 92.3407
20.2647 124 92.8794
20.2647 125 93.5794
20.168 126 94.2504
20.1247 128 95.6374
20.1247 129 96.3374
20.1247 130 97.0374
20.1247 131 97.7374
20.1247 132 98.4374
20.1247 133 99.1374
19.9986 136 101.2
19.9795 137 101.894
19.9795 138 102.594
19.9758 139 103.293
19.9758 140 103.993
19.9758 141 104.693
19.9758 142 105.393
19.9758 143 106.093
19.9758 145 107.493
19.9758 146 108.193
19.9758 147 108.893
19.9293 148 109.579
21.7704 116 87.7311
21.7969 116 87.7391
21.8188 116 87.7456
21.8504 116 87.7551
21.7169 117 88.4151
21.693 120 90.5079
21.693 121 91.2079
20.8023 122 91.6407
21.693 122 91.9079
20.2647 123 92.1794
20.5584 123 92.2675
20.8023 123 92.3407
20.2647 124 92.8794
20.168 125 93.5504
20.2647 125 93.5794
20.1247 127 94.9374
20.1247 128 95.6374
20.1247 129 96.3374
20.1247 130 97.0374
20.1247 131 97.7374
20.1247 132 98.4374
20.0082 133 99.1025
20.1143 133 99.1343
20.118 133 99.1354
20.1247 133 99.1374
19.9986 135 100.5
19.9795 136 101.194
19.9986 136 101.2
19.9795 137 101.894
19.9758 138 102.593
19.9795 138 102.594
19.9758 139 103.293
19.9758 140 103.993
19.9758 141 104.693
19.9758 142 105.393
19.9758 143 106.093
19.9758 144 106.793
19.9758 145 107.493
19.9758 146 108.193
19.9293 147 108.879
19.9758 147 108.893
19.2671 158 116.38
19.2671 162 119.18
