19.9758 142 129.798
19.9758 146 133.398
20.1247 130 119.012
19.9758 140 127.998
19.9758 141 128.898
19.9758 142 129.798
19.9758 145 132.498
19.9758 146 133.398
19.9758 147 134.298
20.1247 129 118.112
20.1247 130 119.012
20.1247 131 119.912
19.9758 139 127.098
19.9758 140 127.998
19.9758 141 128.898
19.9758 142 129.798
19.9758 144 131.598
19.9758 145 132.498
19.9758 146 133.398
19.9758 147 134.298
20.168 126 115.417
20.1247 128 117.212
20.1247 129 118.112
20.1247 130 119.012
20.1247 131 119.912
19.9986 136 124.4
19.9795 137 125.298
19.9758 139 127.098
19.9758 140 127.998
19.9758 141 128.898
19.9758 142 129.798
19.9758 143 130.698
19.9758 145 132.498
19.9758 146 133.398
19.9758 147 134.298
19.9293 148 135.193
21.7704 116 106.577
21.7169 117 107.472
20.168 125 114.517
20.1247 127 116.312
20.1247 128 117.212
20.1247 129 118.112
20.1247 130 119.012
20.1247 131 119.912
20.0082 133 121.701
20.1143 133 121.711
19.9986 135 123.5
19.9795 136 124.398
19.9986 136 124.4
19.9795 137 125.298
19.9758 138 126.198
19.9758 139 127.098
19.9758 140 127.998
19.9758 141 128.898
19.9758 142 129.798
19.9758 143 130.698
19.9758 144 131.598
19.9758 145 132.498
19.9758 146 133.398
19.9293 147 134.293
19.9758 147 134.298
19.2671 158 144.127
19.2671 162 147.727
21.7704 115 105.677
21.7969 115 105.68
21.8188 115 105.682
21.8504 115 105.685
21.7169 116 106.572
21.7704 116 106.577
20.8429 117 107.384
20.308 120 110.031
20.4237 120 110.042
20.168 121 110.917
20.168 123 112.717
20.168 124 113.617
20.1247 126 115.412
20.168 126 115.417
20.1247 127 116.312
20.1247 128 117.212
20.1247 129 118.112
20.1247 130 119.012
20.118 131 119.912
20.1247 131 119.912
20.1143 132 120.811
20.118 132 120.812
20.0896 133 121.709
19.9986 134 122.6
20.0082 134 122.601
19.9986 135 123.5
19.9795 136 124.398
19.9758 137 125.298
19.9795 137 125.298
19.9758 138 126.198
19.9758 139 127.098
19.9758 140 127.998
19.9758 141 128.898
19.9758 142 129.798
19.9758 144 131.598
19.9758 146 133.398
19.9758 147 134.298
19.9293 148 135.193
19.9293 149 136.093
19.4363 153 139.644
19.2671 157 143.227
19.2893 157 143.229
19.2671 158 144.127
