20.308 118 69.154
20.0023 134 77.0011
19.2671 158 88.6335
19.2671 162 90.6335
20.308 117 68.654
20.308 118 69.154
20.168 121 70.584
20.168 122 71.084
20.168 123 71.584
20.0023 133 76.5011
19.9986 134 76.9993
19.2671 153 86.1335
19.2671 157 88.1335
19.2671 158 88.6335
19.2671 161 90.1335
19.2671 162 90.6335
19.2671 163 91.1335
19.2196 165 92.1098
20.308 116 68.154
20.308 117 68.654
20.308 118 69.154
20.168 120 70.084
20.168 121 70.584
20.168 122 71.084
20.1247 125 72.5624
20.031 129 74.5155
20.0082 130 75.0041
20.0023 132 76.0011
20.0023 133 76.5011
19.9986 134 76.9993
20.0023 134 77.0011
19.9758 136 77.9879
19.2717 145 82.1359
19.2671 146 82.6335
19.2671 152 85.6335
19.2671 157 88.1335
19.2671 158 88.6335
19.2671 160 89.6335
19.2671 161 90.1335
19.2671 162 90.6335
21.8962 109 65.4481
21.7944 110 65.8972
20.308 115 67.654
20.308 117 68.654
20.308 118 69.154
20.168 119 69.584
20.168 121 70.584
20.168 122 71.084
20.1247 124 72.0624
20.1247 125 72.5624
20.031 128 74.0155
20.0082 129 74.5041
20.031 129 74.5155
20.0082 130 75.0041
20.0023 131 75.5011
20.0023 132 76.0011
20.0023 133 76.5011
19.9758 134 76.9879
19.9795 134 76.9897
19.9986 134 76.9993
20.0023 134 77.0011
19.9758 135 77.4879
19.9758 136 77.9879
19.2717 144 81.6359
19.2671 145 82.1335
19.2671 151 85.1335
19.2671 153 86.1335
19.2671 154 86.6335
21.9202 105 63.4601
21.8962 108 64.9481
21.9041 108 64.9521
20.5637 110 65.2818
21.7944 109 65.3972
21.8962 109 65.4481
21.7944 110 65.8972
20.5637 112 66.2818
20.5637 113 66.7818
20.308 114 67.154
20.5637 114 67.2818
20.308 115 67.654
20.308 116 68.154
20.308 117 68.654
20.168 118 69.084
20.308 118 69.154
20.168 119 69.584
20.168 120 70.084
20.168 121 70.584
20.168 122 71.084
20.1247 123 71.5624
20.168 123 71.584
20.1221 125 72.561
20.1247 125 72.5624
20.031 127 73.5155
20.0993 127 73.5496
20.031 128 74.0155
20.0023 130 75.0011
20.0082 130 75.0041
20.0023 131 75.5011
20.0023 132 76.0011
20.0023 133 76.5011
19.9758 134 76.9879
20.0023 134 77.0011
19.9758 135 77.4879
19.7027 136 77.8513
19.9758 136 77.9879
19.3106 138 78.6553
19.294 139 79.147
19.2717 140 79.6359
19.2717 143 81.1359
19.2717 144 81.6359
19.2671 145 82.1335
19.2671 146 82.6335
19.2671 150 84.6335
19.2671 152 85.6335
19.2671 153 86.1335
