19.9758 142 93.1903
19.9758 146 95.5903
20.1247 130 86.0499
19.9758 140 91.9903
19.9758 141 92.5903
19.9758 142 93.1903
19.9758 145 94.9903
19.9758 146 95.5903
19.9758 147 96.1903
20.1247 129 85.4499
20.1247 130 86.0499
20.1247 131 86.6499
19.9758 139 91.3903
19.9758 140 91.9903
19.9758 141 92.5903
19.9758 142 93.1903
19.9758 144 94.3903
19.9758 145 94.9903
19.9758 146 95.5903
19.9758 147 96.1903
20.168 126 83.6672
20.1247 128 84.8499
20.1247 129 85.4499
20.1247 130 86.0499
20.1247 131 86.6499
19.9986 136 89.5994
19.9795 137 90.1918
19.9758 139 91.3903
19.9758 140 91.9903
19.9758 141 92.5903
19.9758 142 93.1903
19.9758 143 93.7903
19.9758 145 94.9903
19.9758 146 95.5903
19.9758 147 96.1903
19.9293 148 96.7717
21.7704 116 78.3082
21.7169 117 78.8868
20.168 125 83.0672
20.1247 127 84.2499
20.1247 128 84.8499
20.1247 129 85.4499
20.1247 130 86.0499
20.1247 131 86.6499
20.0082 133 87.8033
20.1143 133 87.8457
19.9986 135 88.9994
19.9795 136 89.5918
19.9986 136 89.5994
19.9795 137 90.1918
19.9758 138 90.7903
19.9758 139 91.3903
19.9758 140 91.9903
19.9758 141 92.5903
19.9758 142 93.1903
19.9758 143 93.7903
19.9758 144 94.3903
19.9758 145 94.9903
19.9758 146 95.5903
19.9293 147 96.1717
19.9758 147 96.1903
19.2671 158 102.507
19.2671 162 104.907
21.7704 115 77.7082
21.7969 115 77.7188
21.8188 115 77.7275
21.8504 115 77.7401
21.7169 116 78.2868
21.7704 116 78.3082
20.8429 117 78.5372
20.308 120 80.1232
20.4237 120 80.1695
20.168 121 80.6672
20.168 123 81.8672
20.168 124 82.4672
20.1247 126 83.6499
20.168 126 83.6672
20.1247 127 84.2499
20.1247 128 84.8499
20.1247 129 85.4499
20.1247 130 86.0499
20.118 131 86.6472
20.1247 131 86.6499
20.1143 132 87.2457
20.118 132 87.2472
20.0896 133 87.8359
19.9986 134 88.3994
20.0082 134 88.4033
19.9986 135 88.9994
19.9795 136 89.5918
19.9758 137 90.1903
19.9795 137 90.1918
19.9758 138 90.7903
19.9758 139 91.3903
19.9758 140 91.9903
19.9758 141 92.5903
19.9758 142 93.1903
19.9758 144 94.3903
19.9758 146 95.5903
19.9758 147 96.1903
19.9293 148 96.7717
19.9293 149 97.3717
19.4363 153 99.5745
19.2671 157 101.907
19.2893 157 101.916
19.2671 158 102.507
