19.9755 113 47.8829
19.9755 112 47.5829
19.9755 114 48.1829
19.9755 111 47.2829
19.9755 112 47.5829
19.9755 114 48.1829
19.9755 115 48.4829
19.9755 118 49.3829
19.9755 120 49.9829
19.9755 121 50.2829
19.9755 111 47.2829
19.9755 112 47.5829
19.9755 113 47.8829
19.9755 114 48.1829
19.9755 115 48.4829
19.9755 116 48.7829
19.9755 117 49.0829
19.9755 118 49.3829
19.9755 119 49.6829
19.9755 120 49.9829
19.9755 122 50.5829
19.9755 127 52.0829
19.9755 111 47.2829
19.9755 112 47.5829
19.9755 113 47.8829
19.9755 114 48.1829
19.9755 115 48.4829
19.9755 116 48.7829
19.9755 118 49.3829
19.9755 119 49.6829
19.9755 120 49.9829
19.9755 121 50.2829
19.9755 122 50.5829
19.9755 123 50.8829
19.9755 110 46.9829
19.9755 111 47.2829
19.9755 112 47.5829
19.9755 113 47.8829
19.9755 114 48.1829
19.9755 115 48.4829
19.9755 116 48.7829
19.9755 117 49.0829
19.9755 118 49.3829
19.9755 119 49.6829
19.9755 120 49.9829
19.9755 121 50.2829
19.9755 126 51.7829
19.9755 109 46.6829
19.9755 110 46.9829
19.9755 112 47.5829
19.9755 113 47.8829
19.9755 114 48.1829
19.9755 115 48.4829
19.9755 116 48.7829
19.9755 117 49.0829
19.9755 119 49.6829
19.9755 120 49.9829
19.9755 121 50.2829
19.9755 122 50.5829
19.9755 124 51.1829
19.9755 126 51.7829
19.9755 127 52.0829
19.9755 128 52.3829
19.9755 131 53.2829
19.9755 108 46.3829
19.9755 109 46.6829
19.9755 110 46.9829
19.9755 111 47.2829
19.9755 112 47.5829
19.9755 113 47.8829
19.9755 115 48.4829
19.9755 116 48.7829
19.9755 118 49.3829
19.9755 119 49.6829
19.9755 120 49.9829
19.9755 121 50.2829
19.9755 122 50.5829
19.9755 123 50.8829
19.9755 124 51.1829
19.9755 125 51.4829
19.9755 126 51.7829
19.9755 130 52.9829
19.9755 132 53.5829
19.7341 135 54.3139
19.5674 139 55.3972
19.9755 107 46.0829
19.9755 109 46.6829
19.9755 110 46.9829
19.9755 111 47.2829
19.9755 112 47.5829
19.9755 113 47.8829
19.9755 114 48.1829
19.9755 116 48.7829
19.9755 117 49.0829
19.9755 118 49.3829
19.9755 119 49.6829
19.9755 120 49.9829
19.9755 122 50.5829
19.9755 123 50.8829
19.9755 124 51.1829
19.9755 125 51.4829
19.9755 127 52.0829
19.9755 129 52.6829
19.9755 130 52.9829
19.9755 131 53.2829
19.9755 132 53.5829
19.7341 134 54.0139
19.9755 106 45.7829
19.9755 108 46.3829
19.9755 109 46.6829
19.9755 110 46.9829
19.9755 111 47.2829
19.9755 112 47.5829
19.9755 113 47.8829
19.9755 115 48.4829
19.9755 116 48.7829
19.9755 117 49.0829
19.9755 118 49.3829
19.9755 119 49.6829
19.9755 120 49.9829
19.9755 121 50.2829
19.9755 122 50.5829
19.9755 123 50.8829
19.9755 124 51.1829
19.9755 125 51.4829
19.9755 126 51.7829
19.9755 127 52.0829
19.9755 130 52.9829
19.9755 131 53.2829
19.9755 107 46.0829
19.9755 108 46.3829
19.9755 109 46.6829
19.9755 110 46.9829
19.9755 111 47.2829
19.9755 112 47.5829
19.9755 113 47.8829
19.9755 114 48.1829
19.9755 115 48.4829
19.9755 116 48.7829
19.9755 117 49.0829
19.9755 118 49.3829
19.9755 119 49.6829
19.9755 120 49.9829
19.9755 121 50.2829
19.9755 122 50.5829
19.9755 123 50.8829
19.9755 124 51.1829
19.9755 125 51.4829
19.9755 126 51.7829
19.9755 127 52.0829
19.9755 128 52.3829
19.9755 130 52.9829
19.9755 131 53.2829
19.9755 132 53.5829
19.9755 134 54.1829
19.9755 106 45.7829
19.9755 107 46.0829
19.9755 108 46.3829
19.9755 109 46.6829
19.9755 110 46.9829
19.9755 111 47.2829
19.9755 112 47.5829
19.9755 113 47.8829
19.9755 114 48.1829
19.9755 115 48.4829
19.9755 116 48.7829
19.9755 117 49.0829
19.9755 118 49.3829
19.9755 119 49.6829
19.9755 120 49.9829
19.9755 121 50.2829
19.9755 122 50.5829
19.9755 123 50.8829
19.9755 124 51.1829
19.9755 125 51.4829
19.9755 126 51.7829
19.9755 127 52.0829
19.9755 130 52.9829
19.9755 131 53.2829
19.9755 107 46.0829
19.9755 108 46.3829
19.9755 109 46.6829
19.9755 110 46.9829
19.9755 111 47.2829
19.9755 112 47.5829
19.9755 113 47.8829
19.9755 114 48.1829
19.9755 115 48.4829
19.9755 116 48.7829
19.9755 117 49.0829
19.9755 118 49.3829
19.9755 119 49.6829
19.9755 120 49.9829
19.9755 121 50.2829
19.9755 122 50.5829
19.9755 123 50.8829
19.9755 124 51.1829
19.9755 126 51.7829
19.9755 127 52.0829
19.9755 128 52.3829
19.9755 129 52.6829
19.9755 105 45.4829
19.9755 107 46.0829
19.9755 108 46.3829
19.9755 109 46.6829
19.9755 110 46.9829
19.9755 111 47.2829
19.9755 112 47.5829
19.9755 113 47.8829
19.9755 114 48.1829
19.9755 115 48.4829
19.9755 117 49.0829
19.9755 118 49.3829
19.9755 120 49.9829
19.9755 121 50.2829
19.9755 122 50.5829
19.9755 123 50.8829
19.9755 104 45.1829
19.9755 106 45.7829
19.9755 107 46.0829
19.9755 108 46.3829
19.9755 109 46.6829
19.9755 110 46.9829
19.9755 111 47.2829
19.9755 112 47.5829
19.9755 113 47.8829
19.9755 115 48.4829
19.9755 116 48.7829
19.9755 117 49.0829
19.9755 118 49.3829
19.9755 119 49.6829
19.9755 120 49.9829
19.9755 121 50.2829
19.9755 123 50.8829
19.9755 124 51.1829
19.9755 125 51.4829
19.9755 130 52.9829
19.9755 104 45.1829
19.9755 105 45.4829
19.9755 106 45.7829
19.9755 107 46.0829
19.9755 109 46.6829
19.9755 110 46.9829
19.9755 111 47.2829
19.9755 112 47.5829
19.9755 113 47.8829
19.9755 115 48.4829
19.9755 116 48.7829
19.9755 118 49.3829
19.9755 119 49.6829
19.9755 120 49.9829
19.9755 121 50.2829
19.9755 122 50.5829
19.9755 123 50.8829
19.9755 124 51.1829
19.9755 125 51.4829
19.9755 126 51.7829
19.9755 131 53.2829
19.9755 132 53.5829
20.0302 96 42.8211
19.9755 103 44.8829
19.9755 104 45.1829
19.9755 105 45.4829
19.9755 106 45.7829
19.9755 107 46.0829
19.9755 108 46.3829
19.9755 109 46.6829
19.9755 110 46.9829
19.9755 111 47.2829
19.9755 112 47.5829
19.9755 113 47.8829
19.9755 114 48.1829
19.9755 115 48.4829
19.9755 116 48.7829
19.9755 117 49.0829
19.9755 118 49.3829
19.9755 119 49.6829
19.9755 120 49.9829
19.9755 121 50.2829
19.9755 122 50.5829
19.9755 123 50.8829
19.9755 124 51.1829
19.9755 125 51.4829
19.9755 127 52.0829
19.9755 102 44.5829
19.9755 104 45.1829
19.9755 105 45.4829
19.9755 106 45.7829
19.9755 107 46.0829
19.9755 108 46.3829
19.9755 109 46.6829
19.9755 110 46.9829
19.9755 111 47.2829
19.9755 112 47.5829
19.9755 113 47.8829
19.9755 114 48.1829
19.9755 115 48.4829
19.9755 116 48.7829
19.9755 117 49.0829
19.9755 118 49.3829
19.9755 119 49.6829
19.9755 120 49.9829
19.9755 122 50.5829
19.9755 123 50.8829
19.9755 124 51.1829
19.9755 126 51.7829
19.9755 127 52.0829
19.9755 129 52.6829
19.9755 131 53.2829
20.4656 88 40.7259
20.0302 95 42.5211
20.0302 96 42.8211
19.9755 103 44.8829
19.9755 104 45.1829
19.9755 105 45.4829
19.9755 107 46.0829
19.9755 108 46.3829
19.9755 109 46.6829
19.9755 110 46.9829
19.9755 111 47.2829
19.9755 112 47.5829
19.9755 113 47.8829
19.9755 115 48.4829
19.9755 116 48.7829
19.9755 117 49.0829
19.9755 118 49.3829
19.9755 119 49.6829
19.9755 120 49.9829
19.9755 121 50.2829
19.9755 122 50.5829
19.9755 124 51.1829
19.9755 125 51.4829
19.9755 127 52.0829
20.0302 95 42.5211
20.0302 96 42.8211
19.9755 103 44.8829
19.9755 104 45.1829
19.9755 106 45.7829
19.9755 107 46.0829
19.9755 108 46.3829
19.9755 109 46.6829
19.9755 110 46.9829
19.9755 111 47.2829
19.9755 112 47.5829
19.9755 113 47.8829
19.9755 114 48.1829
19.9755 115 48.4829
19.9755 116 48.7829
19.9755 117 49.0829
19.9755 118 49.3829
19.9755 119 49.6829
19.9755 120 49.9829
19.9755 121 50.2829
19.9755 122 50.5829
19.9755 124 51.1829
19.9755 125 51.4829
20.7385 75 37.0169
20.0302 96 42.8211
19.9755 103 44.8829
19.9755 104 45.1829
19.9755 105 45.4829
19.9755 106 45.7829
19.9755 108 46.3829
19.9755 110 46.9829
19.9755 111 47.2829
19.9755 112 47.5829
19.9755 113 47.8829
19.9755 114 48.1829
19.9755 115 48.4829
19.9755 116 48.7829
19.9755 117 49.0829
19.9755 118 49.3829
19.9755 119 49.6829
19.9755 121 50.2829
19.9755 122 50.5829
19.9755 125 51.4829
19.9755 130 52.9829
20.7385 74 36.7169
20.3557 91 41.549
20.0302 96 42.8211
19.9755 103 44.8829
19.9755 104 45.1829
19.9755 105 45.4829
19.9755 106 45.7829
19.9755 107 46.0829
19.9755 108 46.3829
19.9755 109 46.6829
19.9755 110 46.9829
19.9755 111 47.2829
19.9755 112 47.5829
19.9755 113 47.8829
19.9755 114 48.1829
19.9755 115 48.4829
19.9755 116 48.7829
19.9755 117 49.0829
19.9755 118 49.3829
19.9755 119 49.6829
19.9755 121 50.2829
19.9755 122 50.5829
19.9755 125 51.4829
20.7385 73 36.4169
20.7385 75 37.0169
20.3557 91 41.549
20.0302 95 42.5211
20.0302 96 42.8211
19.9755 98 43.3829
19.9755 103 44.8829
19.9755 104 45.1829
19.9755 105 45.4829
19.9755 106 45.7829
19.9755 107 46.0829
19.9755 108 46.3829
19.9755 109 46.6829
19.9755 110 46.9829
19.9755 111 47.2829
19.9755 112 47.5829
19.9755 113 47.8829
19.9755 114 48.1829
19.9755 116 48.7829
19.9755 117 49.0829
19.9755 118 49.3829
19.9755 119 49.6829
19.9755 120 49.9829
19.9755 121 50.2829
19.9755 122 50.5829
19.9755 124 51.1829
19.9755 128 52.3829
20.7385 72 36.1169
20.7385 74 36.7169
20.7385 75 37.0169
20.4656 88 40.7259
20.3557 90 41.249
20.1374 93 41.9962
20.0302 94 42.2211
20.0302 96 42.8211
19.9755 97 43.0829
19.9755 99 43.6829
19.9755 102 44.5829
19.9755 103 44.8829
19.9755 104 45.1829
19.9755 105 45.4829
19.9755 106 45.7829
19.9755 108 46.3829
19.9755 109 46.6829
19.9755 110 46.9829
19.9755 112 47.5829
19.9755 113 47.8829
19.9755 114 48.1829
19.9755 115 48.4829
19.9755 116 48.7829
19.9755 117 49.0829
19.9755 118 49.3829
19.9755 121 50.2829
19.9755 122 50.5829
19.9755 125 51.4829
19.9755 129 52.6829
20.7385 72 36.1169
20.7385 73 36.4169
20.7385 74 36.7169
20.4656 87 40.4259
20.3557 90 41.249
20.3557 91 41.549
20.0302 95 42.5211
20.0302 96 42.8211
19.9755 97 43.0829
19.9755 98 43.3829
19.9755 99 43.6829
19.9755 102 44.5829
19.9755 103 44.8829
19.9755 104 45.1829
19.9755 105 45.4829
19.9755 106 45.7829
19.9755 108 46.3829
19.9755 109 46.6829
19.9755 110 46.9829
19.9755 111 47.2829
19.9755 112 47.5829
19.9755 113 47.8829
19.9755 114 48.1829
19.9755 116 48.7829
19.9755 117 49.0829
19.9755 118 49.3829
19.9755 119 49.6829
19.9755 120 49.9829
19.9755 121 50.2829
19.9755 122 50.5829
19.9755 123 50.8829
19.9755 124 51.1829
19.9755 126 51.7829
19.9755 129 52.6829
19.9755 132 53.5829
20.8057 70 35.564
20.8057 71 35.864
20.7385 73 36.4169
20.7385 74 36.7169
20.4656 87 40.4259
20.4614 88 40.723
20.4656 88 40.7259
20.3557 89 40.949
20.3557 90 41.249
20.3557 91 41.549
20.1374 93 41.9962
20.0302 95 42.5211
20.0302 96 42.8211
19.9755 98 43.3829
19.9755 99 43.6829
19.9755 100 43.9829
19.9755 103 44.8829
19.9755 104 45.1829
19.9755 105 45.4829
19.9755 106 45.7829
19.9755 107 46.0829
19.9755 108 46.3829
19.9755 109 46.6829
19.9755 110 46.9829
19.9755 111 47.2829
19.9755 112 47.5829
19.9755 113 47.8829
19.9755 114 48.1829
19.9755 115 48.4829
19.9755 116 48.7829
19.9755 117 49.0829
19.9755 118 49.3829
19.9755 119 49.6829
19.9755 120 49.9829
19.9755 121 50.2829
19.9755 123 50.8829
19.9755 124 51.1829
19.9755 125 51.4829
19.9755 126 51.7829
20.8057 71 35.864
20.7385 72 36.1169
20.7385 73 36.4169
20.7385 74 36.7169
20.7385 75 37.0169
20.5507 78 37.7855
20.4656 88 40.7259
20.3557 90 41.249
20.1693 91 41.4185
20.3557 91 41.549
20.0302 95 42.5211
20.0302 96 42.8211
19.9755 98 43.3829
19.9755 99 43.6829
19.9755 100 43.9829
19.9755 101 44.2829
19.9755 103 44.8829
19.9755 104 45.1829
19.9755 105 45.4829
19.9755 106 45.7829
19.9755 107 46.0829
19.9755 108 46.3829
19.9755 109 46.6829
19.9755 111 47.2829
19.9755 112 47.5829
19.9755 113 47.8829
19.9755 114 48.1829
19.9755 115 48.4829
19.9755 116 48.7829
19.9755 117 49.0829
19.9755 118 49.3829
19.9755 119 49.6829
19.9755 120 49.9829
19.9755 121 50.2829
19.9755 122 50.5829
19.9755 123 50.8829
19.9755 124 51.1829
20.8057 70 35.564
20.7385 71 35.8169
20.8057 71 35.864
20.7385 73 36.4169
20.7385 74 36.7169
20.7385 75 37.0169
20.5507 77 37.4855
20.5507 79 38.0855
20.5507 84 39.5855
20.4656 88 40.7259
20.3557 90 41.249
20.1693 91 41.4185
20.3557 91 41.549
20.1374 92 41.6962
20.1374 93 41.9962
20.0302 94 42.2211
20.0302 95 42.5211
20.0302 96 42.8211
19.9755 98 43.3829
19.9755 99 43.6829
19.9755 100 43.9829
19.9755 101 44.2829
19.9755 102 44.5829
19.9755 103 44.8829
19.9755 104 45.1829
19.9755 105 45.4829
19.9755 106 45.7829
19.9755 107 46.0829
19.9755 108 46.3829
19.9755 109 46.6829
19.9755 110 46.9829
19.9755 111 47.2829
19.9755 112 47.5829
19.9755 113 47.8829
19.9755 114 48.1829
19.9755 115 48.4829
19.9755 116 48.7829
19.9755 117 49.0829
19.9755 118 49.3829
19.9755 121 50.2829
20.8057 71 35.864
20.7385 72 36.1169
20.7385 73 36.4169
20.7385 75 37.0169
20.6179 76 37.2325
20.5507 78 37.7855
20.5507 79 38.0855
20.5507 80 38.3855
20.5507 83 39.2855
20.5507 85 39.8855
20.3557 88 40.649
20.4656 88 40.7259
20.3557 90 41.249
20.1693 91 41.4185
20.3557 91 41.549
20.1374 92 41.6962
20.0302 93 41.9211
20.1374 93 41.9962
20.0302 94 42.2211
20.0302 95 42.5211
19.9755 96 42.7829
20.0302 96 42.8211
19.9755 97 43.0829
19.9755 98 43.3829
19.9755 100 43.9829
19.9755 101 44.2829
19.9755 102 44.5829
19.9755 103 44.8829
19.9755 104 45.1829
19.9755 105 45.4829
19.9755 106 45.7829
19.9755 107 46.0829
19.9755 108 46.3829
19.9755 109 46.6829
19.9755 110 46.9829
19.9755 111 47.2829
19.9755 112 47.5829
19.9755 113 47.8829
19.9755 114 48.1829
19.9755 115 48.4829
19.9755 116 48.7829
19.9755 117 49.0829
19.9755 118 49.3829
19.9755 120 49.9829
19.9755 122 50.5829
20.8057 70 35.564
20.8057 71 35.864
20.7385 72 36.1169
20.7385 73 36.4169
20.7385 74 36.7169
20.6179 75 36.9325
20.7385 75 37.0169
20.5507 76 37.1855
20.5507 77 37.4855
20.5507 78 37.7855
20.5507 79 38.0855
20.5507 80 38.3855
20.5507 84 39.5855
20.5507 85 39.8855
20.4656 88 40.7259
20.3557 89 40.949
20.3557 90 41.249
20.3557 91 41.549
20.1374 92 41.6962
20.0302 94 42.2211
20.0302 95 42.5211
20.0302 96 42.8211
19.9755 97 43.0829
19.9755 98 43.3829
19.9755 99 43.6829
19.9755 100 43.9829
19.9755 101 44.2829
19.9755 102 44.5829
19.9755 103 44.8829
19.9755 104 45.1829
19.9755 105 45.4829
19.9755 107 46.0829
19.9755 108 46.3829
19.9755 110 46.9829
19.9755 111 47.2829
19.9755 112 47.5829
19.9755 113 47.8829
19.9755 114 48.1829
19.9755 115 48.4829
19.9755 116 48.7829
19.9755 118 49.3829
19.9755 119 49.6829
19.9755 120 49.9829
19.9755 121 50.2829
19.9755 123 50.8829
19.9755 126 51.7829
19.3787 160 61.5651
20.8057 69 35.264
20.8057 70 35.564
20.8057 71 35.864
20.7385 72 36.1169
20.7385 73 36.4169
20.7385 74 36.7169
20.7385 75 37.0169
20.6179 76 37.2325
20.5507 77 37.4855
20.5507 78 37.7855
20.5507 79 38.0855
20.5507 80 38.3855
20.5507 81 38.6855
20.5507 84 39.5855
20.5507 85 39.8855
20.4656 86 40.1259
20.5507 86 40.1855
20.4656 87 40.4259
20.4656 88 40.7259
20.3557 89 40.949
20.3557 90 41.249
20.1374 91 41.3962
20.3557 91 41.549
20.1374 92 41.6962
20.1374 93 41.9962
20.0302 94 42.2211
20.0302 95 42.5211
19.9755 96 42.7829
20.0302 96 42.8211
19.9755 97 43.0829
19.9755 98 43.3829
19.9755 99 43.6829
19.9755 100 43.9829
19.9755 101 44.2829
19.9755 104 45.1829
19.9755 105 45.4829
19.9755 106 45.7829
19.9755 107 46.0829
19.9755 108 46.3829
19.9755 109 46.6829
19.9755 110 46.9829
19.9755 111 47.2829
19.9755 112 47.5829
19.9755 113 47.8829
19.9755 114 48.1829
19.9755 115 48.4829
19.9755 116 48.7829
19.9755 117 49.0829
19.9755 118 49.3829
19.9755 119 49.6829
19.9755 122 50.5829
19.9755 123 50.8829
