20.547 97 28.1923
20.547 97 28.1923
20.7288 93 27.9559
20.3844 99 28.2459
20.7288 93 27.9559
20.7288 92 27.8559
20.547 97 28.1923
20.7288 93 27.9559
20.3844 98 28.1459
20.547 97 28.1923
20.7288 92 27.8559
20.7288 93 27.9559
20.3844 99 28.2459
20.7288 93 27.9559
20.547 97 28.1923
20.3844 99 28.2459
20.7288 91 27.7559
20.7288 93 27.9559
20.3844 99 28.2459
20.7288 92 27.8559
20.7288 93 27.9559
20.547 97 28.1923
20.3844 99 28.2459
20.7288 92 27.8559
20.7288 93 27.9559
20.547 97 28.1923
20.3844 99 28.2459
20.7288 92 27.8559
20.7288 93 27.9559
20.547 97 28.1923
20.3844 99 28.2459
20.7288 92 27.8559
20.7288 93 27.9559
20.2913 99 28.1622
20.3844 99 28.2459
20.7288 92 27.8559
20.7288 93 27.9559
20.547 96 28.0923
20.547 97 28.1923
20.3844 99 28.2459
20.7288 92 27.8559
20.7288 93 27.9559
20.547 96 28.0923
20.3844 98 28.1459
20.547 97 28.1923
20.3844 99 28.2459
20.7288 90 27.6559
20.7288 92 27.8559
20.2913 99 28.1622
20.547 97 28.1923
20.3844 99 28.2459
20.7288 90 27.6559
20.7288 91 27.7559
20.7288 92 27.8559
20.7288 93 27.9559
20.2913 99 28.1622
20.547 97 28.1923
20.3844 99 28.2459
20.7288 91 27.7559
20.7288 92 27.8559
20.7288 93 27.9559
20.547 97 28.1923
20.3844 99 28.2459
20.7288 91 27.7559
20.7288 92 27.8559
20.7288 93 27.9559
20.547 95 27.9923
20.547 97 28.1923
20.3844 99 28.2459
20.7288 91 27.7559
20.7288 92 27.8559
20.7288 93 27.9559
20.547 95 27.9923
20.547 96 28.0923
20.547 97 28.1923
20.3844 99 28.2459
20.7288 91 27.7559
20.7288 92 27.8559
20.7288 93 27.9559
20.547 96 28.0923
20.547 97 28.1923
20.3844 99 28.2459
20.7288 91 27.7559
20.7288 92 27.8559
20.7288 93 27.9559
20.547 95 27.9923
20.547 96 28.0923
20.547 97 28.1923
20.3844 99 28.2459
20.7288 89 27.5559
20.7288 91 27.7559
20.7288 92 27.8559
20.7288 93 27.9559
20.547 96 28.0923
20.547 97 28.1923
20.3844 99 28.2459
20.7288 90 27.6559
20.7288 91 27.7559
20.7288 92 27.8559
20.7288 93 27.9559
20.3844 97 28.0459
20.547 96 28.0923
20.2913 99 28.1622
20.547 97 28.1923
20.3844 99 28.2459
19.342 126 30.0078
19.2625 135 30.8363
20.7288 90 27.6559
20.7288 91 27.7559
20.7288 92 27.8559
20.7288 93 27.9559
20.547 96 28.0923
20.3844 98 28.1459
20.547 97 28.1923
20.3844 99 28.2459
19.342 125 29.9078
19.342 126 30.0078
20.7288 89 27.5559
20.7288 90 27.6559
20.7288 91 27.7559
20.7288 92 27.8559
20.7288 93 27.9559
20.547 95 27.9923
20.547 96 28.0923
20.3844 98 28.1459
20.3844 99 28.2459
19.342 125 29.9078
19.342 126 30.0078
20.7288 90 27.6559
20.7288 91 27.7559
20.7288 93 27.9559
20.547 96 28.0923
20.3844 98 28.1459
20.547 97 28.1923
20.3844 99 28.2459
19.342 125 29.9078
19.342 126 30.0078
20.7288 90 27.6559
20.7288 91 27.7559
20.7288 92 27.8559
20.7288 93 27.9559
20.547 96 28.0923
20.3844 98 28.1459
20.547 97 28.1923
20.3844 99 28.2459
19.342 124 29.8078
19.342 125 29.9078
19.342 126 30.0078
19.2625 131 30.4363
20.7288 89 27.5559
20.7288 90 27.6559
20.7288 91 27.7559
20.7288 92 27.8559
20.547 96 28.0923
20.3844 98 28.1459
20.547 97 28.1923
20.3844 99 28.2459
19.342 125 29.9078
19.342 126 30.0078
19.2625 132 30.5363
19.1921 139 31.1729
20.7288 90 27.6559
20.7288 91 27.7559
20.7288 92 27.8559
20.7288 93 27.9559
20.547 95 27.9923
20.3844 97 28.0459
20.547 96 28.0923
20.3844 98 28.1459
20.547 97 28.1923
20.3844 99 28.2459
19.342 123 29.7078
19.342 126 30.0078
19.2625 131 30.4363
19.2625 132 30.5363
19.1921 139 31.1729
19.1921 140 31.2729
20.7288 90 27.6559
20.7288 91 27.7559
20.7288 92 27.8559
20.7288 93 27.9559
20.3844 97 28.0459
20.547 96 28.0923
20.3844 98 28.1459
20.547 97 28.1923
20.3844 99 28.2459
19.342 124 29.8078
19.342 125 29.9078
19.342 126 30.0078
19.2625 129 30.2363
19.2625 131 30.4363
19.2625 132 30.5363
19.2625 133 30.6363
19.1921 139 31.1729
19.1921 140 31.2729
19.1921 141 31.3729
19.1569 149 32.1412
20.7288 90 27.6559
20.7288 92 27.8559
20.7288 93 27.9559
20.547 96 28.0923
20.3844 98 28.1459
20.547 97 28.1923
20.3844 99 28.2459
19.342 124 29.8078
19.342 126 30.0078
19.2625 130 30.3363
19.2625 131 30.4363
19.2625 132 30.5363
19.2625 133 30.6363
19.2625 134 30.7363
19.1921 138 31.0729
19.1921 140 31.2729
19.1921 141 31.3729
19.1921 146 31.8729
19.1921 148 32.0729
20.7288 90 27.6559
20.7288 91 27.7559
20.7288 93 27.9559
20.547 96 28.0923
20.3844 98 28.1459
20.547 97 28.1923
20.3844 99 28.2459
19.342 124 29.8078
19.342 125 29.9078
19.342 126 30.0078
19.2625 130 30.3363
19.2625 131 30.4363
20.7288 90 27.6559
20.7288 91 27.7559
20.7288 92 27.8559
20.7288 93 27.9559
20.547 95 27.9923
20.547 96 28.0923
20.3844 98 28.1459
20.547 97 28.1923
20.3844 99 28.2459
19.342 124 29.8078
19.342 125 29.9078
19.342 126 30.0078
19.2625 128 30.1363
19.2625 130 30.3363
19.2625 132 30.5363
20.7288 90 27.6559
20.7288 91 27.7559
20.7288 92 27.8559
20.7288 93 27.9559
20.547 95 27.9923
20.547 96 28.0923
20.3844 98 28.1459
20.547 97 28.1923
20.3844 99 28.2459
19.342 124 29.8078
19.342 125 29.9078
19.342 126 30.0078
19.2625 128 30.1363
19.2625 129 30.2363
19.2625 130 30.3363
19.2625 131 30.4363
19.1921 138 31.0729
20.7288 90 27.6559
20.7288 91 27.7559
20.7288 92 27.8559
20.7288 93 27.9559
20.7278 94 28.055
20.547 96 28.0923
20.3844 98 28.1459
20.547 97 28.1923
20.3844 99 28.2459
19.342 123 29.7078
19.342 125 29.9078
19.342 126 30.0078
19.2625 129 30.2363
19.2625 130 30.3363
19.1921 136 30.8729
20.7288 90 27.6559
20.7288 91 27.7559
20.7288 92 27.8559
20.7288 93 27.9559
20.547 96 28.0923
20.3844 98 28.1459
20.547 97 28.1923
20.3844 99 28.2459
19.342 124 29.8078
19.342 125 29.9078
19.3412 126 30.007
20.7288 90 27.6559
20.7288 91 27.7559
20.7288 92 27.8559
20.7288 93 27.9559
20.547 96 28.0923
20.3844 98 28.1459
20.547 97 28.1923
20.3844 99 28.2459
19.7166 109 28.6449
19.4261 116 29.0835
19.342 122 29.6078
19.342 124 29.8078
20.7288 90 27.6559
20.7288 91 27.7559
20.7288 92 27.8559
20.7288 93 27.9559
20.547 95 27.9923
20.547 96 28.0923
20.3844 98 28.1459
20.547 97 28.1923
20.3844 99 28.2459
19.7166 109 28.6449
19.5047 114 28.9542
19.342 121 29.5078
19.342 122 29.6078
19.342 123 29.7078
19.342 124 29.8078
19.342 125 29.9078
20.7288 88 27.4559
20.7288 89 27.5559
20.7288 90 27.6559
20.7288 91 27.7559
20.7288 92 27.8559
20.7288 93 27.9559
20.547 95 27.9923
20.547 96 28.0923
20.3844 98 28.1459
20.547 97 28.1923
20.3844 99 28.2459
19.342 120 29.4078
19.342 121 29.5078
19.342 122 29.6078
19.342 123 29.7078
19.342 124 29.8078
19.342 125 29.9078
19.342 126 30.0078
20.7288 89 27.5559
20.7288 90 27.6559
20.7288 91 27.7559
20.7288 92 27.8559
20.7288 93 27.9559
20.547 96 28.0923
20.3844 98 28.1459
20.547 97 28.1923
20.3844 99 28.2459
19.342 121 29.5078
19.342 122 29.6078
19.342 123 29.7078
19.342 124 29.8078
19.342 125 29.9078
19.342 126 30.0078
20.7288 90 27.6559
20.7288 91 27.7559
20.7288 92 27.8559
20.7278 93 27.955
20.7288 93 27.9559
20.3844 97 28.0459
20.547 96 28.0923
20.3844 98 28.1459
20.547 97 28.1923
20.3844 99 28.2459
19.7166 109 28.6449
19.342 120 29.4078
19.342 121 29.5078
19.342 122 29.6078
19.342 123 29.7078
19.342 125 29.9078
19.342 126 30.0078
20.7288 89 27.5559
20.7288 90 27.6559
20.7288 91 27.7559
20.7288 92 27.8559
20.7288 93 27.9559
20.547 95 27.9923
20.7278 94 28.055
20.547 96 28.0923
20.3844 98 28.1459
20.3844 99 28.2459
19.9045 104 28.314
19.7166 109 28.6449
19.342 121 29.5078
19.342 122 29.6078
19.342 123 29.7078
19.342 124 29.8078
19.342 125 29.9078
19.342 126 30.0078
20.7288 89 27.5559
20.7288 90 27.6559
20.7288 91 27.7559
20.7288 92 27.8559
20.7288 93 27.9559
20.7278 94 28.055
20.547 96 28.0923
20.3844 98 28.1459
20.547 97 28.1923
19.7166 108 28.5449
19.7166 109 28.6449
19.5906 111 28.7315
19.342 121 29.5078
19.342 122 29.6078
19.342 123 29.7078
19.342 124 29.8078
19.342 125 29.9078
19.342 126 30.0078
20.7288 89 27.5559
20.7288 90 27.6559
20.7288 91 27.7559
20.7288 92 27.8559
20.7288 93 27.9559
20.7278 94 28.055
20.547 96 28.0923
20.3844 98 28.1459
20.547 97 28.1923
20.3844 99 28.2459
19.9045 104 28.314
19.7166 109 28.6449
19.5906 111 28.7315
19.5047 114 28.9542
19.4261 116 29.0835
19.342 119 29.3078
19.342 121 29.5078
19.342 123 29.7078
19.342 124 29.8078
19.342 126 30.0078
19.2625 127 30.0363
20.7288 89 27.5559
20.7288 90 27.6559
20.7288 91 27.7559
20.7288 92 27.8559
20.7288 93 27.9559
20.547 95 27.9923
20.7278 94 28.055
20.547 96 28.0923
20.0154 101 28.1139
20.3844 98 28.1459
20.547 97 28.1923
19.9045 103 28.214
20.3844 99 28.2459
19.7193 106 28.3474
19.7166 107 28.4449
19.7166 108 28.5449
19.7166 109 28.6449
19.5047 114 28.9542
19.342 120 29.4078
19.342 121 29.5078
19.342 122 29.6078
19.342 123 29.7078
19.342 124 29.8078
19.342 125 29.9078
19.342 126 30.0078
19.2625 128 30.1363
19.1921 135 30.7729
20.7288 89 27.5559
20.7288 90 27.6559
20.7288 91 27.7559
20.7288 92 27.8559
20.7278 93 27.955
20.7288 93 27.9559
20.7278 94 28.055
20.547 96 28.0923
20.0154 101 28.1139
19.9045 102 28.114
20.3844 98 28.1459
20.547 97 28.1923
20.3844 99 28.2459
19.9045 104 28.314
19.7193 106 28.3474
19.7166 108 28.5449
19.7166 109 28.6449
19.7072 110 28.7365
19.5047 113 28.8542
19.342 120 29.4078
19.342 121 29.5078
19.342 122 29.6078
19.342 123 29.7078
19.342 124 29.8078
19.342 125 29.9078
19.342 126 30.0078
19.2625 128 30.1363
19.2625 129 30.2363
20.7288 89 27.5559
20.7288 90 27.6559
20.7288 91 27.7559
20.7288 92 27.8559
20.7288 93 27.9559
20.0154 100 28.0139
20.3844 97 28.0459
20.7278 94 28.055
20.547 96 28.0923
20.3844 98 28.1459
19.9045 103 28.214
20.3844 99 28.2459
19.9045 104 28.314
19.7166 108 28.5449
19.7166 109 28.6449
19.5047 114 28.9542
19.342 119 29.3078
19.342 120 29.4078
19.342 121 29.5078
19.342 122 29.6078
19.342 123 29.7078
19.342 124 29.8078
19.342 125 29.9078
19.342 126 30.0078
19.2625 128 30.1363
20.7288 89 27.5559
20.7288 90 27.6559
20.7288 91 27.7559
20.7288 92 27.8559
20.0154 99 27.9139
19.9045 101 28.014
20.7278 94 28.055
20.547 96 28.0923
20.0154 101 28.1139
20.3844 98 28.1459
20.547 97 28.1923
19.9045 103 28.214
20.3844 99 28.2459
19.9045 104 28.314
19.7193 106 28.3474
19.7166 108 28.5449
19.7072 109 28.6365
19.7166 109 28.6449
19.7072 110 28.7365
19.5047 112 28.7542
19.5047 114 28.9542
19.4261 116 29.0835
19.3727 118 29.2354
19.342 120 29.4078
19.342 121 29.5078
19.342 122 29.6078
19.342 123 29.7078
19.342 124 29.8078
19.342 125 29.9078
19.2625 128 30.1363
19.2625 129 30.2363
20.7288 89 27.5559
20.7288 90 27.6559
20.7288 91 27.7559
20.7288 92 27.8559
20.7278 93 27.955
20.7288 93 27.9559
20.0154 100 28.0139
19.9045 101 28.014
20.7278 94 28.055
20.547 96 28.0923
20.0154 101 28.1139
19.9045 102 28.114
20.3844 98 28.1459
20.547 97 28.1923
19.9045 103 28.214
20.3844 99 28.2459
19.8834 104 28.2951
19.9045 104 28.314
19.7193 106 28.3474
19.7166 107 28.4449
19.7166 108 28.5449
19.7072 109 28.6365
19.7166 109 28.6449
19.7072 110 28.7365
19.5047 113 28.8542
19.5047 114 28.9542
19.342 120 29.4078
19.342 121 29.5078
19.342 122 29.6078
19.342 123 29.7078
19.342 124 29.8078
19.342 125 29.9078
19.342 126 30.0078
19.2625 128 30.1363
20.7288 89 27.5559
20.7288 90 27.6559
20.7288 91 27.7559
20.7288 92 27.8559
20.0154 100 28.0139
20.3844 97 28.0459
20.7278 94 28.055
20.547 96 28.0923
20.0154 101 28.1139
19.9045 102 28.114
20.3844 98 28.1459
20.547 97 28.1923
19.9045 103 28.214
20.3844 99 28.2459
19.9045 104 28.314
19.7166 106 28.3449
19.7193 106 28.3474
19.7166 107 28.4449
19.7166 108 28.5449
19.5906 111 28.7315
19.5047 113 28.8542
19.5047 114 28.9542
19.4261 115 28.9835
19.3727 117 29.1354
19.342 118 29.2078
19.342 120 29.4078
19.342 121 29.5078
19.342 122 29.6078
19.342 123 29.7078
19.342 124 29.8078
19.342 125 29.9078
19.3336 126 30.0002
19.342 126 30.0078
19.2625 128 30.1363
20.7288 89 27.5559
20.7288 90 27.6559
20.7288 91 27.7559
20.7288 92 27.8559
20.547 94 27.8923
20.7288 93 27.9559
20.0154 100 28.0139
20.7278 94 28.055
20.547 96 28.0923
20.0154 101 28.1139
19.9045 102 28.114
20.3844 98 28.1459
20.547 97 28.1923
19.9045 103 28.214
20.3844 99 28.2459
19.7193 105 28.2474
19.9045 104 28.314
19.7166 107 28.4449
19.7166 108 28.5449
19.5906 110 28.6315
19.7072 109 28.6365
19.7166 109 28.6449
19.5906 111 28.7315
19.7072 110 28.7365
19.5047 113 28.8542
19.5047 114 28.9542
19.3727 116 29.0354
19.4261 116 29.0835
19.3727 117 29.1354
19.3727 118 29.2354
19.342 119 29.3078
19.342 120 29.4078
19.342 122 29.6078
19.342 123 29.7078
19.342 124 29.8078
19.342 125 29.9078
19.342 126 30.0078
19.3336 127 30.1002
19.2625 128 30.1363
20.7288 89 27.5559
20.7288 90 27.6559
20.7288 91 27.7559
20.7288 92 27.8559
20.0154 99 27.9139
20.7288 93 27.9559
20.547 95 27.9923
20.0154 100 28.0139
20.7278 94 28.055
20.547 96 28.0923
20.0154 101 28.1139
19.9045 102 28.114
20.3844 98 28.1459
19.7193 104 28.1474
20.547 97 28.1923
19.9045 103 28.214
20.3844 99 28.2459
19.7193 105 28.2474
19.9045 104 28.314
19.7193 106 28.3474
19.7166 107 28.4449
19.7166 108 28.5449
19.7072 109 28.6365
19.7166 109 28.6449
19.5047 111 28.6542
19.5906 111 28.7315
19.7072 110 28.7365
19.5047 113 28.8542
19.4261 114 28.8835
19.5047 114 28.9542
19.3727 116 29.0354
19.4261 116 29.0835
19.3727 117 29.1354
19.3727 118 29.2354
19.342 119 29.3078
19.342 120 29.4078
19.342 121 29.5078
19.342 122 29.6078
19.342 123 29.7078
19.342 124 29.8078
19.342 125 29.9078
19.342 126 30.0078
19.2868 127 30.0581
19.3336 127 30.1002
