20.7288 100 92.0729
20.7288 100 92.0729
20.7288 100 92.0729
20.7288 100 92.0729
19.679 108 99.1679
19.1787 118 108.118
20.7288 99 91.1729
20.7288 100 92.0729
19.6957 106 97.3696
19.679 107 98.2679
19.679 108 99.1679
19.3474 111 101.835
19.1787 117 107.218
19.1787 119 109.018
19.1787 123 112.618
20.7288 98 90.2729
20.7288 99 91.1729
20.7288 100 92.0729
20.547 101 92.9547
20.1044 103 94.7104
19.6957 105 96.4696
19.6957 106 97.3696
19.679 107 98.2679
19.679 108 99.1679
19.3474 110 100.935
19.3308 111 101.833
19.2155 113 103.622
19.1953 115 105.42
19.1787 116 106.318
19.1787 118 108.118
19.1787 119 109.018
19.1787 120 109.918
19.1787 124 113.518
19.1787 126 115.318
19.1787 128 117.118
20.7288 98 90.2729
20.7288 99 91.1729
20.547 100 92.0547
20.7288 100 92.0729
20.1044 102 93.8104
19.6957 104 95.5696
19.6957 105 96.4696
19.6957 106 97.3696
19.679 107 98.2679
19.679 108 99.1679
19.3474 109 100.035
19.3474 110 100.935
19.3308 111 101.833
19.3474 111 101.835
19.2155 112 102.722
19.2155 114 104.522
19.1787 115 105.418
19.1953 115 105.42
19.2155 115 105.422
19.1787 116 106.318
19.1787 117 107.218
19.1787 118 108.118
19.1787 119 109.018
19.1787 120 109.918
19.1787 121 110.818
19.1787 122 111.718
19.1787 123 112.618
19.1787 124 113.518
19.1787 125 114.418
19.1787 127 116.218
19.1787 131 119.818
19.1787 132 120.718
20.7288 98 90.2729
20.7288 99 91.1729
20.547 100 92.0547
20.7288 100 92.0729
20.1044 101 92.9104
20.547 101 92.9547
20.1044 102 93.8104
19.6957 103 94.6696
19.6984 103 94.6698
20.1044 103 94.7104
19.6957 104 95.5696
19.6957 105 96.4696
19.679 106 97.3679
19.6957 106 97.3696
19.3474 108 99.1347
19.679 108 99.1679
19.3474 109 100.035
19.3474 110 100.935
19.2321 111 101.823
19.3308 111 101.833
19.3474 111 101.835
19.2155 113 103.622
19.2155 114 104.522
19.1787 115 105.418
19.1953 115 105.42
19.1787 116 106.318
19.1787 117 107.218
19.1787 118 108.118
19.1787 119 109.018
19.1787 120 109.918
19.1787 121 110.818
19.1787 122 111.718
19.1787 123 112.618
19.1787 124 113.518
19.1787 125 114.418
19.1787 126 115.318
19.1787 127 116.218
19.1787 128 117.118
19.1787 131 119.818
19.1103 132 120.711
