20.1247 133 53.9873
20.1247 135 54.5873
19.9758 142 56.5831
19.9758 146 57.7831
20.2068 121 50.4448
20.1856 122 50.73
20.1352 123 50.9947
20.1247 130 53.0873
20.1247 132 53.6873
20.1247 133 53.9873
20.1247 134 54.2873
20.1247 135 54.5873
20.1247 136 54.8873
20.1143 137 55.18
19.9986 139 55.699
19.9758 140 55.9831
19.9758 141 56.2831
19.9758 142 56.5831
19.9758 145 57.4831
19.9758 146 57.7831
19.9758 147 58.0831
19.9758 150 58.9831
20.6508 117 49.5555
20.2068 120 50.1448
20.1856 121 50.43
20.2068 121 50.4448
20.1352 122 50.6947
20.1856 122 50.73
20.1247 129 52.7873
20.1247 132 53.6873
20.1247 133 53.9873
20.1247 134 54.2873
20.1247 135 54.5873
20.1143 136 54.88
20.1247 136 54.8873
19.9986 137 55.099
20.0023 137 55.1016
20.1143 137 55.18
19.9986 138 55.399
19.9758 139 55.6831
19.9795 139 55.6856
19.9758 140 55.9831
19.9758 141 56.2831
19.9758 142 56.5831
19.9758 143 56.8831
19.9758 144 57.1831
19.9758 145 57.4831
19.9758 146 57.7831
19.9758 149 58.6831
