20.0708 114 29.4637
20.0708 113 29.3637
20.0708 112 29.2637
20.0708 113 29.3637
20.0708 114 29.4637
20.0708 111 29.1637
20.0708 113 29.3637
20.0708 114 29.4637
20.7288 97 28.3559
20.0708 112 29.2637
20.0708 113 29.3637
20.0708 114 29.4637
20.7288 96 28.2559
20.0708 112 29.2637
20.0708 113 29.3637
20.0708 114 29.4637
19.9758 123 30.2782
20.7288 96 28.2559
20.7288 97 28.3559
20.0708 110 29.0637
20.0708 112 29.2637
20.0708 113 29.3637
20.0708 114 29.4637
19.9758 122 30.1782
19.9758 123 30.2782
19.9293 131 31.0364
20.547 98 28.2923
20.7288 97 28.3559
20.0708 111 29.1637
20.0708 112 29.2637
20.0708 113 29.3637
20.0708 114 29.4637
19.9758 121 30.0782
19.9758 123 30.2782
20.7288 95 28.1559
20.547 98 28.2923
20.7288 97 28.3559
20.3844 101 28.4459
20.1618 108 28.9456
20.0708 109 28.9637
20.0708 111 29.1637
20.0708 112 29.2637
20.0708 113 29.3637
20.0708 114 29.4637
19.9758 120 29.9782
19.9758 122 30.1782
19.9758 123 30.2782
20.547 97 28.1923
20.7288 96 28.2559
20.7288 97 28.3559
20.2913 105 28.7622
20.1618 107 28.8456
20.0708 110 29.0637
20.0708 111 29.1637
20.0708 112 29.2637
20.0708 113 29.3637
20.0708 114 29.4637
19.9758 121 30.0782
19.9758 122 30.1782
19.9758 123 30.2782
19.9293 130 30.9364
19.9293 131 31.0364
20.7288 96 28.2559
20.547 98 28.2923
20.3844 100 28.3459
20.7288 97 28.3559
20.2913 105 28.7622
20.1618 107 28.8456
20.1618 108 28.9456
20.0708 110 29.0637
20.0708 111 29.1637
20.0708 112 29.2637
20.0708 113 29.3637
20.0708 114 29.4637
19.9758 120 29.9782
19.9758 121 30.0782
19.9758 122 30.1782
19.9758 123 30.2782
19.9293 131 31.0364
20.547 97 28.1923
20.7288 96 28.2559
20.547 98 28.2923
20.7288 97 28.3559
20.3844 101 28.4459
20.2913 105 28.7622
20.1618 108 28.9456
20.0708 109 28.9637
20.0708 110 29.0637
20.0708 111 29.1637
20.0708 112 29.2637
20.0708 113 29.3637
20.0708 114 29.4637
19.9758 119 29.8782
19.9758 121 30.0782
19.9758 122 30.1782
19.9758 123 30.2782
19.9293 129 30.8364
19.9293 131 31.0364
20.7288 96 28.2559
20.547 98 28.2923
20.3844 100 28.3459
20.3844 101 28.4459
20.1618 107 28.8456
20.1618 108 28.9456
20.0708 110 29.0637
20.0708 111 29.1637
20.0708 113 29.3637
20.0708 114 29.4637
19.9758 119 29.8782
19.9758 120 29.9782
19.9758 121 30.0782
19.9758 122 30.1782
19.9758 123 30.2782
19.9293 128 30.7364
19.9293 130 30.9364
19.9293 131 31.0364
20.7288 96 28.2559
20.547 98 28.2923
20.7288 97 28.3559
20.3844 101 28.4459
20.2913 105 28.7622
20.0708 108 28.8637
20.1618 108 28.9456
20.0708 109 28.9637
20.0708 110 29.0637
20.0708 112 29.2637
20.0708 113 29.3637
20.0708 114 29.4637
19.9758 120 29.9782
19.9758 121 30.0782
19.9758 122 30.1782
19.9758 123 30.2782
19.9293 129 30.8364
19.9293 130 30.9364
19.9293 131 31.0364
20.7288 96 28.2559
20.547 98 28.2923
20.3844 100 28.3459
20.7288 97 28.3559
20.3844 101 28.4459
20.2913 104 28.6622
20.1618 108 28.9456
20.0708 109 28.9637
20.0708 110 29.0637
20.0708 111 29.1637
20.0708 112 29.2637
20.0708 113 29.3637
20.0708 114 29.4637
19.9758 118 29.7782
19.9758 122 30.1782
19.9758 123 30.2782
19.9293 127 30.6364
19.9293 128 30.7364
19.9293 129 30.8364
19.9293 130 30.9364
19.9293 131 31.0364
20.7288 94 28.0559
20.7288 96 28.2559
20.547 98 28.2923
20.3844 100 28.3459
20.7288 97 28.3559
20.3844 101 28.4459
20.2913 103 28.5622
20.2913 105 28.7622
20.1618 107 28.8456
20.1618 108 28.9456
20.0708 109 28.9637
20.0708 110 29.0637
20.0708 111 29.1637
20.0708 112 29.2637
20.0708 113 29.3637
20.0708 114 29.4637
19.9758 118 29.7782
19.9758 119 29.8782
19.9758 120 29.9782
19.9758 122 30.1782
19.9758 123 30.2782
19.9293 126 30.5364
19.9293 128 30.7364
19.9293 129 30.8364
19.9293 131 31.0364
20.7288 93 27.9559
20.7288 95 28.1559
20.3844 99 28.2459
20.7288 96 28.2559
20.547 98 28.2923
20.7288 97 28.3559
20.3844 101 28.4459
20.2913 102 28.4622
20.2913 104 28.6622
20.2913 105 28.7622
20.0708 108 28.8637
20.1618 108 28.9456
20.0708 110 29.0637
20.0708 111 29.1637
20.0708 112 29.2637
20.0708 113 29.3637
20.0708 114 29.4637
19.9758 119 29.8782
19.9758 120 29.9782
19.9758 121 30.0782
19.9758 122 30.1782
19.9758 123 30.2782
19.9293 126 30.5364
19.9293 127 30.6364
19.9293 128 30.7364
19.9293 129 30.8364
19.9293 130 30.9364
19.9293 131 31.0364
20.7288 93 27.9559
20.7288 94 28.0559
20.7288 95 28.1559
20.7288 96 28.2559
20.547 98 28.2923
20.3844 100 28.3459
20.7288 97 28.3559
20.2913 101 28.3622
20.3844 101 28.4459
20.2913 102 28.4622
20.2913 103 28.5622
20.2913 104 28.6622
20.2913 105 28.7622
20.0708 108 28.8637
20.1618 108 28.9456
20.0708 109 28.9637
20.0708 110 29.0637
20.0708 111 29.1637
20.0708 112 29.2637
20.0708 113 29.3637
20.0708 114 29.4637
20.031 115 29.5279
19.9758 118 29.7782
19.9758 119 29.8782
19.9758 120 29.9782
19.9758 121 30.0782
19.9758 122 30.1782
19.9758 123 30.2782
19.9293 127 30.6364
19.9293 128 30.7364
19.9293 129 30.8364
19.9293 130 30.9364
19.9293 131 31.0364
20.7288 94 28.0559
20.7288 95 28.1559
20.7288 96 28.2559
20.547 98 28.2923
20.3844 100 28.3459
20.7288 97 28.3559
20.3844 101 28.4459
20.2913 102 28.4622
20.2913 103 28.5622
20.1618 106 28.7456
20.2913 105 28.7622
20.0708 108 28.8637
20.1618 108 28.9456
20.0708 109 28.9637
20.0708 110 29.0637
20.0708 111 29.1637
20.0708 112 29.2637
20.0708 113 29.3637
20.0708 114 29.4637
19.9986 117 29.6987
19.9758 119 29.8782
19.9758 120 29.9782
19.9758 121 30.0782
19.9758 122 30.1782
19.9758 123 30.2782
19.9521 124 30.3569
19.9293 125 30.4364
19.9293 126 30.5364
19.9293 127 30.6364
19.9293 128 30.7364
19.9293 129 30.8364
19.9293 130 30.9364
19.9293 131 31.0364
19.5612 143 31.9051
20.7288 92 27.8559
20.7288 94 28.0559
20.7288 95 28.1559
20.547 97 28.1923
20.7288 96 28.2559
20.547 98 28.2923
20.3844 100 28.3459
20.7288 97 28.3559
20.3844 101 28.4459
20.2913 102 28.4622
20.2913 103 28.5622
20.2913 104 28.6622
20.2913 105 28.7622
20.1618 107 28.8456
20.1618 108 28.9456
20.0708 109 28.9637
20.0708 110 29.0637
20.0708 111 29.1637
20.0708 112 29.2637
20.0708 113 29.3637
20.031 114 29.4279
20.0708 114 29.4637
19.9986 116 29.5987
19.9758 119 29.8782
19.9758 120 29.9782
19.9758 121 30.0782
19.9758 122 30.1782
19.9758 123 30.2782
19.9293 126 30.5364
19.9293 127 30.6364
19.9293 128 30.7364
19.9293 129 30.8364
19.9293 130 30.9364
19.7547 134 31.1792
19.7547 136 31.3792
20.7288 93 27.9559
20.7288 94 28.0559
20.3844 98 28.1459
20.7288 95 28.1559
20.547 97 28.1923
20.7288 96 28.2559
20.547 98 28.2923
20.3844 100 28.3459
20.7288 97 28.3559
20.3844 101 28.4459
20.2913 102 28.4622
20.2913 103 28.5622
20.1618 105 28.6456
20.2913 104 28.6622
20.2913 105 28.7622
20.1618 107 28.8456
20.1618 108 28.9456
20.0708 109 28.9637
20.0708 110 29.0637
20.0708 111 29.1637
20.0708 112 29.2637
20.0708 114 29.4637
19.9986 115 29.4987
20.031 115 29.5279
19.9986 116 29.5987
19.9758 117 29.6782
19.9986 117 29.6987
19.9758 118 29.7782
19.9758 119 29.8782
19.9758 120 29.9782
19.9758 121 30.0782
19.9758 122 30.1782
19.9521 123 30.2569
19.9758 123 30.2782
19.9293 124 30.3364
19.9293 125 30.4364
19.9293 126 30.5364
19.9293 127 30.6364
19.9293 128 30.7364
19.9293 129 30.8364
19.7547 131 30.8792
19.9293 130 30.9364
19.9293 131 31.0364
19.7547 133 31.0792
19.7547 135 31.2792
19.7462 136 31.3716
19.7547 136 31.3792
19.5612 139 31.5051
