20.7288 103 61.8644
20.7288 104 62.3644
19.1554 139 79.0777
22.4548 95 58.7274
20.7288 102 61.3644
20.7288 104 62.3644
19.1554 138 78.5777
22.4548 94 58.2274
22.4548 95 58.7274
20.7455 100 60.3727
20.7288 101 60.8644
20.7288 102 61.3644
20.7288 103 61.8644
20.7288 104 62.3644
19.3308 114 66.6654
19.1582 125 72.0791
19.1554 132 75.5777
19.1554 133 76.0777
19.1554 137 78.0777
19.1554 138 78.5777
19.1554 139 79.0777
22.4548 93 57.7274
22.4548 95 58.7274
20.7455 99 59.8727
20.7288 100 60.3644
20.7455 100 60.3727
20.7288 101 60.8644
20.7288 102 61.3644
20.7288 103 61.8644
20.7288 104 62.3644
19.3308 113 66.1654
19.3308 114 66.6654
19.1582 124 71.5791
19.1582 125 72.0791
19.1554 130 74.5777
19.1554 131 75.0777
19.1554 132 75.5777
19.1554 136 77.5777
19.1554 137 78.0777
19.1554 138 78.5777
19.1554 139 79.0777
22.4548 93 57.7274
22.4548 94 58.2274
22.4548 95 58.7274
20.7455 98 59.3727
20.7288 100 60.3644
20.7288 101 60.8644
20.7288 102 61.3644
20.7288 103 61.8644
20.7288 104 62.3644
19.3372 111 65.1686
19.3308 112 65.6654
19.3308 113 66.1654
19.3308 114 66.6654
19.1785 121 70.0893
19.1582 123 71.0791
19.1582 124 71.5791
19.1582 125 72.0791
19.1554 128 73.5777
19.1554 129 74.0777
19.1554 130 74.5777
19.1554 132 75.5777
19.1554 133 76.0777
19.1554 136 77.5777
19.1554 137 78.0777
19.1554 139 79.0777
22.4548 93 57.7274
22.4548 94 58.2274
22.4548 95 58.7274
20.7455 97 58.8727
20.7455 98 59.3727
20.7455 99 59.8727
20.7455 100 60.3727
20.7288 101 60.8644
20.7288 102 61.3644
20.7288 103 61.8644
20.7288 104 62.3644
19.679 108 63.8395
19.3372 110 64.6686
19.3308 111 65.1654
19.3336 111 65.1668
19.3308 113 66.1654
19.3308 114 66.6654
19.1785 121 70.0893
19.1582 124 71.5791
19.1554 127 73.0777
19.1554 129 74.0777
19.1554 131 75.0777
19.1554 132 75.5777
19.1554 133 76.0777
19.1554 135 77.0777
19.1554 136 77.5777
19.1554 137 78.0777
19.1554 138 78.5777
19.1554 139 79.0777
22.4548 93 57.7274
22.4548 94 58.2274
20.7455 96 58.3727
22.4548 95 58.7274
20.7455 97 58.8727
20.7455 98 59.3727
20.7455 99 59.8727
20.7455 100 60.3727
20.7288 101 60.8644
20.7288 102 61.3644
20.7288 104 62.3644
19.679 107 63.3395
19.679 108 63.8395
19.3372 111 65.1686
19.3308 112 65.6654
19.3308 113 66.1654
19.3308 114 66.6654
19.2117 116 67.6058
19.195 119 69.0975
19.1619 121 70.0809
19.1785 121 70.0893
19.1582 122 70.5791
19.1582 123 71.0791
19.1582 124 71.5791
19.1582 125 72.0791
19.1554 126 72.5777
19.1554 127 73.0777
19.1554 128 73.5777
19.1554 129 74.0777
19.1554 130 74.5777
19.1554 131 75.0777
19.1554 132 75.5777
19.1554 133 76.0777
19.1554 136 77.5777
19.1554 137 78.0777
22.4548 94 58.2274
22.4548 95 58.7274
20.7455 97 58.8727
20.7455 98 59.3727
20.7455 99 59.8727
20.7288 100 60.3644
20.7455 100 60.3727
20.7288 101 60.8644
20.7288 102 61.3644
20.7288 103 61.8644
20.547 104 62.2735
19.6854 105 62.3427
20.7288 104 62.3644
19.679 106 62.8395
19.679 108 63.8395
19.3372 109 64.1686
19.3372 110 64.6686
19.3372 111 65.1686
19.3308 112 65.6654
19.3308 113 66.1654
19.3308 114 66.6654
19.2117 115 67.1058
19.1987 117 68.0993
19.195 118 68.5975
19.195 119 69.0975
19.1785 120 69.5893
19.1582 121 70.0791
19.1619 121 70.0809
19.1582 122 70.5791
19.1582 123 71.0791
19.1582 124 71.5791
19.1582 125 72.0791
19.1554 126 72.5777
19.1554 127 73.0777
19.1554 128 73.5777
19.1554 130 74.5777
19.1554 131 75.0777
19.1554 132 75.5777
22.4548 92 57.2274
20.7455 95 57.8727
21.9281 95 58.4641
22.4548 95 58.7274
20.7455 98 59.3727
20.7455 99 59.8727
20.7455 100 60.3727
20.7288 101 60.8644
20.7288 102 61.3644
19.6854 104 61.8427
19.6957 104 61.8478
20.7288 103 61.8644
19.679 105 62.3395
19.6854 105 62.3427
20.7288 104 62.3644
19.679 107 63.3395
19.3372 108 63.6686
19.3474 108 63.6737
19.679 108 63.8395
19.3308 111 65.1654
19.3372 111 65.1686
19.3308 112 65.6654
19.3308 113 66.1654
19.2117 114 66.6058
19.2153 114 66.6077
19.3106 114 66.6553
19.3308 114 66.6654
19.1987 116 67.5993
19.2117 116 67.6058
19.1987 118 68.5993
19.1785 119 69.0893
19.1785 120 69.5893
19.1582 122 70.5791
19.1582 123 71.0791
19.1554 125 72.0777
19.1582 125 72.0791
19.1554 126 72.5777
19.1554 127 73.0777
19.1554 128 73.5777
19.1554 129 74.0777
19.1554 130 74.5777
19.1554 131 75.0777
19.1554 133 76.0777
