19.9293 154 73.5576
19.9293 153 73.1576
19.9293 158 75.1576
20.168 121 60.5008
20.1247 126 62.4748
19.9758 136 66.3855
19.9293 147 70.7576
19.9293 152 72.7576
19.9293 153 73.1576
19.9293 154 73.5576
19.9293 157 74.7576
20.168 120 60.1008
20.168 121 60.5008
20.1247 125 62.0748
20.1247 126 62.4748
19.9758 135 65.9855
19.9758 136 66.3855
19.9293 144 69.5576
19.9293 146 70.3576
19.9293 148 71.1576
19.9293 149 71.5576
19.9293 151 72.3576
19.9293 152 72.7576
19.9293 153 73.1576
19.9293 154 73.5576
19.9293 156 74.3576
19.9293 157 74.7576
19.9293 158 75.1576
20.2913 116 58.5748
20.2913 118 59.3748
20.168 119 59.7008
20.168 120 60.1008
20.168 121 60.5008
20.1247 124 61.6748
20.1247 125 62.0748
20.1247 126 62.4748
20.0521 129 63.6313
19.9986 132 64.7992
19.9758 135 65.9855
19.9758 136 66.3855
19.9293 143 69.1576
19.9293 145 69.9576
19.9293 146 70.3576
19.9293 147 70.7576
19.9293 148 71.1576
19.9293 150 71.9576
19.9293 152 72.7576
19.9293 153 73.1576
19.9293 155 73.9576
19.9293 156 74.3576
19.9293 157 74.7576
20.2913 115 58.1748
20.2913 118 59.3748
20.168 119 59.7008
20.168 120 60.1008
20.168 121 60.5008
20.1247 123 61.2748
20.1247 125 62.0748
20.1247 126 62.4748
20.0521 128 63.2313
20.0082 129 63.6049
20.0521 129 63.6313
19.9986 131 64.3992
19.9795 133 65.1877
19.9986 133 65.1992
19.9758 135 65.9855
19.9758 136 66.3855
19.9716 138 67.1829
19.9521 140 67.9713
19.9293 142 68.7576
19.9293 143 69.1576
19.9293 144 69.5576
19.9293 145 69.9576
19.9293 146 70.3576
19.9293 147 70.7576
19.9293 148 71.1576
19.9293 149 71.5576
19.9293 150 71.9576
19.9293 151 72.3576
19.9293 152 72.7576
19.9293 154 73.5576
19.9293 155 73.9576
19.9293 156 74.3576
21.233 106 55.1398
21.0392 107 55.4235
21.233 107 55.5398
20.8574 110 56.5144
20.547 111 56.7282
20.4237 113 57.4542
20.547 113 57.5282
20.2913 114 57.7748
20.2913 115 58.1748
20.2913 116 58.5748
20.2913 117 58.9748
20.168 118 59.3008
20.2913 118 59.3748
20.168 119 59.7008
20.168 120 60.1008
20.168 121 60.5008
20.1247 122 60.8748
20.1247 124 61.6748
20.1247 125 62.0748
20.1247 126 62.4748
20.0993 127 62.8596
20.0521 128 63.2313
20.0521 129 63.6313
19.9986 132 64.7992
19.9986 133 65.1992
19.9758 134 65.5855
19.9758 135 65.9855
19.9758 136 66.3855
19.9716 137 66.7829
19.9521 139 67.5713
19.9716 139 67.5829
19.9293 141 68.3576
19.9293 142 68.7576
19.9293 143 69.1576
19.9293 145 69.9576
19.9293 147 70.7576
19.9293 148 71.1576
19.9293 149 71.5576
19.9293 150 71.9576
19.9293 153 73.1576
21.233 105 54.7398
21.2748 105 54.7649
21.233 106 55.1398
21.0392 107 55.4235
20.8574 109 56.1144
20.8992 109 56.1395
20.547 110 56.3282
20.547 112 57.1282
20.2913 113 57.3748
20.4237 113 57.4542
20.2913 114 57.7748
20.2913 115 58.1748
20.2913 117 58.9748
20.2913 118 59.3748
20.168 119 59.7008
20.168 120 60.1008
20.1247 121 60.4748
20.168 121 60.5008
20.1247 123 61.2748
20.1247 124 61.6748
20.1247 125 62.0748
20.0993 126 62.4596
20.118 126 62.4708
20.1247 126 62.4748
20.0521 127 62.8312
20.0993 127 62.8596
20.0023 129 63.6014
20.0082 129 63.6049
20.0521 129 63.6313
19.9986 130 63.9992
19.9986 131 64.3992
19.9986 132 64.7992
19.9758 133 65.1855
19.9795 133 65.1877
19.9986 133 65.1992
19.9758 134 65.5855
19.9758 135 65.9855
19.9716 136 66.3829
19.9758 136 66.3855
19.9716 138 67.1829
19.9293 140 67.9576
19.933 140 67.9598
19.9521 140 67.9713
19.9293 141 68.3576
19.9293 142 68.7576
19.9293 143 69.1576
