20.1247 133 99.1374
19.9758 142 105.393
19.9758 146 108.193
21.693 123 92.6079
20.8023 125 93.7407
20.2647 128 95.6794
20.1247 130 97.0374
20.1247 132 98.4374
20.1247 133 99.1374
20.1247 134 99.8374
20.1247 135 100.537
20.1143 137 101.934
19.9758 140 103.993
19.9758 141 104.693
19.9758 142 105.393
19.9758 145 107.493
19.9758 146 108.193
19.9758 147 108.893
19.9758 149 110.293
21.8504 118 89.1551
21.693 122 91.9079
21.7729 122 91.9319
21.7808 122 91.9342
20.8023 124 93.0407
20.2647 125 93.5794
20.5584 125 93.6675
20.2647 127 94.9794
20.1247 129 96.3374
20.1247 130 97.0374
20.1247 131 97.7374
20.1247 132 98.4374
20.1247 133 99.1374
20.1247 134 99.8374
20.1143 135 100.534
20.118 135 100.535
20.1247 135 100.537
20.1143 136 101.234
20.1143 137 101.934
19.9795 138 102.594
19.9986 138 102.6
20.0668 138 102.62
19.9758 139 103.293
19.9795 139 103.294
19.9758 140 103.993
19.9758 141 104.693
19.9758 142 105.393
19.9758 144 106.793
19.9758 145 107.493
19.9758 146 108.193
19.9758 147 108.893
19.9758 148 109.593
19.9758 150 110.993
