20.7288 101 68.8915
20.547 106 71.8188
20.7288 100 68.2915
20.7288 102 69.4915
20.547 107 72.4188
19.3308 115 76.7323
20.7288 100 68.2915
20.7288 101 68.8915
20.7288 103 70.0915
20.547 105 71.2188
20.547 106 71.8188
20.547 107 72.4188
19.679 110 73.8716
19.3308 114 76.1323
19.3308 116 77.3323
19.3106 118 78.5242
20.7288 100 68.2915
20.7288 101 68.8915
20.7288 102 69.4915
20.7288 103 70.0915
20.547 104 70.6188
20.547 106 71.8188
20.547 107 72.4188
19.6957 108 72.6783
19.679 109 73.2716
19.3308 113 75.5323
19.3308 114 76.1323
19.3308 115 76.7323
19.3308 116 77.3323
19.3106 117 77.9242
20.7288 100 68.2915
20.7288 101 68.8915
20.7288 102 69.4915
20.547 103 70.0188
20.547 104 70.6188
20.547 105 71.2188
19.6957 107 72.0783
20.547 107 72.4188
19.679 108 72.6716
19.6957 108 72.6783
19.679 110 73.8716
19.679 112 75.0716
19.3308 114 76.1323
19.3308 115 76.7323
19.3106 116 77.3242
19.3106 117 77.9242
19.1787 118 78.4715
19.2967 118 78.5187
19.3106 118 78.5242
