20.7288 101 84.9458
20.547 106 88.9094
20.7288 100 84.1458
20.7288 102 85.7458
20.547 107 89.7094
19.3308 115 95.8662
20.7288 100 84.1458
20.7288 101 84.9458
20.7288 103 86.5458
20.547 105 88.1094
20.547 106 88.9094
20.547 107 89.7094
19.679 110 91.9358
19.3308 114 95.0662
19.3308 116 96.6662
19.3106 118 98.2621
20.7288 100 84.1458
20.7288 101 84.9458
20.7288 102 85.7458
20.7288 103 86.5458
20.547 104 87.3094
20.547 106 88.9094
20.547 107 89.7094
19.6957 108 90.3391
19.679 109 91.1358
19.3308 113 94.2662
19.3308 114 95.0662
19.3308 115 95.8662
19.3308 116 96.6662
19.3106 117 97.4621
20.7288 100 84.1458
20.7288 101 84.9458
20.7288 102 85.7458
20.547 103 86.5094
20.547 104 87.3094
20.547 105 88.1094
19.6957 107 89.5391
20.547 107 89.7094
19.679 108 90.3358
19.6957 108 90.3391
19.679 110 91.9358
19.679 112 93.5358
19.3308 114 95.0662
19.3308 115 95.8662
19.3106 116 96.6621
19.3106 117 97.4621
19.1787 118 98.2357
19.2967 118 98.2593
19.3106 118 98.2621
