19.8006 158 47.4405
20.168 126 41.3344
20.1247 129 41.8998
20.1247 130 42.0998
20.1247 131 42.2998
19.9758 139 43.7806
19.8016 149 45.6413
19.8006 156 47.0405
19.8006 157 47.2405
20.168 123 40.7344
20.168 125 41.1344
20.1247 128 41.6998
20.1247 129 41.8998
20.1247 130 42.0998
20.1247 131 42.2998
19.9758 138 43.5806
19.9758 139 43.7806
19.8016 148 45.4413
19.8016 149 45.6413
19.8006 154 46.6405
19.8006 155 46.8405
19.8006 156 47.0405
19.8006 157 47.2405
19.8006 158 47.4405
19.4074 168 49.1259
20.4237 118 39.939
20.308 120 40.2464
20.308 121 40.4464
20.168 122 40.5344
20.168 123 40.7344
20.168 124 40.9344
20.168 125 41.1344
20.168 126 41.3344
20.1247 127 41.4998
20.1247 128 41.6998
20.1247 129 41.8998
20.1247 131 42.2998
20.118 132 42.4944
20.0023 134 42.8018
20.0023 135 43.0018
19.9795 136 43.1836
19.9758 137 43.3806
19.9758 138 43.5806
19.9758 139 43.7806
19.8244 143 44.4595
19.8016 146 45.0413
19.8016 147 45.2413
19.8016 149 45.6413
19.8016 150 45.8413
19.8006 152 46.2405
19.8006 153 46.4405
19.8006 154 46.6405
19.8006 155 46.8405
19.8006 158 47.4405
19.4721 160 47.5777
19.4721 164 48.3777
19.4074 168 49.1259
20.5637 115 39.451
20.5637 116 39.6509
20.4237 117 39.739
20.308 120 40.2464
20.168 121 40.3344
20.4237 120 40.339
20.308 121 40.4464
20.168 122 40.5344
20.168 123 40.7344
20.168 124 40.9344
20.168 125 41.1344
20.1247 126 41.2998
20.168 126 41.3344
20.1247 127 41.4998
20.1247 128 41.6998
20.1247 130 42.0998
20.118 131 42.2944
20.1247 131 42.2998
20.1143 132 42.4915
20.118 132 42.4944
20.0023 133 42.6018
20.0521 133 42.6417
20.0023 134 42.8018
19.9795 135 42.9836
20.0023 135 43.0018
19.9758 136 43.1806
19.9795 136 43.1836
19.9758 138 43.5806
19.8244 139 43.6595
19.9758 139 43.7806
19.8244 142 44.2595
19.8016 145 44.8413
19.8053 145 44.8442
19.8016 146 45.0413
19.8016 147 45.2413
19.8016 148 45.4413
19.8016 149 45.6413
19.8006 150 45.8405
19.8016 150 45.8413
19.8006 151 46.0405
19.8006 153 46.4405
19.8006 154 46.6405
19.8006 155 46.8405
19.8006 156 47.0405
19.8006 157 47.2405
19.4721 159 47.3777
19.4721 163 48.1777
19.4074 164 48.3259
19.4652 164 48.3722
19.4721 164 48.3777
19.4074 168 49.1259
19.3127 170 49.4501
