19.1787 118 98.2357
19.1787 117 97.4357
19.1787 119 99.0357
19.1787 116 96.6357
19.1787 118 98.2357
19.1787 119 99.0357
19.1787 120 99.8357
19.1787 115 95.8357
19.1787 116 96.6357
19.1787 117 97.4357
19.1787 118 98.2357
19.1787 119 99.0357
19.1787 120 99.8357
19.1787 121 100.636
19.1787 122 101.436
19.1787 115 95.8357
19.1787 116 96.6357
19.1787 117 97.4357
19.1787 118 98.2357
19.1787 119 99.0357
19.1787 120 99.8357
19.1787 121 100.636
19.1787 122 101.436
19.1787 114 95.0357
19.1787 115 95.8357
19.1787 116 96.6357
19.1787 117 97.4357
19.1787 118 98.2357
19.1787 119 99.0357
19.1787 120 99.8357
19.1787 121 100.636
19.1787 122 101.436
19.2155 110 91.8431
19.1787 113 94.2357
19.1787 114 95.0357
19.1787 115 95.8357
19.1787 116 96.6357
19.1787 117 97.4357
19.1787 118 98.2357
19.1787 119 99.0357
19.1787 120 99.8357
19.1787 121 100.636
19.1787 122 101.436
19.1787 114 95.0357
19.1787 115 95.8357
19.1787 116 96.6357
19.1787 117 97.4357
19.1787 118 98.2357
19.1787 119 99.0357
19.1787 120 99.8357
19.1787 121 100.636
19.1787 122 101.436
19.9891 98 82.3978
19.3428 104 87.0686
19.2321 108 90.2464
19.1787 112 93.4357
19.1787 113 94.2357
19.1787 115 95.8357
19.1787 116 96.6357
19.1787 117 97.4357
19.1787 118 98.2357
19.1787 119 99.0357
19.1787 120 99.8357
19.1787 121 100.636
19.1787 122 101.436
19.3428 103 86.2686
19.2321 107 89.4464
19.2321 108 90.2464
19.1787 114 95.0357
19.1787 115 95.8357
19.1787 116 96.6357
19.1787 117 97.4357
19.1787 118 98.2357
19.1787 119 99.0357
19.1787 120 99.8357
19.1787 121 100.636
19.1787 122 101.436
19.3428 103 86.2686
19.3428 104 87.0686
19.2321 107 89.4464
19.2321 108 90.2464
19.1787 111 92.6357
19.1787 113 94.2357
19.1787 114 95.0357
19.1787 115 95.8357
19.1787 116 96.6357
19.1787 117 97.4357
19.1787 118 98.2357
19.1787 119 99.0357
19.1787 120 99.8357
19.1787 121 100.636
19.1787 122 101.436
20.6812 90 76.1362
19.3428 103 86.2686
19.3428 104 87.0686
19.2321 106 88.6464
19.2321 108 90.2464
19.1787 111 92.6357
19.1787 112 93.4357
19.1787 113 94.2357
19.1787 114 95.0357
19.1787 115 95.8357
19.1787 116 96.6357
19.1787 117 97.4357
19.1787 118 98.2357
19.1787 119 99.0357
19.1787 121 100.636
19.1787 122 101.436
19.1697 124 103.034
20.6747 92 77.7349
19.9891 97 81.5978
19.6818 100 83.9364
19.3428 104 87.0686
19.2321 106 88.6464
19.2321 107 89.4464
19.2155 110 91.8431
19.1787 112 93.4357
19.1787 113 94.2357
19.1787 114 95.0357
19.1787 115 95.8357
19.1787 116 96.6357
19.1787 117 97.4357
19.1787 118 98.2357
19.1787 119 99.0357
19.1787 121 100.636
19.1787 122 101.436
19.1697 123 102.234
19.1697 124 103.034
19.9891 98 82.3978
19.3594 102 85.4719
19.3428 104 87.0686
19.2321 107 89.4464
19.2321 108 90.2464
19.1787 112 93.4357
19.1787 113 94.2357
19.1787 114 95.0357
19.1787 116 96.6357
19.1787 117 97.4357
19.1787 118 98.2357
19.1787 119 99.0357
19.1787 120 99.8357
19.1787 121 100.636
19.1787 122 101.436
19.1697 124 103.034
20.6747 92 77.7349
19.9891 96 80.7978
19.6957 98 82.3391
19.9891 98 82.3978
19.6818 99 83.1364
19.3594 101 84.6719
19.3428 102 85.4686
19.3428 104 87.0686
19.2321 107 89.4464
19.2321 108 90.2464
19.2155 110 91.8431
19.1787 112 93.4357
19.1787 113 94.2357
19.1787 114 95.0357
19.1787 115 95.8357
19.1787 116 96.6357
19.1787 117 97.4357
19.1787 118 98.2357
19.1787 119 99.0357
19.1787 120 99.8357
19.1787 121 100.636
19.1787 122 101.436
19.1697 124 103.034
19.0787 127 105.416
20.6812 89 75.3362
20.6747 91 76.935
20.6747 92 77.7349
20.1044 94 79.2209
19.9891 96 80.7978
19.9891 97 81.5978
19.6818 98 82.3364
19.6818 100 83.9364
19.3594 101 84.6719
19.3428 102 85.4686
19.3594 102 85.4719
19.3428 103 86.2686
19.3428 104 87.0686
19.2321 105 87.8464
19.2321 107 89.4464
19.2321 108 90.2464
19.2155 109 91.0431
19.1787 110 91.8357
19.2155 110 91.8431
19.1787 112 93.4357
19.1787 113 94.2357
19.1787 115 95.8357
19.1787 116 96.6357
19.1787 117 97.4357
19.1787 118 98.2357
19.1787 119 99.0357
19.1787 120 99.8357
19.1787 121 100.636
19.1787 122 101.436
19.1697 123 102.234
19.1697 124 103.034
20.6812 89 75.3362
20.6812 90 76.1362
20.6747 92 77.7349
20.1044 93 78.4209
19.9891 96 80.7978
19.9891 97 81.5978
19.6818 99 83.1364
19.5804 100 83.9161
19.6818 100 83.9364
19.3594 101 84.6719
19.3428 102 85.4686
19.3594 102 85.4719
19.3428 103 86.2686
19.2321 104 87.0464
19.3428 104 87.0686
19.2321 106 88.6464
19.2321 107 89.4464
19.2321 108 90.2464
19.2155 110 91.8431
19.1787 111 92.6357
19.1787 112 93.4357
19.1787 113 94.2357
19.1787 114 95.0357
19.1787 116 96.6357
19.1787 117 97.4357
19.1787 118 98.2357
19.1787 119 99.0357
19.1787 120 99.8357
19.1787 121 100.636
19.1787 122 101.436
19.1697 124 103.034
19.0658 128 106.213
20.6812 88 74.5362
20.6812 90 76.1362
20.6747 92 77.7349
20.1044 94 79.2209
19.9891 95 79.9978
19.9891 96 80.7978
19.9891 97 81.5978
19.9891 98 82.3978
19.6818 99 83.1364
19.3594 100 83.8719
19.6818 100 83.9364
19.3594 101 84.6719
19.3428 102 85.4686
19.3594 102 85.4719
19.3428 103 86.2686
19.2321 104 87.0464
19.2321 105 87.8464
19.2321 106 88.6464
19.2321 108 90.2464
19.2155 110 91.8431
19.1787 111 92.6357
19.1787 112 93.4357
19.1787 113 94.2357
19.1787 114 95.0357
19.1787 115 95.8357
19.1787 116 96.6357
19.1787 117 97.4357
19.1787 118 98.2357
19.1787 119 99.0357
19.1787 120 99.8357
19.1787 121 100.636
19.1787 122 101.436
19.0954 124 103.019
19.1697 124 103.034
19.0787 127 105.416
19.0658 128 106.213
20.6812 88 74.5362
20.6812 89 75.3362
20.6747 90 76.1349
20.6812 90 76.1362
20.1044 92 77.6209
19.9891 94 79.1978
20.1044 94 79.2209
19.9891 95 79.9978
19.9891 96 80.7978
19.9891 97 81.5978
19.9891 98 82.3978
19.6818 99 83.1364
19.6818 100 83.9364
19.3594 101 84.6719
19.3428 102 85.4686
19.3594 102 85.4719
19.3428 103 86.2686
19.3428 104 87.0686
19.2321 105 87.8464
19.2321 106 88.6464
19.2321 107 89.4464
19.2155 108 90.2431
19.2321 108 90.2464
19.1787 110 91.8357
19.2155 110 91.8431
19.1787 111 92.6357
19.1787 112 93.4357
19.1787 113 94.2357
19.1787 114 95.0357
19.1787 115 95.8357
19.1787 116 96.6357
19.1787 117 97.4357
19.1787 118 98.2357
19.1787 119 99.0357
19.1787 120 99.8357
19.1787 121 100.636
19.1697 122 101.434
19.1787 122 101.436
19.0787 124 103.016
19.0954 124 103.019
19.0658 127 105.413
19.0192 128 106.204
19.0658 128 106.213
