19.9755 112 47.5829
19.9755 111 47.2829
19.9755 112 47.5829
19.9755 111 47.2829
19.9755 112 47.5829
19.9755 111 47.2829
19.9755 112 47.5829
19.9755 110 46.9829
19.9755 111 47.2829
19.9755 112 47.5829
19.9755 109 46.6829
19.9755 110 46.9829
19.9755 112 47.5829
19.9755 108 46.3829
19.9755 109 46.6829
19.9755 110 46.9829
19.9755 111 47.2829
19.9755 112 47.5829
19.7341 135 54.3139
19.5674 139 55.3972
19.9755 107 46.0829
19.9755 109 46.6829
19.9755 110 46.9829
19.9755 111 47.2829
19.9755 112 47.5829
19.7341 134 54.0139
19.9755 106 45.7829
19.9755 108 46.3829
19.9755 109 46.6829
19.9755 110 46.9829
19.9755 111 47.2829
19.9755 112 47.5829
19.9755 107 46.0829
19.9755 108 46.3829
19.9755 109 46.6829
19.9755 110 46.9829
19.9755 111 47.2829
19.9755 112 47.5829
19.9755 106 45.7829
19.9755 107 46.0829
19.9755 108 46.3829
19.9755 109 46.6829
19.9755 110 46.9829
19.9755 111 47.2829
19.9755 112 47.5829
19.9755 107 46.0829
19.9755 108 46.3829
19.9755 109 46.6829
19.9755 110 46.9829
19.9755 111 47.2829
19.9755 112 47.5829
19.9755 105 45.4829
19.9755 107 46.0829
19.9755 108 46.3829
19.9755 109 46.6829
19.9755 110 46.9829
19.9755 111 47.2829
19.9755 112 47.5829
19.9755 104 45.1829
19.9755 106 45.7829
19.9755 107 46.0829
19.9755 108 46.3829
19.9755 109 46.6829
19.9755 110 46.9829
19.9755 111 47.2829
19.9755 112 47.5829
19.9755 104 45.1829
19.9755 105 45.4829
19.9755 106 45.7829
19.9755 107 46.0829
19.9755 109 46.6829
19.9755 110 46.9829
19.9755 111 47.2829
19.9755 112 47.5829
19.9755 103 44.8829
19.9755 104 45.1829
19.9755 105 45.4829
19.9755 106 45.7829
19.9755 107 46.0829
19.9755 108 46.3829
19.9755 109 46.6829
19.9755 110 46.9829
19.9755 111 47.2829
19.9755 112 47.5829
19.9755 102 44.5829
19.9755 104 45.1829
19.9755 105 45.4829
19.9755 106 45.7829
19.9755 107 46.0829
19.9755 108 46.3829
19.9755 109 46.6829
19.9755 110 46.9829
19.9755 111 47.2829
19.9755 112 47.5829
19.9755 103 44.8829
19.9755 104 45.1829
19.9755 105 45.4829
19.9755 107 46.0829
19.9755 108 46.3829
19.9755 109 46.6829
19.9755 110 46.9829
19.9755 111 47.2829
19.9755 112 47.5829
19.9755 103 44.8829
19.9755 104 45.1829
19.9755 106 45.7829
19.9755 107 46.0829
19.9755 108 46.3829
19.9755 109 46.6829
19.9755 110 46.9829
19.9755 111 47.2829
19.9755 112 47.5829
19.9755 103 44.8829
19.9755 104 45.1829
19.9755 105 45.4829
19.9755 106 45.7829
19.9755 108 46.3829
19.9755 110 46.9829
19.9755 111 47.2829
19.9755 112 47.5829
19.9755 103 44.8829
19.9755 104 45.1829
19.9755 105 45.4829
19.9755 106 45.7829
19.9755 107 46.0829
19.9755 108 46.3829
19.9755 109 46.6829
19.9755 110 46.9829
19.9755 111 47.2829
19.9755 112 47.5829
19.9755 98 43.3829
19.9755 103 44.8829
19.9755 104 45.1829
19.9755 105 45.4829
19.9755 106 45.7829
19.9755 107 46.0829
19.9755 108 46.3829
19.9755 109 46.6829
19.9755 110 46.9829
19.9755 111 47.2829
19.9755 112 47.5829
20.0302 94 42.2211
19.9755 97 43.0829
19.9755 99 43.6829
19.9755 102 44.5829
19.9755 103 44.8829
19.9755 104 45.1829
19.9755 105 45.4829
19.9755 106 45.7829
19.9755 108 46.3829
19.9755 109 46.6829
19.9755 110 46.9829
19.9755 112 47.5829
19.9755 97 43.0829
19.9755 98 43.3829
19.9755 99 43.6829
19.9755 102 44.5829
19.9755 103 44.8829
19.9755 104 45.1829
19.9755 105 45.4829
19.9755 106 45.7829
19.9755 108 46.3829
19.9755 109 46.6829
19.9755 110 46.9829
19.9755 111 47.2829
19.9755 112 47.5829
19.9755 98 43.3829
19.9755 99 43.6829
19.9755 100 43.9829
19.9755 103 44.8829
19.9755 104 45.1829
19.9755 105 45.4829
19.9755 106 45.7829
19.9755 107 46.0829
19.9755 108 46.3829
19.9755 109 46.6829
19.9755 110 46.9829
19.9755 111 47.2829
19.9755 112 47.5829
20.5507 78 37.7855
19.9755 98 43.3829
19.9755 99 43.6829
19.9755 100 43.9829
19.9755 101 44.2829
19.9755 103 44.8829
19.9755 104 45.1829
19.9755 105 45.4829
19.9755 106 45.7829
19.9755 107 46.0829
19.9755 108 46.3829
19.9755 109 46.6829
19.9755 111 47.2829
19.9755 112 47.5829
20.5507 77 37.4855
20.1374 92 41.6962
20.0302 94 42.2211
19.9755 98 43.3829
19.9755 99 43.6829
19.9755 100 43.9829
19.9755 101 44.2829
19.9755 102 44.5829
19.9755 103 44.8829
19.9755 104 45.1829
19.9755 105 45.4829
19.9755 106 45.7829
19.9755 107 46.0829
19.9755 108 46.3829
19.9755 109 46.6829
19.9755 110 46.9829
19.9755 111 47.2829
19.9755 112 47.5829
20.5507 78 37.7855
20.1374 92 41.6962
20.0302 93 41.9211
20.0302 94 42.2211
19.9755 96 42.7829
19.9755 97 43.0829
19.9755 98 43.3829
19.9755 100 43.9829
19.9755 101 44.2829
19.9755 102 44.5829
19.9755 103 44.8829
19.9755 104 45.1829
19.9755 105 45.4829
19.9755 106 45.7829
19.9755 107 46.0829
19.9755 108 46.3829
19.9755 109 46.6829
19.9755 110 46.9829
19.9755 111 47.2829
19.9755 112 47.5829
20.5507 76 37.1855
20.5507 77 37.4855
20.5507 78 37.7855
20.1374 92 41.6962
20.0302 94 42.2211
19.9755 97 43.0829
19.9755 98 43.3829
19.9755 99 43.6829
19.9755 100 43.9829
19.9755 101 44.2829
19.9755 102 44.5829
19.9755 103 44.8829
19.9755 104 45.1829
19.9755 105 45.4829
19.9755 107 46.0829
19.9755 108 46.3829
19.9755 110 46.9829
19.9755 111 47.2829
19.9755 112 47.5829
20.5507 77 37.4855
20.5507 78 37.7855
20.1374 91 41.3962
20.1374 92 41.6962
20.0302 94 42.2211
19.9755 96 42.7829
19.9755 97 43.0829
19.9755 98 43.3829
19.9755 99 43.6829
19.9755 100 43.9829
19.9755 101 44.2829
19.9755 104 45.1829
19.9755 105 45.4829
19.9755 106 45.7829
19.9755 107 46.0829
19.9755 108 46.3829
19.9755 109 46.6829
19.9755 110 46.9829
19.9755 111 47.2829
19.9755 112 47.5829
20.5507 76 37.1855
20.5507 77 37.4855
20.5507 78 37.7855
20.3557 87 40.349
20.1374 92 41.6962
20.0302 93 41.9211
20.0302 94 42.2211
19.9755 97 43.0829
19.9755 98 43.3829
19.9755 99 43.6829
19.9755 100 43.9829
19.9755 101 44.2829
19.9755 102 44.5829
19.9755 103 44.8829
19.9755 104 45.1829
19.9755 105 45.4829
19.9755 106 45.7829
19.9755 107 46.0829
19.9755 108 46.3829
19.9755 109 46.6829
19.9755 110 46.9829
19.9755 111 47.2829
19.9755 112 47.5829
20.5507 77 37.4855
20.5507 78 37.7855
20.4833 81 38.6383
20.3557 85 39.749
20.1374 92 41.6962
20.0302 93 41.9211
20.0302 94 42.2211
19.9755 97 43.0829
19.9755 98 43.3829
19.9755 99 43.6829
19.9755 100 43.9829
19.9755 102 44.5829
19.9755 103 44.8829
19.9755 105 45.4829
19.9755 106 45.7829
19.9755 107 46.0829
19.9755 108 46.3829
19.9755 109 46.6829
19.9755 111 47.2829
19.9755 112 47.5829
20.5507 77 37.4855
20.5507 78 37.7855
20.3557 86 40.049
20.1374 92 41.6962
20.0302 94 42.2211
19.9755 95 42.4829
19.9755 97 43.0829
19.9755 98 43.3829
19.9755 99 43.6829
19.9755 100 43.9829
19.9755 101 44.2829
19.9755 102 44.5829
19.9755 103 44.8829
19.9755 104 45.1829
19.9755 105 45.4829
19.9755 106 45.7829
19.9755 107 46.0829
19.9755 108 46.3829
19.9755 109 46.6829
19.9755 110 46.9829
19.9755 111 47.2829
19.9755 112 47.5829
20.7385 70 35.5169
20.5507 77 37.4855
20.5507 78 37.7855
20.3557 84 39.449
20.3557 86 40.049
20.3557 87 40.349
20.1374 92 41.6962
20.0302 94 42.2211
19.9755 96 42.7829
19.9755 97 43.0829
19.9755 98 43.3829
19.9755 99 43.6829
19.9755 100 43.9829
19.9755 101 44.2829
19.9755 102 44.5829
19.9755 103 44.8829
19.9755 104 45.1829
19.9755 105 45.4829
19.9755 106 45.7829
19.9755 108 46.3829
19.9755 109 46.6829
19.9755 110 46.9829
19.9755 111 47.2829
19.9755 112 47.5829
20.5507 77 37.4855
20.5507 78 37.7855
20.3557 85 39.749
20.3557 86 40.049
20.3557 87 40.349
20.1374 92 41.6962
20.0302 94 42.2211
19.9755 96 42.7829
19.9755 97 43.0829
19.9755 98 43.3829
19.9755 99 43.6829
19.9755 100 43.9829
19.9755 101 44.2829
19.9755 102 44.5829
19.9755 103 44.8829
19.9755 104 45.1829
19.9755 105 45.4829
19.9755 106 45.7829
19.9755 108 46.3829
19.9755 109 46.6829
19.9755 110 46.9829
19.9755 111 47.2829
19.9755 112 47.5829
19.8434 115 48.3904
20.5507 76 37.1855
20.5507 77 37.4855
20.5507 78 37.7855
20.3557 85 39.749
20.3557 86 40.049
20.3557 87 40.349
20.1374 90 41.0962
20.1374 92 41.6962
20.0302 93 41.9211
20.0302 94 42.2211
19.9755 96 42.7829
19.9755 97 43.0829
19.9755 98 43.3829
19.9755 99 43.6829
19.9755 101 44.2829
19.9755 102 44.5829
19.9755 103 44.8829
19.9755 104 45.1829
19.9755 105 45.4829
19.9755 106 45.7829
19.9755 107 46.0829
19.9755 108 46.3829
19.9755 109 46.6829
19.9755 110 46.9829
19.9755 111 47.2829
19.9755 112 47.5829
19.8434 116 48.6904
20.5507 77 37.4855
20.5507 78 37.7855
20.3557 85 39.749
20.3557 86 40.049
20.3557 87 40.349
20.1374 91 41.3962
20.1374 92 41.6962
20.0302 93 41.9211
20.0302 94 42.2211
19.9755 96 42.7829
19.9755 97 43.0829
19.9755 98 43.3829
19.9755 99 43.6829
19.9755 101 44.2829
19.9755 102 44.5829
19.9755 103 44.8829
19.9755 104 45.1829
19.9755 105 45.4829
19.9755 106 45.7829
19.9755 107 46.0829
19.9755 108 46.3829
19.9755 109 46.6829
19.9755 110 46.9829
19.9755 112 47.5829
19.8434 116 48.6904
19.8434 117 48.9904
19.8434 121 50.1904
20.8057 67 34.664
20.7385 70 35.5169
20.5507 75 36.8855
20.5507 77 37.4855
20.5507 78 37.7855
20.3557 84 39.449
20.3557 85 39.749
20.3557 86 40.049
20.3557 87 40.349
20.1374 91 41.3962
20.1374 92 41.6962
19.9755 96 42.7829
19.9755 97 43.0829
19.9755 98 43.3829
19.9755 100 43.9829
19.9755 101 44.2829
19.9755 102 44.5829
19.9755 104 45.1829
19.9755 105 45.4829
19.9755 106 45.7829
19.9755 107 46.0829
19.9755 108 46.3829
19.9755 109 46.6829
19.9755 110 46.9829
19.9755 111 47.2829
19.9755 112 47.5829
19.8434 114 48.0904
19.8434 115 48.3904
19.8434 116 48.6904
19.8434 117 48.9904
20.5507 76 37.1855
20.5507 77 37.4855
20.5507 78 37.7855
20.3557 84 39.449
20.3557 85 39.749
20.3557 86 40.049
20.1374 89 40.7962
20.1374 91 41.3962
20.1374 92 41.6962
20.0302 94 42.2211
19.9755 96 42.7829
19.9755 97 43.0829
19.9755 98 43.3829
19.9755 99 43.6829
19.9755 100 43.9829
19.9755 101 44.2829
19.9755 102 44.5829
19.9755 103 44.8829
19.9755 104 45.1829
19.9755 105 45.4829
19.9755 106 45.7829
19.9755 107 46.0829
19.9755 108 46.3829
19.9755 109 46.6829
19.9755 110 46.9829
19.9755 111 47.2829
19.9755 112 47.5829
19.8434 115 48.3904
19.8434 117 48.9904
19.8434 121 50.1904
20.8057 67 34.664
20.5507 76 37.1855
20.5507 77 37.4855
20.5507 78 37.7855
20.3557 85 39.749
20.3557 86 40.049
20.3557 87 40.349
20.1374 90 41.0962
20.1374 91 41.3962
20.1374 92 41.6962
20.0302 94 42.2211
19.9755 96 42.7829
19.9755 97 43.0829
19.9755 98 43.3829
19.9755 99 43.6829
19.9755 100 43.9829
19.9755 101 44.2829
19.9755 102 44.5829
19.9755 103 44.8829
19.9755 104 45.1829
19.9755 105 45.4829
19.9755 106 45.7829
19.9755 107 46.0829
19.9755 108 46.3829
19.9755 111 47.2829
19.9755 112 47.5829
19.8434 115 48.3904
19.8434 116 48.6904
19.8434 117 48.9904
19.8434 122 50.4904
20.5507 77 37.4855
20.5507 78 37.7855
20.3557 85 39.749
20.3557 86 40.049
20.3557 87 40.349
20.1374 90 41.0962
20.1374 91 41.3962
20.1374 92 41.6962
20.0302 93 41.9211
20.0302 94 42.2211
19.9755 96 42.7829
19.9755 97 43.0829
19.9755 98 43.3829
19.9755 99 43.6829
19.9755 100 43.9829
19.9755 101 44.2829
19.9755 102 44.5829
19.9755 104 45.1829
19.9755 105 45.4829
19.9755 106 45.7829
19.9755 107 46.0829
19.9755 108 46.3829
19.9755 109 46.6829
19.9755 110 46.9829
19.9755 112 47.5829
19.8434 114 48.0904
19.8434 115 48.3904
19.8434 116 48.6904
19.8434 118 49.2904
19.8434 123 50.7904
20.5507 75 36.8855
20.5507 76 37.1855
20.5507 77 37.4855
20.5507 78 37.7855
20.4833 80 38.3383
20.3557 85 39.749
20.3557 86 40.049
20.3557 87 40.349
20.1374 90 41.0962
20.1374 91 41.3962
20.1374 92 41.6962
20.0302 94 42.2211
19.9755 96 42.7829
19.9755 97 43.0829
19.9755 98 43.3829
19.9755 99 43.6829
19.9755 100 43.9829
19.9755 101 44.2829
19.9755 102 44.5829
19.9755 103 44.8829
19.9755 104 45.1829
19.9755 105 45.4829
19.9755 106 45.7829
19.9755 107 46.0829
19.9755 108 46.3829
19.9755 109 46.6829
19.9755 110 46.9829
19.9755 111 47.2829
19.9755 112 47.5829
19.8434 115 48.3904
19.8434 116 48.6904
19.8434 117 48.9904
19.8434 118 49.2904
19.8434 122 50.4904
19.8434 124 51.0904
19.8434 129 52.5904
20.5507 76 37.1855
20.5507 77 37.4855
20.5507 78 37.7855
20.4833 81 38.6383
20.3557 84 39.449
20.3557 85 39.749
20.3557 86 40.049
20.3557 87 40.349
20.1374 90 41.0962
20.1374 91 41.3962
20.0302 93 41.9211
20.0302 94 42.2211
19.9755 95 42.4829
19.9755 96 42.7829
19.9755 97 43.0829
19.9755 98 43.3829
19.9755 100 43.9829
19.9755 101 44.2829
19.9755 102 44.5829
19.9755 103 44.8829
19.9755 104 45.1829
19.9755 105 45.4829
19.9755 106 45.7829
19.9755 107 46.0829
19.9755 108 46.3829
19.9755 109 46.6829
19.9755 110 46.9829
19.9755 111 47.2829
19.9755 112 47.5829
19.8434 115 48.3904
20.7385 69 35.2169
20.7385 70 35.5169
20.5507 74 36.5855
20.5507 76 37.1855
20.5507 77 37.4855
20.5507 78 37.7855
20.4833 81 38.6383
20.3557 84 39.449
20.3557 85 39.749
20.3557 86 40.049
20.3557 87 40.349
20.1374 88 40.4962
20.1374 90 41.0962
20.1374 91 41.3962
20.1374 92 41.6962
20.0302 94 42.2211
19.9755 96 42.7829
19.9755 97 43.0829
19.9755 98 43.3829
19.9755 99 43.6829
19.9755 100 43.9829
19.9755 101 44.2829
19.9755 102 44.5829
19.9755 103 44.8829
19.9755 104 45.1829
19.9755 105 45.4829
19.9755 106 45.7829
19.9755 107 46.0829
19.9755 108 46.3829
19.9755 109 46.6829
19.9755 110 46.9829
19.9755 111 47.2829
19.8434 116 48.6904
19.8434 117 48.9904
19.8434 119 49.5904
20.7385 68 34.9169
20.6179 72 36.0325
20.5507 73 36.2855
20.5507 77 37.4855
20.5507 78 37.7855
20.4833 81 38.6383
20.3557 84 39.449
20.3557 85 39.749
20.3557 86 40.049
20.1374 89 40.7962
20.1374 90 41.0962
20.1374 91 41.3962
20.1374 92 41.6962
20.0302 94 42.2211
19.9755 96 42.7829
19.9755 97 43.0829
19.9755 98 43.3829
19.9755 99 43.6829
19.9755 100 43.9829
19.9755 101 44.2829
19.9755 102 44.5829
19.9755 103 44.8829
19.9755 104 45.1829
19.9755 105 45.4829
19.9755 106 45.7829
19.9755 107 46.0829
19.9755 108 46.3829
19.9755 109 46.6829
19.9755 110 46.9829
19.9755 111 47.2829
19.9755 112 47.5829
19.8434 115 48.3904
20.7385 67 34.6169
20.7385 70 35.5169
20.6179 72 36.0325
20.5507 74 36.5855
20.5507 75 36.8855
20.5507 76 37.1855
20.5507 77 37.4855
20.5507 78 37.7855
20.4833 80 38.3383
20.4833 81 38.6383
20.3557 85 39.749
20.3557 86 40.049
20.3557 87 40.349
20.1374 89 40.7962
20.1374 90 41.0962
20.1374 91 41.3962
20.1374 92 41.6962
20.0302 93 41.9211
20.0302 94 42.2211
19.9755 96 42.7829
19.9755 97 43.0829
19.9755 98 43.3829
19.9755 99 43.6829
19.9755 100 43.9829
19.9755 101 44.2829
19.9755 102 44.5829
19.9755 103 44.8829
19.9755 104 45.1829
19.9755 105 45.4829
19.9755 106 45.7829
19.9755 107 46.0829
19.9755 108 46.3829
19.9755 109 46.6829
19.9755 110 46.9829
19.9755 111 47.2829
19.9755 112 47.5829
19.8434 116 48.6904
19.8434 121 50.1904
19.8434 122 50.4904
20.8057 67 34.664
20.7385 68 34.9169
20.7385 69 35.2169
20.7385 70 35.5169
20.5507 74 36.5855
20.5507 75 36.8855
20.5507 76 37.1855
20.5507 77 37.4855
20.5507 78 37.7855
20.4833 81 38.6383
20.3557 87 40.349
20.1374 89 40.7962
20.1374 90 41.0962
20.1374 91 41.3962
20.0302 94 42.2211
19.9755 96 42.7829
19.9755 97 43.0829
19.9755 98 43.3829
19.9755 99 43.6829
19.9755 100 43.9829
19.9755 102 44.5829
19.9755 103 44.8829
19.9755 104 45.1829
19.9755 105 45.4829
19.9755 106 45.7829
19.9755 107 46.0829
19.9755 109 46.6829
19.9755 110 46.9829
19.9755 111 47.2829
19.9755 112 47.5829
19.8434 115 48.3904
19.8434 120 49.8904
19.8434 121 50.1904
19.8434 122 50.4904
20.8057 67 34.664
20.7385 68 34.9169
20.7385 69 35.2169
20.7385 70 35.5169
20.6179 72 36.0325
20.5507 74 36.5855
20.5507 75 36.8855
20.5507 76 37.1855
20.5507 77 37.4855
20.5507 78 37.7855
20.4833 81 38.6383
20.463 82 38.9241
20.3557 86 40.049
20.3557 87 40.349
20.1374 89 40.7962
20.1374 90 41.0962
20.1374 91 41.3962
20.1374 92 41.6962
20.0302 94 42.2211
19.9755 97 43.0829
19.9755 98 43.3829
19.9755 99 43.6829
19.9755 100 43.9829
19.9755 101 44.2829
19.9755 103 44.8829
19.9755 104 45.1829
19.9755 105 45.4829
19.9755 106 45.7829
19.9755 107 46.0829
19.9755 108 46.3829
19.9755 109 46.6829
19.9755 110 46.9829
19.9755 111 47.2829
19.9755 112 47.5829
19.8434 115 48.3904
19.8434 120 49.8904
20.7385 68 34.9169
20.7385 69 35.2169
20.7385 70 35.5169
20.6179 71 35.7325
20.5507 74 36.5855
20.5507 75 36.8855
20.5507 76 37.1855
20.5507 77 37.4855
20.5507 78 37.7855
20.4833 80 38.3383
20.4833 81 38.6383
20.3557 85 39.749
20.3557 86 40.049
20.3557 87 40.349
20.1374 89 40.7962
20.1374 90 41.0962
20.1374 91 41.3962
20.1374 92 41.6962
20.0302 93 41.9211
20.0302 94 42.2211
19.9755 96 42.7829
19.9755 97 43.0829
19.9755 98 43.3829
19.9755 99 43.6829
19.9755 100 43.9829
19.9755 101 44.2829
19.9755 102 44.5829
19.9755 103 44.8829
19.9755 104 45.1829
19.9755 105 45.4829
19.9755 106 45.7829
19.9755 107 46.0829
19.9755 108 46.3829
19.9755 109 46.6829
19.9755 110 46.9829
19.9755 111 47.2829
19.9755 112 47.5829
19.8434 115 48.3904
19.8434 116 48.6904
19.8434 120 49.8904
19.8434 122 50.4904
20.7385 68 34.9169
20.7385 69 35.2169
20.7385 70 35.5169
20.6179 72 36.0325
20.5507 74 36.5855
20.5507 75 36.8855
20.5507 76 37.1855
20.5507 77 37.4855
20.5507 78 37.7855
20.4833 80 38.3383
20.4833 81 38.6383
20.3557 85 39.749
20.3557 86 40.049
20.3557 87 40.349
20.1374 88 40.4962
20.1374 89 40.7962
20.1374 90 41.0962
20.1374 91 41.3962
20.1374 92 41.6962
20.0302 93 41.9211
20.0302 94 42.2211
19.9755 95 42.4829
19.9755 96 42.7829
19.9755 97 43.0829
19.9755 98 43.3829
19.9755 99 43.6829
19.9755 100 43.9829
19.9755 102 44.5829
19.9755 103 44.8829
19.9755 104 45.1829
19.9755 105 45.4829
19.9755 106 45.7829
19.9755 107 46.0829
19.9755 108 46.3829
19.9755 110 46.9829
19.9755 111 47.2829
19.9755 112 47.5829
19.8434 115 48.3904
19.8434 116 48.6904
19.8434 117 48.9904
19.8434 120 49.8904
19.8434 121 50.1904
20.8057 66 34.364
20.7385 67 34.6169
20.7385 68 34.9169
20.7385 69 35.2169
20.6179 72 36.0325
20.5507 74 36.5855
20.5507 75 36.8855
20.5507 76 37.1855
20.4833 81 38.6383
20.3557 83 39.149
20.3557 85 39.749
20.3557 86 40.049
20.3557 87 40.349
20.1374 89 40.7962
20.1374 90 41.0962
20.1374 91 41.3962
20.1374 92 41.6962
20.0302 94 42.2211
19.9755 96 42.7829
19.9755 97 43.0829
19.9755 98 43.3829
19.9755 99 43.6829
19.9755 100 43.9829
19.9755 102 44.5829
19.9755 103 44.8829
19.9755 104 45.1829
19.9755 105 45.4829
19.9755 106 45.7829
19.9755 107 46.0829
19.9755 108 46.3829
19.9755 109 46.6829
19.9755 110 46.9829
19.9755 111 47.2829
19.9755 112 47.5829
19.8434 115 48.3904
19.8434 116 48.6904
19.8434 118 49.2904
19.8434 121 50.1904
19.8434 122 50.4904
19.8434 123 50.7904
20.8057 66 34.364
20.7385 67 34.6169
20.8057 67 34.664
20.7385 69 35.2169
20.6179 72 36.0325
20.5507 74 36.5855
20.5507 75 36.8855
20.5507 76 37.1855
20.5507 77 37.4855
20.5507 78 37.7855
20.4833 81 38.6383
20.4436 83 39.2105
20.3557 84 39.449
20.3557 85 39.749
20.3557 86 40.049
20.3557 87 40.349
20.1374 89 40.7962
20.1374 90 41.0962
20.1374 91 41.3962
20.1374 92 41.6962
19.9755 96 42.7829
19.9755 97 43.0829
19.9755 98 43.3829
19.9755 99 43.6829
19.9755 100 43.9829
19.9755 101 44.2829
19.9755 102 44.5829
19.9755 103 44.8829
19.9755 104 45.1829
19.9755 105 45.4829
19.9755 106 45.7829
19.9755 107 46.0829
19.9755 109 46.6829
19.9755 110 46.9829
19.9755 111 47.2829
19.9755 112 47.5829
19.8434 113 47.7904
19.8434 115 48.3904
19.8434 122 50.4904
20.7385 68 34.9169
20.7385 69 35.2169
20.6179 71 35.7325
20.6179 72 36.0325
20.5507 74 36.5855
20.5507 75 36.8855
20.5507 76 37.1855
20.5507 77 37.4855
20.5507 78 37.7855
20.4833 81 38.6383
20.3557 84 39.449
20.3557 86 40.049
20.3557 87 40.349
20.1374 89 40.7962
20.1374 90 41.0962
20.1374 91 41.3962
20.1374 92 41.6962
20.0302 94 42.2211
19.9755 96 42.7829
19.9755 97 43.0829
19.9755 98 43.3829
19.9755 99 43.6829
19.9755 100 43.9829
19.9755 101 44.2829
19.9755 103 44.8829
19.9755 104 45.1829
19.9755 105 45.4829
19.9755 106 45.7829
19.9755 107 46.0829
19.9755 108 46.3829
19.9755 109 46.6829
19.9755 110 46.9829
19.9755 111 47.2829
19.9463 112 47.5624
19.9755 112 47.5829
19.8434 114 48.0904
19.8434 115 48.3904
19.8434 116 48.6904
20.8057 67 34.664
20.7385 68 34.9169
20.7385 69 35.2169
20.7385 70 35.5169
20.6179 72 36.0325
20.5507 74 36.5855
20.5507 75 36.8855
20.5507 76 37.1855
20.5507 77 37.4855
20.4833 79 38.0383
20.4833 80 38.3383
20.3557 84 39.449
20.3557 85 39.749
20.3557 86 40.049
20.3557 87 40.349
20.1374 89 40.7962
20.1374 90 41.0962
20.1374 91 41.3962
20.0302 93 41.9211
20.0302 94 42.2211
19.9797 95 42.4858
19.9755 96 42.7829
19.9755 97 43.0829
19.9755 98 43.3829
19.9755 100 43.9829
19.9755 102 44.5829
19.9755 103 44.8829
19.9755 104 45.1829
19.9755 105 45.4829
19.9755 106 45.7829
19.9755 109 46.6829
19.9755 110 46.9829
19.9755 111 47.2829
19.8434 112 47.4904
19.9755 112 47.5829
19.8434 114 48.0904
20.8057 65 34.064
20.8057 66 34.364
20.8057 67 34.664
20.7385 68 34.9169
20.7385 69 35.2169
20.5781 72 36.0047
20.6179 72 36.0325
20.5507 74 36.5855
20.5507 75 36.8855
20.5507 76 37.1855
20.5507 77 37.4855
20.5507 78 37.7855
20.4833 80 38.3383
20.4833 81 38.6383
20.3557 84 39.449
20.3557 85 39.749
20.3557 86 40.049
20.2752 87 40.2927
20.3557 87 40.349
20.1374 88 40.4962
20.1374 89 40.7962
20.1374 90 41.0962
20.1374 91 41.3962
20.1374 92 41.6962
20.0302 94 42.2211
19.9755 96 42.7829
19.9755 97 43.0829
19.9755 98 43.3829
19.9755 99 43.6829
19.9755 100 43.9829
19.9755 101 44.2829
19.9755 102 44.5829
19.9755 103 44.8829
19.9755 104 45.1829
19.9755 106 45.7829
19.9755 107 46.0829
19.9755 108 46.3829
19.9755 109 46.6829
19.9755 110 46.9829
19.9755 111 47.2829
19.9755 112 47.5829
19.8434 113 47.7904
19.8434 114 48.0904
19.8434 117 48.9904
19.8434 118 49.2904
20.8057 66 34.364
20.8057 67 34.664
20.7385 68 34.9169
20.7385 69 35.2169
20.7385 70 35.5169
20.6179 71 35.7325
20.6179 72 36.0325
20.5507 74 36.5855
20.5507 75 36.8855
20.5507 76 37.1855
20.5507 77 37.4855
20.4833 78 37.7383
20.4833 80 38.3383
20.4833 81 38.6383
20.463 82 38.9241
20.3557 84 39.449
20.3557 85 39.749
20.3557 86 40.049
20.2752 87 40.2927
20.3557 87 40.349
20.2752 88 40.5927
20.1374 89 40.7962
20.1374 90 41.0962
20.1374 91 41.3962
20.1374 92 41.6962
19.9797 94 42.1858
20.0302 94 42.2211
19.9755 95 42.4829
19.9755 96 42.7829
19.9755 97 43.0829
19.9755 98 43.3829
19.9755 100 43.9829
19.9755 101 44.2829
19.9755 102 44.5829
19.9755 103 44.8829
19.9755 104 45.1829
19.9755 105 45.4829
19.9755 106 45.7829
19.9755 108 46.3829
19.9755 109 46.6829
19.9755 110 46.9829
19.9755 111 47.2829
19.9755 112 47.5829
20.8057 66 34.364
20.8057 67 34.664
20.7385 68 34.9169
20.7385 69 35.2169
20.7385 70 35.5169
20.6179 72 36.0325
20.5507 74 36.5855
20.5507 75 36.8855
20.5507 76 37.1855
20.5507 77 37.4855
20.5507 78 37.7855
20.4833 79 38.0383
20.4833 80 38.3383
20.4833 81 38.6383
20.4436 82 38.9105
20.3557 84 39.449
20.3557 85 39.749
20.3557 86 40.049
20.3557 87 40.349
20.2752 88 40.5927
20.1374 89 40.7962
20.1374 90 41.0962
20.1374 91 41.3962
20.0302 94 42.2211
19.9797 95 42.4858
19.9755 96 42.7829
19.9755 97 43.0829
19.9755 99 43.6829
19.9755 100 43.9829
19.9755 101 44.2829
19.9755 102 44.5829
19.9755 103 44.8829
19.9755 104 45.1829
19.9755 105 45.4829
19.9755 106 45.7829
19.9755 107 46.0829
19.9755 108 46.3829
19.9755 110 46.9829
19.9755 111 47.2829
19.9755 112 47.5829
20.8057 66 34.364
20.8057 67 34.664
20.7385 68 34.9169
20.7385 69 35.2169
20.6179 70 35.4325
20.7385 70 35.5169
20.6179 71 35.7325
20.5507 72 35.9855
20.6179 72 36.0325
20.5507 73 36.2855
20.5507 74 36.5855
20.5507 75 36.8855
20.5507 76 37.1855
20.5507 77 37.4855
20.5507 78 37.7855
20.4833 79 38.0383
20.4833 80 38.3383
20.463 81 38.6241
20.4833 81 38.6383
20.463 82 38.9241
20.4436 83 39.2105
20.3557 85 39.749
20.3557 86 40.049
20.3557 87 40.349
20.2752 88 40.5927
20.1374 89 40.7962
20.1374 90 41.0962
20.1374 91 41.3962
20.1189 92 41.6832
20.1374 92 41.6962
19.9797 94 42.1858
20.0302 94 42.2211
19.9797 95 42.4858
19.9755 96 42.7829
19.9755 97 43.0829
19.9755 98 43.3829
19.9755 99 43.6829
19.9755 100 43.9829
19.9755 101 44.2829
19.9755 102 44.5829
19.9755 103 44.8829
19.9755 104 45.1829
19.9755 105 45.4829
19.9755 106 45.7829
19.9755 107 46.0829
19.9755 110 46.9829
19.3711 149 58.2598
