19.2321 104 78.5696
19.2321 104 78.5696
19.2155 108 81.3646
19.0192 128 95.3058
19.2155 108 81.3646
19.0658 126 93.9198
19.0192 127 94.6058
19.0192 129 96.0058
19.0192 133 98.8058
19.0192 136 100.906
19.2321 104 78.5696
19.0658 125 93.2198
19.0192 126 93.9058
19.0192 128 95.3058
19.0192 129 96.0058
19.0192 132 98.1058
19.0192 136 100.906
19.2321 103 77.8696
19.2155 108 81.3646
19.0658 126 93.9198
19.0192 127 94.6058
19.0192 128 95.3058
19.0192 129 96.0058
19.0192 131 97.4058
19.0192 133 98.8058
19.0192 135 100.206
19.2321 104 78.5696
19.2155 107 80.6646
19.0658 124 92.5198
19.0658 125 93.2198
19.0192 127 94.6058
19.0192 128 95.3058
19.0192 129 96.0058
19.0192 134 99.5058
19.0192 135 100.206
19.0192 136 100.906
19.2321 104 78.5696
19.2155 107 80.6646
19.2155 108 81.3646
19.0658 123 91.8198
19.0658 125 93.2198
19.0192 127 94.6058
19.0192 128 95.3058
19.0192 129 96.0058
19.0192 130 96.7058
19.0192 132 98.1058
19.0192 137 101.606
19.3428 101 76.5028
19.2321 102 77.1696
19.2321 104 78.5696
19.2155 107 80.6646
19.2155 108 81.3646
19.0658 122 91.1198
19.0658 124 92.5198
19.0658 125 93.2198
19.0658 126 93.9198
19.0192 127 94.6058
19.0192 128 95.3058
19.0192 129 96.0058
19.0192 130 96.7058
19.0192 131 97.4058
19.0192 136 100.906
19.0192 138 102.306
19.2321 103 77.8696
19.2321 104 78.5696
19.2155 108 81.3646
19.0658 121 90.4198
19.0658 123 91.8198
19.0658 124 92.5198
19.0658 125 93.2198
19.0192 127 94.6058
19.0192 128 95.3058
19.3594 98 74.4078
19.3428 100 75.8028
19.2321 103 77.8696
19.2321 104 78.5696
19.2155 108 81.3646
19.0658 121 90.4198
19.0658 122 91.1198
19.0658 123 91.8198
19.0658 124 92.5198
19.0658 125 93.2198
19.0658 126 93.9198
19.0192 127 94.6058
19.0192 128 95.3058
19.0192 131 97.4058
20.6812 83 64.3044
19.3594 98 74.4078
19.3428 101 76.5028
19.2321 103 77.8696
19.2321 104 78.5696
19.2155 107 80.6646
19.2155 108 81.3646
19.0658 120 89.7198
19.0658 122 91.1198
19.0658 124 92.5198
19.0658 125 93.2198
19.0658 126 93.9198
19.0192 127 94.6058
19.0192 128 95.3058
19.3428 100 75.8028
19.3428 101 76.5028
19.2321 103 77.8696
19.2321 104 78.5696
19.2155 106 79.9646
19.2155 108 81.3646
19.0658 121 90.4198
19.0658 122 91.1198
19.0658 123 91.8198
19.0658 124 92.5198
19.0658 125 93.2198
20.6812 82 63.6044
19.3428 100 75.8028
19.3428 101 76.5028
19.2321 103 77.8696
19.2321 104 78.5696
19.2155 107 80.6646
19.2155 108 81.3646
19.0658 121 90.4198
19.0658 122 91.1198
19.0658 123 91.8198
19.0658 124 92.5198
19.0658 126 93.9198
20.6812 83 64.3044
19.3594 98 74.4078
19.3428 101 76.5028
19.2321 102 77.1696
19.2321 103 77.8696
19.2321 104 78.5696
19.2155 106 79.9646
19.2155 107 80.6646
19.2155 108 81.3646
19.0658 120 89.7198
19.0658 121 90.4198
19.0658 122 91.1198
19.0658 123 91.8198
19.0658 125 93.2198
19.0658 126 93.9198
20.6812 83 64.3044
19.3428 101 76.5028
19.2321 103 77.8696
19.2321 104 78.5696
19.2155 108 81.3646
19.0658 120 89.7198
19.0658 121 90.4198
19.0658 122 91.1198
19.0658 124 92.5198
19.0658 125 93.2198
19.0658 126 93.9198
20.6812 83 64.3044
19.6818 95 72.4045
19.3428 101 76.5028
19.2321 104 78.5696
19.2155 108 81.3646
19.0658 121 90.4198
19.0658 122 91.1198
19.0658 123 91.8198
19.0658 125 93.2198
19.0658 126 93.9198
20.6812 83 64.3044
19.3428 101 76.5028
19.2321 103 77.8696
19.2321 104 78.5696
19.2155 106 79.9646
19.2155 107 80.6646
19.2155 108 81.3646
19.0658 122 91.1198
19.0658 123 91.8198
19.0658 124 92.5198
19.0658 125 93.2198
20.6812 82 63.6044
20.6812 83 64.3044
19.6818 95 72.4045
19.3428 99 75.1028
19.3428 101 76.5028
19.2321 103 77.8696
19.2321 104 78.5696
19.2155 106 79.9646
19.2155 107 80.6646
19.2155 108 81.3646
19.0787 115 86.2236
19.0658 120 89.7198
19.0658 121 90.4198
19.0658 122 91.1198
20.6812 83 64.3044
19.3428 100 75.8028
19.3428 101 76.5028
19.2321 103 77.8696
19.2321 104 78.5696
19.2155 107 80.6646
19.2155 108 81.3646
19.0787 116 86.9236
19.0658 120 89.7198
19.0658 121 90.4198
19.0658 122 91.1198
20.6812 83 64.3044
19.7077 93 71.0123
19.3428 99 75.1028
19.3428 100 75.8028
19.3428 101 76.5028
19.2321 103 77.8696
19.2321 104 78.5696
19.2155 107 80.6646
19.2155 108 81.3646
19.0787 116 86.9236
19.0787 117 87.6236
19.0658 121 90.4198
19.0658 122 91.1198
19.0658 123 91.8198
20.6812 83 64.3044
19.3594 97 73.7078
19.3428 100 75.8028
19.3428 101 76.5028
19.2321 103 77.8696
19.2155 106 79.9646
19.2155 107 80.6646
19.2155 108 81.3646
19.0787 116 86.9236
19.0787 117 87.6236
19.0658 121 90.4198
19.0658 122 91.1198
19.0658 126 93.9198
20.6812 83 64.3044
19.3594 98 74.4078
19.3428 99 75.1028
19.3428 100 75.8028
19.2321 101 76.4696
19.3428 101 76.5028
19.2321 104 78.5696
19.2155 107 80.6646
19.2155 108 81.3646
19.0787 116 86.9236
19.0787 117 87.6236
19.0658 121 90.4198
19.0658 122 91.1198
19.0658 123 91.8198
20.1164 83 64.1349
20.6812 83 64.3044
20.1108 87 66.9332
19.3594 96 73.0078
19.3594 98 74.4078
19.3428 100 75.8028
19.3428 101 76.5028
19.2321 102 77.1696
19.2321 103 77.8696
19.2321 104 78.5696
19.2155 107 80.6646
19.2155 108 81.3646
19.0787 115 86.2236
19.0787 116 86.9236
19.0787 117 87.6236
19.0658 119 89.0198
19.0658 121 90.4198
19.0658 122 91.1198
19.0658 123 91.8198
20.6812 83 64.3044
19.7077 93 71.0123
19.6818 94 71.7045
19.3594 97 73.7078
19.3594 98 74.4078
19.3428 99 75.1028
19.3428 100 75.8028
19.3428 101 76.5028
19.2321 102 77.1696
19.2321 103 77.8696
19.2321 104 78.5696
19.2155 107 80.6646
19.2155 108 81.3646
19.0787 116 86.9236
19.0787 117 87.6236
19.0658 120 89.7198
19.0658 121 90.4198
19.0658 122 91.1198
20.6812 83 64.3044
20.1108 87 66.9332
19.7077 92 70.3123
19.7077 93 71.0123
19.6818 95 72.4045
19.3594 96 73.0078
19.3594 97 73.7078
19.3594 98 74.4078
19.3428 99 75.1028
19.3428 100 75.8028
19.2321 101 76.4696
19.2321 102 77.1696
19.2321 103 77.8696
19.2321 104 78.5696
19.2155 107 80.6646
19.2155 108 81.3646
19.0787 115 86.2236
19.0787 116 86.9236
19.0787 117 87.6236
19.0658 120 89.7198
19.0658 121 90.4198
19.0658 122 91.1198
19.0658 123 91.8198
20.6812 83 64.3044
19.6818 93 71.0045
19.7077 93 71.0123
19.6818 95 72.4045
19.3594 97 73.7078
19.3594 98 74.4078
19.3428 100 75.8028
19.3428 101 76.5028
19.2321 102 77.1696
19.2321 103 77.8696
19.2321 104 78.5696
19.2155 107 80.6646
19.2155 108 81.3646
19.0954 112 84.1286
19.0787 115 86.2236
19.0787 116 86.9236
19.0787 117 87.6236
19.0658 119 89.0198
19.0658 120 89.7198
19.0658 121 90.4198
19.0658 122 91.1198
19.0658 123 91.8198
19.0658 125 93.2198
20.6812 81 62.9044
20.6812 83 64.3044
20.1108 87 66.9332
19.7077 93 71.0123
19.6818 94 71.7045
19.6818 95 72.4045
19.3594 96 73.0078
19.3594 97 73.7078
19.3428 98 74.4028
19.3594 98 74.4078
19.3428 99 75.1028
19.3428 100 75.8028
19.3428 101 76.5028
19.2321 102 77.1696
19.2321 103 77.8696
19.2321 104 78.5696
19.2155 106 79.9646
19.2155 107 80.6646
19.2155 108 81.3646
19.0787 116 86.9236
19.0658 120 89.7198
20.6812 82 63.6044
20.6812 83 64.3044
20.1108 87 66.9332
19.7077 92 70.3123
19.6818 94 71.7045
19.6818 95 72.4045
19.3594 96 73.0078
19.3594 97 73.7078
19.3594 98 74.4078
19.3428 99 75.1028
19.3428 100 75.8028
19.3428 101 76.5028
19.2321 102 77.1696
19.2321 103 77.8696
19.2321 104 78.5696
19.2155 107 80.6646
19.2155 108 81.3646
19.0787 116 86.9236
19.0787 117 87.6236
19.0658 119 89.0198
19.0658 120 89.7198
19.0658 121 90.4198
19.0658 126 93.9198
20.6812 82 63.6044
20.6812 83 64.3044
20.1044 88 67.6313
20.1072 88 67.6321
19.7077 91 69.6123
19.6818 93 71.0045
19.7077 93 71.0123
19.6818 94 71.7045
19.6818 95 72.4045
19.3594 96 73.0078
19.3594 97 73.7078
19.3594 98 74.4078
19.3428 99 75.1028
19.3428 100 75.8028
19.3428 101 76.5028
19.2321 102 77.1696
19.2321 103 77.8696
19.2155 105 79.2646
19.2155 107 80.6646
19.2155 108 81.3646
19.0954 111 83.4286
19.0787 116 86.9236
19.0658 118 88.3198
19.0658 120 89.7198
19.0658 122 91.1198
19.0658 126 93.9198
20.6812 82 63.6044
20.6812 83 64.3044
20.1072 87 66.9322
20.1108 87 66.9332
19.7077 90 68.9123
19.7077 92 70.3123
19.6818 93 71.0045
19.7077 93 71.0123
19.6818 94 71.7045
19.6818 95 72.4045
19.3594 96 73.0078
19.3594 97 73.7078
19.3594 98 74.4078
19.3428 99 75.1028
19.3428 100 75.8028
19.3428 101 76.5028
19.2321 102 77.1696
19.2321 103 77.8696
19.2321 104 78.5696
19.2155 105 79.2646
19.2155 106 79.9646
19.2155 107 80.6646
19.2155 108 81.3646
19.0954 112 84.1286
19.0787 114 85.5236
19.0787 116 86.9236
19.0787 117 87.6236
19.0658 120 89.7198
19.0658 121 90.4198
19.0658 122 91.1198
19.0658 124 92.5198
19.0658 125 93.2198
20.6812 82 63.6044
20.6812 83 64.3044
20.1072 88 67.6321
19.7077 91 69.6123
19.7077 92 70.3123
19.7077 93 71.0123
19.6818 94 71.7045
19.5804 95 72.3741
19.6818 95 72.4045
19.3594 97 73.7078
19.3594 98 74.4078
19.3428 99 75.1028
19.3428 100 75.8028
19.3428 101 76.5028
19.2321 102 77.1696
19.2321 103 77.8696
19.2321 104 78.5696
19.2155 106 79.9646
19.2155 107 80.6646
19.2155 108 81.3646
19.0954 110 82.7286
19.0954 112 84.1286
19.0787 115 86.2236
19.0787 116 86.9236
19.0787 117 87.6236
19.0658 119 89.0198
19.0658 120 89.7198
19.0658 121 90.4198
19.0658 122 91.1198
19.0658 124 92.5198
19.0658 125 93.2198
19.0658 126 93.9198
20.6812 82 63.6044
20.6812 83 64.3044
20.1044 88 67.6313
20.1072 88 67.6321
19.7077 91 69.6123
19.7077 92 70.3123
19.7077 93 71.0123
19.6818 94 71.7045
19.5804 95 72.3741
19.6818 95 72.4045
19.3594 97 73.7078
19.3594 98 74.4078
19.3428 100 75.8028
19.3428 101 76.5028
19.2321 102 77.1696
19.2321 103 77.8696
19.2321 104 78.5696
19.2155 106 79.9646
19.2155 107 80.6646
19.2155 108 81.3646
19.0954 110 82.7286
19.0954 111 83.4286
19.0954 112 84.1286
19.0787 115 86.2236
19.0787 116 86.9236
19.0787 117 87.6236
19.0658 119 89.0198
19.0658 120 89.7198
19.0658 121 90.4198
19.0658 122 91.1198
19.0658 123 91.8198
19.0658 126 93.9198
20.6812 82 63.6044
20.1164 83 64.1349
20.6812 83 64.3044
20.1072 88 67.6321
19.7077 91 69.6123
19.7077 92 70.3123
19.7077 93 71.0123
19.6818 94 71.7045
19.6818 95 72.4045
19.3594 96 73.0078
19.3594 97 73.7078
19.3428 99 75.1028
19.3428 100 75.8028
19.3428 101 76.5028
19.2321 102 77.1696
19.2321 103 77.8696
19.2321 104 78.5696
19.2155 105 79.2646
19.2155 106 79.9646
19.2155 107 80.6646
19.2155 108 81.3646
19.0954 110 82.7286
19.0954 111 83.4286
19.0954 112 84.1286
19.0787 115 86.2236
19.0787 116 86.9236
19.0787 117 87.6236
19.0658 119 89.0198
19.0658 120 89.7198
20.6812 82 63.6044
20.6812 83 64.3044
20.1108 86 66.2332
20.1072 87 66.9322
19.7077 91 69.6123
19.7077 92 70.3123
19.7077 93 71.0123
19.6818 94 71.7045
19.3594 95 72.3078
19.6818 95 72.4045
19.3594 97 73.7078
19.3594 98 74.4078
19.3428 99 75.1028
19.3428 100 75.8028
19.3428 101 76.5028
19.2321 102 77.1696
19.2321 103 77.8696
19.2321 104 78.5696
19.2155 105 79.2646
19.2155 106 79.9646
19.2155 107 80.6646
19.2155 108 81.3646
19.0954 111 83.4286
19.0954 112 84.1286
19.0787 115 86.2236
19.0787 116 86.9236
19.0787 117 87.6236
19.0658 119 89.0198
19.0658 120 89.7198
19.0658 121 90.4198
19.0658 126 93.9198
20.6812 82 63.6044
20.6812 83 64.3044
20.1072 87 66.9322
20.1108 87 66.9332
20.1072 88 67.6321
19.7077 91 69.6123
19.7077 92 70.3123
19.7077 93 71.0123
19.6818 94 71.7045
19.6818 95 72.4045
19.3594 96 73.0078
19.3594 97 73.7078
19.3594 98 74.4078
19.3428 99 75.1028
19.3428 100 75.8028
19.3428 101 76.5028
19.2321 102 77.1696
19.2321 103 77.8696
19.2321 104 78.5696
19.2155 106 79.9646
19.2155 107 80.6646
19.2155 108 81.3646
19.0954 111 83.4286
19.0954 112 84.1286
19.0787 115 86.2236
19.0787 116 86.9236
19.0787 117 87.6236
19.0658 119 89.0198
19.0658 120 89.7198
19.0658 121 90.4198
19.0658 124 92.5198
19.0658 125 93.2198
19.0658 126 93.9198
20.6812 82 63.6044
20.6812 83 64.3044
20.1108 85 65.5332
20.1108 86 66.2332
20.1108 87 66.9332
20.1072 88 67.6321
19.7077 91 69.6123
19.7077 92 70.3123
19.7077 93 71.0123
19.6818 94 71.7045
19.6818 95 72.4045
19.3594 96 73.0078
19.3594 97 73.7078
19.3594 98 74.4078
19.3428 99 75.1028
19.3428 100 75.8028
19.2321 102 77.1696
19.2321 103 77.8696
19.2321 104 78.5696
19.2155 105 79.2646
19.2155 106 79.9646
19.2155 107 80.6646
19.2155 108 81.3646
19.0954 111 83.4286
19.0954 112 84.1286
19.0787 115 86.2236
19.0787 116 86.9236
19.0787 117 87.6236
19.0658 119 89.0198
19.0658 120 89.7198
19.0658 121 90.4198
19.0658 122 91.1198
19.0658 123 91.8198
20.6812 82 63.6044
20.6812 83 64.3044
20.1108 86 66.2332
20.1108 87 66.9332
20.1072 88 67.6321
19.7077 91 69.6123
19.7077 92 70.3123
19.7077 93 71.0123
19.6818 94 71.7045
19.6818 95 72.4045
19.3594 96 73.0078
19.3594 97 73.7078
19.3594 98 74.4078
19.3428 99 75.1028
19.3428 100 75.8028
19.3428 101 76.5028
19.2321 102 77.1696
19.2321 103 77.8696
19.2321 104 78.5696
19.2155 105 79.2646
19.2155 106 79.9646
19.2155 107 80.6646
19.2155 108 81.3646
19.0954 110 82.7286
19.0954 111 83.4286
19.0954 112 84.1286
19.0787 115 86.2236
19.0787 116 86.9236
19.0787 117 87.6236
19.0658 119 89.0198
19.0658 120 89.7198
19.0658 121 90.4198
19.0658 122 91.1198
19.0658 123 91.8198
19.0658 124 92.5198
20.6812 82 63.6044
20.6812 83 64.3044
20.1108 86 66.2332
20.1108 87 66.9332
20.1072 88 67.6321
19.7077 91 69.6123
19.7077 92 70.3123
19.7077 93 71.0123
19.6818 94 71.7045
19.6818 95 72.4045
19.3594 96 73.0078
19.3594 98 74.4078
19.3428 99 75.1028
19.3428 100 75.8028
19.3428 101 76.5028
19.2321 102 77.1696
19.2321 103 77.8696
19.2321 104 78.5696
19.2155 106 79.9646
19.2155 107 80.6646
19.2155 108 81.3646
19.0954 109 82.0286
19.0954 111 83.4286
19.0954 112 84.1286
19.0787 115 86.2236
19.0787 116 86.9236
19.0787 117 87.6236
19.0658 119 89.0198
19.0658 120 89.7198
19.0658 121 90.4198
19.0658 126 93.9198
20.6812 82 63.6044
20.1164 83 64.1349
20.6812 83 64.3044
20.1108 86 66.2332
20.1108 87 66.9332
20.1072 88 67.6321
19.7077 91 69.6123
19.7077 92 70.3123
19.7077 93 71.0123
19.6818 94 71.7045
19.6818 95 72.4045
19.3594 96 73.0078
19.3594 97 73.7078
19.3594 98 74.4078
19.3428 99 75.1028
19.3428 100 75.8028
19.3428 101 76.5028
19.2321 102 77.1696
19.2321 103 77.8696
19.2321 104 78.5696
19.2155 106 79.9646
19.2155 107 80.6646
19.2155 108 81.3646
19.0954 110 82.7286
19.0954 111 83.4286
19.0954 112 84.1286
19.0787 114 85.5236
19.0787 115 86.2236
19.0787 116 86.9236
19.0787 117 87.6236
19.0658 119 89.0198
19.0658 120 89.7198
19.0658 124 92.5198
20.6812 82 63.6044
20.6812 83 64.3044
20.1108 84 64.8332
20.1108 86 66.2332
20.1108 87 66.9332
20.1072 88 67.6321
19.7077 91 69.6123
19.7077 92 70.3123
19.7077 93 71.0123
19.6818 94 71.7045
19.6818 95 72.4045
19.3594 96 73.0078
19.3594 97 73.7078
19.3594 98 74.4078
19.3428 99 75.1028
19.3428 100 75.8028
19.3428 101 76.5028
19.2321 102 77.1696
19.2321 103 77.8696
19.2321 104 78.5696
19.2155 106 79.9646
19.2155 107 80.6646
19.2155 108 81.3646
19.0954 110 82.7286
19.0954 111 83.4286
19.0954 112 84.1286
19.0787 113 84.8236
19.0787 115 86.2236
19.0787 116 86.9236
19.0787 117 87.6236
19.0658 119 89.0198
19.0658 120 89.7198
19.0658 121 90.4198
20.6812 82 63.6044
20.6812 83 64.3044
20.1108 85 65.5332
20.1108 86 66.2332
20.1108 87 66.9332
20.1072 88 67.6321
19.7077 90 68.9123
19.7077 91 69.6123
19.7077 92 70.3123
19.7077 93 71.0123
19.6818 94 71.7045
19.6818 95 72.4045
19.3594 96 73.0078
19.3594 97 73.7078
19.3594 98 74.4078
19.3428 99 75.1028
19.3428 100 75.8028
19.3428 101 76.5028
19.2321 102 77.1696
19.2321 103 77.8696
19.2321 104 78.5696
19.2155 106 79.9646
19.2155 107 80.6646
19.2155 108 81.3646
19.0954 110 82.7286
19.0954 111 83.4286
19.0954 112 84.1286
19.0787 114 85.5236
19.0787 115 86.2236
19.0787 116 86.9236
19.0787 117 87.6236
19.0658 119 89.0198
19.0658 120 89.7198
19.0658 126 93.9198
20.6812 82 63.6044
20.6812 83 64.3044
20.1108 86 66.2332
20.1108 87 66.9332
20.1072 88 67.6321
19.7077 91 69.6123
19.7077 92 70.3123
19.7077 93 71.0123
19.6818 94 71.7045
19.6818 95 72.4045
19.3594 97 73.7078
19.3594 98 74.4078
19.3428 99 75.1028
19.3428 101 76.5028
19.2321 102 77.1696
19.2321 103 77.8696
19.2321 104 78.5696
19.2155 106 79.9646
19.2155 107 80.6646
19.2155 108 81.3646
19.0954 109 82.0286
19.0954 110 82.7286
19.0954 111 83.4286
19.0954 112 84.1286
19.0787 114 85.5236
19.0787 115 86.2236
19.0787 116 86.9236
19.0787 117 87.6236
19.0658 118 88.3198
19.0658 119 89.0198
19.0658 120 89.7198
19.0658 121 90.4198
20.6812 82 63.6044
20.1108 83 64.1332
20.1164 83 64.1349
20.6812 83 64.3044
20.1108 85 65.5332
20.1108 86 66.2332
20.1108 87 66.9332
20.1044 88 67.6313
20.1072 88 67.6321
19.7077 91 69.6123
19.7077 92 70.3123
19.7077 93 71.0123
19.6818 94 71.7045
19.6818 95 72.4045
19.3594 96 73.0078
19.3594 97 73.7078
19.3594 98 74.4078
19.3428 99 75.1028
19.3428 100 75.8028
19.3428 101 76.5028
19.2321 102 77.1696
19.2321 103 77.8696
19.2321 104 78.5696
19.2155 106 79.9646
19.2155 107 80.6646
19.2155 108 81.3646
19.0954 110 82.7286
19.0954 111 83.4286
19.0954 112 84.1286
19.0787 113 84.8236
19.0787 114 85.5236
19.0787 115 86.2236
19.0787 116 86.9236
19.0658 118 88.3198
19.0658 119 89.0198
19.0658 120 89.7198
19.0658 121 90.4198
19.0658 122 91.1198
19.0658 126 93.9198
20.6812 82 63.6044
20.1108 83 64.1332
20.6812 83 64.3044
20.1108 84 64.8332
20.1108 85 65.5332
20.1108 86 66.2332
20.1108 87 66.9332
20.1072 88 67.6321
19.7077 90 68.9123
19.7077 91 69.6123
19.7077 92 70.3123
19.7077 93 71.0123
19.6818 94 71.7045
19.6818 95 72.4045
19.3594 96 73.0078
19.3594 98 74.4078
19.3428 99 75.1028
19.3428 100 75.8028
19.3428 101 76.5028
19.2321 102 77.1696
19.2321 103 77.8696
19.2321 104 78.5696
19.2155 106 79.9646
19.2155 107 80.6646
19.2155 108 81.3646
19.0954 110 82.7286
19.0954 111 83.4286
19.0954 112 84.1286
19.0787 114 85.5236
19.0787 115 86.2236
19.0787 116 86.9236
19.0787 117 87.6236
19.0658 119 89.0198
19.0658 120 89.7198
19.0658 121 90.4198
19.0658 122 91.1198
19.0658 123 91.8198
19.0658 124 92.5198
20.6812 82 63.6044
20.6812 83 64.3044
20.1108 84 64.8332
20.1108 85 65.5332
20.1108 86 66.2332
20.1108 87 66.9332
20.1072 88 67.6321
19.7077 91 69.6123
19.7077 92 70.3123
19.7077 93 71.0123
19.6818 94 71.7045
19.6818 95 72.4045
19.3594 96 73.0078
19.3594 97 73.7078
19.3428 98 74.4028
19.3594 98 74.4078
19.3428 99 75.1028
19.3428 100 75.8028
19.3428 101 76.5028
19.2321 102 77.1696
19.2321 103 77.8696
19.2155 106 79.9646
19.2155 107 80.6646
19.2155 108 81.3646
19.0954 110 82.7286
19.0954 111 83.4286
19.0954 112 84.1286
19.0787 114 85.5236
19.0787 115 86.2236
19.0787 116 86.9236
19.0787 117 87.6236
19.0658 119 89.0198
19.0658 120 89.7198
19.0658 121 90.4198
19.0658 122 91.1198
19.0658 123 91.8198
19.0658 126 93.9198
20.6812 82 63.6044
20.6812 83 64.3044
20.1108 84 64.8332
20.1108 85 65.5332
20.1108 86 66.2332
20.1072 87 66.9322
20.1108 87 66.9332
20.1072 88 67.6321
19.7077 92 70.3123
19.7077 93 71.0123
19.6818 94 71.7045
19.6818 95 72.4045
19.3594 96 73.0078
19.3594 97 73.7078
19.3594 98 74.4078
19.3428 99 75.1028
19.3428 100 75.8028
19.3428 101 76.5028
19.2321 102 77.1696
19.2321 103 77.8696
19.2321 104 78.5696
19.2155 106 79.9646
19.2155 107 80.6646
19.0954 108 81.3286
19.2155 108 81.3646
19.0954 109 82.0286
19.0954 110 82.7286
19.0954 111 83.4286
19.0954 112 84.1286
19.0787 114 85.5236
19.0787 116 86.9236
19.0658 117 87.6198
19.0787 117 87.6236
19.0658 119 89.0198
19.0658 120 89.7198
19.0658 121 90.4198
19.0658 124 92.5198
19.0658 125 93.2198
20.6812 82 63.6044
20.6812 83 64.3044
20.1108 84 64.8332
20.1108 85 65.5332
20.1108 86 66.2332
20.1072 87 66.9322
20.1108 87 66.9332
20.1072 88 67.6321
19.7077 91 69.6123
19.7077 92 70.3123
19.7077 93 71.0123
19.6818 94 71.7045
19.6818 95 72.4045
19.3594 96 73.0078
19.3594 97 73.7078
19.3594 98 74.4078
19.3428 99 75.1028
19.3428 100 75.8028
19.2321 102 77.1696
19.2321 103 77.8696
19.2321 104 78.5696
19.2155 106 79.9646
19.2155 107 80.6646
19.2155 108 81.3646
19.0954 109 82.0286
19.0954 110 82.7286
19.0954 111 83.4286
19.0954 112 84.1286
19.0787 115 86.2236
19.0787 116 86.9236
19.0787 117 87.6236
19.0658 118 88.3198
19.0658 119 89.0198
19.0658 120 89.7198
19.0658 121 90.4198
19.0658 125 93.2198
20.6812 82 63.6044
20.6812 83 64.3044
20.1108 84 64.8332
20.1108 85 65.5332
20.1108 87 66.9332
19.7141 88 67.5142
20.1072 88 67.6321
19.7077 90 68.9123
19.7077 91 69.6123
19.7077 92 70.3123
19.7077 93 71.0123
19.6818 94 71.7045
19.6818 95 72.4045
19.3594 96 73.0078
19.3594 97 73.7078
19.3594 98 74.4078
19.3428 99 75.1028
19.3428 100 75.8028
19.3428 101 76.5028
19.2321 102 77.1696
19.2155 104 78.5646
19.2321 104 78.5696
19.2155 107 80.6646
19.2155 108 81.3646
19.0954 109 82.0286
19.0954 110 82.7286
19.0954 111 83.4286
19.0954 112 84.1286
19.0787 114 85.5236
19.0787 116 86.9236
19.0658 117 87.6198
19.0787 117 87.6236
19.0658 118 88.3198
19.0658 119 89.0198
19.0658 120 89.7198
19.0658 121 90.4198
19.0658 122 91.1198
19.0658 126 93.9198
20.6812 82 63.6044
20.6812 83 64.3044
20.1108 84 64.8332
20.1108 85 65.5332
20.1108 86 66.2332
20.1108 87 66.9332
20.1072 88 67.6321
19.7141 89 68.2142
19.7077 91 69.6123
19.7077 92 70.3123
19.7077 93 71.0123
19.6818 94 71.7045
19.6818 95 72.4045
19.3594 96 73.0078
19.3594 97 73.7078
19.3594 98 74.4078
19.3428 99 75.1028
19.3428 100 75.8028
19.3428 101 76.5028
19.2321 102 77.1696
19.2321 103 77.8696
19.2321 104 78.5696
19.2155 105 79.2646
19.2155 106 79.9646
19.2155 107 80.6646
19.2155 108 81.3646
19.0954 109 82.0286
19.0954 110 82.7286
19.0954 111 83.4286
19.0954 112 84.1286
19.0787 114 85.5236
19.0787 115 86.2236
19.0787 116 86.9236
19.0787 117 87.6236
19.0658 118 88.3198
19.0658 119 89.0198
19.0658 120 89.7198
19.0658 121 90.4198
19.0658 122 91.1198
19.0658 123 91.8198
19.0658 124 92.5198
19.0658 125 93.2198
19.0658 126 93.9198
20.6812 82 63.6044
20.6812 83 64.3044
20.1108 84 64.8332
20.1108 85 65.5332
20.1108 86 66.2332
20.1072 87 66.9322
20.1072 88 67.6321
19.7077 89 68.2123
19.7141 89 68.2142
19.7077 91 69.6123
19.7077 92 70.3123
19.6818 94 71.7045
19.6818 95 72.4045
19.3594 96 73.0078
19.3594 97 73.7078
19.3594 98 74.4078
19.3428 101 76.5028
19.2321 102 77.1696
19.2321 103 77.8696
19.2321 104 78.5696
19.2155 105 79.2646
19.2155 106 79.9646
19.2155 107 80.6646
19.2155 108 81.3646
19.0954 109 82.0286
19.0954 110 82.7286
19.0954 111 83.4286
19.0954 112 84.1286
19.0787 114 85.5236
19.0787 115 86.2236
19.0787 116 86.9236
19.0658 118 88.3198
19.0658 119 89.0198
19.0658 120 89.7198
19.0658 122 91.1198
19.0658 123 91.8198
19.0658 125 93.2198
20.6812 82 63.6044
20.6812 83 64.3044
20.1108 84 64.8332
20.1108 85 65.5332
20.1108 86 66.2332
20.1108 87 66.9332
19.7141 88 67.5142
20.1072 88 67.6321
19.7141 89 68.2142
19.7077 90 68.9123
19.7077 91 69.6123
19.7077 92 70.3123
19.7077 93 71.0123
19.6818 94 71.7045
19.6818 95 72.4045
19.3594 96 73.0078
19.3594 97 73.7078
19.3594 98 74.4078
19.3428 100 75.8028
19.2321 102 77.1696
19.2321 103 77.8696
19.2155 104 78.5646
19.2155 105 79.2646
19.2155 106 79.9646
19.2155 107 80.6646
19.0954 108 81.3286
19.0954 109 82.0286
19.0954 111 83.4286
19.0954 112 84.1286
19.0787 114 85.5236
19.0787 115 86.2236
19.0787 116 86.9236
19.0658 118 88.3198
19.0658 119 89.0198
19.0658 120 89.7198
19.0658 121 90.4198
19.0658 122 91.1198
19.0658 123 91.8198
20.6812 82 63.6044
20.6812 83 64.3044
20.1108 84 64.8332
20.1108 85 65.5332
20.1108 86 66.2332
20.1108 87 66.9332
20.1072 88 67.6321
19.7141 89 68.2142
19.7077 90 68.9123
19.7077 92 70.3123
19.6818 94 71.7045
19.6818 95 72.4045
19.3594 96 73.0078
19.3428 98 74.4028
19.3594 98 74.4078
19.3428 99 75.1028
19.3428 100 75.8028
19.3428 101 76.5028
19.2321 102 77.1696
19.2321 103 77.8696
19.2321 104 78.5696
19.2155 105 79.2646
19.2155 106 79.9646
19.2155 107 80.6646
19.2155 108 81.3646
19.0954 109 82.0286
19.0954 110 82.7286
19.0954 111 83.4286
19.0787 112 84.1236
19.0954 112 84.1286
19.0787 114 85.5236
19.0787 115 86.2236
19.0787 116 86.9236
19.0787 117 87.6236
19.0658 118 88.3198
19.0658 119 89.0198
19.0658 120 89.7198
19.0658 121 90.4198
19.0658 122 91.1198
19.0658 123 91.8198
19.0658 124 92.5198
