20.7288 101 68.8915
20.7288 100 68.2915
20.7288 100 68.2915
20.7288 101 68.8915
19.679 110 73.8716
20.7288 100 68.2915
20.7288 101 68.8915
19.679 109 73.2716
19.3308 113 75.5323
20.7288 100 68.2915
20.7288 101 68.8915
20.547 103 70.0188
19.6957 107 72.0783
19.679 108 72.6716
19.679 110 73.8716
19.1787 118 78.4715
20.7288 99 67.6915
20.7288 100 68.2915
20.7288 101 68.8915
20.547 102 69.4188
20.547 103 70.0188
19.6957 106 71.4783
19.679 107 72.0716
19.6957 107 72.0783
19.679 108 72.6716
19.679 109 73.2716
19.679 110 73.8716
19.3474 111 74.339
19.3308 112 74.9323
19.3308 113 75.5323
19.1953 116 77.2781
19.1787 117 77.8715
19.1787 119 79.0715
19.1787 123 81.4715
20.7288 98 67.0915
20.7288 99 67.6915
20.7288 100 68.2915
20.547 101 68.8188
20.7288 101 68.8915
20.547 102 69.4188
20.1044 103 69.8418
20.2494 103 69.8997
20.547 103 70.0188
19.6957 105 70.8783
19.6984 105 70.8794
19.6957 106 71.4783
19.679 107 72.0716
19.679 108 72.6716
19.679 109 73.2716
19.3474 110 73.739
19.679 110 73.8716
19.3308 111 74.3323
19.3308 112 74.9323
19.2155 113 75.4862
19.3308 113 75.5323
19.1953 115 76.6781
19.1787 116 77.2715
19.1787 118 78.4715
19.1787 119 79.0715
19.1787 120 79.6715
19.1787 124 82.0715
19.1787 126 83.2715
19.1787 128 84.4715
