19.1787 118 78.4715
19.1787 117 77.8715
19.1787 119 79.0715
19.1787 123 81.4715
19.1787 116 77.2715
19.1787 118 78.4715
19.1787 119 79.0715
19.1787 120 79.6715
19.1787 115 76.6715
19.1787 116 77.2715
19.1787 117 77.8715
19.1787 118 78.4715
19.1787 119 79.0715
19.1787 120 79.6715
19.1787 121 80.2715
19.1787 122 80.8715
19.1787 123 81.4715
19.1787 115 76.6715
19.1787 116 77.2715
19.1787 117 77.8715
19.1787 118 78.4715
19.1787 119 79.0715
19.1787 120 79.6715
19.1787 121 80.2715
19.1787 122 80.8715
19.1787 123 81.4715
19.2155 111 74.2862
19.1787 114 76.0715
19.1787 115 76.6715
19.1787 116 77.2715
19.1787 117 77.8715
19.1787 118 78.4715
19.1787 119 79.0715
19.1787 120 79.6715
19.1787 121 80.2715
19.1787 122 80.8715
19.1787 123 81.4715
19.1697 127 83.8679
20.6747 95 65.2699
19.2155 110 73.6862
19.2321 110 73.6929
19.2155 111 74.2862
19.1787 113 75.4715
19.1787 114 76.0715
19.1787 115 76.6715
19.1787 116 77.2715
19.1787 117 77.8715
19.1787 118 78.4715
19.1787 119 79.0715
19.1787 120 79.6715
19.1787 121 80.2715
19.1787 122 80.8715
19.1787 123 81.4715
19.1697 126 83.2679
19.9891 99 67.3956
19.2321 109 73.0929
19.2155 111 74.2862
19.1787 114 76.0715
19.1787 115 76.6715
19.1787 116 77.2715
19.1787 117 77.8715
19.1787 118 78.4715
19.1787 119 79.0715
19.1787 120 79.6715
19.1787 121 80.2715
19.1787 122 80.8715
19.1787 123 81.4715
19.1697 125 82.6679
19.1697 126 83.2679
19.1697 127 83.8679
19.0787 130 85.6315
20.6812 92 63.4725
20.6747 95 65.2699
19.9891 98 66.7956
19.3428 104 70.1371
19.2321 108 72.4929
19.2321 109 73.0929
19.2155 111 74.2862
19.1787 112 74.8715
19.1787 113 75.4715
19.1787 115 76.6715
19.1787 116 77.2715
19.1787 117 77.8715
19.1787 118 78.4715
19.1787 119 79.0715
19.1787 120 79.6715
19.1787 121 80.2715
19.1787 122 80.8715
19.1787 123 81.4715
19.1697 125 82.6679
19.1697 126 83.2679
19.1697 127 83.8679
19.0954 128 84.4381
19.0787 131 86.2315
20.6812 91 62.8725
20.6747 95 65.2699
19.9891 99 67.3956
19.3428 103 69.5371
19.2321 107 71.8929
19.2321 108 72.4929
19.2321 109 73.0929
19.2321 110 73.6929
19.2155 111 74.2862
19.1787 114 76.0715
19.1787 115 76.6715
19.1787 116 77.2715
19.1787 117 77.8715
19.1787 118 78.4715
19.1787 119 79.0715
19.1787 120 79.6715
19.1787 121 80.2715
19.1787 122 80.8715
19.1787 123 81.4715
19.1697 125 82.6679
19.1697 126 83.2679
19.0954 127 83.8382
19.1697 127 83.8679
19.0787 130 85.6315
19.0787 131 86.2315
19.0787 132 86.8315
20.6812 92 63.4725
20.6747 94 64.6699
19.9891 99 67.3956
19.6957 100 67.8783
19.5804 102 69.0322
19.3428 103 69.5371
19.3428 104 70.1371
19.3428 105 70.7371
19.3308 106 71.3323
19.2321 107 71.8929
19.2321 108 72.4929
19.2321 110 73.6929
19.1787 111 74.2715
19.1787 113 75.4715
19.1787 114 76.0715
19.1787 115 76.6715
19.1787 116 77.2715
19.1787 117 77.8715
19.1787 118 78.4715
19.1787 119 79.0715
19.1787 120 79.6715
19.1787 121 80.2715
19.1787 122 80.8715
19.1787 123 81.4715
19.1697 126 83.2679
19.0954 127 83.8382
19.1697 127 83.8679
19.0954 128 84.4381
19.0787 132 86.8315
19.0787 133 87.4315
19.0787 135 88.6315
20.6812 90 62.2725
20.6812 92 63.4725
20.6747 93 64.0699
20.6747 95 65.2699
19.6957 99 67.2783
19.9891 99 67.3956
19.6957 100 67.8783
19.6818 101 68.4727
19.3428 103 69.5371
19.3428 104 70.1371
19.3428 105 70.7371
19.2321 106 71.2929
19.3428 106 71.3371
19.2321 108 72.4929
19.2321 109 73.0929
19.2321 110 73.6929
19.1787 111 74.2715
19.2155 111 74.2862
19.1787 112 74.8715
19.1787 113 75.4715
19.1787 114 76.0715
19.1787 115 76.6715
19.1787 116 77.2715
19.1787 117 77.8715
19.1787 118 78.4715
19.1787 119 79.0715
19.1787 121 80.2715
19.1787 122 80.8715
19.1787 123 81.4715
19.1697 124 82.0679
19.1697 126 83.2679
19.0954 127 83.8382
19.1697 127 83.8679
19.0954 128 84.4381
19.0787 129 85.0315
19.0787 130 85.6315
19.0787 131 86.2315
19.0787 132 86.8315
19.0787 133 87.4315
19.0787 136 89.2315
19.0787 139 91.0315
20.6812 91 62.8725
20.6747 92 63.4699
20.6747 93 64.0699
20.6747 94 64.6699
20.6747 95 65.2699
20.1044 96 65.6418
19.9891 97 66.1956
19.6957 99 67.2783
19.9891 99 67.3956
19.6818 100 67.8727
19.6957 100 67.8783
19.5804 101 68.4322
19.6818 101 68.4727
19.5804 102 69.0322
19.3428 104 70.1371
19.3428 105 70.7371
19.2321 106 71.2929
19.3428 106 71.3371
19.2321 107 71.8929
19.2321 109 73.0929
19.2155 110 73.6862
19.2321 110 73.6929
19.2155 111 74.2862
19.1787 112 74.8715
19.1787 113 75.4715
19.1787 114 76.0715
19.1787 115 76.6715
19.1787 116 77.2715
19.1787 117 77.8715
19.1787 118 78.4715
19.1787 119 79.0715
19.1787 121 80.2715
19.1787 122 80.8715
19.1697 123 81.4679
19.1787 123 81.4715
19.1697 124 82.0679
19.1697 125 82.6679
19.1697 126 83.2679
19.0954 127 83.8382
19.0954 128 84.4381
19.0787 129 85.0315
19.0787 130 85.6315
19.0787 131 86.2315
20.6812 91 62.8725
20.6812 92 63.4725
20.6747 93 64.0699
20.6747 94 64.6699
20.1044 95 65.0418
20.6747 95 65.2699
19.9891 98 66.7956
19.9891 99 67.3956
19.5804 101 68.4322
19.6818 101 68.4727
19.3594 102 68.9438
19.5804 102 69.0322
19.3428 104 70.1371
19.3428 105 70.7371
19.2321 107 71.8929
19.2321 108 72.4929
19.2321 109 73.0929
19.2321 110 73.6929
19.2155 111 74.2862
19.1787 112 74.8715
19.1787 113 75.4715
19.1787 114 76.0715
19.1787 116 77.2715
19.1787 117 77.8715
19.1787 118 78.4715
19.1787 119 79.0715
19.1787 120 79.6715
19.1787 121 80.2715
19.1787 122 80.8715
19.1787 123 81.4715
19.1697 124 82.0679
19.1697 125 82.6679
19.1697 126 83.2679
19.0954 127 83.8382
19.1697 127 83.8679
19.0787 128 84.4315
19.0954 128 84.4381
19.0787 130 85.6315
19.0787 131 86.2315
19.0787 132 86.8315
19.0787 134 88.0315
