20.6812 81 56.8725
20.6812 82 57.4725
20.1164 83 57.8466
20.6812 83 58.0725
20.1164 84 58.4466
20.6812 84 58.6725
20.1164 85 59.0466
20.1164 86 59.6466
20.1108 87 60.2443
20.1164 87 60.2466
20.1044 88 60.8418
20.1072 88 60.8429
20.1108 88 60.8443
20.1164 88 60.8466
20.1044 89 61.4418
20.1072 89 61.4429
20.1108 89 61.4443
19.8229 90 61.9292
19.9891 90 61.9956
20.1044 90 62.0418
19.7077 91 62.4831
19.8229 91 62.5292
19.9891 91 62.5956
19.7077 92 63.0831
19.8229 92 63.1292
19.6818 93 63.6727
19.7077 93 63.6831
19.6818 94 64.2727
19.6818 95 64.8727
19.3594 96 65.3438
19.5804 96 65.4322
19.6818 96 65.4727
19.3594 97 65.9438
19.3428 98 66.5371
19.3594 98 66.5438
19.3428 99 67.1371
19.3594 99 67.1438
19.3428 100 67.7371
19.2321 101 68.2929
19.3428 101 68.3371
19.2321 102 68.8929
19.2321 103 69.4929
19.2321 104 70.0929
19.2155 105 70.6862
19.2321 105 70.6929
19.2155 106 71.2862
19.2321 106 71.2929
19.2155 107 71.8862
19.2155 108 72.4862
19.1787 109 73.0715
19.2155 109 73.0862
19.1787 110 73.6715
19.2155 110 73.6862
19.0954 111 74.2382
19.1787 111 74.2715
19.0954 112 74.8382
19.1787 112 74.8715
19.0954 113 75.4381
19.0954 114 76.0381
19.0787 115 76.6315
19.0954 115 76.6381
19.0787 116 77.2315
19.0954 116 77.2382
19.0787 117 77.8315
19.0658 118 78.4263
19.0787 118 78.4315
19.0658 119 79.0263
19.0787 119 79.0315
19.0658 120 79.6263
19.0658 121 80.2263
21.9616 153 100.585
21.1168 168 109.247
21.6848 144 95.0739
22.3241 140 92.9296
21.1298 143 94.2519
20.9929 154 100.797
21.9135 134 89.1654
21.8435 159 104.137
21.6015 156 102.241
21.1147 138 91.2459
21.3373 151 99.1349
21.4123 144 94.9649
20.1707 164 106.468
22.3237 152 100.129
22.088 151 99.4352
21.705 145 95.682
21.8113 134 89.1245
22.6788 148 97.8715
20.4271 147 96.3708
21.2311 151 99.0924
21.2344 160 104.494
21.5116 167 108.805
22.1533 162 106.061
20.597 160 104.239
20.9426 132 87.577
20.8111 156 101.924
20.7449 147 96.498
21.3084 151 99.1234
21.15 185 119.46
20.9886 166 107.995
