22.4548 85 53.7274
20.3858 88 54.1929
22.4548 86 54.2274
20.3858 89 54.6929
22.4548 87 54.7274
20.2586 90 55.1293
20.3858 90 55.1929
22.4548 88 55.2274
20.2586 91 55.6293
20.3858 91 55.6929
22.4548 89 55.7274
20.2586 92 56.1293
20.2586 93 56.6293
19.679 94 56.8395
20.2586 94 57.1293
19.3539 95 57.1769
19.679 95 57.3395
20.2586 95 57.6293
19.3539 96 57.6769
19.2693 97 58.1346
19.3372 97 58.1686
19.3539 97 58.1769
19.2107 98 58.6053
19.2693 98 58.6346
19.3372 98 58.6686
19.3539 98 58.6769
19.2107 99 59.1053
19.2693 99 59.1346
19.2107 100 59.6053
19.207 101 60.1035
19.2107 101 60.1053
19.1 102 60.55
19.207 102 60.6035
19.2107 102 60.6053
19.1 103 61.05
19.207 103 61.1035
19.1 104 61.55
19.0834 105 62.0417
19.1 105 62.05
19.0834 106 62.5417
19.1 106 62.55
19.0834 107 63.0417
19.0834 108 63.5417
19.0632 109 64.0316
19.0834 109 64.0417
19.0466 110 64.5233
19.0632 110 64.5316
19.0834 110 64.5417
19.0466 111 65.0233
19.0466 112 65.5233
19.0466 113 66.0233
19.0466 114 66.5233
19.0466 115 67.0233
19.0438 116 67.5219
19.0466 116 67.5233
19.0438 117 68.0219
19.0466 117 68.0233
19.0438 118 68.5219
19.0404 119 69.0202
19.0438 119 69.0219
19.0238 120 69.5119
19.0404 120 69.5202
19.0438 120 69.5219
19.0238 121 70.0119
19.0404 121 70.0202
19.0238 122 70.5119
19.0238 123 71.0119
19.0238 124 71.5119
19.0238 125 72.0119
19.0238 126 72.5119
21.5224 138 79.7612
21.3157 134 77.6578
21.3525 161 91.1762
21.0231 166 93.5116
21.4855 164 92.7427
21.5936 151 86.2968
21.3833 158 89.6917
21.4769 144 82.7384
21.3623 179 100.181
21.4812 150 85.7406
21.3507 153 87.1754
20.6407 184 102.32
20.7035 167 93.8518
21.1706 147 84.0853
21.4127 149 85.2064
20.4731 163 91.7365
20.2152 173 96.6076
21.0266 150 85.5133
21.7169 152 86.8585
21.5365 163 92.2682
21.0827 148 84.5414
21.9905 137 79.4953
20.4377 184 102.219
22.1173 138 80.0587
21.6494 143 82.3247
22.4263 134 78.2131
22.0037 146 84.0018
21.4181 176 98.7091
21.4931 165 93.2465
22.2047 147 84.6024
