22.4548 85 53.7274
20.3858 88 54.1929
22.4548 86 54.2274
20.3858 89 54.6929
22.4548 87 54.7274
20.3858 90 55.1929
22.4548 88 55.2274
20.3858 91 55.6929
22.4548 89 55.7274
20.3858 92 56.1929
20.3858 93 56.6929
20.3858 94 57.1929
19.679 95 57.3395
20.2586 95 57.6293
20.3858 95 57.6929
19.679 96 57.8395
20.2586 96 58.1293
19.3539 97 58.1769
19.679 97 58.3395
19.3539 98 58.6769
19.3372 99 59.1686
19.3539 99 59.1769
19.3762 99 59.1881
19.3372 100 59.6686
19.3539 100 59.6769
19.2107 101 60.1053
19.3372 101 60.1686
19.207 102 60.6035
19.2107 102 60.6053
19.3372 102 60.6686
19.207 103 61.1035
19.2107 103 61.1053
19.207 104 61.6035
19.207 105 62.1035
19.1738 106 62.5869
19.1987 106 62.5993
19.207 106 62.6035
19.1738 107 63.0869
19.1987 107 63.0993
19.1738 108 63.5869
19.1738 109 64.0869
19.0834 110 64.5417
19.1 110 64.55
19.1738 110 64.5869
19.0834 111 65.0417
19.1619 111 65.0809
19.1738 111 65.0869
19.0632 112 65.5316
19.0834 112 65.5417
19.0466 113 66.0233
19.0632 113 66.0316
19.0466 114 66.5233
19.0466 115 67.0233
19.0466 116 67.5233
19.0466 117 68.0233
19.0466 118 68.5233
19.0466 119 69.0233
19.0466 120 69.5233
19.0466 121 70.0233
19.0466 122 70.5233
19.0466 123 71.0233
19.0466 124 71.5233
19.0438 125 72.0219
19.0466 125 72.0233
19.0238 126 72.5119
19.0438 126 72.5219
19.021 128 73.5105
19.0238 130 74.5119
19.0238 131 75.0119
19.021 136 77.5105
21.4801 176 98.74
22.8185 151 86.9092
20.5624 159 89.7812
21.7533 164 92.8767
22.3175 159 90.6588
21.0591 135 78.0295
21.2257 142 81.6128
21.5064 148 84.7532
20.7757 143 81.8879
20.9591 152 86.4796
22.1387 150 86.0693
21.7091 139 80.3545
21.5672 164 92.7836
21.4998 143 82.2499
21.1149 144 82.5574
21.198 152 86.599
21.2463 170 95.6231
20.5689 183 101.784
22.2287 139 80.6143
20.7048 155 87.8524
21.5053 157 89.2527
21.5537 138 79.7769
21.0383 155 88.0192
20.6669 151 85.8334
22.1303 164 93.0652
21.8565 142 81.9283
21.0003 145 83.0002
20.9955 159 89.9977
20.8312 182 101.416
20.9569 136 78.4785
