20.6812 81 74.9681
20.6812 82 75.8681
20.1108 83 76.7111
20.1164 83 76.7116
20.6812 83 76.7681
20.1108 84 77.6111
20.1164 84 77.6116
20.6812 84 77.6681
20.1108 85 78.5111
20.1108 86 79.4111
19.7141 87 80.2714
20.1072 87 80.3107
20.1108 87 80.3111
19.7077 88 81.1708
19.7141 88 81.1714
19.7077 89 82.0708
19.7141 89 82.0714
19.7077 90 82.9708
19.7077 91 83.8708
19.7077 92 84.7708
19.6818 93 85.6682
19.7077 93 85.6708
19.6818 94 86.5682
19.7077 94 86.5708
19.3594 95 87.4359
19.5804 95 87.458
19.6818 95 87.4682
19.3594 96 88.3359
19.6818 96 88.3682
19.3594 97 89.2359
19.3428 98 90.1343
19.3594 98 90.1359
19.3428 99 91.0343
19.3428 100 91.9343
19.2321 101 92.8232
19.3428 101 92.8343
19.2321 102 93.7232
19.3428 102 93.7343
19.2155 103 94.6215
19.2321 103 94.6232
19.2155 104 95.5215
19.2321 104 95.5232
19.2155 105 96.4215
19.2155 106 97.3215
19.2155 107 98.2215
19.0954 108 99.1095
19.2155 108 99.1215
19.0954 109 100.01
19.2155 109 100.022
19.0954 110 100.91
19.0787 111 101.808
19.0954 111 101.81
19.0787 112 102.708
19.0787 113 103.608
19.0787 114 104.508
19.0787 115 105.408
19.0787 116 106.308
19.0658 117 107.207
19.0787 117 107.208
19.0658 118 108.107
19.0787 118 108.108
19.0658 119 109.007
19.0658 120 109.907
19.0658 121 110.807
19.0658 122 111.707
19.0658 123 112.607
19.0658 124 113.507
19.0658 125 114.407
19.0658 126 115.307
19.0658 131 119.807
21.1343 186 169.513
20.818 166 151.482
19.8514 180 163.985
21.0687 147 134.407
21.1118 165 150.611
21.4866 154 140.749
21.2994 167 152.43
21.4729 149 136.247
20.7008 182 165.87
20.8504 162 147.885
21.6461 153 139.865
21.3668 158 144.337
21.3005 179 163.23
21.9114 170 155.191
22.0114 170 155.201
22.6393 146 133.664
20.8808 165 150.588
21.5862 161 147.059
21.1799 134 122.718
20.9252 171 155.993
22.3428 148 135.434
21.456 179 163.246
20.5901 165 150.559
22.4415 152 139.044
21.5068 206 187.551
22.2072 139 127.321
21.4098 154 140.741
21.8382 151 138.084
20.5105 151 137.951
21.3532 164 149.735
