21.7704 116 106.577
21.7969 116 106.58
21.8188 116 106.582
21.8504 116 106.585
21.7169 117 107.472
21.7704 117 107.477
21.7969 117 107.48
21.8504 117 107.485
21.693 120 110.169
21.693 121 111.069
20.8023 122 111.88
21.693 122 111.969
20.2647 123 112.726
20.5584 123 112.756
20.8023 123 112.78
21.693 123 112.869
20.2647 124 113.626
20.5584 124 113.656
20.8023 124 113.68
20.168 125 114.517
20.2647 125 114.526
20.168 126 115.417
20.2647 126 115.426
20.1247 127 116.312
20.1247 128 117.212
20.1247 129 118.112
20.1247 130 119.012
20.1247 131 119.912
20.1247 132 120.812
20.0082 133 121.701
20.1143 133 121.711
20.118 133 121.712
20.1247 133 121.712
20.1143 134 122.611
20.118 134 122.612
20.1247 134 122.612
19.9986 135 123.5
20.1143 135 123.511
19.9795 136 124.398
19.9986 136 124.4
20.0705 136 124.407
20.1143 136 124.411
19.9795 137 125.298
19.9986 137 125.3
19.9758 138 126.198
19.9795 138 126.198
19.9758 139 127.098
19.9795 139 127.098
19.9758 140 127.998
19.9758 141 128.898
19.9758 142 129.798
19.9758 143 130.698
19.9758 144 131.598
19.9758 145 132.498
19.9758 146 133.398
19.9293 147 134.293
19.9758 147 134.298
19.9293 148 135.193
19.9758 148 135.198
19.2671 158 144.127
19.2671 162 147.727
19.2671 163 148.627
20.749 205 186.575
20.6132 133 121.761
20.3268 152 138.833
20.6769 162 147.868
21.2062 148 135.321
20.6438 180 164.064
21.624 150 137.162
21.3241 161 147.032
21.593 165 150.659
20.6109 154 140.661
20.7538 149 136.175
21.676 161 147.068
21.0985 144 131.71
20.6962 133 121.77
20.834 167 152.383
21.4896 155 141.649
22.7193 140 128.272
21.7672 159 145.277
20.6769 161 146.968
20.5875 173 157.759
21.1495 134 122.715
22.2297 141 129.123
21.176 155 141.618
21.272 161 147.027
22.1052 161 147.111
21.0532 173 157.805
21.1934 145 132.619
20.8536 149 136.185
21.1634 167 152.416
20.8082 167 152.381
