20.6812 83 58.0725
20.6812 84 58.6725
20.1164 85 59.0466
20.6812 85 59.2725
20.1164 86 59.6466
20.6812 86 59.8725
20.1164 87 60.2466
20.1164 88 60.8466
20.1164 89 61.4466
20.1164 90 62.0466
20.1044 91 62.6418
20.1164 91 62.6466
19.9891 92 63.1956
20.1044 92 63.2418
19.9891 93 63.7956
20.1044 93 63.8418
19.9891 94 64.3956
19.8229 95 64.9292
19.9891 95 64.9956
19.6818 96 65.4727
19.7077 96 65.4831
19.8229 96 65.5292
19.5804 97 66.0322
19.6818 97 66.0727
19.7077 97 66.0831
19.8229 97 66.1292
19.3594 98 66.5438
19.5804 98 66.6321
19.6818 98 66.6727
19.3594 99 67.1438
19.5804 99 67.2321
19.3428 100 67.7371
19.3594 100 67.7438
19.4505 100 67.7802
19.3428 101 68.3371
19.2321 102 68.8929
19.3428 102 68.9371
19.2321 103 69.4929
19.3428 103 69.5371
19.2321 104 70.0929
19.2321 105 70.6929
19.2155 106 71.2862
19.2321 106 71.2929
19.2155 107 71.8862
19.2321 107 71.8929
19.2155 108 72.4862
19.1787 109 73.0715
19.2155 109 73.0862
19.1787 110 73.6715
19.2155 110 73.6862
19.1787 111 74.2715
19.1787 112 74.8715
19.1787 113 75.4715
19.1787 114 76.0715
19.1787 115 76.6715
19.1787 116 77.2715
19.0954 117 77.8382
19.1787 117 77.8715
19.0954 118 78.4381
19.1787 118 78.4715
19.0954 119 79.0381
19.0658 120 79.6263
19.0787 120 79.6315
19.0954 120 79.6381
19.0658 121 80.2263
19.0787 121 80.2315
19.0658 122 80.8263
19.0658 123 81.4263
19.0658 124 82.0263
19.0658 125 82.6263
20.6927 146 95.8771
21.5632 151 99.2253
21.0551 156 102.022
19.933 177 114.173
21.555 136 90.222
20.9556 169 109.782
21.0858 160 104.434
22.205 149 98.282
20.4766 156 101.791
21.9164 154 101.167
20.411 165 107.164
21.4457 131 87.1783
20.7176 146 95.887
21.4231 138 91.3692
21.1551 156 102.062
20.9046 150 98.3618
21.1375 146 96.055
22.0447 161 105.418
21.2604 166 108.104
21.3391 136 90.1356
22.1368 155 101.855
21.616 157 102.846
21.3749 164 106.95
21.446 146 96.1784
21.7576 137 90.903
21.8347 152 99.9339
22.2199 140 92.888
20.4941 181 116.798
21.9117 137 90.9647
22.0963 148 97.6385
