21.2748 102 53.5648
21.0392 103 53.8235
21.233 103 53.9398
21.2748 103 53.9649
21.0392 104 54.2235
21.0392 105 54.6235
21.0392 106 55.0235
20.547 107 55.1282
20.8574 107 55.3144
20.8992 107 55.3395
21.0392 107 55.4235
20.547 108 55.5282
20.8574 108 55.7144
20.8992 108 55.7395
20.547 109 55.9282
20.547 110 56.3282
20.4237 111 56.6542
20.547 111 56.7282
20.4237 112 57.0542
20.2913 113 57.3748
20.4237 113 57.4542
20.2913 114 57.7748
20.168 115 58.1008
20.2913 115 58.1748
20.168 116 58.5008
20.2913 116 58.5748
20.168 117 58.9008
20.168 118 59.3008
20.168 119 59.7008
20.1247 120 60.0748
20.168 120 60.1008
20.1247 121 60.4748
20.168 121 60.5008
20.1221 122 60.8732
20.1247 122 60.8748
20.031 123 61.2186
20.1247 123 61.2748
20.031 124 61.6186
20.0082 126 62.4049
20.0023 127 62.8013
20.0082 127 62.8049
20.0023 128 63.2014
20.0082 128 63.2049
20.0023 129 63.6014
19.9986 130 63.9992
20.0023 130 64.0014
19.9986 131 64.3992
20.0023 131 64.4014
19.9795 132 64.7877
19.9944 132 64.7966
19.9986 132 64.7992
19.9758 133 65.1855
19.9795 133 65.1877
19.9758 134 65.5855
19.9716 135 65.9829
19.9758 135 65.9855
19.9558 136 66.3735
19.9716 136 66.3829
19.9758 136 66.3855
19.9521 137 66.7713
19.9558 137 66.7735
19.9716 137 66.7829
19.9521 138 67.1713
19.9293 139 67.5576
19.9521 139 67.5713
19.9293 140 67.9576
19.8083 158 75.085
19.8083 162 76.685
19.8083 163 77.085
21.6439 175 82.9863
21.625 153 74.175
20.6033 166 78.762
21.6334 157 75.78
20.8159 124 62.0895
21.6171 181 85.3703
21.0361 167 79.4217
20.6023 139 67.9614
21.0658 180 84.6395
20.5768 151 72.7461
21.1732 148 71.9039
21.9844 157 75.9906
20.9441 132 65.3664
21.6462 147 71.7877
20.1965 164 77.7179
21.2593 150 72.7556
22.4111 148 72.6466
22.1258 147 72.0755
20.7402 163 77.6441
22.1014 166 79.6609
21.3354 145 70.8012
22.5556 133 66.7334
21.3563 162 77.6138
21.0906 140 68.6544
21.2381 146 71.1428
21.2753 154 74.3652
21.0835 166 79.0501
21.1087 175 82.6653
20.9803 132 65.3882
21.7824 166 79.4695
