20.6812 81 74.9681
20.6812 82 75.8681
20.1108 83 76.7111
20.1164 83 76.7116
20.6812 83 76.7681
20.1108 84 77.6111
20.1164 84 77.6116
20.6812 84 77.6681
20.1108 85 78.5111
20.1108 86 79.4111
19.7141 87 80.2714
20.1072 87 80.3107
20.1108 87 80.3111
19.7077 88 81.1708
19.7141 88 81.1714
20.1072 88 81.2107
19.7077 89 82.0708
19.7141 89 82.0714
19.7077 90 82.9708
19.7077 91 83.8708
19.7077 92 84.7708
19.6818 93 85.6682
19.7077 93 85.6708
19.6818 94 86.5682
19.7077 94 86.5708
19.3594 95 87.4359
19.5804 95 87.458
19.6818 95 87.4682
19.3594 96 88.3359
19.5804 96 88.358
19.6818 96 88.3682
19.3594 97 89.2359
19.3428 98 90.1343
19.3594 98 90.1359
19.3428 99 91.0343
19.3594 99 91.0359
19.3428 100 91.9343
19.2321 101 92.8232
19.3428 101 92.8343
19.2321 102 93.7232
19.3428 102 93.7343
19.2155 103 94.6215
19.2321 103 94.6232
19.2155 104 95.5215
19.2321 104 95.5232
19.2155 105 96.4215
19.2155 106 97.3215
19.0954 107 98.2095
19.2155 107 98.2215
19.0954 108 99.1095
19.2155 108 99.1215
19.0954 109 100.01
19.0954 110 100.91
19.0787 111 101.808
19.0954 111 101.81
19.0787 112 102.708
19.0787 113 103.608
19.0787 114 104.508
19.0787 115 105.408
19.0787 116 106.308
19.0658 117 107.207
19.0787 117 107.208
19.0658 118 108.107
19.0787 118 108.108
19.0658 119 109.007
19.0658 120 109.907
19.0658 121 110.807
19.0658 122 111.707
19.0658 123 112.607
19.0658 124 113.507
21.0012 147 134.4
21.6376 143 130.864
21.6342 143 130.863
20.9707 121 110.997
21.6053 151 138.061
21.071 173 157.807
21.8039 157 143.48
21.3358 165 150.634
21.4026 156 142.54
20.9049 168 153.29
21.0466 138 126.305
21.503 158 144.35
22.6018 144 131.86
21.6757 169 154.268
21.8305 162 147.983
21.7153 154 140.772
21.8803 165 150.688
21.7 150 137.17
22.3925 150 137.239
21.049 155 141.605
23.0599 142 130.106
21.0129 163 148.801
21.2384 138 126.324
20.649 148 135.265
21.4028 171 156.04
21.4663 130 119.147
21.661 161 147.066
20.8643 151 137.986
20.943 193 175.794
21.7522 140 128.175
