20.6812 81 68.9362
20.6812 82 69.7362
20.1164 83 70.4233
20.6812 83 70.5362
20.1164 84 71.2233
20.1108 85 72.0222
20.1164 85 72.0233
20.1108 86 72.8222
20.1164 86 72.8233
20.1072 87 73.6214
20.1108 87 73.6222
20.1044 88 74.4209
20.1072 88 74.4214
20.1108 88 74.4222
19.8229 89 75.1646
20.1044 89 75.2209
20.1072 89 75.2214
19.7077 90 75.9415
19.8229 90 75.9646
20.0997 90 76.0199
20.1044 90 76.0209
19.7077 91 76.7415
19.8229 91 76.7646
19.7077 92 77.5415
19.6818 93 78.3364
19.7077 93 78.3415
19.6818 94 79.1364
19.7077 94 79.1415
19.3594 95 79.8719
19.5804 95 79.9161
19.6818 95 79.9364
19.3594 96 80.6719
19.5804 96 80.7161
19.679 96 80.7358
19.6818 96 80.7364
19.3594 97 81.4719
19.3428 98 82.2686
19.3594 98 82.2719
19.3428 99 83.0686
19.3594 99 83.0719
19.3428 100 83.8686
19.2321 101 84.6464
19.3428 101 84.6686
19.2321 102 85.4464
19.3428 102 85.4686
19.2321 103 86.2464
19.2321 104 87.0464
19.2155 105 87.8431
19.2321 105 87.8464
19.2155 106 88.6431
19.2321 106 88.6464
19.2155 107 89.4431
19.2155 108 90.2431
19.0954 109 91.0191
19.1787 109 91.0357
19.2155 109 91.0431
19.0954 110 91.8191
19.1787 110 91.8357
19.0954 111 92.6191
19.0954 112 93.4191
19.0954 113 94.2191
19.0787 114 95.0157
19.0954 114 95.0191
19.0787 115 95.8157
19.0787 116 96.6157
19.0787 117 97.4157
19.0658 118 98.2132
19.0787 118 98.2157
19.0658 119 99.0132
19.0658 120 99.8132
21.68 152 125.936
21.6804 140 116.336
20.8809 149 123.376
21.051 160 132.21
20.7415 184 151.348
20.8932 128 106.579
20.6223 141 116.924
21.0322 159 131.406
20.7618 153 126.552
20.8435 170 140.169
21.115 171 141.023
21.374 168 138.675
21.1036 161 133.021
21.5482 151 125.11
20.9837 156 128.997
20.5201 154 127.304
21.9335 149 123.587
21.6354 129 107.527
22.4298 150 124.486
20.5768 165 136.115
21.9101 162 133.982
22.0067 148 122.801
21.035 151 125.007
21.5555 178 146.711
21.6332 144 119.527
21.3642 166 137.073
20.7095 156 128.942
21.4095 148 122.682
20.7881 162 133.758
21.5317 164 135.506
