22.4548 85 53.7274
20.3858 88 54.1929
22.4548 86 54.2274
20.3858 89 54.6929
22.4548 87 54.7274
20.2586 90 55.1293
20.3858 90 55.1929
22.4548 88 55.2274
20.2586 91 55.6293
20.2586 92 56.1293
20.2586 93 56.6293
19.679 94 56.8395
20.2586 94 57.1293
19.3539 95 57.1769
19.679 95 57.3395
20.2586 95 57.6293
19.3539 96 57.6769
19.679 96 57.8395
19.3372 97 58.1686
19.3539 97 58.1769
19.3372 98 58.6686
19.2693 99 59.1346
19.3372 99 59.1686
19.2107 100 59.6053
19.2693 100 59.6346
19.3372 100 59.6686
19.207 101 60.1035
19.2107 101 60.1053
19.2693 101 60.1346
19.1 102 60.55
19.207 102 60.6035
19.2107 102 60.6053
19.1 103 61.05
19.207 103 61.1035
19.1 104 61.55
19.1 105 62.05
19.0834 106 62.5417
19.1 106 62.55
19.0834 107 63.0417
19.1 107 63.05
19.0834 108 63.5417
19.0632 109 64.0316
19.0834 109 64.0417
19.0466 110 64.5233
19.0632 110 64.5316
19.0834 110 64.5417
19.0466 111 65.0233
19.0632 111 65.0316
19.0466 112 65.5233
19.0466 113 66.0233
19.0466 114 66.5233
19.0466 115 67.0233
19.0466 116 67.5233
19.0466 117 68.0233
19.0438 118 68.5219
19.0466 118 68.5233
19.0438 119 69.0219
19.0238 120 69.5119
19.0438 120 69.5219
19.0238 121 70.0119
19.0238 122 70.5119
19.0238 123 71.0119
19.0238 124 71.5119
19.0238 125 72.0119
19.021 126 72.5105
19.0238 126 72.5119
19.021 127 73.0105
19.0238 127 73.0119
19.021 128 73.5105
19.021 134 76.5105
21.68 152 86.84
21.6804 140 80.8402
20.8809 149 84.9405
21.051 160 90.5255
20.7415 184 102.371
20.8932 128 74.4466
20.6223 141 80.8111
21.0322 159 90.0161
20.7618 153 86.8809
20.8435 170 95.4218
21.115 171 96.0575
21.374 168 94.687
21.1036 161 91.0518
21.5482 151 86.2741
20.9837 156 88.4918
20.5201 154 87.2601
21.9335 149 85.4668
21.6354 129 75.3177
22.4298 150 86.2149
20.5768 165 92.7884
21.9101 162 91.9551
22.0067 148 85.0034
21.035 151 86.0175
21.5555 178 99.7777
21.6332 144 82.8166
21.3642 166 93.6821
20.7095 156 88.3548
21.4095 148 84.7047
20.7881 162 91.3941
21.5317 164 92.7658
