20.9851 78 38.0896
20.9851 79 38.3896
20.9851 80 38.6896
20.7385 81 38.8169
20.9851 81 38.9896
20.9375 82 39.2562
20.9851 82 39.2896
20.8988 83 39.5291
20.8988 84 39.8291
20.8948 85 40.1264
20.8988 85 40.1291
20.8948 86 40.4264
20.5692 87 40.4985
20.8694 87 40.7086
20.5692 88 40.7985
20.8694 88 41.0086
20.5692 89 41.0985
20.4949 90 41.3464
20.548 90 41.3836
20.5692 90 41.3985
20.4656 91 41.6259
20.4949 91 41.6464
20.548 91 41.6836
20.4656 92 41.9259
20.4444 93 42.2111
20.4656 93 42.2259
20.3557 94 42.449
20.4444 94 42.5111
20.3053 95 42.7137
20.3557 95 42.749
20.1693 96 42.9185
20.2779 96 42.9945
20.3053 96 43.0137
20.0302 97 43.1211
20.1693 97 43.2185
20.2779 97 43.2945
20.0302 98 43.4211
20.1693 98 43.5185
20.0302 99 43.7211
20.0302 100 44.0211
20.0302 101 44.3211
20.0259 102 44.6181
20.0302 102 44.6211
20.0259 103 44.9181
20.0259 104 45.2181
19.9755 105 45.4829
20.0259 105 45.5181
19.9755 106 45.7829
20.0259 106 45.8181
19.9755 107 46.0829
19.9755 108 46.3829
19.9755 109 46.6829
19.9755 110 46.9829
19.9755 111 47.2829
19.9755 112 47.5829
19.9755 113 47.8829
19.9755 114 48.1829
19.9755 115 48.4829
19.9755 116 48.7829
19.9755 117 49.0829
19.9755 118 49.3829
19.9755 119 49.6829
19.9755 120 49.9829
19.9755 121 50.2829
19.9755 122 50.5829
19.9755 123 50.8829
19.9755 124 51.1829
21.9803 152 60.9862
21.1485 143 57.7039
21.7327 159 62.9129
21.0985 164 63.969
21.1086 134 54.976
21.7422 132 54.8196
20.6066 161 62.7247
20.77 138 55.939
21.4184 171 66.2929
20.9233 158 62.0463
21.2341 154 61.0639
20.4161 151 59.5913
21.9901 148 59.793
21.3735 172 66.5615
21.3094 147 59.0166
21.7241 139 56.9069
20.206 149 58.8442
21.9712 160 63.3798
21.7577 143 58.1304
20.0049 173 65.9034
21.0022 152 60.3016
21.8574 157 62.4002
20.9042 159 62.3329
22.4869 148 60.1408
21.6633 166 64.9643
20.8372 178 67.9861
21.1409 139 56.4986
21.6993 135 55.6895
21.1137 149 59.4796
21.3322 151 60.2325
