20.6812 84 71.3362
20.1164 85 72.0233
20.6812 85 72.1362
20.1164 86 72.8233
20.6812 86 72.9362
20.1164 87 73.6233
20.1164 88 74.4233
20.1164 89 75.2233
20.1164 90 76.0233
20.1044 91 76.8209
20.1164 91 76.8233
20.1044 92 77.6209
20.1164 92 77.6233
19.9891 93 78.3978
20.1044 93 78.4209
19.9891 94 79.1978
20.1044 94 79.2209
19.8229 95 79.9646
19.9891 95 79.9978
19.6818 96 80.7364
19.7077 96 80.7415
19.9891 96 80.7978
19.5804 97 81.5161
19.6818 97 81.5364
19.3594 98 82.2719
19.5804 98 82.3161
19.6818 98 82.3364
19.3594 99 83.0719
19.5804 99 83.1161
19.3428 100 83.8686
19.3594 100 83.8719
19.3428 101 84.6686
19.3594 101 84.6719
19.2321 102 85.4464
19.3428 102 85.4686
19.2321 103 86.2464
19.3428 103 86.2686
19.2321 104 87.0464
19.2321 105 87.8464
19.2321 106 88.6464
19.2155 107 89.4431
19.2321 107 89.4464
19.2155 108 90.2431
19.2321 108 90.2464
19.2155 109 91.0431
19.1787 110 91.8357
19.2155 110 91.8431
19.1787 111 92.6357
19.2155 111 92.6431
19.1787 112 93.4357
19.1787 113 94.2357
19.1787 114 95.0357
19.1787 115 95.8357
19.1787 116 96.6357
19.1787 117 97.4357
19.1787 118 98.2357
19.0954 119 99.0191
19.1725 119 99.0345
19.1787 119 99.0357
19.0954 120 99.8191
19.0658 121 100.613
19.0787 121 100.616
19.0954 121 100.619
19.0658 122 101.413
19.0658 123 102.213
19.0658 124 103.013
19.0658 125 103.813
19.0192 126 104.604
19.0658 126 104.613
19.0192 127 105.404
20.592 133 110.518
21.911 159 131.582
21.6711 161 133.134
21.2936 167 137.859
22.4553 159 131.691
20.3497 165 136.07
21.1182 158 130.624
21.5718 152 125.914
20.4728 142 117.695
21.9408 141 117.188
22.288 140 116.458
22.4621 145 120.492
21.0502 161 133.01
21.0409 148 122.608
20.6017 139 115.32
20.6297 129 107.326
20.7965 145 120.159
21.3817 147 121.876
19.9482 163 134.39
20.8859 160 132.177
21.0354 177 145.807
21.536 167 137.907
21.6461 130 108.329
20.6519 149 123.33
21.5204 152 125.904
21.0868 128 106.617
21.3309 156 129.066
21.2786 142 117.856
21.7257 174 143.545
21.47 186 153.094
