20.6812 81 74.9681
20.6812 82 75.8681
20.1108 83 76.7111
20.1164 83 76.7116
20.6812 83 76.7681
20.1108 84 77.6111
20.1164 84 77.6116
20.1108 85 78.5111
20.1108 86 79.4111
19.7141 87 80.2714
20.1072 87 80.3107
20.1108 87 80.3111
19.7077 88 81.1708
19.7141 88 81.1714
20.1072 88 81.2107
20.1108 88 81.2111
19.7077 89 82.0708
19.7141 89 82.0714
19.7077 90 82.9708
19.7077 91 83.8708
19.7077 92 84.7708
19.6818 93 85.6682
19.7077 93 85.6708
19.6818 94 86.5682
19.7077 94 86.5708
19.3594 95 87.4359
19.5804 95 87.458
19.6818 95 87.4682
19.3594 96 88.3359
19.6818 96 88.3682
19.3594 97 89.2359
19.3428 98 90.1343
19.3594 98 90.1359
19.3428 99 91.0343
19.3594 99 91.0359
19.3428 100 91.9343
19.2321 101 92.8232
19.3428 101 92.8343
19.2321 102 93.7232
19.3428 102 93.7343
19.2155 103 94.6215
19.2321 103 94.6232
19.2155 104 95.5215
19.2321 104 95.5232
19.2155 105 96.4215
19.2155 106 97.3215
19.2155 107 98.2215
19.0954 108 99.1095
19.2155 108 99.1215
19.0954 109 100.01
19.2155 109 100.022
19.0954 110 100.91
19.0787 111 101.808
19.0954 111 101.81
19.0787 112 102.708
19.0954 112 102.71
19.0787 113 103.608
19.0787 114 104.508
19.0787 115 105.408
19.0787 116 106.308
19.0658 117 107.207
19.0787 117 107.208
19.0658 118 108.107
19.0787 118 108.108
19.0658 119 109.007
19.0658 120 109.907
19.0658 121 110.807
19.0658 122 111.707
19.0658 123 112.607
19.0658 124 113.507
21.6395 139 127.264
20.732 164 149.673
21.42 140 128.142
21.0653 196 178.507
21.6464 170 155.165
21.4313 157 143.443
20.8006 154 140.68
21.8338 147 134.483
21.6526 147 134.465
21.5675 155 141.657
21.1345 160 146.113
21.5815 189 172.258
20.3747 166 151.437
21.983 151 138.098
20.9528 174 158.695
21.4004 156 142.54
21.5189 148 135.352
21.0028 176 160.5
21.3051 156 142.531
21.8284 150 137.183
20.7653 134 122.677
21.4637 172 156.946
21.6244 162 147.962
21.8863 159 145.289
21.8737 152 138.987
21.1245 136 124.512
21.6057 154 140.761
21.705 169 154.27
21.7392 157 143.474
20.6384 165 150.564
