20.7288 90 27.6559
20.7288 91 27.7559
20.7288 92 27.8559
20.7288 93 27.9559
20.7288 94 28.0559
20.547 96 28.0923
20.3844 98 28.1459
20.7288 95 28.1559
20.2913 99 28.1622
20.547 97 28.1923
20.3844 99 28.2459
20.7288 96 28.2559
20.2913 100 28.2622
20.547 98 28.2923
20.7288 97 28.3559
20.2913 101 28.3622
20.547 99 28.3923
20.2913 102 28.4622
20.1618 104 28.5456
20.2913 103 28.5622
20.1618 105 28.6456
20.2913 104 28.6622
20.1618 106 28.7456
20.1618 107 28.8456
20.0708 108 28.8637
20.1618 108 28.9456
20.0708 109 28.9637
20.1618 109 29.0456
20.0708 110 29.0637
20.0708 111 29.1637
19.9986 112 29.1987
20.0708 112 29.2637
19.9986 113 29.2987
20.0708 113 29.3637
19.9986 114 29.3987
19.9986 115 29.4987
19.9758 116 29.5782
19.9986 116 29.5987
19.9758 117 29.6782
19.9758 118 29.7782
19.9521 119 29.8569
19.9758 119 29.8782
19.9293 120 29.9364
19.9521 120 29.9569
19.9758 120 29.9782
19.6676 123 30.0009
19.9293 121 30.0364
19.9521 121 30.0569
19.6676 124 30.1008
19.5612 125 30.1051
19.9293 122 30.1364
19.6676 125 30.2008
19.5573 126 30.2016
19.5612 126 30.2051
19.9293 123 30.2364
19.5573 127 30.3016
19.9293 124 30.3364
19.5167 128 30.365
19.5573 128 30.4016
19.342 130 30.4078
19.5167 129 30.465
19.5573 129 30.5016
19.342 131 30.5078
19.5167 130 30.565
19.342 132 30.6078
19.5167 131 30.665
19.2868 139 31.2581
19.2868 140 31.3581
20.6747 161 34.7073
20.6493 156 34.1844
21.7853 180 37.6068
20.075 180 36.0675
21.4488 153 34.6039
22.0092 159 35.7083
21.4842 140 33.3357
21.3035 159 35.0732
21.9217 136 33.3295
20.9661 173 36.1695
20.8146 155 34.2331
21.8625 171 36.7762
20.7339 150 33.6605
21.5445 151 34.4901
21.4089 174 36.668
20.7311 151 33.758
20.8746 151 33.8872
20.9721 154 34.2749
21.4666 169 36.22
20.9213 165 35.3291
21.7025 153 34.8322
20.2723 155 33.7451
22.0226 149 34.7204
20.4859 156 34.0373
21.5908 162 35.6318
22.3056 132 33.275
19.7997 152 33.0197
20.7697 158 34.4928
21.5243 152 34.5719
21.0798 140 32.9718
