22.4548 85 53.7274
20.3858 88 54.1929
22.4548 86 54.2274
20.3858 89 54.6929
22.4548 87 54.7274
20.2586 90 55.1293
20.3858 90 55.1929
22.4548 88 55.2274
20.2586 91 55.6293
20.3858 91 55.6929
22.4548 89 55.7274
20.2586 92 56.1293
20.2586 93 56.6293
19.679 94 56.8395
20.2586 94 57.1293
19.3539 95 57.1769
19.679 95 57.3395
20.2586 95 57.6293
19.3539 96 57.6769
19.679 96 57.8395
19.3372 97 58.1686
19.3539 97 58.1769
19.3372 98 58.6686
19.3539 98 58.6769
19.2693 99 59.1346
19.3372 99 59.1686
19.2107 100 59.6053
19.3372 100 59.6686
19.207 101 60.1035
19.2107 101 60.1053
19.1 102 60.55
19.207 102 60.6035
19.2107 102 60.6053
19.1 103 61.05
19.207 103 61.1035
19.1 104 61.55
19.1 105 62.05
19.0834 106 62.5417
19.1 106 62.55
19.0834 107 63.0417
19.1 107 63.05
19.0834 108 63.5417
19.0834 109 64.0417
19.0632 110 64.5316
19.0834 110 64.5417
19.0466 111 65.0233
19.0632 111 65.0316
19.0834 111 65.0417
19.0466 112 65.5233
19.0632 112 65.5316
19.0466 113 66.0233
19.0466 114 66.5233
19.0466 115 67.0233
19.0466 116 67.5233
19.0466 117 68.0233
19.0438 118 68.5219
19.0466 118 68.5233
19.0438 119 69.0219
19.0238 120 69.5119
19.0438 120 69.5219
19.0238 121 70.0119
19.0438 121 70.0219
19.0238 122 70.5119
19.0238 123 71.0119
19.0238 124 71.5119
19.0238 125 72.0119
19.021 126 72.5105
19.0238 126 72.5119
19.021 127 73.0105
19.021 128 73.5105
21.0113 165 93.0056
21.0594 155 88.0297
20.4439 177 98.7219
21.3309 185 103.165
20.7829 152 86.3914
20.7215 175 97.8607
22.1173 165 93.5587
22.4567 139 80.7283
21.1403 176 98.5702
21.7845 159 90.3922
21.5924 146 83.7962
20.5964 131 75.7982
20.8253 171 95.9126
21.292 140 80.646
21.1412 150 85.5706
22.3808 159 90.6904
21.3988 132 76.6994
21.4264 171 96.2132
21.8553 156 88.9277
21.3084 146 83.6542
21.335 150 85.6675
21.1589 169 95.0794
21.8609 150 85.9304
20.9029 156 88.4514
22.2582 163 92.6291
22.1156 153 87.5578
21.5667 157 89.2834
22.486 137 79.743
20.4741 161 90.7371
20.9178 152 86.4589
