20.7288 95 28.1559
20.547 97 28.1923
20.7288 96 28.2559
20.547 98 28.2923
20.3844 100 28.3459
20.7288 97 28.3559
20.547 99 28.3923
20.3844 101 28.4459
20.7288 98 28.4559
20.547 100 28.4923
20.3844 102 28.5459
20.3844 103 28.6459
20.2913 104 28.6622
20.3844 104 28.7459
20.2913 105 28.7622
20.1618 107 28.8456
20.3844 105 28.8459
20.2913 106 28.8622
20.0708 108 28.8637
20.1618 108 28.9456
20.2913 107 28.9622
20.0708 109 28.9637
20.1618 109 29.0456
20.2913 108 29.0622
20.0708 110 29.0637
20.0708 111 29.1637
20.0708 112 29.2637
20.0708 113 29.3637
20.0708 114 29.4637
20.0708 115 29.5637
20.0708 116 29.6637
20.031 117 29.7279
20.0708 117 29.7637
19.9758 118 29.7782
20.031 118 29.8279
19.9758 119 29.8782
20.031 119 29.9279
19.9758 120 29.9782
19.9758 121 30.0782
19.9758 122 30.1782
19.9758 123 30.2782
19.9758 124 30.3782
19.9558 125 30.4602
19.9758 125 30.4782
19.9558 126 30.5602
19.9758 126 30.5782
19.9293 127 30.6364
19.9558 127 30.6602
19.9293 128 30.7364
19.9558 128 30.7602
19.9293 129 30.8364
19.9293 130 30.9364
19.9293 131 31.0364
19.9293 132 31.1364
19.9293 133 31.2364
19.9293 134 31.3364
19.9293 135 31.4364
19.9293 136 31.5364
19.9293 137 31.6364
19.9293 138 31.7364
19.9293 139 31.8364
19.9293 140 31.9364
19.9293 141 32.0364
19.9293 142 32.1364
19.9293 143 32.2364
19.9293 144 32.3364
19.9293 145 32.4364
19.9293 146 32.5364
19.9293 147 32.6364
19.9293 148 32.7364
21.0756 147 33.668
21.3886 153 34.5497
21.3189 152 34.387
21.2319 138 32.9087
21.9432 154 35.1488
22.0172 144 34.2155
19.8617 164 34.2755
19.7492 147 32.4742
20.6565 152 33.7908
21.2277 162 35.3049
22.2154 130 32.9939
21.2116 150 34.0905
22.0663 141 33.9597
22.6395 155 35.8755
21.0104 141 33.0094
22.1635 132 33.1472
20.9845 148 33.6861
21.0133 178 36.712
22.7939 141 34.6145
22.2598 145 34.5338
20.7585 162 34.8826
22.1248 178 37.7123
20.3084 170 35.2776
22.7407 160 36.4667
20.7972 130 31.7175
21.7273 162 35.7546
21.5603 155 34.9043
22.1403 135 33.4263
21.4779 161 35.4301
21.8451 163 35.9606
