20.6812 90 76.1362
20.6812 91 76.9362
20.6747 92 77.7349
20.6812 92 77.7362
20.6747 93 78.535
20.6747 94 79.335
20.1044 95 80.0209
20.6747 95 80.1349
19.9891 96 80.7978
20.1044 96 80.8209
20.6747 96 80.935
19.9891 97 81.5978
19.6957 98 82.3391
19.9891 98 82.3978
19.6818 99 83.1364
19.6957 99 83.1391
19.9891 99 83.1978
19.6818 100 83.9364
19.6957 100 83.9391
19.3594 101 84.6719
19.5804 101 84.7161
19.6818 101 84.7364
19.3428 102 85.4686
19.3594 102 85.4719
19.5804 102 85.5161
19.3428 103 86.2686
19.3428 104 87.0686
19.3428 105 87.8686
19.2321 106 88.6464
19.3308 106 88.6662
19.3428 106 88.6686
19.2321 107 89.4464
19.3308 107 89.4662
19.3428 107 89.4686
19.2321 108 90.2464
19.2321 109 91.0464
19.2155 110 91.8431
19.2321 110 91.8464
19.1787 111 92.6357
19.2155 111 92.6431
19.1787 112 93.4357
19.2155 112 93.4431
19.1787 113 94.2357
19.1787 114 95.0357
19.1787 115 95.8357
19.1787 116 96.6357
19.1787 117 97.4357
19.1787 118 98.2357
19.1787 119 99.0357
19.1787 120 99.8357
19.1787 121 100.636
19.1787 122 101.436
19.1697 123 102.234
19.1787 123 102.236
19.1697 124 103.034
19.1725 124 103.035
19.1697 125 103.834
19.0954 126 104.619
19.1697 126 104.634
19.0787 127 105.416
19.0954 127 105.419
19.1697 127 105.434
19.0787 128 106.216
19.0954 128 106.219
19.0787 129 107.016
19.0787 130 107.816
19.0787 131 108.616
19.0787 132 109.416
19.0787 133 110.216
19.0787 134 111.016
21.424 161 133.085
21.6069 175 144.321
20.3172 167 137.663
22.3067 160 132.461
21.6962 149 123.539
21.138 168 138.628
22.4396 144 119.688
21.67 135 112.334
21.3106 156 129.062
21.2015 171 141.04
21.657 157 129.931
20.819 152 125.764
21.3125 145 120.262
21.688 165 136.338
21.4995 169 139.5
21.7842 139 115.557
21.6905 145 120.338
21.1397 149 123.428
22.3653 160 132.473
21.6977 180 148.34
21.1047 176 145.021
20.6959 166 136.939
22.2771 139 115.655
21.7913 146 121.158
21.8284 152 125.966
19.9511 153 126.39
21.7348 163 134.747
21.2598 163 134.652
20.9857 171 140.997
21.4149 156 129.083
