20.6812 89 75.3362
20.6812 90 76.1362
20.6747 91 76.935
20.6812 91 76.9362
20.6747 92 77.7349
20.6812 92 77.7362
20.6747 93 78.535
20.1044 94 79.2209
20.6747 94 79.335
20.1044 95 80.0209
20.6747 95 80.1349
19.9891 96 80.7978
20.1044 96 80.8209
19.9891 97 81.5978
19.6818 98 82.3364
19.6957 98 82.3391
19.9891 98 82.3978
19.6818 99 83.1364
19.6957 99 83.1391
19.6818 100 83.9364
19.3594 101 84.6719
19.4581 101 84.6916
19.5804 101 84.7161
19.6818 101 84.7364
19.3428 102 85.4686
19.3594 102 85.4719
19.3428 103 86.2686
19.3428 104 87.0686
19.2321 105 87.8464
19.3428 105 87.8686
19.2321 106 88.6464
19.3308 106 88.6662
19.3428 106 88.6686
19.2321 107 89.4464
19.2321 108 90.2464
19.2155 109 91.0431
19.2321 109 91.0464
19.1787 110 91.8357
19.2155 110 91.8431
19.2321 110 91.8464
19.1787 111 92.6357
19.2155 111 92.6431
19.1787 112 93.4357
19.1787 113 94.2357
19.1787 114 95.0357
19.1787 115 95.8357
19.1787 116 96.6357
19.1787 117 97.4357
19.1787 118 98.2357
19.1787 119 99.0357
19.1787 120 99.8357
19.1787 121 100.636
19.1787 122 101.436
19.1697 123 102.234
19.1787 123 102.236
19.1697 124 103.034
19.1697 125 103.834
19.0954 126 104.619
19.1697 126 104.634
19.0787 127 105.416
19.0954 127 105.419
19.0787 128 106.216
19.0954 128 106.219
19.0658 129 107.013
19.0787 129 107.016
19.0787 130 107.816
19.0787 131 108.616
19.0787 132 109.416
19.0787 133 110.216
19.0787 134 111.016
22.1935 164 135.639
21.414 168 138.683
21.1592 147 121.832
21.9877 168 138.798
21.6617 146 121.132
21.7038 133 110.741
20.1652 210 172.033
21.2188 137 113.844
20.698 150 124.14
21.0867 149 123.417
21.6822 168 138.736
21.655 174 143.531
20.8169 177 145.763
20.5244 158 130.505
21.6643 144 119.533
19.9331 165 135.987
21.9408 136 113.188
21.4004 131 109.08
21.8515 137 113.97
20.8372 166 136.967
21.5056 166 137.101
19.9898 164 135.198
21.1169 155 128.223
20.8953 144 119.379
21.341 171 141.068
21.6234 131 109.125
21.4288 125 104.286
21.0351 176 145.007
20.929 142 117.786
22.0348 169 139.607
