20.7455 103 37.1964
20.7455 104 37.3964
20.7288 105 37.583
20.7455 105 37.5964
20.7455 106 37.7964
20.7288 107 37.983
20.7455 107 37.9964
20.5637 108 38.0509
20.7288 108 38.1831
20.7455 108 38.1964
20.547 109 38.2376
20.5637 109 38.2509
20.547 110 38.4376
20.5637 110 38.451
20.4237 111 38.539
20.2913 112 38.633
20.547 111 38.6376
20.2913 113 38.833
20.547 112 38.8376
20.4237 113 38.939
20.2913 114 39.033
20.547 113 39.0376
20.2913 115 39.233
20.168 116 39.3344
20.2913 116 39.433
20.168 117 39.5344
20.168 118 39.7344
20.168 119 39.9344
20.168 120 40.1344
20.168 121 40.3344
20.1247 122 40.4998
20.168 122 40.5344
20.031 123 40.6248
20.1247 123 40.6998
20.168 123 40.7344
20.031 124 40.8248
20.1247 124 40.8998
20.031 125 41.0248
20.031 126 41.2248
20.031 127 41.4248
20.0023 128 41.6018
20.031 128 41.6248
19.9068 129 41.7255
20.0023 129 41.8018
19.849 130 41.8792
20.0023 130 42.0018
19.849 131 42.0792
19.9795 131 42.1836
19.9986 131 42.1989
20.0023 131 42.2018
19.849 132 42.2792
19.9795 132 42.3836
19.8281 133 42.4624
19.849 133 42.4792
19.8281 134 42.6625
19.8244 135 42.8595
19.8281 135 42.8624
19.8016 136 43.0413
19.8244 136 43.0595
19.8016 137 43.2413
19.8244 137 43.2595
19.7632 138 43.4105
19.8016 138 43.4413
19.7632 139 43.6105
19.8016 139 43.6413
19.7632 140 43.8105
19.7632 141 44.0105
19.7632 142 44.2105
19.7632 143 44.4105
19.7632 144 44.6105
21.3427 168 50.6742
21.3791 144 45.9033
21.0934 159 48.6747
22.5215 144 46.8172
21.7697 145 46.4158
21.1958 158 48.5567
21.7149 153 47.9719
21.2742 139 44.8193
21.1036 136 44.0829
22.1745 186 54.9396
20.31 166 49.448
20.5296 144 45.2237
21.9863 157 48.989
21.286 151 47.2288
21.1587 150 46.927
21.228 169 50.7824
22.5426 159 49.8341
22.2098 133 44.3679
20.3914 158 47.9131
21.4792 150 47.1834
22.428 147 47.3424
21.8829 151 47.7064
21.9003 132 43.9203
21.6413 158 48.913
21.3395 151 47.2716
21.8137 141 45.6509
21.7636 148 47.0108
20.9724 165 49.7779
20.5374 161 48.6299
20.7604 180 52.6083
