20.7659 65 34.0361
20.8057 65 34.064
20.7385 66 34.3169
20.7659 66 34.3362
20.8057 66 34.364
20.6179 67 34.5325
20.7385 67 34.6169
20.7659 67 34.6362
20.5781 68 34.8047
20.6179 68 34.8325
20.7385 68 34.9169
20.5781 69 35.1047
20.6179 69 35.1325
20.5781 70 35.4047
20.5507 71 35.6855
20.5781 71 35.7047
20.5507 72 35.9855
20.5781 72 36.0047
20.5507 73 36.2855
20.5507 74 36.5855
20.5507 75 36.8855
20.4833 76 37.1383
20.5507 76 37.1855
20.4833 77 37.4383
20.5507 77 37.4855
20.4436 78 37.7105
20.4833 78 37.7383
20.4436 79 38.0105
20.4833 79 38.0383
20.4436 80 38.3105
20.4436 81 38.6105
20.4436 82 38.9105
20.2838 83 39.0987
20.3557 83 39.149
20.4436 83 39.2105
20.2838 84 39.3987
20.3557 84 39.449
20.138 85 39.5966
20.2838 85 39.6987
20.1374 86 39.8962
20.2752 86 39.9927
20.2838 86 39.9987
20.1374 87 40.1962
20.1374 88 40.4962
20.1374 89 40.7962
20.1374 90 41.0962
20.118 91 41.3826
20.1189 91 41.3832
20.1374 91 41.3962
20.0302 92 41.6211
20.087 92 41.6609
20.118 92 41.6826
20.1189 92 41.6832
20.0302 93 41.9211
20.087 93 41.9609
20.118 93 41.9826
19.9797 94 42.1858
20.0302 94 42.2211
19.9755 95 42.4829
19.9797 95 42.4858
20.0302 95 42.5211
19.9755 96 42.7829
19.9797 96 42.7858
19.9755 97 43.0829
19.9755 98 43.3829
19.9755 99 43.6829
19.9755 100 43.9829
19.9755 101 44.2829
19.9755 102 44.5829
19.9755 103 44.8829
21.1717 153 60.7202
22.4716 140 57.7301
19.9895 162 62.5927
21.8033 150 60.2623
21.4202 152 60.5941
21.744 152 60.8208
21.4954 179 68.7468
20.6744 152 60.0721
21.0123 179 68.4086
21.58 149 59.806
21.9429 166 65.16
20.8647 183 69.5053
19.8813 149 58.6169
21.949 159 63.0643
21.7812 136 56.0469
21.817 159 62.9719
21.4415 139 56.709
21.4159 171 66.2911
21.3401 150 59.9381
21.4172 145 58.4921
20.8998 136 55.4299
21.1029 163 63.672
21.9025 157 62.4318
22.5547 142 58.3883
21.8249 152 60.8775
21.8452 174 67.4917
21.2476 166 64.6733
20.1911 181 68.4337
21.5011 150 60.0508
21.5993 158 62.5195
