20.7288 88 34.1831
20.7288 89 34.383
20.4219 91 34.5376
20.7288 90 34.583
20.4219 92 34.7375
20.7288 91 34.7831
20.4219 93 34.9376
19.9077 96 35.1262
20.4219 94 35.1376
19.9077 97 35.3262
20.4219 95 35.3376
19.9077 98 35.5262
20.4219 96 35.5376
19.9077 99 35.7262
20.4219 97 35.7375
19.9077 100 35.9262
19.9077 101 36.1262
19.8466 102 36.2773
19.9077 102 36.3262
19.8278 103 36.4622
19.8466 103 36.4773
19.9077 103 36.5262
19.8278 104 36.6622
19.7888 105 36.831
19.8278 105 36.8622
19.7888 106 37.031
19.8278 106 37.0622
19.7888 107 37.231
19.7394 108 37.3915
19.7888 108 37.431
19.7394 109 37.5915
19.7888 109 37.631
19.7394 110 37.7915
19.7394 111 37.9915
19.7394 112 38.1915
19.6594 113 38.3275
19.7394 113 38.3915
19.6594 114 38.5275
19.7394 114 38.5915
19.6594 115 38.7275
19.6594 116 38.9275
19.6594 117 39.1275
19.6594 118 39.3275
19.6594 119 39.5275
19.6594 120 39.7275
19.6594 121 39.9275
19.6366 122 40.1093
19.6594 122 40.1275
19.6366 123 40.3093
19.6594 123 40.3275
19.6366 124 40.5093
19.6366 125 40.7093
19.6366 126 40.9093
19.6366 127 41.1093
19.6366 128 41.3093
19.6355 129 41.5084
19.6366 129 41.5093
19.6355 130 41.7084
19.6366 130 41.7093
19.6355 131 41.9084
19.6355 132 42.1084
19.6355 133 42.3084
19.6355 134 42.5084
19.6355 135 42.7084
19.6355 136 42.9084
19.6355 137 43.1084
19.6355 138 43.3084
19.6355 139 43.5084
19.6355 140 43.7084
19.6355 141 43.9084
21.8355 140 45.4684
22.064 169 51.4512
22.5305 150 48.0244
20.6375 173 51.11
21.6176 138 44.8941
21.7123 166 50.5698
21.4057 160 49.1245
20.9014 148 46.3211
21.533 144 46.0264
21.4507 131 43.3606
20.3854 157 47.7083
21.7148 164 50.1718
21.4761 174 51.9809
21.0551 140 44.8441
20.9004 157 48.1203
21.6968 159 49.1574
20.5464 158 48.0372
22.5164 150 48.0131
21.3021 156 48.2417
21.4456 152 47.5565
21.3797 164 49.9037
21.3759 170 51.1007
22.5312 144 46.825
21.2387 155 47.9909
21.867 160 49.4936
21.2686 149 46.8149
21.6958 141 45.5566
21.5162 156 48.4129
21.188 153 47.5504
21.1348 146 46.1078
