20.6812 86 79.4681
20.6812 87 80.3681
20.1164 88 81.2116
20.6747 88 81.2675
20.6812 88 81.2681
20.1164 89 82.1116
20.6747 89 82.1675
20.6812 89 82.1681
20.1044 91 83.9104
20.1044 92 84.8104
19.9891 93 85.6989
20.1044 93 85.7104
19.9891 94 86.5989
19.9891 95 87.4989
19.9891 96 88.3989
19.6957 97 89.2696
19.9891 97 89.2989
19.5804 98 90.158
19.6818 98 90.1682
19.6957 98 90.1696
19.3594 99 91.0359
19.5804 99 91.058
19.6818 99 91.0682
19.3594 100 91.9359
19.3594 101 92.8359
19.3428 102 93.7343
19.3594 102 93.7359
19.2321 103 94.6232
19.3428 103 94.6343
19.2321 104 95.5232
19.3428 104 95.5343
19.2321 105 96.4232
19.2321 106 97.3232
19.2155 107 98.2215
19.2321 107 98.2232
19.2155 108 99.1215
19.2321 108 99.1232
19.2155 109 100.022
19.1787 110 100.918
19.2155 110 100.922
19.1787 111 101.818
19.2155 111 101.822
19.1787 112 102.718
19.1787 113 103.618
19.1787 114 104.518
19.1787 115 105.418
19.1787 116 106.318
19.1787 117 107.218
19.1787 118 108.118
19.1787 119 109.018
19.0954 120 109.91
19.1725 120 109.917
19.1787 120 109.918
19.0787 121 110.808
19.1697 121 110.817
19.1725 121 110.817
19.0787 122 111.708
19.0954 122 111.71
19.1697 122 111.717
19.0787 123 112.608
19.0658 124 113.507
19.0787 124 113.508
19.0658 125 114.407
19.0787 125 114.408
19.0192 126 115.302
19.0658 126 115.307
19.0192 127 116.202
19.0658 127 116.207
19.0192 128 117.102
19.0192 129 118.002
21.5362 167 152.454
21.9151 183 166.892
22.4662 156 142.647
20.54 158 144.254
22.2961 153 139.93
21.6578 133 121.866
21.3602 139 127.236
21.5167 129 118.252
20.1766 181 164.918
20.0608 171 155.906
21.3012 188 171.33
20.5616 165 150.556
21.4336 161 147.043
20.7255 155 141.573
21.6057 147 134.461
21.3804 167 152.438
21.5369 146 133.554
21.6377 144 131.764
21.4076 156 142.541
20.7567 168 153.276
20.5692 153 139.757
20.5944 147 134.359
21.9638 152 138.996
22.062 138 126.406
21.5715 153 139.857
21.1348 177 161.413
20.8047 160 146.08
22.0566 155 141.706
20.9521 158 144.295
20.9318 166 151.493
