20.7288 98 67.0915
20.7288 99 67.6915
20.7288 100 68.2915
20.547 101 68.8188
20.7288 101 68.8915
20.547 102 69.4188
20.7288 102 69.4915
20.1044 103 69.8418
20.2494 103 69.8997
20.547 103 70.0188
20.547 104 70.6188
19.6957 105 70.8783
19.6984 105 70.8794
20.547 105 71.2188
19.6957 106 71.4783
19.6984 106 71.4794
20.547 106 71.8188
19.679 107 72.0716
19.6957 107 72.0783
19.679 108 72.6716
19.679 109 73.2716
19.3474 110 73.739
19.679 110 73.8716
19.3308 111 74.3323
19.3474 111 74.339
19.679 111 74.4716
19.3308 112 74.9323
19.2155 113 75.4862
19.3308 113 75.5323
19.3308 114 76.1323
19.1953 115 76.6781
19.3106 115 76.7242
19.3308 115 76.7323
19.1787 116 77.2715
19.1953 116 77.2781
19.3106 116 77.3242
19.1787 117 77.8715
19.1787 118 78.4715
19.1787 119 79.0715
19.1787 120 79.6715
19.1787 123 81.4715
19.1787 124 82.0715
19.1787 126 83.2715
19.1787 128 84.4715
21.6636 156 102.265
20.2014 152 99.2806
21.6361 146 96.2545
20.8006 151 98.9202
21.0578 147 96.6231
20.6106 171 110.844
21.6451 146 96.258
21.9943 136 90.3977
21.5981 154 101.039
22.0151 182 118.006
21.5154 156 102.206
21.0719 159 103.829
20.8388 170 110.336
20.4064 168 108.963
21.3768 141 93.1507
21.5921 151 99.2369
21.5783 175 113.631
21.1372 158 103.255
21.2425 143 94.297
21.7032 160 104.681
20.8691 160 104.348
21.2679 152 99.7072
21.3468 155 101.539
20.9265 162 105.571
21.3773 184 118.951
20.4516 152 99.3806
21.4095 169 109.964
21.1505 146 96.0602
21.585 167 108.834
20.8163 152 99.5265
