22.4548 93 57.7274
22.4548 94 58.2274
20.7455 96 58.3727
22.4548 95 58.7274
20.7455 97 58.8727
21.9281 96 58.9641
22.4548 96 59.2274
20.7455 98 59.3727
21.9281 97 59.4641
22.4548 97 59.7274
20.7455 99 59.8727
20.7288 100 60.3644
20.7455 100 60.3727
20.7288 101 60.8644
20.7455 101 60.8727
20.7288 102 61.3644
20.7288 103 61.8644
20.7288 104 62.3644
20.547 105 62.7735
19.6854 106 62.8427
20.7278 105 62.8639
20.7288 105 62.8644
20.2913 106 63.1456
20.308 106 63.154
20.547 106 63.2735
19.679 107 63.3395
20.2913 107 63.6456
20.308 107 63.654
19.679 108 63.8395
20.2913 108 64.1456
19.3474 109 64.1737
19.679 109 64.3395
19.3372 110 64.6686
19.3474 110 64.6737
19.679 110 64.8395
19.3308 111 65.1654
19.3336 111 65.1668
19.3372 111 65.1686
19.3474 111 65.1737
19.3308 112 65.6654
19.3336 112 65.6668
19.3308 113 66.1654
19.3308 114 66.6654
19.3106 115 67.1553
19.3308 115 67.1654
19.2117 116 67.6058
19.294 116 67.647
19.3106 116 67.6553
19.3308 116 67.6654
19.2117 117 68.1058
19.294 117 68.147
19.3106 117 68.1553
19.2117 118 68.6058
19.195 119 69.0975
19.1619 121 70.0809
19.1785 121 70.0893
19.1582 122 70.5791
19.1619 122 70.5809
19.1785 122 70.5893
19.1582 123 71.0791
19.1582 124 71.5791
19.1582 125 72.0791
19.1554 126 72.5777
19.1582 126 72.5791
19.1554 127 73.0777
19.1582 127 73.0791
19.1554 128 73.5777
19.1554 129 74.0777
19.1554 130 74.5777
19.1554 131 75.0777
21.8137 167 94.4068
20.5421 149 84.771
22.3756 135 78.6878
21.3749 194 107.687
21.106 135 78.053
20.7269 165 92.8635
21.075 173 97.0375
21.4865 133 77.2432
21.8182 162 91.9091
20.8955 157 88.9478
20.3765 150 85.1882
20.8593 150 85.4297
21.4646 153 87.2323
20.5331 181 100.767
20.8422 123 71.9211
22.1415 147 84.5707
22.275 136 79.1375
21.6928 149 85.3464
20.3427 167 93.6714
21.7494 166 93.8747
20.6936 158 89.3468
21.631 141 81.3155
21.152 152 86.576
21.2429 160 90.6215
22.1866 171 96.5933
22.1946 137 79.5973
21.8634 135 78.4317
21.1989 149 85.0995
21.4684 154 87.7342
20.6023 164 92.3011
