20.7288 88 34.1831
20.7288 89 34.383
20.4219 91 34.5376
20.7288 90 34.583
20.4219 92 34.7375
20.7288 91 34.7831
19.9077 95 34.9262
20.4219 93 34.9376
20.7288 92 34.983
19.9077 96 35.1262
20.4219 94 35.1376
19.9077 97 35.3262
20.4219 95 35.3376
19.9077 98 35.5262
19.9077 99 35.7262
19.9077 100 35.9262
19.9077 101 36.1262
19.8466 102 36.2773
19.9077 102 36.3262
19.8278 103 36.4622
19.8466 103 36.4773
19.9077 103 36.5262
19.8278 104 36.6622
19.7888 105 36.831
19.8278 105 36.8622
19.7888 106 37.031
19.8278 106 37.0622
19.7394 107 37.1915
19.7888 107 37.231
19.7394 108 37.3915
19.7394 109 37.5915
19.7394 110 37.7915
19.7394 111 37.9915
19.6594 112 38.1275
19.7394 112 38.1915
19.6594 113 38.3275
19.7394 113 38.3915
19.6594 114 38.5275
19.6594 115 38.7275
19.6594 116 38.9275
19.6594 117 39.1275
19.6594 118 39.3275
19.6594 119 39.5275
19.6594 120 39.7275
19.6594 121 39.9275
19.6366 122 40.1093
19.6594 122 40.1275
19.6366 123 40.3093
19.6594 123 40.3275
19.6366 124 40.5093
19.6366 125 40.7093
19.6366 126 40.9093
19.6366 127 41.1093
19.6366 128 41.3093
19.6355 129 41.5084
19.6366 129 41.5093
19.6355 130 41.7084
19.6366 130 41.7093
19.6355 131 41.9084
19.6355 132 42.1084
19.6355 133 42.3084
19.6355 134 42.5084
19.6355 135 42.7084
19.6355 136 42.9084
19.6355 137 43.1084
19.6355 138 43.3084
19.6355 139 43.5084
19.6355 140 43.7084
19.6355 141 43.9084
19.6355 142 44.1084
21.6395 139 45.1116
20.732 164 49.3856
21.42 140 45.136
21.0653 196 56.0523
21.6464 170 51.3171
21.4313 157 48.545
20.8006 154 47.4405
21.8338 147 46.8671
21.6526 147 46.7221
21.5675 155 48.254
21.1345 160 48.9076
21.5815 189 55.0652
20.3747 166 49.4998
21.983 151 47.7864
20.9528 174 51.5623
21.4004 156 48.3203
21.5189 148 46.8152
21.0028 176 52.0022
21.3051 156 48.2441
21.8284 150 47.4628
20.7653 134 43.4123
21.4637 172 51.571
21.6244 162 49.6996
21.8863 159 49.3091
21.8737 152 47.899
21.1245 136 44.0996
21.6057 154 48.0846
21.705 169 51.164
21.7392 157 48.7913
20.6384 165 49.5107
