20.6812 82 57.4725
20.6812 83 58.0725
20.6812 84 58.6725
20.1164 85 59.0466
20.6812 85 59.2725
20.1164 86 59.6466
20.1164 87 60.2466
20.1164 88 60.8466
20.1164 89 61.4466
20.1044 90 62.0418
20.1164 90 62.0466
19.9891 91 62.5956
20.1044 91 62.6418
20.1164 91 62.6466
19.9891 92 63.1956
20.1044 92 63.2418
19.9891 93 63.7956
19.8229 94 64.3292
19.9891 94 64.3956
19.6818 95 64.8727
19.7077 95 64.8831
19.8229 95 64.9292
19.9891 95 64.9956
19.5804 96 65.4322
19.6818 96 65.4727
19.7077 96 65.4831
19.5804 97 66.0322
19.6818 97 66.0727
19.3594 98 66.5438
19.4747 98 66.5899
19.5804 98 66.6321
19.3594 99 67.1438
19.4747 99 67.1899
19.5804 99 67.2321
19.3428 100 67.7371
19.3594 100 67.7438
19.3428 101 68.3371
19.2321 102 68.8929
19.3428 102 68.9371
19.2321 103 69.4929
19.3428 103 69.5371
19.2321 104 70.0929
19.2321 105 70.6929
19.2155 106 71.2862
19.2321 106 71.2929
19.2155 107 71.8862
19.2321 107 71.8929
19.2155 108 72.4862
19.1787 109 73.0715
19.2155 109 73.0862
19.1787 110 73.6715
19.1787 111 74.2715
19.1787 112 74.8715
19.1787 113 75.4715
19.1787 114 76.0715
19.1787 115 76.6715
19.0954 116 77.2382
19.1787 116 77.2715
19.0954 117 77.8382
19.0954 118 78.4381
19.0954 119 79.0381
19.0658 120 79.6263
19.0787 120 79.6315
19.0954 120 79.6381
19.0658 121 80.2263
19.0954 121 80.2382
19.0658 122 80.8263
19.0658 123 81.4263
19.0658 124 82.0263
19.0658 125 82.6263
21.2208 141 93.0883
20.6436 175 113.257
22.5062 142 94.2025
20.9052 159 103.762
21.3303 171 111.132
21.9076 165 107.763
21.0174 172 111.607
20.4588 165 107.184
20.6195 154 100.648
21.3728 159 103.949
21.6788 136 90.2715
21.3442 164 106.938
21.5026 139 92.001
21.7031 170 110.681
21.1501 149 97.86
20.7081 150 98.2832
20.8694 158 103.148
22.388 152 100.155
21.0142 145 95.4057
20.6017 182 117.441
20.8535 163 106.141
21.5105 144 95.0042
21.6866 144 95.0746
22.319 145 95.9276
21.7149 144 95.086
21.7621 149 98.1048
20.8315 154 100.733
21.1244 157 102.65
20.9686 147 96.5874
22.4106 165 107.964
