22.4548 85 53.7274
22.4548 86 54.2274
20.3858 89 54.6929
22.4548 87 54.7274
20.3858 90 55.1929
22.4548 88 55.2274
20.3858 91 55.6929
22.4548 89 55.7274
20.3858 92 56.1929
22.4548 90 56.2274
20.3858 93 56.6929
20.3858 94 57.1929
19.679 95 57.3395
20.2586 95 57.6293
20.3858 95 57.6929
19.679 96 57.8395
20.2586 96 58.1293
19.3539 97 58.1769
20.3858 96 58.1929
19.679 97 58.3395
19.3539 98 58.6769
19.679 98 58.8395
19.3372 99 59.1686
19.3539 99 59.1769
19.3372 100 59.6686
19.3539 100 59.6769
19.2107 101 60.1053
19.3372 101 60.1686
19.2107 102 60.6053
19.3372 102 60.6686
19.207 103 61.1035
19.2107 103 61.1053
19.207 104 61.6035
19.207 105 62.1035
19.1987 106 62.5993
19.207 106 62.6035
19.1738 107 63.0869
19.1987 107 63.0993
19.207 107 63.1035
19.1738 108 63.5869
19.1987 108 63.5993
19.1738 109 64.0869
19.1738 110 64.5869
19.0834 111 65.0417
19.1619 111 65.0809
19.1738 111 65.0869
19.0834 112 65.5417
19.1619 112 65.5809
19.0466 113 66.0233
19.0632 113 66.0316
19.1619 113 66.0809
19.0466 114 66.5233
19.0632 114 66.5316
19.0466 115 67.0233
19.0466 116 67.5233
19.0466 117 68.0233
19.0466 118 68.5233
19.0466 119 69.0233
19.0466 120 69.5233
19.0466 121 70.0233
19.0466 122 70.5233
19.0466 123 71.0233
19.0466 124 71.5233
19.0438 125 72.0219
19.0466 125 72.0233
19.0438 126 72.5219
19.0238 130 74.5119
19.0238 131 75.0119
19.021 136 77.5105
21.2645 161 91.1323
21.1038 179 100.052
20.8358 142 81.4179
20.2505 169 94.6253
22.3246 147 84.6623
22.6636 133 77.8318
20.8374 167 93.9187
21.3206 172 96.6603
21.9646 137 79.4823
20.9835 151 85.9918
22.0171 157 89.5085
20.7919 156 88.396
21.6142 149 85.3071
20.8232 159 89.9116
21.7308 141 81.3654
21.8822 142 81.9411
21.3908 143 82.1954
21.7763 161 91.3881
20.3176 157 88.6588
20.6806 172 96.3403
21.5112 141 81.2556
21.6429 164 92.8214
22.6082 160 91.3041
21.0784 151 86.0392
22.3421 150 86.171
21.2413 161 91.1206
21.0737 164 92.5368
22.1169 148 85.0585
21.9622 163 92.4811
21.5248 156 88.7624
