20.3858 86 53.1929
20.3858 87 53.6929
22.4548 85 53.7274
20.3858 88 54.1929
22.4548 86 54.2274
20.3858 89 54.6929
22.4548 87 54.7274
20.2586 90 55.1293
20.3858 90 55.1929
20.2586 91 55.6293
20.3858 91 55.6929
20.2586 92 56.1293
20.2586 93 56.6293
19.679 94 56.8395
20.2586 94 57.1293
19.3539 95 57.1769
19.679 95 57.3395
20.2586 95 57.6293
19.2693 96 57.6346
19.3539 96 57.6769
19.2693 97 58.1346
19.3539 97 58.1769
19.2107 98 58.6053
19.2693 98 58.6346
19.2107 99 59.1053
19.2693 99 59.1346
19.2107 100 59.6053
19.207 101 60.1035
19.2107 101 60.1053
19.1 102 60.55
19.207 102 60.6035
19.2107 102 60.6053
19.1 103 61.05
19.207 103 61.1035
19.0834 104 61.5417
19.1 104 61.55
19.0834 105 62.0417
19.1 105 62.05
19.0834 106 62.5417
19.0834 107 63.0417
19.0834 108 63.5417
19.0632 109 64.0316
19.0834 109 64.0417
19.0466 110 64.5233
19.0632 110 64.5316
19.0834 110 64.5417
19.0466 111 65.0233
19.0632 111 65.0316
19.0466 112 65.5233
19.0466 113 66.0233
19.0466 114 66.5233
19.0466 115 67.0233
19.0438 116 67.5219
19.0466 116 67.5233
19.0404 117 68.0202
19.0438 117 68.0219
19.0404 118 68.5202
19.0438 118 68.5219
19.0404 119 69.0202
19.0238 120 69.5119
19.0404 120 69.5202
19.0238 121 70.0119
19.0238 122 70.5119
19.0238 123 71.0119
19.0238 124 71.5119
19.0238 125 72.0119
19.021 126 72.5105
19.0238 126 72.5119
19.021 127 73.0105
19.021 131 75.0105
21.2245 165 93.1122
20.788 153 86.894
21.9687 148 84.9844
21.4795 169 95.2397
21.1343 186 103.567
20.818 166 93.409
19.8514 180 99.9257
21.0687 147 84.0344
21.1118 165 93.0559
21.4866 154 87.7433
21.2994 167 94.1497
21.4729 149 85.2365
20.7008 182 101.35
20.8504 162 91.4252
21.6461 153 87.323
21.3668 158 89.6834
21.3005 179 100.15
21.9114 170 95.9557
22.0114 170 96.0057
22.6393 146 84.3197
20.8808 165 92.9404
21.5862 161 91.2931
21.1799 134 77.59
20.9252 171 95.9626
22.3428 148 85.1714
21.456 179 100.228
20.5901 165 92.7951
22.4415 152 87.2207
21.5068 206 113.753
22.2072 139 80.6036
