20.7385 67 34.6169
20.8057 67 34.664
20.7385 68 34.9169
20.8057 68 34.964
20.7385 69 35.2169
20.7385 70 35.5169
20.7385 71 35.8169
20.6179 72 36.0325
20.7385 72 36.1169
20.5507 73 36.2855
20.5781 73 36.3047
20.6179 73 36.3325
20.5507 74 36.5855
20.5781 74 36.6047
20.5507 75 36.8855
20.5507 76 37.1855
20.5507 77 37.4855
20.5507 78 37.7855
20.5507 79 38.0855
20.4833 80 38.3383
20.5507 80 38.3855
20.4833 81 38.6383
20.5507 81 38.6855
20.463 82 38.9241
20.4833 82 38.9383
20.463 83 39.2241
20.4833 83 39.2383
20.3557 84 39.449
20.463 84 39.5241
20.3557 85 39.749
20.463 85 39.8241
20.3557 86 40.049
20.4468 86 40.1127
20.3557 87 40.349
20.1374 88 40.4962
20.3557 88 40.649
20.1374 89 40.7962
20.1374 90 41.0962
20.1374 91 41.3962
20.1374 92 41.6962
20.0302 93 41.9211
20.1374 93 41.9962
20.0302 94 42.2211
20.1374 94 42.2962
19.9755 95 42.4829
20.0302 95 42.5211
19.9755 96 42.7829
20.0302 96 42.8211
19.9755 97 43.0829
19.9755 98 43.3829
19.9755 99 43.6829
19.9755 100 43.9829
19.9755 101 44.2829
19.9755 102 44.5829
19.9755 103 44.8829
19.9755 104 45.1829
19.9755 105 45.4829
19.9755 106 45.7829
19.9755 107 46.0829
19.9755 108 46.3829
19.9755 109 46.6829
19.9755 110 46.9829
19.9755 111 47.2829
19.9755 112 47.5829
19.878 113 47.8146
19.9755 113 47.8829
19.8434 114 48.0904
19.878 114 48.1146
19.9755 114 48.1829
19.8434 115 48.3904
21.08 151 60.056
21.0079 153 60.6055
20.3886 183 69.172
20.954 152 60.2678
21.2248 157 61.9573
21.3879 154 61.1715
21.5036 150 60.0525
21.7744 126 53.0421
20.5906 172 66.0134
21.3588 149 59.6511
20.8274 137 55.6792
20.4401 172 65.908
21.1654 134 55.0158
21.7074 155 61.6952
22.4717 149 60.4302
20.9316 141 56.9522
21.8965 159 63.0276
21.8195 153 61.1737
21.7165 153 61.1016
20.8315 164 63.7821
22.0035 146 59.2025
20.2977 154 60.4084
22.0317 146 59.2222
21.1859 162 63.4301
21.8659 145 58.8061
20.9812 138 56.0868
21.1738 148 59.2216
20.1804 165 63.6263
21.0097 162 63.3068
21.9012 155 61.8309
