20.7659 65 34.0361
20.8057 65 34.064
20.7385 66 34.3169
20.7659 66 34.3362
20.8057 66 34.364
20.7385 67 34.6169
20.7659 67 34.6362
20.7385 68 34.9169
20.6179 69 35.1325
20.7385 69 35.2169
20.6179 70 35.4325
20.5507 71 35.6855
20.6179 71 35.7325
20.5507 72 35.9855
20.5507 73 36.2855
20.5507 74 36.5855
20.5507 75 36.8855
20.5507 76 37.1855
20.4833 77 37.4383
20.5507 77 37.4855
20.4833 78 37.7383
20.4436 79 38.0105
20.4833 79 38.0383
20.4436 80 38.3105
20.4833 80 38.3383
20.4436 81 38.6105
20.4436 82 38.9105
20.3557 83 39.149
20.4436 83 39.2105
20.3557 84 39.449
20.4436 84 39.5105
20.3557 85 39.749
20.1374 86 39.8962
20.2752 86 39.9927
20.2838 86 39.9987
20.3557 86 40.049
20.1374 87 40.1962
20.2752 87 40.2927
20.2838 87 40.2987
20.3557 87 40.349
20.1374 88 40.4962
20.1374 89 40.7962
20.1374 90 41.0962
20.1189 91 41.3832
20.1374 91 41.3962
20.1189 92 41.6832
20.0302 93 41.9211
20.087 93 41.9609
20.1146 93 41.9802
20.1189 93 41.9832
19.9797 94 42.1858
20.0302 94 42.2211
20.0809 94 42.2566
20.087 94 42.2609
20.1146 94 42.2802
20.1189 94 42.2832
19.9755 95 42.4829
19.9797 95 42.4858
20.0302 95 42.5211
19.9755 96 42.7829
19.9797 96 42.7858
19.9755 97 43.0829
19.9755 98 43.3829
19.9755 99 43.6829
19.9755 100 43.9829
19.9755 101 44.2829
19.9755 102 44.5829
19.9755 103 44.8829
19.9755 104 45.1829
19.9755 105 45.4829
20.4197 156 61.0938
20.9772 145 58.1841
21.5857 166 64.91
21.6977 142 57.7884
21.1555 163 63.7089
21.4669 167 65.1268
21.151 190 71.8057
21.9892 151 60.6924
21.147 154 61.0029
21.0732 162 63.3513
22.1596 156 62.3117
21.2248 170 65.8573
22.0072 149 60.105
21.5084 144 58.2559
21.2527 142 57.4769
21.7713 141 57.5399
20.8894 140 56.6226
21.7539 138 56.6277
21.2248 143 57.7573
21.6988 151 60.4892
20.822 151 59.8754
21.169 151 60.1183
22.55 130 54.785
22.0769 150 60.4538
22.145 153 61.4015
22.3227 143 58.5259
20.9569 152 60.2698
21.294 146 58.7058
20.3164 165 63.7215
21.0716 161 63.0501
