20.934 119 60.1604
20.934 120 60.5604
20.308 121 60.5848
20.4237 121 60.6542
20.168 122 60.9008
20.168 123 61.3008
20.2647 124 61.7588
20.168 125 62.1008
20.2647 125 62.1588
20.934 124 62.1604
20.168 126 62.5008
20.1247 127 62.8748
20.168 127 62.9008
20.1247 128 63.2748
20.168 128 63.3008
20.1247 129 63.6748
20.1247 130 64.0748
20.1247 131 64.4748
20.118 132 64.8708
20.1247 132 64.8748
20.1143 133 65.2686
20.118 133 65.2708
20.1247 133 65.2748
20.1143 134 65.6686
20.118 134 65.6708
20.0705 135 66.0423
20.1143 135 66.0686
20.0668 136 66.4401
20.0705 136 66.4423
20.1143 136 66.4686
19.9758 137 66.7855
19.9795 137 66.7877
20.0668 137 66.8401
19.9758 138 67.1855
19.9758 139 67.5855
19.9758 140 67.9855
19.9758 141 68.3855
19.9758 142 68.7855
19.9758 143 69.1855
19.9758 144 69.5855
19.9758 145 69.9855
19.9758 146 70.3855
19.9758 147 70.7855
19.9758 148 71.1855
19.9758 149 71.5855
19.9758 150 71.9855
19.9758 151 72.3855
19.9293 153 73.1576
19.9293 154 73.5576
19.9293 158 75.1576
21.0122 149 72.2073
21.2952 159 76.3771
21.3072 129 64.3843
22.5809 145 71.5485
22.0317 151 73.619
21.2517 157 75.551
21.7877 164 78.6726
20.3837 161 76.6302
21.553 163 78.1318
21.9472 153 74.3683
21.3528 159 76.4117
20.8339 180 84.5003
21.2895 150 72.7737
21.5315 159 76.5189
21.9407 144 70.7644
21.5457 151 73.3274
21.867 155 75.1202
20.6186 176 82.7712
21.993 149 72.7958
20.3993 165 78.2396
21.0873 137 67.4524
21.5254 163 78.1152
20.6717 136 66.803
21.1966 158 75.9179
21.4581 151 73.2749
20.8156 159 76.0894
22.3067 168 80.584
21.3225 177 83.5935
20.8875 209 96.1325
20.7224 146 70.8334
