21.8962 108 73.5585
21.8962 109 74.1585
20.5637 110 74.2255
20.6055 110 74.2422
20.9878 110 74.3951
21.8962 110 74.7585
20.9878 111 74.9951
20.5637 112 75.4255
20.9878 112 75.5951
20.5637 113 76.0255
20.9878 113 76.1951
20.308 114 76.5232
20.4237 114 76.5695
20.5637 114 76.6255
20.308 115 77.1232
20.4237 115 77.1695
20.5637 115 77.2255
20.308 116 77.7232
20.308 117 78.3232
20.308 118 78.9232
20.308 119 79.5232
20.168 120 80.0672
20.308 120 80.1232
20.168 121 80.6672
20.168 122 81.2672
20.1247 123 81.8499
20.168 123 81.8672
20.1247 124 82.4499
20.168 124 82.4672
20.1247 125 83.0499
20.1247 126 83.6499
20.031 127 84.2124
20.1247 127 84.2499
20.031 128 84.8124
20.1247 128 84.8499
20.0082 129 85.4033
20.031 129 85.4124
20.0023 130 86.0009
20.0082 130 86.0033
20.031 130 86.0124
20.0023 131 86.6009
20.0082 131 86.6033
19.9795 132 87.1918
19.9986 132 87.1994
20.0023 132 87.2009
19.9795 133 87.7918
19.9986 133 87.7994
19.9758 134 88.3903
19.9795 134 88.3918
19.9758 135 88.9903
19.9758 136 89.5903
19.9758 137 90.1903
19.9716 138 90.7886
19.9758 138 90.7903
19.9758 139 91.3903
19.9758 140 91.9903
19.294 141 92.3176
19.9758 141 92.5903
19.294 142 92.9176
19.9758 142 93.1903
19.933 143 93.7732
19.9758 143 93.7903
19.4529 144 94.1812
19.4363 145 94.7745
19.2717 146 95.3087
19.2893 146 95.3157
19.4363 146 95.3745
19.2717 147 95.9087
19.2893 147 95.9157
19.2717 149 97.1087
22.4133 149 98.3653
21.7786 170 110.711
20.738 158 103.095
20.5459 177 114.418
21.6411 158 103.456
22.0744 148 97.6298
21.5252 157 102.81
20.7168 152 99.4867
21.4717 164 106.989
20.193 194 124.477
20.8314 151 98.9326
21.7456 130 86.6982
21.2295 165 107.492
21.2482 140 92.4993
22.4884 145 95.9953
21.0449 148 97.218
21.4172 158 103.367
21.2162 160 104.486
21.714 164 107.086
20.0286 194 124.411
20.7458 158 103.098
21.1071 148 97.2429
21.9809 158 103.592
21.7323 160 104.693
21.0215 163 106.209
21.3569 140 92.5428
22.3894 145 95.9558
21.408 180 116.563
22.1657 165 107.866
21.6418 161 105.257
