20.6812 81 62.9044
20.6812 82 63.6044
20.1108 83 64.1332
20.1164 83 64.1349
20.6812 83 64.3044
20.1108 84 64.8332
20.1164 84 64.8349
20.1108 85 65.5332
20.1108 86 66.2332
20.1072 87 66.9322
20.1108 87 66.9332
20.1044 88 67.6313
20.1072 88 67.6321
20.1108 88 67.6332
19.8229 89 68.2469
20.1044 89 68.3313
19.7077 90 68.9123
19.8229 90 68.9469
20.1044 90 69.0313
19.7077 91 69.6123
19.8229 91 69.6469
19.7077 92 70.3123
19.6818 93 71.0045
19.7077 93 71.0123
19.6818 94 71.7045
19.7077 94 71.7123
19.3594 95 72.3078
19.5804 95 72.3741
19.6818 95 72.4045
19.3594 96 73.0078
19.5804 96 73.0741
19.6818 96 73.1045
19.3594 97 73.7078
19.3428 98 74.4028
19.3594 98 74.4078
19.3428 99 75.1028
19.3594 99 75.1078
19.3428 100 75.8028
19.2321 101 76.4696
19.3428 101 76.5028
19.2321 102 77.1696
19.2321 103 77.8696
19.2321 104 78.5696
19.2155 105 79.2646
19.2321 105 79.2696
19.2155 106 79.9646
19.2321 106 79.9696
19.2155 107 80.6646
19.2155 108 81.3646
19.0954 109 82.0286
19.1787 109 82.0536
19.2155 109 82.0646
19.0954 110 82.7286
19.1787 110 82.7536
19.2155 110 82.7646
19.0954 111 83.4286
19.0954 112 84.1286
19.0787 113 84.8236
19.0954 113 84.8286
19.0787 114 85.5236
19.0787 115 86.2236
19.0787 116 86.9236
19.0787 117 87.6236
19.0658 118 88.3198
19.0787 118 88.3236
19.0658 119 89.0198
19.0658 120 89.7198
19.0658 121 90.4198
19.0658 122 91.1198
19.0658 126 93.9198
20.994 170 125.298
21.7678 148 110.13
21.8857 152 112.966
21.9788 156 115.794
20.7376 156 115.421
20.5435 149 110.463
21.0573 137 102.217
21.1707 165 121.851
21.1025 134 100.131
20.8158 175 128.745
20.9033 155 114.771
20.7582 166 122.427
22.3764 156 115.913
20.6581 149 110.497
21.3887 166 122.617
20.6404 150 111.192
21.5701 159 117.771
21.3317 157 116.3
21.1498 153 113.445
20.3671 155 114.61
22.1315 156 115.839
22.614 138 103.384
21.0528 157 116.216
20.1 176 129.23
21.4299 165 121.929
21.6706 169 124.801
21.4538 146 108.636
21.2132 151 112.064
20.4994 166 122.35
21.2631 152 112.779
