20.6812 82 69.7362
20.6812 83 70.5362
20.1164 84 71.2233
20.6812 84 71.3362
20.1164 85 72.0233
20.6812 85 72.1362
20.1164 86 72.8233
20.1164 87 73.6233
20.1164 88 74.4233
20.1164 89 75.2233
19.9891 90 75.9978
20.1044 90 76.0209
20.1072 90 76.0214
20.1164 90 76.0233
19.9891 91 76.7978
20.1044 91 76.8209
19.8229 92 77.5646
19.9891 92 77.5978
19.7077 93 78.3415
19.8229 93 78.3646
19.9891 93 78.3978
19.7077 94 79.1415
19.8229 94 79.1646
19.6818 95 79.9364
19.7077 95 79.9415
19.5804 96 80.7161
19.6818 96 80.7364
19.7077 96 80.7415
19.3594 97 81.4719
19.5804 97 81.5161
19.3594 98 82.2719
19.4747 98 82.2949
19.5804 98 82.3161
19.3428 99 83.0686
19.3594 99 83.0719
19.3428 100 83.8686
19.3594 100 83.8719
19.3428 101 84.6686
19.2321 102 85.4464
19.3428 102 85.4686
19.2321 103 86.2464
19.3428 103 86.2686
19.2321 104 87.0464
19.2321 105 87.8464
19.2155 106 88.6431
19.2321 106 88.6464
19.2155 107 89.4431
19.2155 108 90.2431
19.1787 109 91.0357
19.2155 109 91.0431
19.1787 110 91.8357
19.2155 110 91.8431
19.1787 111 92.6357
19.1787 112 93.4357
19.1787 113 94.2357
19.0954 114 95.0191
19.1787 114 95.0357
19.0787 115 95.8157
19.0954 115 95.8191
19.1787 115 95.8357
19.0787 116 96.6157
19.0954 116 96.6191
19.0787 117 97.4157
19.0787 118 98.2157
19.0787 119 99.0157
19.0658 120 99.8132
19.0787 120 99.8157
19.0658 121 100.613
19.0787 121 100.616
19.0658 122 101.413
21.7092 152 125.942
21.2867 157 129.857
23.0391 149 123.808
21.1942 159 131.439
20.521 158 130.504
22.046 148 122.809
21.3249 142 117.865
21.0893 146 121.018
20.0329 152 125.607
20.5546 161 132.911
21.1491 160 132.23
21.5366 166 137.107
22.4154 152 126.083
22.1818 144 119.636
20.8225 136 112.965
21.075 137 113.815
20.7079 179 147.342
21.8632 155 128.373
21.2371 149 123.447
19.8871 160 131.977
21.2305 186 153.046
21.0667 158 130.613
21.598 165 136.32
21.2563 154 127.451
21.3816 152 125.876
21.3366 130 108.267
21.4216 169 139.484
20.6375 180 148.128
21.1026 151 125.021
22.0354 167 138.007
