20.6812 83 76.7681
20.6812 84 77.6681
20.1164 85 78.5116
20.6812 85 78.5681
20.1164 86 79.4116
20.6812 86 79.4681
20.1164 87 80.3116
20.1164 88 81.2116
20.1164 89 82.1116
20.1164 90 83.0116
20.1044 91 83.9104
20.1164 91 83.9116
19.9891 92 84.7989
20.1044 92 84.8104
20.1164 92 84.8116
19.9891 93 85.6989
20.1044 93 85.7104
19.9891 94 86.5989
19.8229 95 87.4823
19.9891 95 87.4989
19.6818 96 88.3682
19.7077 96 88.3708
19.8229 96 88.3823
19.9891 96 88.3989
19.5804 97 89.258
19.6818 97 89.2682
19.7077 97 89.2708
19.3594 98 90.1359
19.5804 98 90.158
19.6818 98 90.1682
19.3594 99 91.0359
19.3428 100 91.9343
19.3594 100 91.9359
19.3428 101 92.8343
19.3594 101 92.8359
19.2321 102 93.7232
19.3428 102 93.7343
19.2321 103 94.6232
19.3428 103 94.6343
19.2321 104 95.5232
19.2321 105 96.4232
19.2321 106 97.3232
19.2155 107 98.2215
19.2321 107 98.2232
19.2155 108 99.1215
19.1787 109 100.018
19.2155 109 100.022
19.1787 110 100.918
19.2155 110 100.922
19.1787 111 101.818
19.1787 112 102.718
19.1787 113 103.618
19.1787 114 104.518
19.1787 115 105.418
19.1787 116 106.318
19.1787 117 107.218
19.0954 118 108.11
19.1787 118 108.118
19.0954 119 109.01
19.1725 119 109.017
19.1787 119 109.018
19.0658 120 109.907
19.0787 120 109.908
19.0954 120 109.91
19.0658 121 110.807
19.0787 121 110.808
19.0954 121 110.81
19.0658 122 111.707
19.0658 123 112.607
19.0658 124 113.507
20.799 146 133.48
21.2625 158 144.326
21.4989 148 135.35
22.4366 129 118.344
21.2359 148 135.324
21.7546 155 141.675
21.1406 164 149.714
21.3871 162 147.939
21.2407 144 131.724
20.8448 162 147.884
21.7466 137 125.475
21.1238 151 138.012
22.0666 145 132.707
21.8137 155 141.681
22.8753 149 136.388
21.2781 150 137.128
21.7954 141 129.08
20.6066 146 133.461
22.1257 148 135.413
21.1714 137 125.417
22.2801 133 121.928
20.462 157 143.346
21.9391 136 124.594
21.0931 172 156.909
21.0396 153 139.804
21.8955 162 147.99
21.0275 152 138.903
22.3231 166 151.632
20.9305 164 149.693
20.7019 144 131.67
