20.7288 89 27.5559
20.7288 90 27.6559
20.7288 91 27.7559
20.7288 92 27.8559
20.7288 93 27.9559
20.547 95 27.9923
20.3844 97 28.0459
20.7288 94 28.0559
20.547 96 28.0923
20.3844 98 28.1459
20.7288 95 28.1559
20.2913 99 28.1622
20.547 97 28.1923
20.3844 99 28.2459
20.7288 96 28.2559
20.2913 100 28.2622
20.547 98 28.2923
20.3844 100 28.3459
20.2913 101 28.3622
20.2913 102 28.4622
20.1618 104 28.5456
20.2913 103 28.5622
20.0708 105 28.5637
20.1618 105 28.6456
20.2913 104 28.6622
20.0708 106 28.6637
20.1618 106 28.7456
20.2913 105 28.7622
20.0708 107 28.7637
19.9986 108 28.7987
19.7193 111 28.8474
20.0708 108 28.8637
19.9986 109 28.8987
19.7193 112 28.9474
20.0708 109 28.9637
19.9986 110 28.9987
19.9986 111 29.0987
19.9986 112 29.1987
19.5906 117 29.3315
19.5047 118 29.3542
19.4261 119 29.3835
19.55 118 29.395
19.6787 117 29.4108
19.5906 118 29.4315
19.5047 119 29.4542
19.4261 120 29.4835
19.55 119 29.495
19.5906 119 29.5315
19.5047 120 29.5542
19.4261 121 29.5835
19.4207 122 29.6786
19.4261 122 29.6835
19.4207 123 29.7786
19.4261 123 29.7835
19.342 124 29.8078
19.3466 124 29.8119
19.4207 124 29.8786
19.342 125 29.9078
19.3466 125 29.9119
19.4207 125 29.9786
19.342 126 30.0078
19.342 127 30.1078
19.2625 131 30.4363
19.2625 132 30.5363
19.1921 139 31.1729
21.7525 135 33.0772
21.2945 162 35.365
21.205 178 36.8845
21.1692 139 32.9523
20.1403 158 33.9263
20.7347 190 37.6612
22.2369 158 35.8132
21.6025 160 35.4423
21.1207 152 34.2087
21.5566 154 34.801
20.6303 158 34.3673
20.4995 158 34.2496
21.4253 139 33.1827
22.0038 158 35.6034
20.9259 160 34.8333
20.9423 156 34.4481
21.7527 163 35.8775
20.5668 170 35.5101
22.1017 145 34.3915
20.8003 141 32.8202
21.3832 175 36.7449
20.8732 150 33.7859
20.6083 148 33.3474
21.4266 165 35.7839
21.1611 182 37.245
21.5634 139 33.307
20.9145 155 34.3231
20.6851 138 32.4166
22.0444 141 33.94
21.9076 137 33.4169
