20.8057 66 34.364
20.7385 67 34.6169
20.8057 67 34.664
20.7385 68 34.9169
20.7385 69 35.2169
20.7385 70 35.5169
20.6179 71 35.7325
20.7385 71 35.8169
20.6179 72 36.0325
20.5507 73 36.2855
20.5781 73 36.3047
20.6179 73 36.3325
20.5507 74 36.5855
20.5781 74 36.6047
20.6179 74 36.6325
20.5507 75 36.8855
20.5507 76 37.1855
20.5507 77 37.4855
20.5507 78 37.7855
20.5507 79 38.0855
20.4833 80 38.3383
20.5507 80 38.3855
20.4833 81 38.6383
20.5507 81 38.6855
20.463 82 38.9241
20.4833 82 38.9383
20.3557 83 39.149
20.4436 83 39.2105
20.463 83 39.2241
20.4833 83 39.2383
20.3557 84 39.449
20.4436 84 39.5105
20.463 84 39.5241
20.3557 85 39.749
20.3557 86 40.049
20.3557 87 40.349
20.1374 88 40.4962
20.3557 88 40.649
20.1374 89 40.7962
20.2838 89 40.8987
20.3557 89 40.949
20.1374 90 41.0962
20.1374 91 41.3962
20.1374 92 41.6962
20.0302 93 41.9211
20.1374 93 41.9962
20.0302 94 42.2211
19.9755 95 42.4829
20.0302 95 42.5211
19.9755 96 42.7829
20.0302 96 42.8211
19.9755 97 43.0829
19.9755 98 43.3829
19.9755 99 43.6829
19.9755 100 43.9829
19.9755 101 44.2829
19.9755 102 44.5829
19.9755 103 44.8829
19.9755 104 45.1829
19.9755 105 45.4829
19.9755 106 45.7829
19.9755 107 46.0829
19.9755 108 46.3829
19.9755 109 46.6829
19.9755 110 46.9829
19.9755 111 47.2829
19.9463 112 47.5624
19.9755 112 47.5829
19.8434 113 47.7904
19.878 113 47.8146
21.0778 165 64.2544
21.214 193 72.7498
21.1782 158 62.2247
21.3379 156 61.7365
20.6125 159 62.1287
21.734 142 57.8138
22.1184 143 58.3829
21.648 157 62.2536
20.627 162 63.0389
21.5924 151 60.4147
22.2115 163 64.448
22.0089 153 61.3062
21.7881 150 60.2517
21.0424 168 65.1297
21.6683 193 73.0678
21.0832 163 63.6582
21.5946 143 58.0162
21.5837 136 55.9086
21.1676 161 63.1174
20.6761 139 56.1732
21.6433 153 61.0503
20.8676 151 59.9073
21.9148 155 61.8404
22.5781 153 61.7047
21.7641 156 62.0349
21.133 153 60.6931
21.8236 158 62.6765
21.7462 172 66.8223
21.3598 157 62.0519
20.7387 177 67.6171
