20.6812 90 76.1362
20.6812 91 76.9362
20.6747 92 77.7349
20.6812 92 77.7362
20.6747 93 78.535
20.6812 93 78.5362
20.6747 94 79.335
20.1044 95 80.0209
20.6747 95 80.1349
20.1044 96 80.8209
20.6747 96 80.935
19.9891 97 81.5978
19.9891 98 82.3978
19.6957 99 83.1391
19.9891 99 83.1978
19.6818 100 83.9364
19.6957 100 83.9391
19.9891 100 83.9978
19.5804 101 84.7161
19.6818 101 84.7364
19.6957 101 84.7391
19.3594 102 85.4719
19.5804 102 85.5161
19.3428 103 86.2686
19.4581 103 86.2916
19.5804 103 86.3161
19.3428 104 87.0686
19.3594 104 87.0719
19.3428 105 87.8686
19.2321 106 88.6464
19.3308 106 88.6662
19.3428 106 88.6686
19.2321 107 89.4464
19.3428 107 89.4686
19.2321 108 90.2464
19.2321 109 91.0464
19.2155 110 91.8431
19.2321 110 91.8464
19.1787 111 92.6357
19.2155 111 92.6431
19.1787 112 93.4357
19.2155 112 93.4431
19.1787 113 94.2357
19.1787 114 95.0357
19.1787 115 95.8357
19.1787 116 96.6357
19.1787 117 97.4357
19.1787 118 98.2357
19.1787 119 99.0357
19.1787 120 99.8357
19.1787 121 100.636
19.1787 122 101.436
19.1697 123 102.234
19.1787 123 102.236
19.1697 124 103.034
19.1787 124 103.036
19.1697 125 103.834
19.1697 126 104.634
19.0954 127 105.419
19.1697 127 105.434
19.0787 128 106.216
19.0954 128 106.219
19.0787 129 107.016
19.0954 129 107.019
19.0787 130 107.816
19.0787 131 108.616
19.0787 132 109.416
19.0787 134 111.016
21.4394 161 133.088
21.635 146 121.127
21.2042 180 148.241
21.6332 142 117.927
21.1171 172 141.823
21.4054 165 136.281
21.2245 155 128.245
21.2847 174 143.457
21.2905 166 137.058
21.6167 149 123.523
22.4057 159 131.681
21.1615 181 149.032
21.9585 158 130.792
22.4951 156 129.299
21.0592 148 122.612
21.2634 181 149.053
21.4242 157 129.885
20.9198 154 127.384
20.5941 169 139.319
21.8217 155 128.364
20.9597 159 131.392
21.012 174 143.402
22.1146 139 115.623
22.0342 143 118.807
21.1106 163 134.622
20.8486 182 149.77
20.2339 185 152.047
21.7269 194 159.545
21.0746 164 135.415
21.1402 157 129.828
