20.6812 82 63.6044
20.1164 83 64.1349
20.6812 83 64.3044
20.1164 84 64.8349
20.6812 84 65.0043
20.1164 85 65.5349
20.1164 86 66.2349
20.1108 87 66.9332
20.1164 87 66.9349
20.1108 88 67.6332
20.1164 88 67.6349
20.1072 89 68.3322
20.1108 89 68.3332
19.9891 90 68.9967
20.1044 90 69.0313
20.1072 90 69.0322
20.1108 90 69.0332
19.8229 91 69.6469
19.9891 91 69.6967
20.1044 91 69.7313
20.1072 91 69.7322
19.7077 92 70.3123
19.8229 92 70.3469
19.9891 92 70.3967
19.6818 93 71.0045
19.7077 93 71.0123
19.8229 93 71.0469
19.6818 94 71.7045
19.7077 94 71.7123
19.6818 95 72.4045
19.3594 96 73.0078
19.5804 96 73.0741
19.6818 96 73.1045
19.3594 97 73.7078
19.5804 97 73.7741
19.6818 97 73.8045
19.3594 98 74.4078
19.3428 99 75.1028
19.3594 99 75.1078
19.3428 100 75.8028
19.3594 100 75.8078
19.2321 101 76.4696
19.3428 101 76.5028
19.2321 102 77.1696
19.3428 102 77.2028
19.2321 103 77.8696
19.2321 104 78.5696
19.2321 105 79.2696
19.2155 106 79.9646
19.2321 106 79.9696
19.2155 107 80.6646
19.2321 107 80.6696
19.2155 108 81.3646
19.1787 109 82.0536
19.2155 109 82.0646
19.1787 110 82.7536
19.2155 110 82.7646
19.1787 111 83.4536
19.0954 112 84.1286
19.1787 112 84.1536
19.0954 113 84.8286
19.1787 113 84.8536
19.0954 114 85.5286
19.0787 115 86.2236
19.0954 115 86.2286
19.0787 116 86.9236
19.0787 117 87.6236
19.0787 118 88.3236
19.0658 119 89.0198
19.0787 119 89.0236
21.6002 147 109.38
22.2994 142 106.09
21.8724 157 116.462
20.8955 163 120.369
20.6546 166 122.396
21.7793 138 103.134
20.8102 133 99.3431
21.6753 152 112.903
20.8333 145 107.75
21.9212 143 106.676
21.1181 169 124.635
22.4945 177 130.648
21.7536 153 113.626
20.8109 164 121.043
21.1652 148 109.95
21.1666 172 126.75
21.491 141 105.147
21.9823 151 112.295
21.8524 144 107.356
20.9077 156 115.472
21.3483 155 114.904
19.8 176 129.14
21.9801 167 123.494
21.5102 164 121.253
22.2816 149 110.984
20.4849 159 117.445
20.6794 158 116.804
21.2767 167 123.283
20.7124 146 108.414
21.2273 152 112.768
