20.7455 103 86.5491
20.7455 104 87.3491
20.7455 105 88.1491
20.7455 107 89.7491
20.5637 108 90.5127
20.5637 109 91.3127
20.5637 110 92.1127
20.308 111 92.8616
20.5637 111 92.9127
20.308 112 93.6616
20.5637 112 93.7127
20.308 113 94.4616
20.308 114 95.2616
20.308 115 96.0616
20.308 116 96.8616
20.168 117 97.6336
20.308 117 97.6616
20.168 118 98.4336
20.308 118 98.4616
20.168 119 99.2336
20.168 120 100.034
20.1247 121 100.825
20.168 121 100.834
20.1247 122 101.625
20.168 122 101.634
20.1221 123 102.424
20.1247 123 102.425
20.1221 124 103.224
20.1247 124 103.225
20.0521 125 104.01
20.1221 125 104.024
20.031 126 104.806
20.0521 126 104.81
20.1221 126 104.824
20.0023 127 105.6
20.0082 127 105.602
20.031 127 105.606
20.0023 128 106.4
20.0082 128 106.402
20.031 128 106.406
19.294 129 107.059
20.0023 129 107.2
19.9986 130 108
20.0023 130 108
19.9795 131 108.796
19.9986 131 108.8
19.9795 132 109.596
19.294 133 110.259
19.9758 133 110.395
19.9795 133 110.396
19.294 134 111.059
19.9758 134 111.195
19.294 135 111.859
19.2884 137 113.458
19.2921 137 113.458
19.2921 138 114.258
19.2893 139 115.058
19.2893 140 115.858
19.2884 143 118.258
19.2717 144 119.054
19.2884 144 119.058
19.2717 145 119.854
19.2884 145 119.858
19.2717 146 120.654
19.2717 147 121.454
19.2717 148 122.254
19.2717 149 123.054
21.1763 145 120.235
22.0016 140 116.4
21.4291 184 151.486
20.2501 196 160.85
21.1894 144 119.438
20.3801 136 112.876
21.2308 154 127.446
21.8067 153 126.761
20.6823 156 128.936
20.7436 158 130.549
22.1669 155 128.433
21.1152 158 130.623
21.2205 152 125.844
21.2321 143 118.646
21.3252 169 139.465
21.6152 158 130.723
20.8723 144 119.374
21.1983 150 124.24
21.4213 167 137.884
20.7396 140 116.148
20.9791 167 137.796
21.3393 145 120.268
21.1212 165 136.224
20.9816 158 130.596
21.2845 169 139.457
20.4686 141 116.894
20.5457 156 128.909
21.119 145 120.224
20.7325 161 132.947
21.0151 161 133.003
