20.7288 100 76.2186
20.7288 101 76.9186
20.7455 101 76.9236
20.7288 102 77.6186
20.547 106 80.3641
20.547 107 81.0641
20.308 110 83.0924
20.308 111 83.7924
20.308 112 84.4924
20.308 113 85.1924
20.168 114 85.8504
20.308 114 85.8924
19.3308 115 86.2992
20.168 115 86.5504
20.168 116 87.2504
20.168 117 87.9504
20.168 118 88.6504
20.168 119 89.3504
19.294 120 89.7882
20.1247 120 90.0374
20.168 120 90.0504
19.294 121 90.4882
19.294 126 93.9882
19.294 127 94.6882
19.2921 128 95.3876
19.294 128 95.3882
19.2921 129 96.0876
19.294 129 96.0882
19.2921 130 96.7876
19.2921 131 97.4876
19.2893 132 98.1868
19.2921 132 98.1876
19.2884 134 99.5865
19.2893 134 99.5868
19.2717 135 100.282
19.2884 135 100.287
19.2921 135 100.288
19.2717 136 100.982
19.2884 136 100.987
19.2717 137 101.682
19.2717 138 102.382
19.2717 139 103.082
19.2717 140 103.782
19.2717 141 104.482
19.2717 142 105.182
19.2717 143 105.882
19.2717 144 106.582
19.2717 145 107.282
19.2717 146 107.982
19.2717 147 108.682
19.2717 148 109.382
19.2717 149 110.082
19.2717 150 110.782
19.2717 151 111.482
19.2717 155 114.282
21.0906 140 104.327
21.2381 146 108.571
21.2753 154 114.183
21.0835 166 122.525
21.1087 175 128.833
20.9803 132 98.6941
21.7824 166 122.735
21.1361 164 121.141
20.4225 151 111.827
21.401 170 125.42
21.9164 180 132.575
20.3872 162 119.516
20.9674 150 111.29
21.3985 147 109.32
21.4752 180 132.443
20.9625 170 125.289
20.7355 149 110.521
22.1786 140 104.654
21.1624 149 110.649
21.5531 146 108.666
21.1618 151 112.049
21.3947 163 120.518
20.6099 147 109.083
20.7167 157 116.115
21.1923 165 121.858
20.947 157 116.184
21.3113 144 107.193
21.3943 183 134.518
21.0062 138 102.902
21.3896 155 114.917
