20.7455 104 29.0709
20.7455 106 29.2709
20.5637 108 29.3073
20.7455 107 29.3709
20.5637 109 29.4073
20.2913 112 29.4622
20.5637 110 29.5073
20.2913 113 29.5622
20.4237 112 29.5813
20.5637 111 29.6073
20.2913 114 29.6622
20.5637 112 29.7073
20.2913 115 29.7622
20.168 117 29.8512
20.168 118 29.9512
20.168 119 30.0512
20.168 120 30.1512
20.168 121 30.2512
20.1618 122 30.3456
20.168 122 30.3512
20.0708 123 30.3637
20.1247 123 30.4122
20.1618 123 30.4456
20.168 123 30.4512
20.0708 124 30.4637
20.1247 124 30.5122
20.031 125 30.5279
20.0521 125 30.5469
20.0708 125 30.5637
20.031 126 30.6279
20.0521 126 30.6469
20.0708 126 30.6637
20.0082 127 30.7074
20.031 127 30.7279
20.0023 128 30.802
20.031 128 30.8279
20.0023 129 30.902
20.031 129 30.9279
20.0023 130 31.002
20.0023 131 31.102
19.9758 132 31.1782
19.9795 132 31.1815
20.0023 132 31.202
19.9758 133 31.2782
19.9795 133 31.2815
19.9758 134 31.3782
19.9795 134 31.3815
19.9758 135 31.4782
19.9758 136 31.5782
19.9758 137 31.6782
19.9758 138 31.7782
19.9558 139 31.8602
19.9758 139 31.8782
19.9558 140 31.9602
19.9758 140 31.9782
19.9558 141 32.0602
19.9758 141 32.0782
19.9293 142 32.1364
19.9558 142 32.1602
19.9293 143 32.2364
19.933 143 32.2397
19.9293 144 32.3364
19.9293 145 32.4364
19.9293 146 32.5364
19.9293 147 32.6364
19.9293 148 32.7364
19.9293 149 32.8364
19.9293 150 32.9364
19.8531 151 32.9677
19.7947 152 33.0153
20.5729 167 35.2156
20.6042 162 34.7437
21.7818 170 36.6036
21.1482 141 33.1334
21.5166 138 33.1649
21.6379 147 34.1741
20.6413 148 33.3772
20.9448 175 36.3503
21.0716 161 35.0645
20.7802 156 34.3022
20.7436 157 34.3692
21.4615 167 36.0154
21.0255 146 33.5229
21.4751 144 33.7276
21.9595 160 35.7636
20.5635 155 34.0072
20.9001 152 34.0101
21.8825 140 33.6943
21.7017 148 34.3316
21.762 155 35.0858
21.0607 158 34.7546
20.4878 162 34.6391
21.8017 172 36.8215
21.8223 161 35.7401
21.5628 165 35.9065
21.4326 137 32.9893
21.0997 146 33.5897
21.9394 143 34.0454
21.726 146 34.1534
21.5166 160 35.3649
