20.6812 81 56.8725
20.6812 82 57.4725
20.1164 83 57.8466
20.6812 83 58.0725
20.1108 84 58.4443
20.1164 84 58.4466
20.1108 85 59.0443
20.1164 85 59.0466
20.1108 86 59.6443
20.1072 87 60.2429
20.1108 87 60.2443
20.1044 88 60.8418
20.1072 88 60.8429
20.1108 88 60.8443
19.8229 89 61.3292
20.1044 89 61.4418
20.1072 89 61.4429
19.7077 90 61.8831
19.8229 90 61.9292
19.7077 91 62.4831
19.8229 91 62.5292
19.7077 92 63.0831
19.6818 93 63.6727
19.7077 93 63.6831
19.6818 94 64.2727
19.7077 94 64.2831
19.3594 95 64.7438
19.5804 95 64.8322
19.6818 95 64.8727
19.3594 96 65.3438
19.5804 96 65.4322
19.6818 96 65.4727
19.3594 97 65.9438
19.4505 97 65.9802
19.3428 98 66.5371
19.3594 98 66.5438
19.3428 99 67.1371
19.3594 99 67.1438
19.3428 100 67.7371
19.2321 101 68.2929
19.3428 101 68.3371
19.2321 102 68.8929
19.3428 102 68.9371
19.2321 103 69.4929
19.2321 104 70.0929
19.2155 105 70.6862
19.2321 105 70.6929
19.2155 106 71.2862
19.2321 106 71.2929
19.2155 107 71.8862
19.2155 108 72.4862
19.0954 109 73.0381
19.1787 109 73.0715
19.2155 109 73.0862
19.0954 110 73.6381
19.0954 111 74.2382
19.0954 112 74.8382
19.0787 113 75.4315
19.0954 113 75.4381
19.0787 114 76.0315
19.0954 114 76.0381
19.0787 115 76.6315
19.0787 116 77.2315
19.0787 117 77.8315
19.0658 118 78.4263
19.0787 118 78.4315
19.0658 119 79.0263
19.0658 120 79.6263
19.0658 121 80.2263
19.0658 126 83.2263
20.457 168 108.983
21.5222 184 119.009
20.9889 153 100.196
21.2328 135 89.4931
21.7782 143 94.5113
20.7032 165 107.281
20.2596 172 111.304
21.784 159 104.114
20.7155 157 102.486
20.5903 181 116.836
20.4677 163 105.987
22.1577 159 104.263
21.609 164 107.044
21.3472 156 102.139
21.0011 136 90.0004
20.8049 147 96.522
20.3866 178 114.955
21.0561 148 97.2225
21.5283 160 104.611
21.3607 167 108.744
21.3275 169 109.931
21.758 175 113.703
21.6605 158 103.464
20.7874 159 103.715
21.3582 158 103.343
21.4254 178 115.37
21.3009 167 108.72
21.9041 173 112.562
21.2416 143 94.2966
21.3784 160 104.551
