20.7288 88 27.4559
20.7288 89 27.5559
20.7288 90 27.6559
20.7288 91 27.7559
20.7288 92 27.8559
20.7278 93 27.955
20.7288 93 27.9559
20.547 95 27.9923
20.3844 97 28.0459
20.7278 94 28.055
20.7288 94 28.0559
20.547 96 28.0923
20.3844 98 28.1459
20.7278 95 28.155
20.2913 99 28.1622
20.547 97 28.1923
20.0154 102 28.2139
20.3844 99 28.2459
20.2913 100 28.2622
20.547 98 28.2923
20.0154 103 28.3139
19.9045 104 28.314
20.3844 100 28.3459
20.2913 101 28.3622
19.8834 105 28.3951
20.0154 104 28.4139
19.9045 105 28.414
19.7193 107 28.4474
20.2913 102 28.4622
19.8834 106 28.4951
20.0154 105 28.5139
19.9045 106 28.514
19.7193 108 28.5474
19.8834 107 28.5951
19.7166 109 28.6449
19.7193 109 28.6474
19.7166 110 28.7449
19.6213 111 28.7592
19.5906 112 28.8315
19.7166 111 28.8449
19.6213 112 28.8592
19.5906 113 28.9315
19.7166 112 28.9449
19.5047 114 28.9542
19.6213 113 28.9592
19.5906 114 29.0315
19.5047 115 29.0542
19.4261 116 29.0835
19.5047 116 29.1542
19.4261 117 29.1835
19.5047 117 29.2542
19.4207 118 29.2786
19.4252 118 29.2827
19.4261 118 29.2835
19.4207 119 29.3786
19.4252 119 29.3827
19.342 120 29.4078
19.3727 120 29.4354
19.4207 120 29.4786
19.342 121 29.5078
19.342 122 29.6078
19.342 123 29.7078
19.342 124 29.8078
19.342 125 29.9078
19.342 126 30.0078
19.342 127 30.1078
19.342 128 30.2078
19.3014 133 30.6713
20.6033 165 35.043
20.978 162 35.0802
20.6711 166 35.204
21.4221 163 35.5798
21.0895 165 35.4805
21.6309 152 34.6678
21.0285 159 34.8257
20.7833 154 34.105
20.7443 189 37.5699
21.4494 149 34.2044
21.2081 175 36.5873
21.747 134 32.9723
20.9124 157 34.5211
21.8735 157 35.3861
21.5296 159 35.2766
21.329 143 33.4961
20.7386 137 32.3647
20.9948 139 32.7953
21.2337 174 36.5103
20.9075 152 34.0168
21.8094 138 33.4285
21.3146 163 35.4832
21.2135 157 34.7922
20.7059 162 34.8353
22.2328 149 34.9095
21.8797 161 35.7918
21.3031 153 34.4728
21.5002 143 33.6502
21.1836 151 34.1652
21.7288 142 33.7559
