20.7288 98 28.4559
20.7288 99 28.5559
20.7288 100 28.6559
20.547 102 28.6923
20.7288 101 28.7559
20.547 103 28.7923
20.7288 102 28.8559
20.547 104 28.8923
20.547 105 28.9923
20.3844 107 29.0459
20.4237 107 29.0813
20.547 106 29.0923
20.2913 109 29.1622
20.4237 108 29.1813
20.547 107 29.1923
20.1618 111 29.2456
20.2913 110 29.2622
20.4237 109 29.2813
20.547 108 29.2923
20.1618 112 29.3456
20.2913 111 29.3622
20.0708 113 29.3637
20.1618 113 29.4456
20.2913 112 29.4622
20.0708 114 29.4637
20.1618 114 29.5456
20.0708 115 29.5637
20.0708 118 29.8637
20.0708 119 29.9637
20.0708 120 30.0637
20.031 121 30.1279
20.0708 121 30.1637
20.031 122 30.2279
20.0708 122 30.2637
20.0023 123 30.302
20.031 123 30.3279
19.9758 124 30.3782
20.0023 124 30.402
20.031 124 30.4279
19.9758 125 30.4782
20.0023 125 30.502
19.9758 126 30.5782
19.9758 127 30.6782
19.9758 128 30.7782
19.9758 129 30.8782
19.9758 130 30.9782
19.9558 131 31.0602
19.9758 131 31.0782
19.9558 132 31.1602
19.9758 132 31.1782
19.9558 133 31.2602
19.933 134 31.3397
19.9558 134 31.3602
19.933 135 31.4397
19.9558 135 31.4602
19.933 136 31.5397
19.9293 137 31.6364
19.933 137 31.6397
19.9293 138 31.7364
19.933 138 31.7397
19.9293 139 31.8364
19.9293 140 31.9364
19.9293 141 32.0364
19.9293 142 32.1364
19.9293 143 32.2364
19.9293 144 32.3364
19.9293 145 32.4364
19.9293 146 32.5364
19.9293 147 32.6364
19.9293 148 32.7364
21.6044 148 34.244
22.4948 150 35.2453
20.3839 149 33.2455
21.4446 143 33.6001
20.9084 129 31.7176
21.1301 158 34.8171
21.6125 142 33.6512
21.4392 166 35.8952
20.979 146 33.4811
21.7774 159 35.4997
20.6989 174 36.029
21.7983 174 37.0185
21.7118 167 36.2406
20.9743 187 37.5769
21.68 159 35.412
21.821 163 35.9389
20.6292 178 36.3662
20.3134 150 33.282
21.9819 165 36.2837
21.5901 160 35.4311
20.8552 156 34.3697
21.7184 171 36.6466
21.5772 147 34.1195
21.4402 177 36.9962
21.0383 151 34.0345
20.5654 150 33.5089
20.8856 162 34.997
21.1685 157 34.7517
21.7343 129 32.4609
19.9786 171 35.0807
