20.8057 70 35.564
20.8057 71 35.864
20.7385 72 36.1169
20.7385 73 36.4169
20.7385 74 36.7169
20.7385 75 37.0169
20.7385 76 37.3169
20.6711 77 37.5698
20.7385 77 37.6169
20.6711 78 37.8698
20.7385 78 37.9169
20.6711 79 38.1698
20.6711 80 38.4698
20.5692 81 38.6985
20.6711 81 38.7698
20.5692 82 38.9985
20.5692 83 39.2985
20.5692 84 39.5985
20.5692 85 39.8985
20.5692 86 40.1985
20.4656 87 40.4259
20.5692 87 40.4985
20.4614 88 40.723
20.4656 88 40.7259
20.3557 89 40.949
20.4444 89 41.0111
20.4614 89 41.023
20.4656 89 41.0259
20.3557 90 41.249
20.4444 90 41.3111
20.3557 91 41.549
20.1693 92 41.7185
20.3557 92 41.849
20.1374 93 41.9962
20.1693 93 42.0185
20.2779 93 42.0945
20.3557 93 42.149
20.0302 94 42.2211
20.1374 94 42.2962
20.0302 95 42.5211
20.1374 95 42.5962
20.0302 96 42.8211
19.9755 97 43.0829
20.0302 97 43.1211
19.9755 98 43.3829
20.0302 98 43.4211
19.9755 99 43.6829
19.9755 100 43.9829
19.9755 102 44.5829
19.9755 103 44.8829
19.9755 104 45.1829
19.9755 105 45.4829
19.9755 106 45.7829
19.9755 107 46.0829
19.9755 108 46.3829
19.9755 109 46.6829
19.9755 110 46.9829
19.9755 111 47.2829
19.9755 112 47.5829
19.9755 113 47.8829
19.9755 114 48.1829
19.9755 115 48.4829
19.9755 116 48.7829
19.9755 117 49.0829
19.9755 118 49.3829
19.9755 119 49.6829
19.9755 120 49.9829
19.9755 121 50.2829
19.9755 122 50.5829
19.9755 123 50.8829
22.511 145 59.2577
21.2603 143 57.7822
21.6809 144 58.3766
21.2651 158 62.2856
20.1865 155 60.6306
21.7248 159 62.9074
20.7138 138 55.8996
21.5113 172 66.6579
20.4221 170 65.2955
20.1513 136 54.9059
21.9497 176 68.1648
20.7198 170 65.5038
20.897 158 62.0279
21.3461 178 68.3422
20.4012 153 60.1808
21.0937 160 62.7656
21.5246 168 65.4672
20.3163 170 65.2214
21.8512 148 59.6959
20.3576 142 56.8503
20.374 134 54.4618
21.6662 159 62.8664
20.802 167 64.6614
21.0433 124 51.9303
20.9157 150 59.641
20.6918 148 58.8843
21.8287 177 68.3801
21.0155 149 59.4109
21.4609 141 57.3227
19.9399 175 66.4579
