20.6812 81 68.9362
20.6812 82 69.7362
20.1108 83 70.4222
20.1164 83 70.4233
20.6812 83 70.5362
20.1108 84 71.2222
20.1164 84 71.2233
20.6812 84 71.3362
20.1108 85 72.0222
20.1108 86 72.8222
19.7141 87 73.5428
20.1072 87 73.6214
20.1108 87 73.6222
19.7077 88 74.3415
19.7141 88 74.3428
20.1072 88 74.4214
20.1108 88 74.4222
19.7077 89 75.1415
19.7141 89 75.1428
19.7077 90 75.9415
19.7077 91 76.7415
19.7077 92 77.5415
19.6818 93 78.3364
19.7077 93 78.3415
19.6818 94 79.1364
19.7077 94 79.1415
19.3594 95 79.8719
19.5804 95 79.9161
19.6818 95 79.9364
19.3594 96 80.6719
19.5804 96 80.7161
19.6818 96 80.7364
19.3594 97 81.4719
19.3428 98 82.2686
19.3594 98 82.2719
19.3428 99 83.0686
19.3594 99 83.0719
19.3428 100 83.8686
19.2321 101 84.6464
19.3428 101 84.6686
19.2321 102 85.4464
19.2155 103 86.2431
19.2321 103 86.2464
19.2155 104 87.0431
19.2321 104 87.0464
19.2155 105 87.8431
19.2155 106 88.6431
19.2155 107 89.4431
19.0954 108 90.2191
19.2155 108 90.2431
19.0954 109 91.0191
19.2155 109 91.0431
19.0954 110 91.8191
19.0787 111 92.6157
19.0954 111 92.6191
19.0787 112 93.4157
19.0954 112 93.4191
19.0787 113 94.2157
19.0787 114 95.0157
19.0787 115 95.8157
19.0787 116 96.6157
19.0658 117 97.4132
19.0787 117 97.4157
19.0658 118 98.2132
19.0658 119 99.0132
19.0658 120 99.8132
19.0658 121 100.613
19.0658 122 101.413
19.0658 123 102.213
19.0658 124 103.013
21.6043 148 122.721
22.6054 124 103.721
21.6602 129 107.532
20.6737 187 153.735
20.5561 191 156.911
21.4295 160 132.286
21.5119 136 113.102
20.7319 164 135.346
20.9521 174 143.39
20.1811 175 144.036
21.7232 158 130.745
21.6274 158 130.725
20.8099 176 144.962
21.1853 177 145.837
20.9901 154 127.398
21.4586 139 115.492
21.7375 157 129.948
22.0348 159 131.607
22.0003 155 128.4
22.2329 145 120.447
21.1045 147 121.821
20.8511 173 142.57
20.5304 151 124.906
21.9301 158 130.786
21.266 148 122.653
21.5561 148 122.711
21.1242 159 131.425
20.698 175 144.14
21.2704 158 130.654
21.0952 155 128.219
