22.4548 85 53.7274
20.3858 88 54.1929
22.4548 86 54.2274
20.3858 89 54.6929
22.4548 87 54.7274
20.3858 90 55.1929
22.4548 88 55.2274
20.2586 91 55.6293
20.3858 91 55.6929
20.2586 92 56.1293
20.3858 92 56.1929
20.2586 93 56.6293
20.2586 94 57.1293
19.3539 95 57.1769
19.679 95 57.3395
20.2586 95 57.6293
19.3539 96 57.6769
19.679 96 57.8395
20.2586 96 58.1293
19.3539 97 58.1769
19.3539 98 58.6769
19.3372 99 59.1686
19.3539 99 59.1769
19.2107 100 59.6053
19.3372 100 59.6686
19.3539 100 59.6769
19.207 101 60.1035
19.2107 101 60.1053
19.3372 101 60.1686
19.207 102 60.6035
19.207 103 61.1035
19.1905 104 61.5952
19.207 104 61.6035
19.1905 105 62.0952
19.1 106 62.55
19.1738 106 62.5869
19.1905 106 62.5952
19.0834 107 63.0417
19.1 107 63.05
19.0834 108 63.5417
19.1 108 63.55
19.0834 109 64.0417
19.0834 110 64.5417
19.0466 111 65.0233
19.0632 111 65.0316
19.0834 111 65.0417
19.0466 112 65.5233
19.0632 112 65.5316
19.0466 113 66.0233
19.0466 114 66.5233
19.0466 115 67.0233
19.0466 116 67.5233
19.0466 117 68.0233
19.0466 118 68.5233
19.0438 119 69.0219
19.0466 119 69.0233
19.0438 120 69.5219
19.0238 121 70.0119
19.0438 121 70.0219
19.0238 122 70.5119
19.0438 122 70.5219
19.0238 123 71.0119
19.0238 124 71.5119
19.0238 125 72.0119
19.021 126 72.5105
19.0238 126 72.5119
19.021 127 73.0105
21.948 142 81.974
21.5173 153 87.2587
21.4351 154 87.7175
22.1233 134 78.0617
21.5771 159 90.2886
22.4337 141 81.7169
21.2483 149 85.1242
21.611 155 88.3055
20.1009 153 86.5504
21.7428 150 85.8714
20.0435 156 88.0217
21.8879 157 89.444
20.758 156 88.379
20.8999 157 88.95
21.5258 157 89.2629
21.1106 152 86.5553
20.4102 155 87.7051
22.5513 154 88.2757
21.0218 141 81.0109
20.4292 190 105.215
20.9292 142 81.4646
22.2323 157 89.6162
22.0219 134 78.011
20.8957 173 96.9478
22.0485 130 76.0243
20.4896 169 94.7448
22.2313 149 85.6157
21.3988 165 93.1994
22.7701 140 81.3851
21.2157 155 88.1079
