20.7288 98 67.0915
20.7288 99 67.6915
20.547 100 68.2188
20.7288 100 68.2915
20.547 101 68.8188
20.7288 101 68.8915
20.1044 102 69.2418
20.547 102 69.4188
20.1044 103 69.8418
20.2494 103 69.8997
20.547 103 70.0188
19.6957 104 70.2783
19.6984 104 70.2794
20.1044 104 70.4418
19.6957 105 70.8783
19.6984 105 70.8794
19.6957 106 71.4783
19.679 107 72.0716
19.6957 107 72.0783
19.679 108 72.6716
19.3474 109 73.139
19.679 109 73.2716
19.3474 110 73.739
19.679 110 73.8716
19.3308 111 74.3323
19.3474 111 74.339
19.2155 112 74.8862
19.3308 112 74.9323
19.2155 113 75.4862
19.3308 113 75.5323
19.2155 114 76.0862
19.1787 115 76.6715
19.1953 115 76.6781
19.2155 115 76.6862
19.1787 116 77.2715
19.1953 116 77.2781
19.1787 117 77.8715
19.1787 118 78.4715
19.1787 119 79.0715
19.1787 120 79.6715
19.1787 121 80.2715
19.1787 122 80.8715
19.1787 123 81.4715
19.1787 124 82.0715
19.1787 125 82.6715
19.1787 126 83.2715
19.1787 127 83.8715
19.1787 128 84.4715
19.1787 131 86.2715
19.1787 132 86.8715
20.7861 169 109.714
21.1532 164 106.861
22.3232 140 92.9293
21.8011 147 96.9204
21.7302 173 112.492
20.5114 148 97.0045
21.6119 150 98.6448
21.3082 172 111.723
21.3601 151 99.144
20.799 158 103.12
21.5771 148 97.4308
20.3632 124 82.5453
21.0823 132 87.6329
21.2845 171 111.114
21.0678 160 104.427
20.6848 157 102.474
21.114 153 100.246
20.7363 157 102.495
21.7298 155 101.692
21.6272 159 104.051
21.4574 161 105.183
21.3978 156 102.159
21.2631 167 108.705
21.1254 138 91.2502
21.8438 162 105.938
20.4702 151 98.7881
22.4317 166 108.573
21.2274 155 101.491
21.204 169 109.882
21.8305 164 107.132
