20.8057 67 34.664
20.8057 68 34.964
20.7659 69 35.2362
20.8057 69 35.264
20.7385 70 35.5169
20.7659 70 35.5361
20.8057 70 35.564
20.7385 71 35.8169
20.7385 72 36.1169
20.6179 73 36.3325
20.7385 73 36.4169
20.5781 74 36.6047
20.6179 74 36.6325
20.7385 74 36.7169
20.5507 75 36.8855
20.6179 75 36.9325
20.5507 76 37.1855
20.5507 77 37.4855
20.5507 78 37.7855
20.5507 79 38.0855
20.5507 80 38.3855
20.4833 81 38.6383
20.5507 81 38.6855
20.4833 82 38.9383
20.5507 82 38.9855
20.4833 83 39.2383
20.3557 84 39.449
20.4833 84 39.5383
20.3557 85 39.749
20.4833 85 39.8383
20.3557 86 40.049
20.3557 87 40.349
20.3557 88 40.649
20.1374 89 40.7962
20.168 89 40.8176
20.3557 89 40.949
20.1374 90 41.0962
20.168 90 41.1176
20.1374 91 41.3962
20.1374 92 41.6962
20.0302 93 41.9211
20.1374 93 41.9962
20.0302 94 42.2211
19.9755 95 42.4829
20.0302 95 42.5211
19.9755 96 42.7829
19.9755 97 43.0829
19.9755 98 43.3829
19.9755 99 43.6829
19.9755 100 43.9829
19.9755 101 44.2829
19.9755 102 44.5829
19.9755 103 44.8829
19.9755 104 45.1829
19.9755 105 45.4829
19.9755 106 45.7829
19.9755 107 46.0829
19.9755 108 46.3829
19.9755 109 46.6829
19.9755 110 46.9829
19.9755 111 47.2829
19.9755 112 47.5829
19.9755 113 47.8829
19.8434 114 48.0904
19.9755 114 48.1829
19.8434 115 48.3904
19.8434 116 48.6904
19.8434 117 48.9904
19.8434 118 49.2904
19.8434 123 50.7904
21.9448 154 61.5613
20.3329 166 64.0331
20.9408 158 62.0586
22.0111 154 61.6078
21.4555 171 66.3189
20.7719 160 62.5403
21.0437 163 63.6306
20.7981 166 64.3587
22.3278 163 64.5294
21.0553 152 60.3387
22.2208 151 60.8546
20.7412 169 65.2189
20.9074 164 63.8352
20.934 138 56.0538
21.4437 161 63.3106
21.2737 143 57.7916
20.9769 149 59.3839
21.24 149 59.568
21.5148 170 66.0604
20.9267 146 58.4487
21.2568 143 57.7797
21.2775 133 54.7943
21.6296 162 63.7407
21.0953 153 60.6667
20.4094 157 61.3866
21.3943 146 58.776
21.0322 147 58.8225
21.0838 168 65.1586
21.7057 152 60.794
21.1068 136 55.5748
