22.4548 85 53.7274
22.4548 86 54.2274
22.4548 87 54.7274
20.3858 90 55.1929
22.4548 88 55.2274
22.4548 89 55.7274
20.7455 91 55.8727
22.317 90 56.1585
20.3858 92 56.1929
22.4548 90 56.2274
20.7288 92 56.3644
20.7455 92 56.3727
22.317 91 56.6585
20.3858 93 56.6929
20.3858 94 57.1929
20.2586 95 57.6293
19.679 96 57.8395
20.2586 96 58.1293
19.3539 97 58.1769
19.679 97 58.3395
20.2586 97 58.6293
19.3539 98 58.6769
19.679 98 58.8395
19.3539 99 59.1769
19.3372 100 59.6686
19.3539 100 59.6769
19.3372 101 60.1686
19.3539 101 60.1769
19.3372 102 60.6686
19.2107 103 61.1053
19.3372 103 61.1686
19.2107 104 61.6053
19.3372 104 61.6686
19.207 105 62.1035
19.2107 105 62.1053
19.207 106 62.6035
19.1987 107 63.0993
19.207 107 63.1035
19.1738 108 63.5869
19.1987 108 63.5993
19.207 108 63.6035
19.1738 109 64.0869
19.1987 109 64.0993
19.1738 110 64.5869
19.1738 111 65.0869
19.1738 112 65.5869
19.1619 113 66.0809
19.1738 113 66.0869
19.1619 114 66.5809
19.1619 115 67.0809
19.1582 116 67.5791
19.1619 116 67.5809
19.1582 117 68.0791
19.1619 117 68.0809
19.1582 118 68.5791
19.1582 119 69.0791
19.1582 120 69.5791
19.1554 121 70.0777
19.1582 121 70.0791
19.1554 122 70.5777
19.1554 123 71.0777
19.1554 124 71.5777
19.1554 125 72.0777
19.1554 127 73.0777
21.0144 164 92.5072
21.5594 151 86.2797
20.8298 160 90.4149
21.3911 169 95.1955
21.284 161 91.142
22.6503 132 77.3251
21.9411 146 83.9706
21.1127 155 88.0564
21.2996 144 82.6498
21.6541 135 78.3271
20.6287 159 89.8144
20.8612 182 101.431
22.1491 155 88.5745
21.879 147 84.4395
21.7748 185 103.387
21.6488 158 89.8244
21.8124 144 82.9062
20.897 170 95.4485
21.1899 139 80.0949
20.7518 179 99.8759
21.4169 173 97.2085
20.8137 191 105.907
21.4112 130 75.7056
21.6033 167 94.3016
21.8225 151 86.4112
21.5601 147 84.2801
22.1312 156 89.0656
20.385 146 83.1925
21.3865 132 76.6933
21.0884 157 89.0442
