20.6812 81 74.9681
20.6812 82 75.8681
20.1164 83 76.7116
20.6812 83 76.7681
20.1164 84 77.6116
20.1164 85 78.5116
20.1164 86 79.4116
20.1072 87 80.3107
20.1108 87 80.3111
20.1164 87 80.3116
20.1044 88 81.2104
20.1072 88 81.2107
20.1108 88 81.2111
20.1164 88 81.2116
20.1044 89 82.1104
20.1072 89 82.1107
19.7077 90 82.9708
19.8229 90 82.9823
19.9891 90 82.9989
20.1044 90 83.0104
19.7077 91 83.8708
19.8229 91 83.8823
19.9891 91 83.8989
20.1044 91 83.9104
19.7077 92 84.7708
19.6818 93 85.6682
19.7077 93 85.6708
19.6818 94 86.5682
19.7077 94 86.5708
19.5804 95 87.458
19.6818 95 87.4682
19.3594 96 88.3359
19.5804 96 88.358
19.6818 96 88.3682
19.3594 97 89.2359
19.3428 98 90.1343
19.3594 98 90.1359
19.3428 99 91.0343
19.3594 99 91.0359
19.3428 100 91.9343
19.2321 101 92.8232
19.3428 101 92.8343
19.2321 102 93.7232
19.3428 102 93.7343
19.2321 103 94.6232
19.2321 104 95.5232
19.2155 105 96.4215
19.2321 105 96.4232
19.2155 106 97.3215
19.2155 107 98.2215
19.2155 108 99.1215
19.1787 109 100.018
19.2155 109 100.022
19.0954 110 100.91
19.1787 110 100.918
19.2155 110 100.922
19.0954 111 101.81
19.0954 112 102.71
19.0954 113 103.61
19.0787 114 104.508
19.0954 114 104.51
19.0787 115 105.408
19.0954 115 105.41
19.0787 116 106.308
19.0787 117 107.208
19.0658 118 108.107
19.0787 118 108.108
19.0658 119 109.007
19.0787 119 109.008
19.0658 120 109.907
21.2632 157 143.426
20.7976 177 161.38
21.9527 156 142.595
21.7579 149 136.276
21.2172 142 129.922
20.7792 170 155.078
21.6665 138 126.367
21.326 185 168.633
20.7861 162 147.879
21.4204 144 131.742
20.4626 129 118.146
21.5127 154 140.751
21.4354 151 138.044
21.0459 146 133.505
20.8274 151 137.983
21.4406 158 144.344
21.6903 146 133.569
21.9265 160 146.193
20.405 170 155.04
21.7577 175 159.676
20.8058 153 139.781
22.2671 150 137.227
21.8042 156 142.58
21.7633 155 141.676
21.2626 155 141.626
21.4868 155 141.649
21.9483 153 139.895
21.6095 147 134.461
21.7462 155 141.675
21.6515 141 129.065
