22.4548 85 53.7274
20.3858 88 54.1929
22.4548 86 54.2274
20.3858 89 54.6929
22.4548 87 54.7274
20.2586 90 55.1293
20.3858 90 55.1929
22.4548 88 55.2274
20.2586 91 55.6293
20.3858 91 55.6929
20.2586 92 56.1293
20.2586 93 56.6293
19.679 94 56.8395
20.2586 94 57.1293
19.3539 95 57.1769
19.679 95 57.3395
20.2586 95 57.6293
19.3539 96 57.6769
19.679 96 57.8395
19.3372 97 58.1686
19.3539 97 58.1769
19.3372 98 58.6686
19.3539 98 58.6769
19.2693 99 59.1346
19.3372 99 59.1686
19.2107 100 59.6053
19.2693 100 59.6346
19.3372 100 59.6686
19.207 101 60.1035
19.2107 101 60.1053
19.1 102 60.55
19.207 102 60.6035
19.2107 102 60.6053
19.1 103 61.05
19.207 103 61.1035
19.1 104 61.55
19.1 105 62.05
19.0834 106 62.5417
19.1 106 62.55
19.0834 107 63.0417
19.1 107 63.05
19.0834 108 63.5417
19.0834 109 64.0417
19.0632 110 64.5316
19.0834 110 64.5417
19.0466 111 65.0233
19.0632 111 65.0316
19.0834 111 65.0417
19.0466 112 65.5233
19.0632 112 65.5316
19.0466 113 66.0233
19.0466 114 66.5233
19.0466 115 67.0233
19.0466 116 67.5233
19.0466 117 68.0233
19.0438 118 68.5219
19.0466 118 68.5233
19.0438 119 69.0219
19.0466 119 69.0233
19.0238 120 69.5119
19.0438 120 69.5219
19.0238 121 70.0119
19.0238 122 70.5119
19.0238 123 71.0119
19.0238 124 71.5119
19.0238 125 72.0119
19.021 126 72.5105
19.0238 126 72.5119
19.021 127 73.0105
19.021 128 73.5105
20.2793 153 86.6397
21.2704 145 83.1352
20.7138 156 88.3569
21.7862 159 90.3931
21.5813 137 79.2907
21.5882 166 93.7941
21.0183 161 91.0091
21.3975 134 77.6988
21.1811 167 94.0905
20.7463 157 88.8732
21.294 158 89.647
20.4436 159 89.7218
20.4962 179 99.7481
21.9142 152 86.9571
19.3711 150 84.6856
21.527 132 76.7635
20.4507 162 91.2254
20.0439 182 101.022
21.1428 138 79.5714
21.7877 152 86.8938
21.9341 158 89.967
21.6331 168 94.8165
20.8412 155 87.9206
21.1825 161 91.0913
21.0272 156 88.5136
21.1847 163 92.0924
21.9768 139 80.4884
20.7082 151 85.8541
22.397 151 86.6985
20.8196 166 93.4098
