20.6812 81 62.9044
20.6812 82 63.6044
20.1108 83 64.1332
20.1164 83 64.1349
20.6812 83 64.3044
20.1108 84 64.8332
20.1164 84 64.8349
20.6812 84 65.0043
20.1108 85 65.5332
19.7141 86 66.1142
20.1108 86 66.2332
19.7141 87 66.8142
20.1072 87 66.9322
20.1108 87 66.9332
19.7077 88 67.5123
19.7141 88 67.5142
19.7077 89 68.2123
19.7077 90 68.9123
19.7077 91 69.6123
19.7077 92 70.3123
19.6818 93 71.0045
19.7077 93 71.0123
19.6818 94 71.7045
19.7077 94 71.7123
19.3594 95 72.3078
19.5804 95 72.3741
19.6818 95 72.4045
19.3594 96 73.0078
19.5804 96 73.0741
19.6818 96 73.1045
19.3428 97 73.7028
19.3594 97 73.7078
19.3428 98 74.4028
19.3594 98 74.4078
19.3428 99 75.1028
19.3428 100 75.8028
19.2321 101 76.4696
19.3428 101 76.5028
19.2321 102 77.1696
19.3428 102 77.2028
19.2155 103 77.8646
19.2321 103 77.8696
19.3428 103 77.9028
19.2155 104 78.5646
19.2321 104 78.5696
19.2155 105 79.2646
19.2155 106 79.9646
19.0954 107 80.6286
19.2155 107 80.6646
19.0954 108 81.3286
19.2155 108 81.3646
19.0954 109 82.0286
19.0954 110 82.7286
19.0787 111 83.4236
19.0954 111 83.4286
19.0787 112 84.1236
19.0787 113 84.8236
19.0787 114 85.5236
19.0787 115 86.2236
19.0787 116 86.9236
19.0658 117 87.6198
19.0787 117 87.6236
19.0658 118 88.3198
19.0658 119 89.0198
19.0658 120 89.7198
19.0658 121 90.4198
19.0658 122 91.1198
19.0658 123 91.8198
19.0658 124 92.5198
19.0658 125 93.2198
21.2511 162 119.775
21.594 179 131.778
21.1324 167 123.24
21.3712 165 121.911
21.1574 152 112.747
21.0407 129 96.6122
21.3804 169 124.714
22.1127 158 117.234
21.6185 150 111.486
21.4742 163 120.542
20.4247 155 114.627
22.3997 140 104.72
21.9515 144 107.385
21.4389 145 107.932
20.8885 150 111.267
21.5299 150 111.459
21.5296 150 111.459
20.7348 158 116.82
20.6743 158 116.802
21.8914 149 110.867
20.591 147 109.077
21.0265 145 107.808
20.7268 157 116.118
21.6543 140 104.496
21.5451 171 126.164
20.5178 171 125.855
21.9128 136 101.774
21.4279 148 110.028
20.7231 160 118.217
21.2414 142 105.772
