20.6812 81 74.9681
20.6812 82 75.8681
20.1108 83 76.7111
20.1164 83 76.7116
20.6812 83 76.7681
20.1108 84 77.6111
20.1164 84 77.6116
20.6812 84 77.6681
20.1108 85 78.5111
20.1108 86 79.4111
20.1072 87 80.3107
20.1108 87 80.3111
19.7141 88 81.1714
20.1044 88 81.2104
20.1072 88 81.2107
20.1108 88 81.2111
19.7077 89 82.0708
19.7141 89 82.0714
20.1044 89 82.1104
20.1072 89 82.1107
19.7077 90 82.9708
19.7141 90 82.9714
19.7077 91 83.8708
19.7077 92 84.7708
19.6818 93 85.6682
19.7077 93 85.6708
19.6818 94 86.5682
19.7077 94 86.5708
19.3594 95 87.4359
19.5804 95 87.458
19.6818 95 87.4682
19.3594 96 88.3359
19.5804 96 88.358
19.6818 96 88.3682
19.3594 97 89.2359
19.3428 98 90.1343
19.3594 98 90.1359
19.3428 99 91.0343
19.3428 100 91.9343
19.2321 101 92.8232
19.3428 101 92.8343
19.2321 102 93.7232
19.3428 102 93.7343
19.2321 103 94.6232
19.2155 104 95.5215
19.2321 104 95.5232
19.2155 105 96.4215
19.2321 105 96.4232
19.2155 106 97.3215
19.2155 107 98.2215
19.0954 108 99.1095
19.2155 108 99.1215
19.0954 109 100.01
19.2155 109 100.022
19.0954 110 100.91
19.0954 111 101.81
19.0787 112 102.708
19.0954 112 102.71
19.0787 113 103.608
19.0954 113 103.61
19.0787 114 104.508
19.0787 115 105.408
19.0787 116 106.308
19.0658 117 107.207
19.0787 117 107.208
19.0658 118 108.107
19.0787 118 108.108
19.0658 119 109.007
19.0658 120 109.907
19.0658 121 110.807
20.7364 158 144.274
20.668 174 158.667
20.7745 147 134.377
20.5276 173 157.753
21.2875 156 142.529
21.2705 137 125.427
21.528 137 125.453
21.7003 146 133.57
20.5862 174 158.659
20.7282 159 145.173
21.3155 160 146.132
21.916 151 138.092
21.746 145 132.675
23.0594 167 152.606
20.7417 168 153.274
21.1125 142 129.911
21.6581 134 122.766
21.6407 143 130.864
21.1524 158 144.315
21.9949 154 140.799
22.1299 144 131.813
21.6898 151 138.069
20.8495 155 141.585
21.8596 154 140.786
20.2247 161 146.922
21.3841 149 136.238
21.0252 147 134.403
20.7985 156 142.48
20.9185 160 146.092
22.3265 173 157.933
