20.8057 69 35.264
20.7385 70 35.5169
20.7659 70 35.5361
20.8057 70 35.564
20.7385 71 35.8169
20.8057 71 35.864
20.7385 72 36.1169
20.6179 73 36.3325
20.7385 73 36.4169
20.6179 74 36.6325
20.7385 74 36.7169
20.6179 75 36.9325
20.5507 76 37.1855
20.6179 76 37.2325
20.5507 77 37.4855
20.6179 77 37.5325
20.5507 78 37.7855
20.5507 79 38.0855
20.5507 80 38.3855
20.4833 81 38.6383
20.5507 81 38.6855
20.4833 82 38.9383
20.3557 84 39.449
20.3557 85 39.749
20.3557 86 40.049
20.3557 87 40.349
20.3557 88 40.649
20.3557 89 40.949
20.1693 90 41.1185
20.3557 90 41.249
20.1374 91 41.3962
20.1693 91 41.4185
20.3557 91 41.549
20.1374 92 41.6962
20.1693 92 41.7185
20.0302 93 41.9211
20.1374 93 41.9962
20.0302 94 42.2211
20.1374 94 42.2962
19.9755 95 42.4829
20.0302 95 42.5211
19.9755 96 42.7829
20.0302 96 42.8211
19.9755 97 43.0829
19.9755 98 43.3829
19.9755 99 43.6829
19.9755 100 43.9829
19.9755 101 44.2829
19.9755 102 44.5829
19.9755 103 44.8829
19.9755 104 45.1829
19.9755 105 45.4829
19.9755 106 45.7829
19.9755 107 46.0829
19.9755 108 46.3829
19.9755 109 46.6829
19.9755 110 46.9829
19.9755 111 47.2829
19.9755 112 47.5829
19.9755 113 47.8829
19.9755 114 48.1829
19.9755 115 48.4829
19.9755 116 48.7829
19.9755 117 49.0829
19.9755 118 49.3829
19.9755 119 49.6829
19.9755 120 49.9829
19.9755 121 50.2829
19.9755 122 50.5829
19.9755 123 50.8829
21.2921 164 64.1045
22.1869 137 56.6308
21.733 158 62.6131
20.1348 160 62.0944
20.5787 139 56.1051
22.0567 138 56.8397
21.4361 157 62.1053
21.4606 188 71.4224
21.4389 170 66.0072
20.6116 165 63.9281
21.153 190 71.8071
21.1175 134 54.9823
20.821 135 55.0747
21.5246 149 59.7672
21.3599 146 58.752
21.7856 157 62.3499
21.713 161 63.4991
21.5825 139 56.8078
21.6231 174 67.3362
20.8153 137 55.6707
21.1606 169 65.5124
21.0906 160 62.7634
21.1646 155 61.3152
21.502 153 60.9514
20.9414 158 62.059
20.8311 139 56.2818
21.3076 167 65.0154
20.9302 160 62.6511
21.3224 154 61.1257
21.3516 162 63.5461
