20.6812 86 72.9362
20.6812 87 73.7362
20.1164 88 74.4233
20.6747 88 74.535
20.6812 88 74.5362
20.6747 89 75.335
20.6747 90 76.1349
20.1044 91 76.8209
20.6747 91 76.935
20.1044 92 77.6209
19.9891 93 78.3978
20.1044 93 78.4209
19.9891 94 79.1978
20.1044 94 79.2209
19.9891 95 79.9978
19.9891 96 80.7978
19.6957 97 81.5391
19.9891 97 81.5978
19.6818 98 82.3364
19.6957 98 82.3391
19.9891 98 82.3978
19.3594 99 83.0719
19.5804 99 83.1161
19.6818 99 83.1364
19.6957 99 83.1391
19.3594 100 83.8719
19.3594 101 84.6719
19.3428 102 85.4686
19.3594 102 85.4719
19.2321 103 86.2464
19.3428 103 86.2686
19.2321 104 87.0464
19.3428 104 87.0686
19.2321 105 87.8464
19.2321 106 88.6464
19.2321 107 89.4464
19.2155 108 90.2431
19.2321 108 90.2464
19.2155 109 91.0431
19.1787 110 91.8357
19.2155 110 91.8431
19.1787 111 92.6357
19.2155 111 92.6431
19.1787 112 93.4357
19.1787 113 94.2357
19.1787 114 95.0357
19.1787 115 95.8357
19.1787 116 96.6357
19.1787 117 97.4357
19.1787 118 98.2357
19.1787 119 99.0357
19.1725 120 99.8345
19.1787 120 99.8357
19.1697 121 100.634
19.1725 121 100.635
19.1787 121 100.636
19.0787 122 101.416
19.0954 122 101.419
19.1697 122 101.434
19.1725 122 101.435
19.0787 123 102.216
19.0954 123 102.219
19.0787 124 103.016
19.0658 125 103.813
19.0787 125 103.816
19.0192 126 104.604
19.0658 126 104.613
19.0192 127 105.404
19.0658 127 105.413
19.0192 128 106.204
20.597 176 144.919
21.3103 151 125.062
21.4665 143 118.693
20.8574 156 128.971
20.3619 157 129.672
22.6959 148 122.939
21.4799 149 123.496
21.4 138 114.68
20.7899 155 128.158
21.1837 158 130.637
21.8629 147 121.973
21.0616 143 118.612
21.9681 138 114.794
20.58 159 131.316
21.1098 138 114.622
20.7449 153 126.549
21.4951 138 114.699
21.3246 179 147.465
20.0391 180 148.008
21.7769 148 122.755
20.2092 132 109.642
22.371 159 131.674
21.083 176 145.017
21.3978 163 134.68
21.0053 152 125.801
21.5964 144 119.519
21.2052 151 125.041
21.3826 142 117.877
22.2551 146 121.251
21.4019 135 112.28
