21.9993 77 43.9996
21.9993 78 44.3996
21.9993 79 44.7996
21.9993 80 45.1996
21.9982 81 45.5989
21.9993 81 45.5996
21.9982 82 45.9989
21.9993 82 45.9996
21.4147 83 46.0489
21.9982 83 46.3989
21.4147 84 46.4489
21.9982 84 46.799
21.4147 85 46.8489
21.4147 86 47.2489
21.4147 87 47.6488
20.7288 89 48.0373
21.4147 88 48.0489
20.7288 90 48.4373
21.4147 89 48.4489
20.7288 91 48.8373
21.4147 90 48.8489
20.7288 92 49.2373
20.547 93 49.5282
20.7288 93 49.6373
20.547 94 49.9282
20.7278 94 50.0367
20.7288 94 50.0373
20.547 95 50.3282
20.546 96 50.7276
20.547 96 50.7282
20.546 97 51.1276
20.546 98 51.5276
20.546 99 51.9276
20.2913 100 52.1748
20.546 100 52.3276
20.2913 101 52.5748
20.2913 102 52.9748
20.2913 103 53.3748
20.1618 104 53.6971
20.2913 104 53.7748
20.1618 105 54.0971
20.1618 106 54.4971
20.0708 107 54.8425
20.1618 107 54.8971
20.0708 108 55.2425
20.1618 108 55.2971
20.0708 109 55.6425
20.0708 110 56.0425
20.0708 111 56.4425
20.0708 112 56.8425
20.031 113 57.2186
20.0708 113 57.2425
20.031 114 57.6186
20.0708 114 57.6425
20.031 115 58.0186
20.0082 116 58.4049
20.031 116 58.4186
20.0082 117 58.8049
20.031 117 58.8186
20.0082 118 59.2049
20.0082 119 59.6049
20.0023 120 60.0014
20.0082 120 60.0049
19.9795 121 60.3877
20.0023 121 60.4014
19.9795 122 60.7877
19.9795 123 61.1877
19.9795 124 61.5877
19.9795 127 62.7877
21.3103 152 73.5862
21.2318 162 77.5391
20.9901 129 64.1941
21.6969 137 67.8182
20.956 133 65.7736
20.9794 166 78.9877
21.4082 170 80.8449
21.9529 138 68.3718
21.6299 149 72.5779
20.6391 168 79.5835
21.7823 157 75.8694
21.503 168 80.1018
21.0595 153 73.8357
21.3914 135 66.8348
22.3925 150 73.4355
20.8942 145 70.5365
21.679 144 70.6074
21.4096 151 73.2458
20.8171 161 76.8902
21.421 150 72.8526
22.6719 133 66.8031
21.2381 154 74.3428
21.8384 162 77.903
21.3332 162 77.5999
21.9833 144 70.79
21.1659 151 73.0995
21.1909 165 78.7145
21.5416 162 77.725
20.4686 164 77.8811
21.1188 155 74.6713
