21.9993 77 43.9996
21.9993 78 44.3996
21.9993 79 44.7996
21.9993 80 45.1996
21.9982 81 45.5989
21.9993 81 45.5996
21.9982 82 45.9989
21.9993 82 45.9996
21.4147 83 46.0489
21.9982 83 46.3989
21.4147 84 46.4489
21.4147 85 46.8489
21.4147 86 47.2489
21.4147 87 47.6488
20.7288 89 48.0373
21.4147 88 48.0489
20.7288 90 48.4373
21.4147 89 48.4489
20.7288 91 48.8373
21.4147 90 48.8489
20.7288 92 49.2373
20.547 93 49.5282
20.7288 93 49.6373
20.547 94 49.9282
20.7288 94 50.0373
20.547 95 50.3282
20.546 96 50.7276
20.547 96 50.7282
20.546 97 51.1276
20.547 97 51.1282
20.546 98 51.5276
20.546 99 51.9276
20.2913 100 52.1748
20.546 100 52.3276
20.2913 101 52.5748
20.546 101 52.7276
20.2913 102 52.9748
20.1618 103 53.2971
20.2913 103 53.3748
20.1618 104 53.6971
20.2913 104 53.7748
20.0708 105 54.0425
20.1618 105 54.0971
20.0708 106 54.4425
20.1618 106 54.4971
20.0708 107 54.8425
20.0708 108 55.2425
20.0708 109 55.6425
20.0708 110 56.0425
20.0708 111 56.4425
20.0708 112 56.8425
20.031 113 57.2186
20.0708 113 57.2425
20.031 114 57.6186
20.0708 114 57.6425
20.031 115 58.0186
20.0082 116 58.4049
20.031 116 58.4186
20.0082 117 58.8049
20.0023 118 59.2014
20.0082 118 59.2049
20.0023 119 59.6014
20.0082 119 59.6049
20.0023 120 60.0014
19.9795 121 60.3877
20.0023 121 60.4014
19.9795 122 60.7877
20.0023 122 60.8013
19.9795 123 61.1877
20.4921 148 71.4952
21.3182 169 80.3909
20.8668 140 68.5201
21.1542 173 81.8925
20.8827 175 82.5296
21.8604 133 66.3163
22.0981 159 76.8588
21.4698 141 69.2819
22.3111 153 74.5867
21.8957 156 75.5374
21.2848 164 78.3709
20.0997 156 74.4598
21.14 144 70.284
21.9361 138 68.3617
22.0745 154 74.8447
21.2448 160 76.7469
21.6601 135 66.9961
20.8038 163 77.6823
20.9144 162 77.3486
20.9946 171 80.9968
21.229 173 81.9374
20.8443 169 80.1066
20.4751 165 78.2851
22.4622 139 69.0773
21.9038 151 73.5423
20.4766 158 75.486
19.747 161 76.2482
21.9664 184 86.7798
21.6101 143 70.1661
20.0515 154 73.6309
