20.7288 92 34.983
20.7288 93 35.1831
20.547 94 35.2376
20.7288 94 35.383
20.547 95 35.4376
20.7288 95 35.583
20.547 96 35.6376
20.547 97 35.8376
20.547 98 36.0376
20.5036 99 36.2029
20.547 99 36.2376
20.5036 100 36.4029
20.547 100 36.4376
20.5036 101 36.6029
20.4311 102 36.7449
20.5036 102 36.8029
20.4237 103 36.939
20.4311 103 36.9449
20.2913 104 37.033
20.4237 104 37.139
20.2913 105 37.233
20.0708 106 37.2566
20.2913 106 37.433
20.0708 107 37.4566
20.2913 107 37.633
20.0708 108 37.6566
20.0708 109 37.8566
19.8281 110 37.8624
20.0708 110 38.0566
19.8281 111 38.0625
20.0708 111 38.2566
19.8281 112 38.2625
19.8281 113 38.4624
19.8281 114 38.6625
19.8281 115 38.8624
19.7888 116 39.031
19.8281 116 39.0625
19.8244 117 39.2595
19.8281 117 39.2625
19.7668 118 39.4135
19.8244 118 39.4595
19.7668 119 39.6135
19.7668 120 39.8135
19.7668 121 40.0135
19.7632 122 40.2105
19.7668 122 40.2135
19.7632 123 40.4105
19.7632 124 40.6105
19.7632 125 40.8105
19.7632 126 41.0105
19.7632 127 41.2105
19.7632 128 41.4105
19.7632 129 41.6105
19.7632 130 41.8105
19.7404 131 41.9923
19.7632 131 42.0105
19.7404 132 42.1923
19.7632 132 42.2105
19.7404 133 42.3923
19.7404 134 42.5923
19.7404 135 42.7923
19.7404 136 42.9923
19.7404 137 43.1923
19.7404 138 43.3923
19.7404 139 43.5923
19.7404 140 43.7923
19.7404 141 43.9923
19.7404 142 44.1923
19.7404 143 44.3923
19.7404 144 44.5923
21.5287 160 49.223
20.8505 167 50.0804
22.4844 143 46.5875
20.3934 172 50.7148
21.5014 161 49.4011
22.0184 151 47.8147
21.0786 164 49.6629
20.886 156 47.9088
20.5825 153 47.066
22.1489 149 47.5191
20.5423 139 44.2339
21.3618 150 47.0895
21.8413 152 47.873
21.9826 135 44.5861
22.0387 152 48.031
21.6738 138 44.9391
22.0682 136 44.8546
21.0658 172 51.2526
21.4799 140 45.1839
20.5786 151 46.6629
21.4361 162 49.5489
20.6363 167 49.909
20.5859 156 47.6687
22.1002 153 48.2802
20.5334 191 54.6267
20.3169 164 49.0535
21.1486 146 46.1189
20.4139 148 45.9311
21.5828 161 49.4662
21.8287 152 47.863
