20.6812 81 62.9044
20.6812 82 63.6044
20.1164 83 64.1349
20.6812 83 64.3044
20.1164 84 64.8349
20.6812 84 65.0043
20.1164 85 65.5349
20.1164 86 66.2349
20.1072 87 66.9322
20.1108 87 66.9332
20.1164 87 66.9349
20.1044 88 67.6313
20.1072 88 67.6321
20.1108 88 67.6332
20.1164 88 67.6349
20.1044 89 68.3313
19.7077 90 68.9123
19.8229 90 68.9469
19.9891 90 68.9967
20.1044 90 69.0313
19.7077 91 69.6123
19.8229 91 69.6469
19.9891 91 69.6967
20.1044 91 69.7313
19.7077 92 70.3123
19.6818 93 71.0045
19.7077 93 71.0123
19.6818 94 71.7045
19.7077 94 71.7123
19.5804 95 72.3741
19.6818 95 72.4045
19.3594 96 73.0078
19.5804 96 73.0741
19.3594 97 73.7078
19.5804 97 73.7741
19.3428 98 74.4028
19.3594 98 74.4078
19.3428 99 75.1028
19.3594 99 75.1078
19.3428 100 75.8028
19.2321 101 76.4696
19.3428 101 76.5028
19.2321 102 77.1696
19.3428 102 77.2028
19.2321 103 77.8696
19.2321 104 78.5696
19.2155 105 79.2646
19.2321 105 79.2696
19.2155 106 79.9646
19.2321 106 79.9696
19.2155 107 80.6646
19.2155 108 81.3646
19.1787 109 82.0536
19.2155 109 82.0646
19.0954 110 82.7286
19.1787 110 82.7536
19.2155 110 82.7646
19.0954 111 83.4286
19.0954 112 84.1286
19.0954 113 84.8286
19.0787 114 85.5236
19.0954 114 85.5286
19.0787 115 86.2236
19.0954 115 86.2286
19.0787 116 86.9236
19.0787 117 87.6236
19.0658 118 88.3198
19.0787 118 88.3236
19.0658 119 89.0198
19.0787 119 89.0236
20.7278 167 123.118
21.2911 149 110.687
21.188 149 110.656
21.2067 139 103.662
22.5367 129 97.061
21.0352 126 94.5106
21.9312 153 113.679
21.6049 179 131.781
22.6155 131 98.4846
21.2197 176 129.566
21.3949 170 125.418
21.7995 136 101.74
21.2843 166 122.585
21.2227 170 125.367
20.7015 174 128.01
21.0908 163 120.427
21.8477 160 118.554
21.3822 168 124.015
20.6042 152 112.581
21.0976 153 113.429
21.0068 148 109.902
20.6505 152 112.595
21.9106 157 116.473
21.7869 156 115.736
21.007 168 123.902
20.4924 154 113.948
20.5321 130 97.1596
22.2347 162 120.07
21.1749 142 105.752
21.2585 166 122.578
