20.6812 91 62.8725
20.6812 92 63.4725
20.6775 93 64.071
20.6812 93 64.0725
20.6775 94 64.671
20.6747 95 65.2699
20.6775 95 65.271
20.6747 96 65.8699
20.6747 97 66.4699
19.9891 98 66.7956
20.547 98 67.0188
20.6747 98 67.0699
19.9891 99 67.3956
20.547 99 67.6188
19.9891 100 67.9956
19.6957 101 68.4783
19.9891 101 68.5956
19.6957 102 69.0783
19.3428 103 69.5371
19.5804 103 69.6321
19.679 103 69.6716
19.6957 103 69.6783
19.3428 104 70.1371
19.5804 104 70.2321
19.679 104 70.2716
19.6957 104 70.2783
19.2321 107 71.8929
19.3308 107 71.9323
19.2321 108 72.4929
19.3308 108 72.5323
19.2321 109 73.0929
19.2155 110 73.6862
19.2321 110 73.6929
19.2155 111 74.2862
19.2321 111 74.2929
19.1787 112 74.8715
19.1953 112 74.8781
19.2155 112 74.8862
19.1787 113 75.4715
19.1953 113 75.4781
19.2155 113 75.4862
19.1787 114 76.0715
19.1953 114 76.0781
19.1787 115 76.6715
19.1787 116 77.2715
19.1787 117 77.8715
19.1787 118 78.4715
19.1787 119 79.0715
19.1787 120 79.6715
19.1787 121 80.2715
19.1787 122 80.8715
19.1787 123 81.4715
19.1787 124 82.0715
19.1697 125 82.6679
19.1787 125 82.6715
19.1697 126 83.2679
19.0954 127 83.8382
19.1697 127 83.8679
19.0954 128 84.4381
19.1269 128 84.4508
19.1697 128 84.4679
19.0954 129 85.0381
19.0787 130 85.6315
19.0787 131 86.2315
19.0787 132 86.8315
22.0167 153 100.607
21.4327 143 94.3731
21.3956 128 85.3582
20.8976 129 85.759
21.8134 145 95.7254
21.9588 163 106.584
20.6189 170 110.248
21.7856 172 111.914
20.9011 144 94.7604
22.3161 144 95.3264
21.6626 173 112.465
21.4513 161 105.181
20.6606 138 91.0642
21.5879 144 95.0352
21.0823 146 96.0329
22.2416 133 88.6966
21.1779 188 121.271
21.649 160 104.66
21.2949 166 108.118
20.9771 140 92.3908
20.9853 158 103.194
21.3668 172 111.747
20.7975 170 110.319
20.6369 173 112.055
20.0579 200 128.023
21.1277 153 100.251
21.0553 161 105.022
19.9134 153 99.7654
21.1134 179 115.845
21.4086 143 94.3634
