20.7455 104 95.6745
20.5637 108 99.2564
20.9878 108 99.2988
21.8962 108 99.3896
20.5637 109 100.156
20.6055 109 100.161
20.9878 109 100.199
20.5637 110 101.056
20.5637 111 101.956
20.308 112 102.831
20.5637 112 102.856
20.308 113 103.731
20.5637 113 103.756
20.308 114 104.631
20.308 115 105.531
20.308 116 106.431
20.308 117 107.331
20.168 118 108.217
20.308 118 108.231
20.168 119 109.117
20.168 120 110.017
20.168 121 110.917
20.1247 122 111.812
20.168 122 111.817
20.1247 123 112.712
20.168 123 112.717
20.1221 124 113.612
20.1247 124 113.612
20.1221 125 114.512
20.1247 125 114.512
20.0521 126 115.405
20.1221 126 115.412
20.1247 126 115.412
20.031 127 116.303
20.0023 128 117.2
20.0082 128 117.201
20.031 128 117.203
20.0023 129 118.1
20.0082 129 118.101
20.031 129 118.103
19.9986 130 119
20.0023 130 119
19.9795 131 119.898
19.9986 131 119.9
20.0023 131 119.9
19.9795 132 120.798
19.9986 132 120.8
19.9758 133 121.698
19.9795 133 121.698
19.294 134 122.529
19.9758 134 122.598
19.9795 134 122.598
19.294 135 123.429
19.9758 135 123.498
19.2921 138 126.129
19.2893 139 127.029
19.2893 140 127.929
19.2884 144 131.529
19.2717 145 132.427
19.2884 145 132.429
19.2893 145 132.429
19.2717 146 133.327
19.2717 147 134.227
19.2717 148 135.127
19.2717 149 136.027
20.5729 167 152.357
20.6042 162 147.86
21.7818 170 155.178
21.1482 141 129.015
21.5166 138 126.352
21.6379 147 134.464
20.6413 148 135.264
20.9448 175 159.594
21.0716 161 147.007
20.7802 156 142.478
20.7436 157 143.374
21.4615 167 152.446
21.0255 146 133.503
21.4751 144 131.747
21.9595 160 146.196
20.5635 155 141.556
20.9001 152 138.89
21.8825 140 128.188
21.7017 148 135.37
21.762 155 141.676
21.0607 158 144.306
20.4878 162 147.849
21.8017 172 156.98
21.8223 161 147.082
21.5628 165 150.656
21.4326 137 125.443
21.0997 146 133.51
21.9394 143 130.894
21.726 146 133.573
21.5166 160 146.152
