21.9993 86 47.5996
21.9993 87 47.9996
21.9993 88 48.3996
21.9993 89 48.7996
21.9993 90 49.1996
21.9993 91 49.5996
21.4147 92 49.6488
21.4147 93 50.0489
21.4147 94 50.4489
20.7288 96 50.8373
21.4147 95 50.8489
20.7288 97 51.2373
21.4147 96 51.2489
20.547 98 51.5282
20.7288 98 51.6373
20.547 99 51.9282
20.7288 99 52.0373
20.547 100 52.3282
20.547 101 52.7282
20.547 102 53.1282
20.547 103 53.5282
20.547 104 53.9282
20.547 105 54.3282
20.547 106 54.7282
20.2913 107 54.9748
20.4311 107 55.0587
20.547 107 55.1282
20.2913 108 55.3748
20.308 108 55.3848
20.547 108 55.5282
20.168 109 55.7008
20.2913 109 55.7748
20.168 110 56.1008
20.2913 110 56.1748
20.168 111 56.5008
20.0708 112 56.8425
20.1618 112 56.8971
20.168 112 56.9008
20.0708 113 57.2425
20.0708 114 57.6425
20.0708 115 58.0425
20.0708 116 58.4425
20.031 117 58.8186
20.0708 117 58.8425
20.031 118 59.2186
20.0708 118 59.2425
20.031 119 59.6186
20.031 120 60.0186
20.031 121 60.4186
20.031 122 60.8186
20.0023 123 61.2014
20.031 123 61.2186
20.0023 124 61.6014
19.9795 125 61.9877
20.0023 125 62.0014
19.9795 126 62.3877
20.0023 126 62.4014
19.9795 127 62.7877
19.9795 128 63.1877
19.9795 129 63.5877
19.9558 130 63.9735
19.9758 130 63.9855
19.9795 130 63.9877
19.9558 131 64.3735
19.9558 132 64.7735
19.9558 133 65.1735
19.933 134 65.5598
19.9558 134 65.5735
19.933 135 65.9598
19.933 136 66.3598
21.0784 166 79.047
21.5552 160 76.9331
21.5337 152 73.7202
20.6794 160 76.4077
21.3807 159 76.4284
20.7335 160 76.4401
21.3917 150 72.835
23.0523 143 71.0314
22.3374 131 65.8025
20.9249 158 75.755
21.5219 152 73.7131
20.4959 137 67.0975
20.9645 146 70.9787
21.5078 163 78.1047
20.9601 142 69.3761
22.2268 147 72.1361
21.2121 144 70.3272
21.2125 181 85.1275
21.0762 142 69.4457
20.4449 144 69.8669
22.158 150 73.2948
20.7205 166 78.8323
20.4611 151 72.6767
21.4079 149 72.4447
22.6452 146 71.9871
20.8787 164 78.1272
21.4149 150 72.8489
21.5923 175 82.9554
21.2037 166 79.1222
20.4902 162 77.0941
