20.6747 95 80.1349
20.7288 95 80.1458
20.79 95 80.158
20.7288 96 80.9458
20.7288 97 81.7458
20.7288 98 82.5458
20.7288 99 83.3458
19.9891 100 83.9978
20.1044 100 84.0209
20.547 100 84.1094
20.7288 100 84.1458
19.9891 101 84.7978
20.547 101 84.9094
19.6957 102 85.5391
19.6957 103 86.3391
19.6984 103 86.3397
19.6957 104 87.1391
19.679 105 87.9358
19.6957 105 87.9391
19.5637 106 88.7127
19.5804 106 88.7161
19.679 106 88.7358
19.6957 106 88.7391
19.5637 107 89.5127
19.679 107 89.5358
19.3474 108 90.2695
19.5637 108 90.3127
19.3308 109 91.0662
19.3474 109 91.0695
19.5637 109 91.1127
19.2155 110 91.8431
19.2321 110 91.8464
19.3308 110 91.8662
19.3474 110 91.8695
19.2155 111 92.6431
19.2321 111 92.6464
19.3308 111 92.6662
19.2155 112 93.4431
19.1787 113 94.2357
19.1953 113 94.2391
19.2155 113 94.2431
19.1787 114 95.0357
19.2155 114 95.0431
19.1787 115 95.8357
19.1787 116 96.6357
19.1787 117 97.4357
19.1787 118 98.2357
19.1787 119 99.0357
19.1787 120 99.8357
19.1787 121 100.636
19.1787 122 101.436
19.1787 123 102.236
19.1787 124 103.036
19.1787 125 103.836
19.1697 126 104.634
19.1787 126 104.636
19.1697 127 105.434
19.1787 127 105.436
19.1697 128 106.234
19.1103 130 107.822
19.1103 131 108.622
19.1103 132 109.422
19.1103 136 112.622
19.1103 137 113.422
19.1103 138 114.222
19.1103 145 119.822
21.4919 156 129.098
21.133 146 121.027
21.0187 159 131.404
21.0588 145 120.212
20.2805 173 142.456
21.4573 144 119.491
22.1809 152 126.036
21.8144 143 118.763
21.4335 134 111.487
20.3208 154 127.264
20.5773 144 119.315
21.4427 159 131.489
21.5083 139 115.502
21.8922 163 134.778
21.3551 140 116.271
21.4174 146 121.083
20.6744 154 127.335
20.656 142 117.731
21.5283 132 109.906
20.7154 175 144.143
21.9683 154 127.594
22.1527 149 123.631
20.749 145 120.15
21.7326 139 115.547
20.6595 165 136.132
20.7712 160 132.154
21.5501 164 135.51
20.3628 163 134.473
20.4588 177 145.692
20.2613 177 145.652
