20.7659 65 34.0361
20.8057 65 34.064
20.7385 66 34.3169
20.7659 66 34.3362
20.8057 66 34.364
20.7385 67 34.6169
20.7659 67 34.6362
20.5781 68 34.8047
20.6179 68 34.8325
20.7385 68 34.9169
20.5781 69 35.1047
20.5781 70 35.4047
20.5507 71 35.6855
20.5781 71 35.7047
20.5507 72 35.9855
20.5781 72 36.0047
20.5507 73 36.2855
20.5507 74 36.5855
20.5507 75 36.8855
20.4833 76 37.1383
20.5507 76 37.1855
20.4833 77 37.4383
20.5143 77 37.46
20.5507 77 37.4855
20.4436 78 37.7105
20.4833 78 37.7383
20.4436 79 38.0105
20.4833 79 38.0383
20.4436 80 38.3105
20.4436 81 38.6105
20.4436 82 38.9105
20.2838 83 39.0987
20.3557 83 39.149
20.4436 83 39.2105
20.2838 84 39.3987
20.2838 85 39.6987
20.1374 86 39.8962
20.2752 86 39.9927
20.2838 86 39.9987
20.1374 87 40.1962
20.2752 87 40.2927
20.2838 87 40.2987
20.1374 88 40.4962
20.1374 89 40.7962
20.1374 90 41.0962
20.1189 91 41.3832
20.1374 91 41.3962
20.0302 92 41.6211
20.087 92 41.6609
20.1189 92 41.6832
20.1374 92 41.6962
20.0302 93 41.9211
20.087 93 41.9609
20.1189 93 41.9832
19.9797 94 42.1858
20.0302 94 42.2211
19.9755 95 42.4829
19.9797 95 42.4858
20.0302 95 42.5211
19.9755 96 42.7829
19.9797 96 42.7858
19.9755 97 43.0829
19.9755 98 43.3829
19.9755 99 43.6829
19.9755 100 43.9829
19.9755 101 44.2829
19.9755 102 44.5829
19.9755 103 44.8829
19.9755 104 45.1829
19.9755 105 45.4829
21.5851 150 60.1096
21.3262 139 56.6283
20.909 160 62.6363
20.1028 161 62.372
22.0189 135 55.9132
21.8467 161 63.5927
21.4127 168 65.3889
20.8261 147 58.6783
19.8208 157 60.9745
22.3078 157 62.7154
21.3579 170 65.9505
20.9438 167 64.7606
21.4707 150 60.0295
21.0095 134 54.9067
21.6665 163 64.0666
21.1573 149 59.5101
20.8131 147 58.6692
21.409 144 58.1863
20.6321 158 61.8425
21.0157 170 65.711
21.2112 131 54.1478
21.1716 148 59.2201
21.7869 160 63.2509
22.185 149 60.2295
21.4305 188 71.4014
21.5914 134 55.314
21.4723 153 60.9306
22.4992 143 58.6494
20.9634 167 64.7743
21.2517 149 59.5762
