20.8574 112 57.3144
20.8992 112 57.3395
20.8574 113 57.7144
20.8992 113 57.7395
20.5637 114 57.9382
20.6055 114 57.9633
20.5637 115 58.3382
20.6055 115 58.3633
20.2913 116 58.5748
20.4237 116 58.6542
20.5637 116 58.7382
20.2913 118 59.3748
20.168 119 59.7008
20.2913 119 59.7748
20.4237 119 59.8542
20.168 120 60.1008
20.168 121 60.5008
20.168 122 60.9008
20.168 123 61.3008
20.1247 124 61.6748
20.168 124 61.7008
20.1247 125 62.0748
20.168 125 62.1008
20.1247 126 62.4748
20.1247 127 62.8748
20.1247 128 63.2748
20.0521 129 63.6313
20.118 129 63.6708
20.1247 129 63.6748
20.0082 130 64.0049
20.0521 130 64.0312
20.118 130 64.0708
20.1247 130 64.0748
20.0521 131 64.4313
19.9986 132 64.7992
20.0521 134 65.6312
19.9758 135 65.9855
19.9795 135 65.9877
20.0088 135 66.0053
19.9758 136 66.3855
19.9758 137 66.7855
19.9758 138 67.1855
19.9758 139 67.5855
19.9758 140 67.9855
19.9758 141 68.3855
19.9758 142 68.7855
19.9293 143 69.1576
19.933 143 69.1598
19.9758 143 69.1855
19.9293 144 69.5576
19.9758 144 69.5855
19.9293 145 69.9576
19.9293 146 70.3576
19.9293 147 70.7576
19.9293 148 71.1576
19.9293 149 71.5576
19.9293 150 71.9576
19.9293 151 72.3576
19.9293 152 72.7576
19.9293 153 73.1576
19.9293 154 73.5576
19.9293 155 73.9576
19.9293 156 74.3576
19.9293 157 74.7576
19.9293 158 75.1576
20.2042 164 77.7225
22.2287 165 79.3372
21.6559 133 66.1935
22.324 187 88.1944
21.6217 176 83.373
20.6306 160 76.3784
20.5996 162 77.1598
21.6271 162 77.7762
22.1157 134 66.8694
21.8363 131 65.5018
20.8646 168 79.7187
21.7349 148 72.241
20.9122 132 65.3473
21.5397 164 78.5238
21.3408 150 72.8045
22.5939 141 69.9563
21.9461 153 74.3676
21.0658 160 76.6395
21.9949 138 68.3969
22.1111 153 74.4666
21.5445 134 66.5267
22.1768 165 79.3061
20.9506 159 76.1704
21.0423 166 79.0254
20.7257 156 74.8354
20.5232 175 82.3139
21.0991 165 78.6595
21.4634 162 77.678
20.6233 181 84.774
21.8789 155 75.1273
