20.6812 88 81.2681
20.6812 89 82.1681
20.6812 90 83.0681
20.6747 91 83.9675
20.6812 91 83.9681
20.6747 92 84.8675
20.1044 93 85.7104
20.6747 93 85.7675
20.1044 94 86.6104
20.6747 94 86.6675
19.9891 95 87.4989
20.1044 95 87.5104
19.9891 96 88.3989
20.1044 96 88.4104
19.9891 97 89.2989
19.6818 98 90.1682
19.6957 98 90.1696
19.9891 98 90.1989
19.6818 99 91.0682
19.6957 99 91.0696
19.9891 99 91.0989
19.3594 100 91.9359
19.5804 100 91.958
19.6818 100 91.9682
19.3594 101 92.8359
19.4581 101 92.8458
19.5804 101 92.858
19.3428 102 93.7343
19.3594 102 93.7359
19.3428 103 94.6343
19.2321 104 95.5232
19.3428 104 95.5343
19.2321 105 96.4232
19.2321 106 97.3232
19.2321 107 98.2232
19.2321 108 99.1232
19.2155 109 100.022
19.2321 109 100.023
19.1787 110 100.918
19.2155 110 100.922
19.1787 111 101.818
19.2155 111 101.822
19.1787 112 102.718
19.1787 113 103.618
19.1787 114 104.518
19.1787 115 105.418
19.1787 116 106.318
19.1787 117 107.218
19.1787 118 108.118
19.1787 119 109.018
19.1787 120 109.918
19.1787 121 110.818
19.1787 122 111.718
19.1697 123 112.617
19.1787 123 112.618
19.0954 124 113.51
19.1697 124 113.517
19.1787 124 113.518
19.0954 125 114.41
19.1697 125 114.417
19.0954 126 115.31
19.0787 127 116.208
19.0954 127 116.21
19.0658 128 117.107
19.0787 128 117.108
19.0658 129 118.007
21.2854 159 145.229
21.5673 162 147.957
21.8311 168 153.383
22.4391 161 147.144
20.8032 144 131.68
21.2598 162 147.926
21.5195 147 134.452
21.5105 150 137.151
21.887 149 136.289
21.7587 139 127.276
21.1016 157 143.41
22.1324 162 148.013
21.7463 156 142.575
21.553 153 139.855
21.14 170 155.114
21.358 155 141.636
21.6775 153 139.868
21.6953 170 155.17
20.8207 137 125.382
21.2069 141 129.021
20.5399 165 150.554
21.5349 148 135.353
21.4178 166 151.542
21.5078 134 122.751
21.1584 175 159.616
21.2305 154 140.723
21.2553 147 134.426
21.0909 151 138.009
20.8191 144 131.682
20.8741 141 128.987
