21.9993 79 44.7996
21.9993 80 45.1996
21.9993 81 45.5996
21.9993 82 45.9996
21.9982 83 46.3989
21.9993 83 46.3996
21.9982 84 46.799
21.9993 84 46.7996
21.9982 85 47.1989
21.9982 86 47.5989
21.4147 87 47.6488
21.8834 87 47.93
21.9982 87 47.9989
21.4147 88 48.0489
21.4147 89 48.4489
21.4147 90 48.8489
20.7288 92 49.2373
21.4147 91 49.2489
20.7288 93 49.6373
21.4147 92 49.6488
20.7288 94 50.0373
21.4147 93 50.0489
20.547 95 50.3282
20.7288 95 50.4373
20.547 96 50.7282
20.7288 96 50.8373
20.546 97 51.1276
20.547 97 51.1282
20.546 98 51.5276
20.547 98 51.5282
20.546 99 51.9276
20.2913 100 52.1748
20.546 100 52.3276
20.2913 101 52.5748
20.546 101 52.7276
20.2913 102 52.9748
20.2913 103 53.3748
20.2913 104 53.7748
20.2913 105 54.1748
20.1618 106 54.4971
20.2913 106 54.5748
20.1618 107 54.8971
20.2913 107 54.9748
20.0708 108 55.2425
20.1618 108 55.2971
20.0708 109 55.6425
20.0708 110 56.0425
20.0708 111 56.4425
20.0708 112 56.8425
20.0708 113 57.2425
20.031 114 57.6186
20.0708 114 57.6425
20.031 115 58.0186
20.0708 115 58.0425
20.031 116 58.4186
20.031 117 58.8186
20.0082 118 59.2049
20.031 118 59.2186
20.0082 119 59.6049
20.031 119 59.6186
20.0082 120 60.0049
20.0023 121 60.4014
20.0082 121 60.4049
19.9795 122 60.7877
20.0023 122 60.8013
19.9795 123 61.1877
20.0023 123 61.2014
19.9795 124 61.5877
19.9795 125 61.9877
19.9795 126 62.3877
21.4389 170 80.8633
20.6116 165 78.367
21.153 190 88.6918
21.1175 134 66.2705
20.821 135 66.4926
21.5246 149 72.5148
21.3599 146 71.216
21.7856 157 75.8714
21.713 161 77.4278
21.5825 139 68.5495
21.6231 174 82.5739
20.8153 137 67.2892
21.1606 169 80.2964
21.0906 160 76.6544
21.1646 155 74.6987
21.502 153 74.1012
20.9414 158 75.7649
20.8311 139 68.0987
21.3076 167 79.5846
20.9302 160 76.5581
21.3224 154 74.3934
21.3516 162 77.611
21.428 140 68.8568
20.9859 148 71.7915
21.6354 163 78.1812
21.5613 168 80.1368
20.8565 150 72.5139
21.2141 152 73.5285
21.4457 140 68.8674
21.546 169 80.5276
