20.7288 89 27.5559
20.7288 90 27.6559
20.7288 91 27.7559
20.7288 92 27.8559
20.7288 93 27.9559
20.547 95 27.9923
20.3844 97 28.0459
20.7288 94 28.0559
20.547 96 28.0923
20.3844 98 28.1459
20.7288 95 28.1559
20.2913 99 28.1622
20.547 97 28.1923
20.3844 99 28.2459
20.7288 96 28.2559
20.2913 100 28.2622
20.547 98 28.2923
20.3844 100 28.3459
20.2913 101 28.3622
20.2913 102 28.4622
20.1618 104 28.5456
20.2913 103 28.5622
20.0708 105 28.5637
20.1618 105 28.6456
20.2913 104 28.6622
20.0708 106 28.6637
20.1618 106 28.7456
19.7193 110 28.7474
20.2913 105 28.7622
20.0708 107 28.7637
19.9986 108 28.7987
19.7193 111 28.8474
20.0708 108 28.8637
19.9986 109 28.8987
19.7193 112 28.9474
19.6213 113 28.9592
19.9986 110 28.9987
19.7166 113 29.0449
19.7193 113 29.0474
19.6213 114 29.0592
19.9986 111 29.0987
19.5906 115 29.1315
19.7193 114 29.1474
19.6213 115 29.1592
19.5906 116 29.2315
19.5047 117 29.2542
19.6213 116 29.2592
19.4261 118 29.2835
19.5906 117 29.3315
19.5047 118 29.3542
19.4261 119 29.3835
19.5047 119 29.4542
19.4207 120 29.4786
19.4261 120 29.4835
19.4207 121 29.5786
19.4261 121 29.5835
19.4207 122 29.6786
19.342 123 29.7078
19.3466 123 29.7119
19.4207 123 29.7786
19.342 124 29.8078
19.3466 124 29.8119
19.342 125 29.9078
19.342 126 30.0078
19.342 127 30.1078
19.342 128 30.2078
19.2625 129 30.2363
19.342 129 30.3078
19.2625 130 30.3363
19.342 130 30.4078
22.1225 144 34.3102
21.6629 129 32.3966
21.1457 141 33.1311
21.4523 157 35.0071
21.0874 171 36.0787
21.8571 134 33.0714
21.7656 144 33.989
20.8592 172 35.9732
20.1094 170 35.0984
22.1555 163 36.2399
21.5808 150 34.4227
21.5021 142 33.5519
21.4197 161 35.3777
20.8704 151 33.8834
21.5286 168 36.1757
20.6625 159 34.4962
21.1774 141 33.1597
20.8584 166 35.3726
21.6458 151 34.5812
20.7398 148 33.4658
21.9565 160 35.7608
21.4247 170 36.2822
21.3855 154 34.647
21.1691 135 32.5522
21.444 166 35.8996
21.4937 152 34.5443
21.2341 154 34.5107
21.1026 155 34.4924
20.903 154 34.2127
21.1517 160 35.0365
