20.3858 87 53.6929
22.4548 85 53.7274
20.3858 88 54.1929
22.4548 86 54.2274
20.3858 89 54.6929
22.4548 87 54.7274
20.2586 90 55.1293
20.3858 90 55.1929
22.4548 88 55.2274
20.2586 91 55.6293
20.2586 92 56.1293
20.2586 93 56.6293
19.679 94 56.8395
20.2586 94 57.1293
19.3539 95 57.1769
19.679 95 57.3395
20.2586 95 57.6293
19.2693 96 57.6346
19.3539 96 57.6769
19.3799 96 57.6899
19.679 96 57.8395
19.2693 97 58.1346
19.3539 97 58.1769
19.2107 98 58.6053
19.2693 98 58.6346
19.2107 99 59.1053
19.2693 99 59.1346
19.2107 100 59.6053
19.207 101 60.1035
19.2107 101 60.1053
19.1 102 60.55
19.207 102 60.6035
19.2107 102 60.6053
19.1 103 61.05
19.207 103 61.1035
19.1 104 61.55
19.0834 105 62.0417
19.1 105 62.05
19.0834 106 62.5417
19.1 106 62.55
19.0834 107 63.0417
19.0834 108 63.5417
19.0632 109 64.0316
19.0834 109 64.0417
19.0466 110 64.5233
19.0632 110 64.5316
19.0834 110 64.5417
19.0466 111 65.0233
19.0632 111 65.0316
19.0466 112 65.5233
19.0466 113 66.0233
19.0466 114 66.5233
19.0466 115 67.0233
19.0438 116 67.5219
19.0466 116 67.5233
19.0404 117 68.0202
19.0438 117 68.0219
19.0404 118 68.5202
19.0404 119 69.0202
19.0238 120 69.5119
19.0404 120 69.5202
19.0238 121 70.0119
19.0404 121 70.0202
19.0238 122 70.5119
19.0238 123 71.0119
19.0238 124 71.5119
19.0238 125 72.0119
19.0238 126 72.5119
19.0238 127 73.0119
19.0238 128 73.5119
21.16 154 87.58
21.2755 169 95.1377
21.8504 137 79.4252
20.3341 178 99.1671
20.707 138 79.3535
21.33 153 87.165
21.7017 170 95.8509
21.1172 177 99.0586
20.8858 160 90.4429
21.1486 152 86.5743
21.2295 136 78.6147
21.7099 170 95.855
22.4868 170 96.2434
21.3171 166 93.6586
20.9075 148 84.4538
20.8311 145 82.9156
22.3593 161 91.6797
21.1222 140 80.5611
20.6718 148 84.3359
21.7136 168 94.8568
20.0677 158 89.0339
20.7515 152 86.3757
21.6098 151 86.3049
21.6404 167 94.3202
21.7161 129 75.358
21.1948 171 96.0974
22.6184 171 96.8092
21.5094 142 81.7547
21.3835 161 91.1917
21.4697 163 92.2348
