22.4626 94 58.2313
22.4548 95 58.7274
22.4626 95 58.7313
22.4548 96 59.2274
22.4626 96 59.2313
22.4548 97 59.7274
22.4548 98 60.2274
21.9202 99 60.4601
21.9281 99 60.4641
22.4548 99 60.7274
20.7455 101 60.8727
21.9202 100 60.9601
21.9281 100 60.9641
20.7288 102 61.3644
20.7455 102 61.3727
21.9202 101 61.4601
20.7288 103 61.8644
20.7455 103 61.8727
21.9202 102 61.9601
20.7288 104 62.3644
20.7288 105 62.8644
20.5637 106 63.2818
20.547 107 63.7735
20.5637 107 63.7818
20.308 108 64.154
20.547 108 64.2735
20.5637 108 64.2818
20.308 109 64.654
20.4523 109 64.7262
20.547 109 64.7735
20.308 110 65.154
20.308 111 65.654
20.2913 112 66.1456
20.308 112 66.154
20.2913 113 66.6456
20.168 114 67.084
20.2913 114 67.1456
19.3308 115 67.1654
20.168 115 67.584
20.2913 115 67.6456
20.168 116 68.084
20.168 117 68.584
20.168 118 69.084
19.294 119 69.147
20.168 119 69.584
19.294 120 69.647
20.1221 120 70.061
20.1618 120 70.0809
20.168 120 70.084
19.294 121 70.147
19.294 122 70.647
19.1749 125 72.0874
19.294 125 72.147
19.1582 126 72.5791
19.294 126 72.647
19.1582 127 73.0791
19.294 127 73.147
19.1554 138 78.5777
19.1554 139 79.0777
21.2755 134 77.6377
21.5797 137 79.2899
21.6342 148 84.8171
22.1894 153 87.5947
21.4231 139 80.2115
22.2129 145 83.6065
21.765 196 108.883
21.8448 128 74.9224
21.0132 166 93.5066
21.1992 167 94.0996
22.2597 149 85.6298
20.4206 155 87.7103
21.3968 145 83.1984
21.5923 157 89.2962
20.9178 155 87.9589
21.0816 174 97.5408
21.2159 162 91.6079
21.7215 148 84.8607
21.1703 139 80.0851
21.2765 141 81.1383
21.7992 153 87.3996
21.2772 185 103.139
21.0307 155 88.0154
21.17 181 101.085
20.7781 172 96.389
22.1834 137 79.5917
21.6377 140 80.8189
20.7328 148 84.3664
21.012 151 86.006
21.0279 152 86.514
