21.7704 115 87.0311
21.7969 115 87.0391
21.8188 115 87.0456
21.8504 115 87.0551
21.7169 116 87.7151
21.7704 116 87.7311
21.7969 116 87.7391
21.8188 116 87.7456
21.8504 116 87.7551
20.8429 117 88.1529
21.7169 117 88.4151
21.7704 117 88.4311
20.308 120 90.0924
20.4237 120 90.1271
21.693 120 90.5079
20.168 121 90.7504
21.693 121 91.2079
20.8023 122 91.6407
21.693 122 91.9079
20.168 123 92.1504
20.2647 123 92.1794
20.5584 123 92.2675
20.8023 123 92.3407
20.168 124 92.8504
20.2647 124 92.8794
20.168 125 93.5504
20.2647 125 93.5794
20.1247 126 94.2374
20.168 126 94.2504
20.1247 127 94.9374
20.1247 128 95.6374
20.1247 129 96.3374
20.1247 130 97.0374
20.118 131 97.7354
20.1247 131 97.7374
20.1143 132 98.4343
20.118 132 98.4354
20.1247 132 98.4374
20.0082 133 99.1025
20.0896 133 99.1269
20.1143 133 99.1343
20.118 133 99.1354
20.1247 133 99.1374
19.9986 134 99.7996
20.0082 134 99.8025
20.0705 134 99.8211
19.9986 135 100.5
19.9795 136 101.194
19.9986 136 101.2
19.9758 137 101.893
19.9795 137 101.894
19.9758 138 102.593
19.9795 138 102.594
19.9758 139 103.293
19.9758 140 103.993
19.9758 141 104.693
19.9758 142 105.393
19.9758 143 106.093
19.9758 144 106.793
19.9758 145 107.493
19.9758 146 108.193
19.9293 147 108.879
19.9758 147 108.893
19.9293 148 109.579
19.9293 149 110.279
19.4363 153 112.931
19.2671 157 115.68
19.2893 157 115.687
19.2671 158 116.38
19.2671 162 119.18
21.2467 166 122.574
20.4082 147 109.022
22.9995 147 109.8
21.2239 132 98.7672
21.8829 147 109.465
21.5843 148 110.075
21.0227 159 117.607
20.717 179 131.515
20.3242 158 116.697
21.2977 187 137.289
22.2148 126 94.8644
21.1301 143 106.439
21.1909 144 107.157
21.1231 128 95.9369
20.5102 148 109.753
20.8169 164 121.045
20.8462 146 108.454
21.9236 144 107.377
20.3553 155 114.607
21.5416 153 113.562
21.2214 158 116.966
20.7719 152 112.632
20.7091 148 109.813
21.0107 155 114.803
22.6875 170 125.806
21.3497 138 103.005
21.8691 167 123.461
21.814 153 113.644
22.0623 138 103.219
20.4376 147 109.031
