20.2111 116 48.9478
20.6508 116 49.2555
20.6508 117 49.5555
20.2068 119 49.8448
20.1856 120 50.13
20.2068 120 50.1448
20.1352 121 50.3947
20.1564 121 50.4095
20.1856 121 50.43
20.2068 121 50.4448
20.1352 122 50.6947
20.1856 122 50.73
20.1352 123 50.9947
20.1247 128 52.4873
20.1247 129 52.7873
20.1247 130 53.0873
20.1247 132 53.6873
20.1247 133 53.9873
20.1143 134 54.28
20.1247 134 54.2873
20.0023 135 54.5016
20.1143 135 54.58
20.1247 135 54.5873
19.9986 136 54.799
20.0023 136 54.8016
20.1143 136 54.88
20.1247 136 54.8873
19.9986 137 55.099
20.0023 137 55.1016
20.1143 137 55.18
19.9758 138 55.3831
19.9795 138 55.3856
19.9986 138 55.399
19.9758 139 55.6831
19.9795 139 55.6856
19.9986 139 55.699
19.9758 140 55.9831
19.9758 141 56.2831
19.9758 142 56.5831
19.9758 143 56.8831
19.9758 144 57.1831
19.9758 145 57.4831
19.9758 146 57.7831
19.9758 147 58.0831
19.9758 148 58.3831
19.9758 149 58.6831
19.9758 150 58.9831
21.604 165 64.6228
21.6097 163 64.0268
21.4409 134 55.2086
20.584 160 62.4088
20.9752 141 56.9826
20.5632 182 68.9943
21.0886 170 65.762
20.5955 137 55.5169
21.547 147 59.1829
21.6078 160 63.1255
20.4113 185 69.7879
19.9968 145 57.4978
21.3675 154 61.1573
21.2772 170 65.8941
21.5867 130 54.1107
21.692 170 66.1844
20.4444 170 65.3111
21.9076 156 62.1354
21.1624 146 58.6137
20.3619 140 56.2533
21.1785 162 63.4249
20.7997 151 59.8598
22.5587 179 69.4911
21.3272 162 63.5291
20.6264 150 59.4385
21.1218 140 56.7852
21.6959 142 57.7871
21.1586 163 63.711
22.8104 154 62.1673
22.5166 150 60.7616
