20.6812 81 62.9044
20.6812 82 63.6044
20.1108 83 64.1332
20.1164 83 64.1349
20.6812 83 64.3044
20.1108 84 64.8332
20.1164 84 64.8349
20.6812 84 65.0043
20.1108 85 65.5332
20.1108 86 66.2332
20.1072 87 66.9322
20.1108 87 66.9332
19.7141 88 67.5142
20.1044 88 67.6313
20.1072 88 67.6321
20.1108 88 67.6332
19.8229 89 68.2469
20.1044 89 68.3313
19.7077 90 68.9123
19.7104 90 68.9131
19.8229 90 68.9469
19.7077 91 69.6123
19.7077 92 70.3123
19.6818 93 71.0045
19.7077 93 71.0123
19.6818 94 71.7045
19.7077 94 71.7123
19.3594 95 72.3078
19.5804 95 72.3741
19.6818 95 72.4045
19.3594 96 73.0078
19.5804 96 73.0741
19.6818 96 73.1045
19.3594 97 73.7078
19.3428 98 74.4028
19.3594 98 74.4078
19.3428 99 75.1028
19.3594 99 75.1078
19.3428 100 75.8028
19.2321 101 76.4696
19.3428 101 76.5028
19.2321 102 77.1696
19.3428 102 77.2028
19.2321 103 77.8696
19.2155 104 78.5646
19.2321 104 78.5696
19.2155 105 79.2646
19.2321 105 79.2696
19.2155 106 79.9646
19.2155 107 80.6646
19.0954 108 81.3286
19.2155 108 81.3646
19.0954 109 82.0286
19.2155 109 82.0646
19.0954 110 82.7286
19.0954 111 83.4286
19.0954 112 84.1286
19.0787 113 84.8236
19.0954 113 84.8286
19.0787 114 85.5236
19.0954 114 85.5286
19.0787 115 86.2236
19.0787 116 86.9236
19.0658 117 87.6198
19.0787 117 87.6236
19.0658 118 88.3198
19.0658 119 89.0198
19.0658 120 89.7198
19.0658 121 90.4198
19.0658 122 91.1198
20.7931 163 120.338
22.2502 160 118.675
21.8483 131 98.2545
20.9426 143 106.383
21.2838 167 123.285
21.6728 142 105.902
22.1492 146 108.845
21.4771 158 117.043
20.7297 141 104.919
21.437 148 110.031
20.7767 150 111.233
21.7527 150 111.526
20.5799 144 106.974
22.9177 125 94.3753
21.1596 171 126.048
20.5828 180 132.175
22.1523 157 116.546
21.4332 154 114.23
21.1165 160 118.335
21.2883 199 145.687
21.1353 147 109.241
21.3043 161 119.091
20.1405 184 134.842
21.1295 152 112.739
21.2822 141 105.085
21.3199 170 125.396
20.5577 151 111.867
22.8351 159 118.151
21.9106 140 104.573
21.5512 173 127.565
