21.9993 82 45.9996
21.9993 83 46.3996
21.9993 84 46.7996
21.9993 85 47.1996
21.9993 86 47.5996
21.9993 87 47.9996
21.9993 88 48.3996
21.9993 89 48.7996
21.4147 90 48.8489
21.9993 90 49.1996
21.4147 91 49.2489
21.8834 91 49.53
21.9993 91 49.5996
21.4147 92 49.6488
20.7288 94 50.0373
21.4147 93 50.0489
20.7288 95 50.4373
21.4147 94 50.4489
20.547 96 50.7282
20.7288 96 50.8373
20.547 97 51.1282
20.7288 97 51.2373
20.547 98 51.5282
20.547 99 51.9282
20.547 100 52.3282
20.546 101 52.7276
20.547 101 52.7282
20.546 102 53.1276
20.547 102 53.1282
20.546 103 53.5276
20.4311 104 53.8587
20.546 104 53.9276
20.2913 105 54.1748
20.4311 105 54.2587
20.2913 106 54.5748
20.2913 107 54.9748
20.1618 108 55.2971
20.2913 108 55.3748
20.0708 109 55.6425
20.1618 109 55.6971
20.168 109 55.7008
20.2913 109 55.7748
20.0708 110 56.0425
20.0708 111 56.4425
20.0708 112 56.8425
20.0708 113 57.2425
20.0708 114 57.6425
20.0708 115 58.0425
20.031 116 58.4186
20.0708 116 58.4425
20.031 117 58.8186
20.0708 117 58.8425
20.031 118 59.2186
20.031 119 59.6186
20.031 120 60.0186
20.0023 121 60.4014
20.031 121 60.4186
20.0023 122 60.8013
20.0023 123 61.2014
19.9795 124 61.5877
20.0023 124 61.6014
19.9795 125 61.9877
19.9795 126 62.3877
19.9558 127 62.7735
19.9795 127 62.7877
19.9558 128 63.1735
19.9558 129 63.5735
19.9558 130 63.9735
19.9558 131 64.3735
19.9558 136 66.3735
21.2356 161 77.1414
21.4926 169 80.4956
21.0979 183 85.8588
22.0183 138 68.411
21.4517 136 67.271
21.3906 153 74.0344
21.3348 141 69.2009
21.6167 154 74.57
21.2226 174 82.3335
20.9135 157 75.3481
20.6638 163 77.5983
22.2047 158 76.5228
21.9898 137 67.9939
21.9132 143 70.3479
20.2175 167 78.9305
22.2953 142 70.1772
20.7439 177 83.2463
20.8004 147 71.2803
21.3063 180 84.7838
21.3994 142 69.6396
20.5441 158 75.5265
21.7044 145 71.0226
22.5392 134 67.1235
22.1713 136 67.7028
21.383 141 69.2298
20.6743 181 84.8046
21.6383 169 80.583
21.7174 133 66.2304
20.2654 170 80.1593
20.8212 154 74.0927
