20.6508 117 49.5555
20.2068 120 50.1448
20.1856 121 50.43
20.2068 121 50.4448
20.1352 122 50.6947
20.1856 122 50.73
20.1352 123 50.9947
20.1856 123 51.03
20.1247 129 52.7873
20.1247 130 53.0873
20.1247 132 53.6873
20.1247 133 53.9873
20.1247 134 54.2873
20.1247 135 54.5873
20.1143 136 54.88
20.1247 136 54.8873
19.9986 137 55.099
20.0023 137 55.1016
20.1143 137 55.18
20.1247 137 55.1873
19.9986 138 55.399
19.9758 139 55.6831
19.9795 139 55.6856
19.9986 139 55.699
19.9758 140 55.9831
19.9795 140 55.9856
19.9758 141 56.2831
19.9758 142 56.5831
19.9758 143 56.8831
19.9758 144 57.1831
19.9758 145 57.4831
19.9758 146 57.7831
19.9758 147 58.0831
19.9758 149 58.6831
19.9758 150 58.9831
21.4242 153 60.897
21.8387 161 63.5871
21.2061 139 56.5443
21.5848 140 57.1094
20.1041 153 59.9729
22.2759 131 54.8931
20.6357 161 62.745
21.4745 136 55.8322
21.1587 155 61.3111
20.8457 158 61.992
20.8042 138 55.963
21.0367 155 61.2257
21.0767 144 57.9537
20.4932 142 56.9453
21.7171 139 56.902
21.6839 137 56.2787
21.2685 162 63.4879
22.1324 139 57.1927
21.6337 173 67.0436
21.222 147 58.9554
20.4319 180 68.3023
21.4712 163 63.9298
21.0922 161 63.0646
21.2655 144 58.0859
22.3431 178 69.0402
20.7962 171 65.8573
22.2772 172 67.194
19.9961 176 66.7973
20.2613 150 59.1829
22.2323 167 65.6626
