20.7288 96 35.7831
20.547 97 35.8376
20.7288 97 35.983
20.547 98 36.0376
20.547 99 36.2376
20.547 100 36.4376
20.547 101 36.6376
20.5036 102 36.8029
20.547 102 36.8376
20.4237 103 36.939
20.5036 103 37.0029
20.547 103 37.0376
20.4237 104 37.139
20.5036 104 37.2029
20.4237 105 37.339
20.168 107 37.5344
20.4237 106 37.539
20.2913 107 37.633
20.168 108 37.7344
20.4237 107 37.739
20.2913 108 37.833
20.168 109 37.9344
20.1618 110 38.1295
20.168 110 38.1344
20.0708 111 38.2566
20.1618 111 38.3295
20.168 111 38.3344
20.0708 112 38.4566
20.0708 113 38.6566
20.0708 114 38.8566
20.0708 115 39.0566
19.8281 116 39.0625
20.0708 116 39.2566
19.8281 117 39.2625
19.8281 118 39.4624
19.8281 119 39.6625
19.8244 120 39.8595
19.8281 120 39.8624
19.8244 121 40.0595
19.8281 121 40.0625
19.7668 122 40.2135
19.8244 122 40.2595
19.7668 123 40.4135
19.8244 123 40.4595
19.7668 124 40.6135
19.7632 125 40.8105
19.7668 125 40.8135
19.7632 126 41.0105
19.7668 126 41.0135
19.7632 127 41.2105
19.7632 128 41.4105
19.7632 129 41.6105
19.7632 130 41.8105
19.7632 131 42.0105
19.7632 132 42.2105
19.7622 133 42.4097
19.7632 133 42.4105
19.7622 134 42.6097
19.7632 134 42.6105
19.7622 135 42.8097
19.7404 136 42.9923
19.7622 136 43.0097
19.7404 137 43.1923
19.7622 137 43.2097
19.7404 138 43.3923
19.7404 139 43.5923
19.7404 140 43.7923
19.7404 141 43.9923
19.7404 145 44.7923
19.7404 146 44.9923
20.9977 144 45.5982
21.3591 175 52.0873
21.5457 159 49.0365
21.5913 145 46.273
22.0167 153 48.2133
21.4327 143 45.7462
21.3956 128 42.7165
20.8976 129 42.5181
21.8134 145 46.4507
21.9588 163 50.167
20.6189 170 50.4951
21.7856 172 51.8285
20.9011 144 45.5209
22.3161 144 46.6529
21.6626 173 51.9301
21.4513 161 49.361
20.6606 138 44.1285
21.5879 144 46.0703
21.0823 146 46.0658
22.2416 133 44.3932
21.1779 188 54.5423
21.649 160 49.3192
21.2949 166 50.2359
20.9771 140 44.7817
20.9853 158 48.3882
21.3668 172 51.4935
20.7975 170 50.638
20.6369 173 51.1095
20.0579 200 56.0463
21.1277 153 47.5022
