20.7288 89 27.5559
20.7288 90 27.6559
20.7288 91 27.7559
20.7288 92 27.8559
20.7288 93 27.9559
20.547 95 27.9923
20.3844 97 28.0459
20.7288 94 28.0559
20.547 96 28.0923
20.3844 98 28.1459
20.7288 95 28.1559
20.2913 99 28.1622
20.547 97 28.1923
20.3844 99 28.2459
20.2913 100 28.2622
20.547 98 28.2923
20.3844 100 28.3459
20.2913 101 28.3622
20.2913 102 28.4622
20.1618 104 28.5456
20.2913 103 28.5622
20.0708 105 28.5637
20.1618 105 28.6456
20.2913 104 28.6622
20.0708 106 28.6637
20.1618 106 28.7456
19.7193 110 28.7474
20.2913 105 28.7622
20.0708 107 28.7637
19.8834 109 28.7951
19.9986 108 28.7987
19.7193 111 28.8474
19.9488 109 28.8539
20.0708 108 28.8637
19.9986 109 28.8987
19.7166 112 28.9449
19.7193 112 28.9474
19.6213 113 28.9592
20.0708 109 28.9637
19.9986 110 28.9987
19.5906 114 29.0315
19.7166 113 29.0449
19.7193 113 29.0474
19.6213 114 29.0592
19.5906 115 29.1315
19.6213 115 29.1592
19.5906 116 29.2315
19.5047 117 29.2542
19.4261 118 29.2835
19.5906 117 29.3315
19.5047 118 29.3542
19.4261 119 29.3835
19.4207 120 29.4786
19.4261 120 29.4835
19.4207 121 29.5786
19.4207 122 29.6786
19.342 123 29.7078
19.3466 123 29.7119
19.3727 123 29.7354
19.4207 123 29.7786
19.342 124 29.8078
19.3466 124 29.8119
19.342 125 29.9078
19.342 126 30.0078
19.342 127 30.1078
19.2625 128 30.1363
19.342 128 30.2078
19.2625 129 30.2363
19.342 129 30.3078
19.2625 130 30.3363
22.1616 157 35.6455
21.4954 196 38.9459
21.9792 167 36.4813
20.4276 149 33.2849
21.286 138 32.9574
20.776 177 36.3984
21.7557 148 34.3801
21.2333 165 35.6099
21.0713 150 33.9642
21.8865 187 38.3978
21.0766 156 34.5689
21.0569 153 34.2512
20.7954 169 35.6159
22.2221 166 36.5999
20.6655 165 35.099
21.2167 155 34.5951
21.0936 165 35.4842
22.2677 147 34.7409
20.9762 147 33.5786
21.5127 160 35.3614
21.1203 139 32.9083
21.7054 173 36.8349
20.7278 167 35.355
21.2911 149 34.062
21.188 149 33.9692
21.2067 139 32.986
22.5367 129 33.1831
21.0352 126 31.5317
21.9312 153 35.0381
21.6049 179 37.3444
