20.7455 103 28.9709
20.6055 105 29.0449
20.7455 104 29.0709
20.6055 106 29.1449
20.7455 105 29.1709
20.5637 107 29.2073
20.6055 107 29.2449
20.2913 110 29.2622
20.7455 106 29.2709
20.4237 109 29.2813
20.547 108 29.2923
20.5637 108 29.3073
20.2913 111 29.3622
20.4237 110 29.3813
20.547 109 29.3923
20.5637 109 29.4073
20.2913 112 29.4622
20.4237 111 29.4813
20.547 110 29.4923
20.1618 114 29.5456
20.2913 113 29.5622
20.1618 115 29.6456
20.2913 114 29.6622
20.2913 115 29.7622
20.1618 118 29.9456
20.1618 119 30.0456
20.0708 120 30.0637
20.1247 120 30.1122
20.1618 120 30.1456
20.0708 121 30.1637
20.1247 121 30.2122
20.031 122 30.2279
20.1618 121 30.2456
20.0708 122 30.2637
20.031 123 30.3279
20.0708 123 30.3637
20.031 124 30.4279
20.0023 125 30.502
20.031 125 30.5279
20.0023 126 30.602
20.0082 126 30.6074
20.031 126 30.6279
20.0023 127 30.702
20.0023 128 30.802
19.9758 129 30.8782
20.0023 129 30.902
19.9758 130 30.9782
19.9758 131 31.0782
19.9758 132 31.1782
19.9758 133 31.2782
19.9758 134 31.3782
19.9716 135 31.4744
19.9758 135 31.4782
19.9716 136 31.5744
19.9758 136 31.5782
19.9558 137 31.6602
19.933 138 31.7397
19.9558 138 31.7602
19.9293 139 31.8364
19.933 139 31.8397
19.9558 139 31.8602
19.9293 140 31.9364
19.933 140 31.9397
19.9293 141 32.0364
19.9293 142 32.1364
19.9293 143 32.2364
19.9293 146 32.5364
20.9927 149 33.7934
21.4555 164 35.71
20.7922 154 34.113
21.1888 161 35.1699
21.4834 155 34.8351
21.3915 149 34.1524
21.6012 136 33.0411
20.9702 166 35.4732
21.9079 140 33.7171
20.7557 171 35.7801
20.5431 165 34.9888
20.0744 163 34.367
22.3205 136 33.6884
21.6702 169 36.4032
21.9345 158 35.5411
21.2264 182 37.3037
20.4455 190 37.4009
21.6876 142 33.7188
22.1301 163 36.217
21.4799 155 34.8319
20.4517 168 35.2066
22.0712 151 34.9641
22.496 144 34.6464
21.4447 157 35.0002
21.133 144 33.4197
21.5337 150 34.3803
21.7004 173 36.8304
21.383 147 33.9447
21.5984 167 36.1386
21.2939 175 36.6645
