20.7288 88 27.4559
20.7288 89 27.5559
20.7288 90 27.6559
20.7288 91 27.7559
20.0154 98 27.8139
20.7278 92 27.855
20.7288 92 27.8559
20.547 94 27.8923
20.0154 99 27.9139
19.9045 100 27.914
20.7278 93 27.955
20.7288 93 27.9559
20.547 95 27.9923
20.0154 100 28.0139
19.9045 101 28.014
20.3844 97 28.0459
20.7278 94 28.055
20.547 96 28.0923
20.0154 101 28.1139
19.9045 102 28.114
20.3844 98 28.1459
19.7193 104 28.1474
20.7278 95 28.155
20.547 97 28.1923
19.9045 103 28.214
20.3844 99 28.2459
19.7193 105 28.2474
20.547 98 28.2923
19.8834 104 28.2951
19.9045 104 28.314
19.7166 106 28.3449
19.7193 106 28.3474
19.8834 105 28.3951
19.9045 105 28.414
19.7166 107 28.4449
19.5906 109 28.5315
19.7072 108 28.5365
19.7166 108 28.5449
19.5906 110 28.6315
19.7072 109 28.6365
19.5047 111 28.6542
19.5906 111 28.7315
19.7072 110 28.7365
19.5047 112 28.7542
19.5906 112 28.8315
19.5047 113 28.8542
19.4261 114 28.8835
19.3727 115 28.9354
19.5047 114 28.9542
19.4261 115 28.9835
19.342 116 29.0078
19.3727 116 29.0354
19.4261 116 29.0835
19.342 117 29.1078
19.3727 117 29.1354
19.342 118 29.2078
19.342 119 29.3078
19.342 120 29.4078
19.342 121 29.5078
19.3014 122 29.5713
19.342 122 29.6078
19.3014 123 29.6713
19.342 123 29.7078
19.3014 124 29.7713
19.2868 125 29.8581
19.3014 125 29.8713
19.2625 126 29.9363
19.2868 126 29.9581
19.2625 127 30.0363
19.2868 127 30.0581
20.8194 161 34.8375
21.738 177 37.2642
20.9728 156 34.4756
21.5821 148 34.2239
21.4912 161 35.4421
21.5489 137 33.094
21.4244 141 33.382
22.1182 137 33.6064
20.2241 168 35.0017
21.5007 144 33.7506
20.8633 180 36.7769
20.4484 157 34.1035
20.7477 136 32.2729
21.0873 153 34.2785
21.2692 169 36.0423
20.1193 159 34.0074
20.4579 150 33.4121
20.9601 150 33.8641
21.7247 156 35.1522
22.1859 172 37.1673
22.7181 143 34.7463
21.5357 141 33.4822
20.5388 135 31.985
21.0163 153 34.2146
20.9601 161 34.9641
21.3297 145 33.6967
21.8784 153 34.9906
21.1652 144 33.4486
20.9651 158 34.6686
22.0609 142 34.0548
