20.6812 81 56.8725
20.6812 82 57.4725
20.1164 83 57.8466
20.6812 83 58.0725
20.1164 84 58.4466
20.6812 84 58.6725
20.1164 85 59.0466
20.1164 86 59.6466
20.1072 87 60.2429
20.1108 87 60.2443
20.1164 87 60.2466
20.1044 88 60.8418
20.1072 88 60.8429
20.1108 88 60.8443
20.1164 88 60.8466
20.1044 89 61.4418
19.7077 90 61.8831
19.8229 90 61.9292
19.9891 90 61.9956
20.1044 90 62.0418
19.7077 91 62.4831
19.8229 91 62.5292
19.9891 91 62.5956
20.1044 91 62.6418
19.7077 92 63.0831
19.6818 93 63.6727
19.7077 93 63.6831
19.6818 94 64.2727
19.7077 94 64.2831
19.5804 95 64.8322
19.6818 95 64.8727
19.3594 96 65.3438
19.5804 96 65.4322
19.3594 97 65.9438
19.5804 97 66.0322
19.3428 98 66.5371
19.3594 98 66.5438
19.3428 99 67.1371
19.3594 99 67.1438
19.3428 100 67.7371
19.2321 101 68.2929
19.3428 101 68.3371
19.2321 102 68.8929
19.3428 102 68.9371
19.2321 103 69.4929
19.2321 104 70.0929
19.2155 105 70.6862
19.2321 105 70.6929
19.2155 106 71.2862
19.2321 106 71.2929
19.2155 107 71.8862
19.2155 108 72.4862
19.1787 109 73.0715
19.2155 109 73.0862
19.0954 110 73.6381
19.1787 110 73.6715
19.2155 110 73.6862
19.0954 111 74.2382
19.0954 112 74.8382
19.0954 113 75.4381
19.0787 114 76.0315
19.0954 114 76.0381
19.0787 115 76.6315
19.0954 115 76.6381
19.0787 116 77.2315
19.0787 117 77.8315
19.0658 118 78.4263
19.0787 118 78.4315
19.0658 119 79.0263
19.0787 119 79.0315
20.7278 167 108.491
21.2911 149 97.9165
21.188 149 97.8752
21.2067 139 91.8827
22.5367 129 86.4147
21.0352 126 84.0141
21.9312 153 100.572
21.6049 179 116.042
22.6155 131 87.6462
21.2197 176 114.088
21.3949 170 110.558
21.7995 136 90.3198
21.2843 166 108.114
21.2227 170 110.489
20.7015 174 112.681
21.0908 163 106.236
21.8477 160 104.739
21.3822 168 109.353
20.6042 152 99.4417
21.0976 153 100.239
21.0068 148 97.2027
20.6505 152 99.4602
21.9106 157 102.964
21.7869 156 102.315
21.007 168 109.203
20.4924 154 100.597
20.5321 130 86.2128
22.2347 162 106.094
21.1749 142 93.67
21.2585 166 108.103
