20.308 116 29.8772
20.308 120 30.2772
20.2647 121 30.3382
20.168 122 30.3512
20.308 121 30.3772
20.9173 116 30.4256
20.2647 122 30.4382
20.2647 123 30.5382
20.168 124 30.5512
20.5418 121 30.5876
20.1247 125 30.6122
20.2647 124 30.6382
20.934 118 30.6406
20.168 125 30.6512
20.1247 126 30.7122
20.248 125 30.7232
20.2647 125 30.7382
20.168 126 30.7512
20.1221 127 30.8099
20.1247 127 30.8122
20.8023 121 30.8221
20.031 128 30.8279
20.1247 128 30.9122
20.031 129 30.9279
20.1247 129 31.0122
20.0023 132 31.202
20.0023 133 31.302
19.9795 134 31.3815
20.0023 134 31.402
19.9795 135 31.4815
20.0023 135 31.502
19.9758 136 31.5782
19.9795 136 31.5815
19.9758 137 31.6782
19.9795 137 31.6815
19.9758 138 31.7782
19.9758 139 31.8782
19.9758 140 31.9782
19.9758 141 32.0782
19.9758 142 32.1782
19.9758 143 32.2782
19.9758 144 32.3782
19.9758 145 32.4782
19.9758 146 32.5782
19.9758 147 32.6782
19.9758 148 32.7782
19.9758 149 32.8782
19.9758 150 32.9782
19.9758 151 33.0782
19.9293 152 33.1364
19.9293 153 33.2364
19.9293 154 33.3364
19.9293 155 33.4364
19.9293 156 33.5364
19.9293 157 33.6364
19.7947 159 33.7153
19.9293 158 33.7364
19.7947 163 34.1153
19.7947 164 34.2153
21.2521 146 33.7269
21.3903 142 33.4513
21.005 149 33.8045
21.2363 155 34.6127
21.377 163 35.5393
22.1784 153 35.2606
21.6778 163 35.81
20.825 162 34.9425
21.7048 147 34.2343
22.1838 144 34.3654
22.1622 153 35.246
21.5653 151 34.5087
20.4574 160 34.4117
21.0879 162 35.1791
21.5536 144 33.7982
20.315 146 32.8835
22.3253 161 36.1928
20.9727 142 33.0754
21.2546 170 36.1291
21.5238 136 32.9714
21.5346 170 36.3811
20.0189 188 36.817
20.8837 150 33.7953
20.8764 149 33.6888
21.764 151 34.6876
21.5033 138 33.153
21.2186 150 34.0968
20.8942 160 34.8048
22.286 160 36.0574
23.2857 142 35.1571
