20.7659 65 34.0361
20.8057 65 34.064
20.7385 66 34.3169
20.7659 66 34.3362
20.8057 66 34.364
20.7385 67 34.6169
20.7659 67 34.6362
20.7385 68 34.9169
20.5781 69 35.1047
20.6179 69 35.1325
20.7385 69 35.2169
20.5781 70 35.4047
20.5507 71 35.6855
20.5781 71 35.7047
20.5507 72 35.9855
20.5507 73 36.2855
20.5507 74 36.5855
20.5507 75 36.8855
20.5507 76 37.1855
20.4833 77 37.4383
20.5507 77 37.4855
20.4436 78 37.7105
20.4833 78 37.7383
20.5507 78 37.7855
20.4436 79 38.0105
20.4833 79 38.0383
20.4436 80 38.3105
20.4436 81 38.6105
20.4436 82 38.9105
20.3557 83 39.149
20.4436 83 39.2105
20.2838 84 39.3987
20.3557 84 39.449
20.4436 84 39.5105
20.2838 85 39.6987
20.3557 85 39.749
20.1374 86 39.8962
20.2752 86 39.9927
20.2838 86 39.9987
20.1374 87 40.1962
20.2752 87 40.2927
20.2838 87 40.2987
20.1374 88 40.4962
20.1374 89 40.7962
20.1374 90 41.0962
20.1189 91 41.3832
20.1374 91 41.3962
20.087 92 41.6609
20.1189 92 41.6832
20.1374 92 41.6962
20.0302 93 41.9211
20.087 93 41.9609
20.1189 93 41.9832
19.9797 94 42.1858
20.0302 94 42.2211
20.0809 94 42.2566
19.9755 95 42.4829
19.9797 95 42.4858
19.9755 96 42.7829
19.9797 96 42.7858
19.9755 97 43.0829
19.9755 98 43.3829
19.9755 99 43.6829
19.9755 100 43.9829
19.9755 101 44.2829
19.9755 102 44.5829
19.9755 103 44.8829
19.9755 104 45.1829
19.9755 105 45.4829
19.9755 106 45.7829
21.3116 159 62.6181
21.5669 167 65.1968
20.7119 149 59.1983
21.2625 138 56.2837
21.509 134 55.2563
19.8164 155 60.3715
20.6527 178 67.8569
21.4007 132 54.5805
20.9819 160 62.6873
20.9026 165 64.1318
20.1045 172 65.6732
22.0196 146 59.2137
21.936 139 57.0552
21.0712 154 60.9498
22.325 139 57.3275
21.6233 133 55.0363
22.1106 153 61.3774
22.257 156 62.3799
21.4361 148 59.4053
22.4755 150 60.7329
21.1159 141 57.0811
19.6284 168 64.1399
21.101 149 59.4707
21.7972 156 62.058
20.8618 164 63.8033
21.4396 173 66.9077
20.2871 159 61.9009
20.5231 154 60.5661
21.7853 170 66.2497
21.0148 162 63.3104
