20.6812 81 74.9681
20.6812 82 75.8681
20.1164 83 76.7116
20.6812 83 76.7681
20.1164 84 77.6116
20.6812 84 77.6681
20.1164 85 78.5116
20.1164 86 79.4116
20.1108 87 80.3111
20.1164 87 80.3116
20.1108 88 81.2111
20.1072 89 82.1107
20.1108 89 82.1111
19.9891 90 82.9989
20.1044 90 83.0104
20.1072 90 83.0107
19.8229 91 83.8823
19.9891 91 83.8989
20.1044 91 83.9104
20.1072 91 83.9107
19.7077 92 84.7708
19.8229 92 84.7823
19.9891 92 84.7989
19.6818 93 85.6682
19.7077 93 85.6708
19.8229 93 85.6823
19.6818 94 86.5682
19.7077 94 86.5708
19.6818 95 87.4682
19.3594 96 88.3359
19.5804 96 88.358
19.6818 96 88.3682
19.3594 97 89.2359
19.3428 98 90.1343
19.3594 98 90.1359
19.3428 99 91.0343
19.3594 99 91.0359
19.3428 100 91.9343
19.2321 101 92.8232
19.3428 101 92.8343
19.2321 102 93.7232
19.2321 103 94.6232
19.2321 104 95.5232
19.2321 105 96.4232
19.2155 106 97.3215
19.2321 106 97.3232
19.2155 107 98.2215
19.2155 108 99.1215
19.1787 109 100.018
19.2155 109 100.022
19.1787 110 100.918
19.2155 110 100.922
19.1787 111 101.818
19.0954 112 102.71
19.1787 112 102.718
19.0954 113 103.61
19.1787 113 103.618
19.0954 114 104.51
19.0787 115 105.408
19.0954 115 105.41
19.0787 116 106.308
19.0954 116 106.31
19.0787 117 107.208
19.0787 118 108.108
19.0658 119 109.007
19.0787 119 109.008
19.0658 120 109.907
19.0787 120 109.908
21.2024 152 138.92
21.687 131 120.069
21.4245 166 151.542
20.5619 174 158.656
21.44 144 131.744
21.4615 170 155.146
20.835 136 124.483
21.3731 146 133.537
22.0959 147 134.51
21.5772 149 136.258
21.4213 156 142.542
21.7624 143 130.876
21.335 160 146.133
22.5119 150 137.251
21.5059 147 134.451
21.3827 166 151.538
21.2845 172 156.928
22.0012 147 134.5
22.1888 138 126.419
21.6147 158 144.361
21.9515 155 141.695
21.7652 147 134.477
21.2806 148 135.328
20.8453 136 124.485
21.5129 159 145.251
20.4072 160 146.041
21.3741 138 126.337
20.9002 169 154.19
20.8302 169 154.183
21.5138 132 120.951
