20.6812 81 56.8725
20.6812 82 57.4725
20.1164 83 57.8466
20.6812 83 58.0725
20.1108 84 58.4443
20.1164 84 58.4466
20.6812 84 58.6725
20.1108 85 59.0443
20.1164 85 59.0466
20.1108 86 59.6443
20.1072 87 60.2429
20.1108 87 60.2443
20.1044 88 60.8418
20.1072 88 60.8429
20.1108 88 60.8443
19.8229 89 61.3292
20.1044 89 61.4418
20.1072 89 61.4429
19.7077 90 61.8831
19.8229 90 61.9292
20.1044 90 62.0418
19.7077 91 62.4831
19.8229 91 62.5292
19.7077 92 63.0831
19.6818 93 63.6727
19.7077 93 63.6831
19.6818 94 64.2727
19.3594 95 64.7438
19.5804 95 64.8322
19.6818 95 64.8727
19.3594 96 65.3438
19.5804 96 65.4322
19.6818 96 65.4727
19.3594 97 65.9438
19.3428 98 66.5371
19.3594 98 66.5438
19.3428 99 67.1371
19.3594 99 67.1438
19.3428 100 67.7371
19.2321 101 68.2929
19.3428 101 68.3371
19.2321 102 68.8929
19.3428 102 68.9371
19.2321 103 69.4929
19.2321 104 70.0929
19.2155 105 70.6862
19.2321 105 70.6929
19.2155 106 71.2862
19.2321 106 71.2929
19.2155 107 71.8862
19.2155 108 72.4862
19.0954 109 73.0381
19.1787 109 73.0715
19.2155 109 73.0862
19.0954 110 73.6381
19.1787 110 73.6715
19.2155 110 73.6862
19.0954 111 74.2382
19.0954 112 74.8382
19.0787 113 75.4315
19.0954 113 75.4381
19.0787 114 76.0315
19.0954 114 76.0381
19.0787 115 76.6315
19.0787 116 77.2315
19.0787 117 77.8315
19.0658 118 78.4263
19.0787 118 78.4315
19.0658 119 79.0263
19.0787 119 79.0315
21.5835 138 91.4334
21.4228 141 93.1691
21.9883 153 100.595
21.3855 178 115.354
21.4663 144 94.9865
21.8216 161 105.329
22.184 177 115.074
22.0272 157 103.011
20.7769 165 107.311
21.3645 159 103.946
22.0704 159 104.228
22.1171 126 84.4468
20.6522 153 100.061
21.4954 159 103.998
20.6157 174 112.646
20.8849 153 100.154
21.3987 171 111.159
21.203 158 103.281
21.0753 136 90.0301
21.584 146 96.2336
20.7615 138 91.1046
21.5935 151 99.2374
21.764 180 116.706
20.9455 156 101.978
21.2116 171 111.085
21.1241 156 102.05
20.4196 181 116.768
21.0475 162 105.619
21.6927 154 101.077
21.9847 146 96.3939
