20.7288 93 27.9559
20.7288 94 28.0559
20.7288 95 28.1559
20.547 97 28.1923
20.3844 99 28.2459
20.7288 96 28.2559
20.547 98 28.2923
20.3844 100 28.3459
20.7288 97 28.3559
20.547 99 28.3923
20.3844 101 28.4459
20.2913 102 28.4622
20.547 100 28.4923
20.3844 102 28.5459
20.2913 103 28.5622
20.3844 103 28.6459
20.2913 104 28.6622
20.2913 105 28.7622
20.1618 107 28.8456
20.2913 106 28.8622
20.0708 108 28.8637
20.1618 108 28.9456
20.2913 107 28.9622
20.0708 109 28.9637
20.2913 108 29.0622
20.0708 110 29.0637
20.0708 111 29.1637
20.0708 112 29.2637
20.0708 113 29.3637
20.0708 114 29.4637
20.0708 115 29.5637
20.031 116 29.6279
20.0708 116 29.6637
20.031 117 29.7279
20.0708 117 29.7637
19.9758 118 29.7782
20.031 118 29.8279
19.9758 119 29.8782
20.031 119 29.9279
19.9758 120 29.9782
19.9758 121 30.0782
19.9758 122 30.1782
19.9758 123 30.2782
19.9758 124 30.3782
19.9558 125 30.4602
19.9758 125 30.4782
19.9293 126 30.5364
19.9558 126 30.5602
19.9293 127 30.6364
19.9293 128 30.7364
19.9293 129 30.8364
19.9293 130 30.9364
19.9293 131 31.0364
19.9293 132 31.1364
19.9293 133 31.2364
19.9293 134 31.3364
19.9293 135 31.4364
19.9293 136 31.5364
19.9293 137 31.6364
19.9293 138 31.7364
19.9293 139 31.8364
19.9293 140 31.9364
19.9293 141 32.0364
19.9293 142 32.1364
19.7492 144 32.1742
19.9293 143 32.2364
19.8301 144 32.2471
19.7492 145 32.2742
19.9293 144 32.3364
19.7492 146 32.3742
21.6643 144 33.8979
19.9331 165 34.4398
21.9408 136 33.3467
21.4004 131 32.3604
21.8515 137 33.3664
20.8372 166 35.3535
21.5056 166 35.9551
19.9898 164 34.3908
21.1169 155 34.5052
20.8953 144 33.2057
21.341 171 36.3069
21.6234 131 32.5611
21.4288 125 31.7859
21.0351 176 36.5316
20.929 142 33.0361
22.0348 169 36.7313
21.2921 150 34.1629
20.2931 161 34.3637
21.8964 137 33.4068
21.6876 165 36.0188
20.9584 139 32.7625
21.4466 153 34.6019
21.7934 166 36.214
21.6008 142 33.6407
21.2316 154 34.5085
21.0101 152 34.1091
21.4893 156 34.9403
22.2205 144 34.3985
20.9968 160 34.8971
21.789 151 34.7101
