20.7288 91 27.7559
20.7288 92 27.8559
20.7288 93 27.9559
20.7288 94 28.0559
20.3844 98 28.1459
20.7288 95 28.1559
20.547 97 28.1923
20.3844 99 28.2459
20.7288 96 28.2559
20.2913 100 28.2622
20.547 98 28.2923
20.3844 100 28.3459
20.7288 97 28.3559
20.2913 101 28.3622
20.547 99 28.3923
20.3844 101 28.4459
20.2913 102 28.4622
20.1618 104 28.5456
20.2913 103 28.5622
20.1618 105 28.6456
20.2913 104 28.6622
20.1618 106 28.7456
20.1618 107 28.8456
20.0708 108 28.8637
20.1618 108 28.9456
20.0708 109 28.9637
20.0708 110 29.0637
20.0708 111 29.1637
20.0708 112 29.2637
20.0708 113 29.3637
20.031 114 29.4279
20.0383 114 29.4345
20.0708 114 29.4637
19.9986 115 29.4987
20.031 115 29.5279
19.9758 116 29.5782
19.9986 116 29.5987
20.031 116 29.6279
19.9758 117 29.6782
19.9758 118 29.7782
19.9758 119 29.8782
19.9758 120 29.9782
19.9521 121 30.0569
19.9758 121 30.0782
19.9293 122 30.1364
19.9521 122 30.1569
19.9758 122 30.1782
19.9293 123 30.2364
19.9521 123 30.2569
19.9293 124 30.3364
19.9293 125 30.4364
19.5573 129 30.5016
19.5612 129 30.5051
19.9293 126 30.5364
19.7547 128 30.5792
19.5573 130 30.6016
19.5612 130 30.6051
19.9293 127 30.6364
19.7547 129 30.6792
19.5573 131 30.7016
19.9293 128 30.7364
19.7547 130 30.7792
20.6104 153 33.8494
21.1907 177 36.7717
21.0544 182 37.1489
21.986 162 35.9874
20.8311 153 34.048
21.5217 175 36.8695
21.6543 149 34.3888
20.1231 166 34.7108
20.533 165 34.9797
21.2588 158 34.9329
21.3534 166 35.818
21.9142 145 34.2228
21.3877 142 33.4489
20.8859 152 33.9973
21.0456 148 33.7411
21.5292 134 32.7762
20.6839 152 33.8156
20.9406 160 34.8465
22.4496 161 36.3047
21.674 163 35.8066
21.3182 161 35.2863
20.5758 155 34.0182
21.0144 164 35.3129
21.5594 151 34.5035
20.8298 160 34.7468
21.3911 169 36.152
21.284 161 35.2556
22.6503 132 33.5853
21.9411 146 34.347
21.1127 155 34.5014
