20.7288 98 36.1831
20.7288 99 36.383
20.7288 100 36.583
20.5637 101 36.6509
20.7288 101 36.7831
20.5637 102 36.8509
20.7288 102 36.983
20.547 103 37.0376
20.5637 103 37.0509
20.5036 104 37.2029
20.547 104 37.2376
20.5637 104 37.2509
20.4237 105 37.339
20.5036 105 37.4029
20.4237 106 37.539
20.5036 106 37.6029
20.4237 107 37.739
20.2913 108 37.833
20.4237 108 37.939
20.2913 109 38.033
20.4237 109 38.139
20.2913 110 38.233
20.2913 111 38.433
20.168 112 38.5344
20.2913 112 38.633
20.0708 113 38.6566
20.168 113 38.7344
20.2913 113 38.833
20.0708 114 38.8566
20.168 114 38.9344
20.0708 115 39.0566
20.0708 116 39.2566
20.0708 117 39.4566
20.0708 118 39.6566
20.0708 119 39.8566
19.8281 120 39.8624
20.0708 120 40.0566
19.8281 121 40.0625
20.031 121 40.2248
20.0521 121 40.2417
20.0708 121 40.2566
19.8281 122 40.2625
19.8281 123 40.4624
19.8244 124 40.6595
19.8281 124 40.6625
19.8244 125 40.8595
19.8281 125 40.8624
19.8244 126 41.0595
19.8281 126 41.0625
19.8244 127 41.2595
19.8244 128 41.4595
19.7668 129 41.6135
19.8244 129 41.6595
19.7632 130 41.8105
19.7668 130 41.8135
19.8244 130 41.8595
19.7632 131 42.0105
19.7632 132 42.2105
19.7632 133 42.4105
19.7632 134 42.6105
19.7632 135 42.8105
19.7622 136 43.0097
19.7632 136 43.0105
19.7622 137 43.2097
19.7632 137 43.2105
19.7622 138 43.4097
19.7622 139 43.6097
19.7622 140 43.8097
19.7622 141 44.0097
19.7622 142 44.2097
21.8035 162 49.8428
20.3967 161 48.5173
20.8653 160 48.6922
21.5996 180 53.2797
21.929 150 47.5432
21.5869 181 53.4695
21.6092 146 46.4874
21.3692 168 50.6953
21.7028 155 48.3622
21.5457 162 49.6365
21.3673 150 47.0938
21.5799 153 47.8639
21.7687 167 50.8149
20.9647 140 44.7717
21.7241 152 47.7793
21.3814 160 49.1051
20.6121 142 44.8896
20.436 162 48.7488
20.6517 152 46.9213
21.3899 136 44.3119
21.5362 170 51.2289
21.8226 143 46.0581
20.9629 159 48.5703
22.9498 142 46.7599
21.6809 155 48.3447
20.3709 165 49.2968
20.4614 156 47.5691
21.1692 140 44.9354
20.6363 168 50.1091
21.8952 145 46.5162
