20.7288 101 92.9729
20.7455 101 92.9745
20.7455 102 93.8745
20.7455 103 94.7745
20.7455 104 95.6745
20.7455 105 96.5745
20.547 106 97.4547
20.7455 106 97.4745
20.5637 107 98.3564
20.7455 107 98.3745
20.5637 108 99.2564
20.5637 109 100.156
20.308 110 101.031
20.5637 110 101.056
20.308 111 101.931
20.308 112 102.831
20.308 113 103.731
20.168 114 104.617
20.308 114 104.631
20.168 115 105.517
20.308 115 105.531
20.168 116 106.417
20.168 117 107.317
20.168 118 108.217
20.168 119 109.117
19.294 120 109.929
20.1247 120 110.012
20.168 120 110.017
19.294 121 110.829
20.1221 121 110.912
20.1247 121 110.912
20.1221 122 111.812
20.0708 123 112.707
20.1221 123 112.712
20.0521 124 113.605
20.0708 124 113.607
20.0521 125 114.505
20.0082 126 115.401
20.031 126 115.403
20.0521 126 115.405
19.294 127 116.229
20.0023 127 116.3
20.0082 127 116.301
19.294 128 117.129
19.2921 129 118.029
19.294 129 118.029
19.2921 130 118.929
19.294 130 118.929
19.2921 131 119.829
19.2921 132 120.729
19.2717 135 123.427
19.2884 135 123.429
19.2921 135 123.429
19.2717 136 124.327
19.2884 136 124.329
19.2921 136 124.329
19.2717 137 125.227
19.2717 138 126.127
19.2717 139 127.027
19.2717 140 127.927
19.2717 141 128.827
19.2717 142 129.727
19.2717 143 130.627
19.2717 144 131.527
19.2717 145 132.427
19.2717 146 133.327
19.2717 147 134.227
19.2717 148 135.127
19.2717 149 136.027
19.2717 150 136.927
21.4491 165 150.645
21.329 148 135.333
22.2082 162 148.021
21.1115 155 141.611
20.63 158 144.263
21.7276 145 132.673
20.6929 149 136.169
21.6439 175 159.664
21.625 153 139.863
20.6033 166 151.46
21.6334 157 143.463
20.8159 124 113.682
21.6171 181 165.062
21.0361 167 152.404
20.6023 139 127.16
21.0658 180 164.107
20.5768 151 137.958
21.1732 148 135.317
21.9844 157 143.498
20.9441 132 120.894
21.6462 147 134.465
20.1965 164 149.62
21.2593 150 137.126
22.4111 148 135.441
22.1258 147 134.513
20.7402 163 148.774
22.1014 166 151.61
21.3354 145 132.634
22.5556 133 121.956
21.3563 162 147.936
