20.6812 82 75.8681
20.6812 83 76.7681
20.6812 84 77.6681
20.1164 85 78.5116
20.6812 85 78.5681
20.1164 86 79.4116
20.1164 87 80.3116
20.1164 88 81.2116
20.1164 89 82.1116
20.1044 90 83.0104
20.1164 90 83.0116
19.9891 91 83.8989
20.1044 91 83.9104
20.1164 91 83.9116
19.9891 92 84.7989
20.1044 92 84.8104
19.9891 93 85.6989
19.8229 94 86.5823
19.9891 94 86.5989
19.7077 95 87.4708
19.8229 95 87.4823
19.5804 96 88.358
19.6818 96 88.3682
19.7077 96 88.3708
19.8229 96 88.3823
19.5804 97 89.258
19.6818 97 89.2682
19.7077 97 89.2708
19.3594 98 90.1359
19.4747 98 90.1475
19.5804 98 90.158
19.3594 99 91.0359
19.3428 100 91.9343
19.3594 100 91.9359
19.3428 101 92.8343
19.3594 101 92.8359
19.2321 102 93.7232
19.3428 102 93.7343
19.2321 103 94.6232
19.3428 103 94.6343
19.2321 104 95.5232
19.2321 105 96.4232
19.2155 106 97.3215
19.2321 106 97.3232
19.2155 107 98.2215
19.2321 107 98.2232
19.2155 108 99.1215
19.1787 109 100.018
19.2155 109 100.022
19.1787 110 100.918
19.2155 110 100.922
19.1787 111 101.818
19.1787 112 102.718
19.1787 113 103.618
19.1787 114 104.518
19.1787 115 105.418
19.0954 116 106.31
19.1787 116 106.318
19.0954 117 107.21
19.1787 117 107.218
19.0954 118 108.11
19.0954 119 109.01
19.0658 120 109.907
19.0787 120 109.908
19.0954 120 109.91
19.0658 121 110.807
19.0658 122 111.707
19.0658 123 112.607
19.0658 124 113.507
19.0658 125 114.407
21.4777 142 129.948
21.6052 165 150.661
21.2854 153 139.829
21.5416 141 129.054
21.2791 155 141.628
20.9093 165 150.591
21.2287 150 137.123
21.4121 153 139.841
22.5641 165 150.756
21.702 157 143.47
20.9812 160 146.098
20.8564 155 141.586
20.7271 147 134.373
21.6193 159 145.262
21.1918 186 169.519
19.8181 187 170.282
20.8786 146 133.488
22.8704 170 155.287
21.4709 160 146.147
21.1434 149 136.214
20.7934 151 137.979
21.7704 160 146.177
20.4206 162 147.842
21.6464 163 148.865
20.9294 179 163.193
21.5958 161 147.06
21.3227 147 134.432
21.0591 179 163.206
21.1549 188 171.315
21.2242 187 170.422
