22.4548 93 57.7274
22.4548 94 58.2274
20.7455 96 58.3727
22.4548 95 58.7274
20.7455 97 58.8727
21.9281 96 58.9641
22.4548 96 59.2274
20.7455 98 59.3727
21.9281 97 59.4641
20.7455 99 59.8727
20.7288 100 60.3644
20.7455 100 60.3727
20.7288 101 60.8644
20.7288 102 61.3644
20.7288 103 61.8644
20.547 104 62.2735
19.6854 105 62.3427
20.7288 104 62.3644
20.308 105 62.654
20.547 105 62.7735
19.679 106 62.8395
19.6854 106 62.8427
20.7278 105 62.8639
20.7288 105 62.8644
20.2913 106 63.1456
20.308 106 63.154
20.547 106 63.2735
19.679 107 63.3395
19.679 108 63.8395
19.3372 109 64.1686
19.3474 109 64.1737
19.3502 109 64.1751
19.679 109 64.3395
19.3372 110 64.6686
19.3474 110 64.6737
19.3308 111 65.1654
19.3336 111 65.1668
19.3372 111 65.1686
19.3308 112 65.6654
19.3308 113 66.1654
19.3308 114 66.6654
19.2117 115 67.1058
19.294 115 67.147
19.3106 115 67.1553
19.3308 115 67.1654
19.2117 116 67.6058
19.294 116 67.647
19.3106 116 67.6553
19.1987 117 68.0993
19.2117 117 68.1058
19.195 118 68.5975
19.2117 118 68.6058
19.195 119 69.0975
19.1785 120 69.5893
19.1582 121 70.0791
19.1619 121 70.0809
19.1785 121 70.0893
19.1582 122 70.5791
19.1619 122 70.5809
19.1582 123 71.0791
19.1582 124 71.5791
19.1582 125 72.0791
19.1554 126 72.5777
19.1582 126 72.5791
19.1554 127 73.0777
19.1554 128 73.5777
19.1554 129 74.0777
19.1554 130 74.5777
19.1554 131 75.0777
19.1554 132 75.5777
21.79 168 94.895
21.6632 138 79.8316
20.5536 139 79.7768
20.699 167 93.8495
20.3882 168 94.1941
20.5299 153 86.765
20.4582 148 84.2291
21.1654 173 97.0827
21.0041 161 91.0021
21.7896 180 100.895
22.116 153 87.558
20.4252 144 82.2126
21.4283 153 87.2142
22.0948 151 86.5474
20.6273 152 86.3136
21.5974 168 94.7987
22.8058 149 85.9029
20.6202 155 87.8101
21.4155 164 92.7077
22.0063 145 83.5031
21.9312 156 88.9656
21.8761 129 75.438
21.9753 156 88.9877
20.6053 147 83.8027
21.5844 159 90.2922
20.3826 137 78.6913
21.7092 159 90.3546
20.6217 168 94.3109
22.4925 146 84.2462
21.0719 162 91.536
