20.7455 106 37.7964
20.7455 107 37.9964
20.7455 108 38.1964
20.7455 109 38.3964
20.5637 110 38.451
20.7455 110 38.5964
20.5637 111 38.6509
20.547 112 38.8376
20.5637 112 38.8509
20.547 113 39.0376
20.5637 113 39.0509
20.4237 114 39.139
20.2913 115 39.233
20.308 115 39.2464
20.5637 114 39.2509
20.4237 115 39.339
20.2913 116 39.433
20.308 116 39.4464
20.5637 115 39.451
20.4237 116 39.539
20.168 118 39.7344
20.168 119 39.9344
20.168 120 40.1344
20.168 121 40.3344
20.168 122 40.5344
20.168 123 40.7344
20.1247 124 40.8998
20.168 124 40.9344
20.1247 125 41.0998
20.168 125 41.1344
20.1247 126 41.2998
20.031 127 41.4248
20.1247 127 41.4998
20.031 128 41.6248
20.1247 128 41.6998
20.0023 130 42.0018
20.0023 131 42.2018
19.9795 132 42.3836
19.9986 132 42.3989
20.0023 132 42.4018
19.9795 133 42.5836
20.0023 133 42.6018
19.9758 134 42.7806
19.9795 134 42.7836
19.9758 135 42.9806
19.9795 135 42.9836
19.8244 136 43.0595
19.8281 136 43.0625
19.9758 136 43.1806
19.8244 137 43.2595
19.9758 137 43.3806
19.8244 138 43.4595
19.8016 139 43.6413
19.8244 139 43.6595
19.8016 140 43.8413
19.8016 141 44.0413
19.8016 142 44.2413
19.8016 143 44.4413
19.7668 144 44.6135
19.8016 144 44.6413
19.7632 145 44.8105
19.8016 145 44.8413
19.7632 146 45.0105
19.8016 146 45.0413
19.7632 147 45.2105
19.6664 153 46.3332
19.53 154 46.424
19.6279 154 46.5023
19.53 155 46.624
19.53 156 46.824
21.1356 168 50.5085
20.6195 157 47.8956
21.2137 169 50.7709
20.0629 157 47.4503
21.5178 195 56.2142
21.4633 160 49.1706
20.5647 171 50.6518
22.0472 152 48.0378
21.4302 157 48.5442
21.348 152 47.4784
21.2688 131 43.215
20.6167 165 49.4934
20.4281 149 46.1425
21.5821 158 48.8657
21.6639 156 48.5311
21.6486 168 50.9188
20.8688 162 49.095
21.0551 152 47.2441
21.1133 154 47.6906
20.8362 151 46.869
21.3782 155 48.1026
21.4573 156 48.3658
21.4484 148 46.7587
20.5162 187 53.813
21.4802 149 46.9842
20.469 207 57.7752
20.911 165 49.7288
20.9856 148 46.3885
21.7254 153 47.9803
21.2897 184 53.8317
