20.7288 88 34.1831
20.7288 89 34.383
20.7288 90 34.583
20.7288 91 34.7831
20.7288 92 34.983
20.547 93 35.0376
20.7288 93 35.1831
20.547 94 35.2376
20.7288 94 35.383
20.547 95 35.4376
19.9077 98 35.5262
20.4219 96 35.5376
20.5036 96 35.6029
20.547 96 35.6376
19.9077 99 35.7262
20.4219 97 35.7375
20.5036 97 35.8029
20.547 97 35.8376
19.9077 100 35.9262
20.4219 98 35.9376
19.9077 101 36.1262
20.4219 99 36.1376
19.9077 102 36.3262
19.9077 103 36.5262
19.9077 104 36.7262
19.9067 105 36.9253
19.9077 105 36.9262
19.8278 106 37.0622
19.9067 106 37.1253
19.9077 106 37.1262
19.8278 107 37.2622
19.9067 107 37.3253
19.8278 108 37.4622
19.8278 109 37.6622
19.7888 110 37.831
19.8278 110 37.8622
19.7888 111 38.031
19.7888 112 38.231
19.7888 113 38.431
19.7481 114 38.5985
19.7888 114 38.631
19.7481 115 38.7985
19.7668 115 38.8135
19.7888 115 38.831
19.7481 116 38.9985
19.7481 117 39.1985
19.6594 118 39.3275
19.7481 118 39.3985
19.6594 119 39.5275
19.7481 119 39.5985
19.6594 120 39.7275
19.6594 121 39.9275
19.6594 126 40.9275
19.6366 127 41.1093
19.6366 128 41.3093
19.6366 129 41.5093
19.6127 145 44.6901
19.6127 146 44.8901
21.139 149 46.7112
20.3698 165 49.2958
22.3992 172 52.3194
20.331 163 48.8648
21.7546 146 46.6037
21.3835 155 48.1068
21.8581 163 50.0865
21.5707 147 46.6565
21.2502 160 49.0002
21.1653 150 46.9322
20.4561 166 49.5649
22.1375 159 49.51
21.0158 157 48.2127
21.2835 165 50.0268
21.1627 151 47.1301
20.4373 167 49.7498
20.5986 178 52.0789
20.57 158 48.056
21.1941 135 43.9553
21.0456 147 46.2365
22.2429 140 45.7943
22.5046 158 49.6037
21.5945 167 50.6756
21.8679 173 52.0943
21.2765 143 45.6212
21.1263 168 50.501
21.8349 156 48.6679
22.2459 164 50.5967
22.151 151 47.9208
20.9468 164 49.5575
