20.9851 74 36.8896
20.7385 75 37.0169
20.9851 75 37.1896
20.7385 76 37.3169
20.9851 76 37.4896
20.7385 77 37.6169
20.7385 78 37.9169
20.7385 79 38.2169
20.7385 80 38.5169
20.7385 81 38.8169
20.5692 82 38.9985
20.7385 82 39.1169
20.5692 83 39.2985
20.7385 83 39.4169
20.5692 84 39.5985
20.5692 85 39.8985
20.5692 86 40.1985
20.5692 87 40.4985
20.4656 88 40.7259
20.5692 88 40.7985
20.4614 89 41.023
20.4656 89 41.0259
20.5692 89 41.0985
20.4444 90 41.3111
20.4614 90 41.323
20.4656 90 41.3259
20.4444 91 41.6111
20.1693 92 41.7185
20.3557 92 41.849
20.4444 92 41.9111
20.1693 93 42.0185
20.3053 93 42.1137
20.3557 93 42.149
20.1693 94 42.3185
20.0302 95 42.5211
20.1374 95 42.5962
20.1693 95 42.6185
20.0302 96 42.8211
20.1374 96 42.8962
20.0302 97 43.1211
20.0302 98 43.4211
20.0259 99 43.7181
20.0302 99 43.7211
20.0259 100 44.0181
20.0302 100 44.0211
20.0259 101 44.3181
19.9755 102 44.5829
20.0259 102 44.6181
19.9755 103 44.8829
20.0259 103 44.9181
19.9755 104 45.1829
19.9755 105 45.4829
19.9755 106 45.7829
19.9755 107 46.0829
19.9755 108 46.3829
19.9755 109 46.6829
19.9755 110 46.9829
19.9755 111 47.2829
19.9755 112 47.5829
19.9755 113 47.8829
19.9755 114 48.1829
19.9755 115 48.4829
19.9755 116 48.7829
19.9755 117 49.0829
19.9755 118 49.3829
19.9755 119 49.6829
19.9755 120 49.9829
19.9755 121 50.2829
19.9755 122 50.5829
19.9755 123 50.8829
21.2005 140 56.8404
20.726 162 63.1082
21.03 165 64.221
20.9766 151 59.9837
20.4797 156 61.1358
20.9815 151 59.987
20.9347 158 62.0543
20.6197 152 60.0338
22.0741 140 57.4519
21.1989 185 70.3392
21.8457 169 65.992
21.7763 155 61.7434
21.5734 148 59.5014
21.2379 155 61.3666
21.2277 151 60.1594
20.502 160 62.3514
20.9096 151 59.9367
21.1967 144 58.0377
20.3867 167 64.3707
20.3262 139 55.9284
20.7708 167 64.6395
21.8067 161 63.5647
21.0469 149 59.4329
21.137 153 60.6959
22.1567 171 66.8097
20.4475 140 56.3133
21.0772 150 59.754
21.6683 166 64.9678
21.3811 151 60.2668
20.7706 174 66.7394
