20.7288 92 34.983
20.7288 93 35.1831
20.7288 94 35.383
20.547 95 35.4376
20.7288 95 35.583
20.547 96 35.6376
20.547 97 35.8376
20.547 98 36.0376
20.547 99 36.2376
20.547 100 36.4376
20.5036 101 36.6029
20.547 101 36.6376
20.5036 102 36.8029
20.546 102 36.8368
20.547 102 36.8376
20.4237 103 36.939
20.4311 103 36.9449
20.5036 103 37.0029
20.4237 104 37.139
20.4311 104 37.1449
20.2913 105 37.233
20.4237 105 37.339
20.2913 106 37.433
20.168 107 37.5344
20.4237 106 37.539
20.2913 107 37.633
20.1618 108 37.7295
20.168 108 37.7344
20.2913 108 37.833
20.0708 109 37.8566
20.1618 109 37.9295
20.168 109 37.9344
20.0708 110 38.0566
20.1618 110 38.1295
20.0708 111 38.2566
20.0708 112 38.4566
19.8281 113 38.4624
20.0708 113 38.6566
19.8281 114 38.6625
19.8281 115 38.8624
19.8281 116 39.0625
19.8244 117 39.2595
19.8281 117 39.2625
19.8244 118 39.4595
19.8281 118 39.4624
19.7668 119 39.6135
19.8244 119 39.6595
19.7668 120 39.8135
19.8244 120 39.8595
19.7668 121 40.0135
19.7632 122 40.2105
19.7668 122 40.2135
19.7632 123 40.4105
19.7668 123 40.4135
19.7632 124 40.6105
19.7632 125 40.8105
19.7632 126 41.0105
19.7632 127 41.2105
19.7632 128 41.4105
19.7632 129 41.6105
19.7632 130 41.8105
19.7632 131 42.0105
19.7404 132 42.1923
19.7632 132 42.2105
19.7404 133 42.3923
19.7632 133 42.4105
19.7404 134 42.5923
19.7404 135 42.7923
19.7404 136 42.9923
19.7404 137 43.1923
20.3535 159 48.0828
20.9641 160 48.7713
22.2353 155 48.7882
20.7954 162 49.0364
21.1665 153 47.5332
21.5707 150 47.2565
22.1225 139 45.498
20.7649 129 42.4119
22.4683 142 46.3747
21.5371 147 46.6296
20.5562 167 49.845
22.0048 151 47.8039
20.7221 179 52.3777
21.8267 165 50.4613
20.4165 138 43.9332
20.7756 183 53.2205
20.9505 156 47.9604
20.5102 168 50.0082
20.3201 160 48.2561
21.2533 161 49.2026
20.9916 153 47.3932
20.8979 144 45.5183
21.6139 144 46.0911
21.7628 166 50.6103
20.8085 147 46.0468
20.8184 166 49.8547
21.0757 169 50.6606
20.8957 170 50.7166
21.827 171 51.6616
21.9804 152 47.9843
