20.6812 81 62.9044
20.6812 82 63.6044
20.1108 83 64.1332
20.1164 83 64.1349
20.6812 83 64.3044
20.1108 84 64.8332
20.1164 84 64.8349
20.6812 84 65.0043
20.1108 85 65.5332
20.1108 86 66.2332
20.1072 87 66.9322
20.1108 87 66.9332
19.7141 88 67.5142
20.1044 88 67.6313
20.1072 88 67.6321
19.7077 89 68.2123
19.7141 89 68.2142
20.1044 89 68.3313
20.1072 89 68.3322
19.7077 90 68.9123
19.7104 90 68.9131
19.7077 91 69.6123
19.7077 92 70.3123
19.6818 93 71.0045
19.7077 93 71.0123
19.6818 94 71.7045
19.7077 94 71.7123
19.3594 95 72.3078
19.5804 95 72.3741
19.6818 95 72.4045
19.3594 96 73.0078
19.5804 96 73.0741
19.6818 96 73.1045
19.3594 97 73.7078
19.3428 98 74.4028
19.3594 98 74.4078
19.3428 99 75.1028
19.3594 99 75.1078
19.3428 100 75.8028
19.2321 101 76.4696
19.3428 101 76.5028
19.2321 102 77.1696
19.3428 102 77.2028
19.2321 103 77.8696
19.2155 104 78.5646
19.2321 104 78.5696
19.2155 105 79.2646
19.2321 105 79.2696
19.2155 106 79.9646
19.2155 107 80.6646
19.0954 108 81.3286
19.2155 108 81.3646
19.0954 109 82.0286
19.2155 109 82.0646
19.0954 110 82.7286
19.0954 111 83.4286
19.0954 112 84.1286
19.0787 113 84.8236
19.0954 113 84.8286
19.0787 114 85.5236
19.0954 114 85.5286
19.0787 115 86.2236
19.0787 116 86.9236
19.0658 117 87.6198
19.0787 117 87.6236
19.0658 118 88.3198
19.0658 119 89.0198
19.0658 120 89.7198
19.0658 121 90.4198
19.0658 122 91.1198
20.7871 142 105.636
21.6725 145 108.002
21.3939 159 117.718
20.7871 145 107.736
20.2659 176 129.28
22.1555 153 113.747
21.3939 162 119.818
20.8429 162 119.653
21.3563 162 119.807
21.3955 139 103.719
22.1428 167 123.543
20.1922 178 130.658
21.1257 169 124.638
20.2169 187 136.965
21.4941 143 106.548
21.932 137 102.48
21.1438 132 98.7431
20.7919 141 104.938
21.3756 144 107.213
21.9427 146 108.783
20.0217 181 132.706
21.9611 136 101.788
22.541 138 103.362
20.7132 173 127.314
20.8343 175 128.75
21.4712 149 110.741
20.6632 151 111.899
21.4077 131 98.1223
20.7835 171 125.935
21.2254 147 109.268
