21.0392 103 53.8235
21.233 103 53.9398
21.2748 103 53.9649
21.0392 104 54.2235
21.233 104 54.3398
21.2748 104 54.3649
21.0392 105 54.6235
21.0392 106 55.0235
20.8992 107 55.3395
21.0392 107 55.4235
20.547 108 55.5282
20.8574 108 55.7144
20.8992 108 55.7395
20.547 109 55.9282
20.8574 109 56.1144
20.547 110 56.3282
20.4237 111 56.6542
20.547 111 56.7282
20.4237 112 57.0542
20.547 112 57.1282
20.2913 113 57.3748
20.4237 113 57.4542
20.2913 114 57.7748
20.2913 115 58.1748
20.168 116 58.5008
20.2913 116 58.5748
20.168 117 58.9008
20.2913 117 58.9748
20.168 118 59.3008
20.168 119 59.7008
20.168 120 60.1008
20.1247 121 60.4748
20.168 121 60.5008
20.1221 122 60.8732
20.1247 122 60.8748
20.031 123 61.2186
20.1247 123 61.2748
20.1247 124 61.6748
20.0993 125 62.0596
20.118 125 62.0708
20.1247 125 62.0748
20.0521 126 62.4313
20.0993 126 62.4596
20.0082 127 62.8049
20.0521 127 62.8312
20.0023 128 63.2014
20.0082 128 63.2049
20.0521 128 63.2313
20.0023 129 63.6014
19.9986 130 63.9992
20.0023 130 64.0014
19.9986 131 64.3992
19.9795 132 64.7877
19.9986 132 64.7992
19.9758 133 65.1855
19.9795 133 65.1877
19.9986 133 65.1992
19.9758 134 65.5855
19.9758 135 65.9855
19.9716 136 66.3829
19.9758 136 66.3855
19.9521 137 66.7713
19.9558 137 66.7735
19.9716 137 66.7829
19.9521 138 67.1713
19.9716 138 67.1829
19.9293 139 67.5576
19.9521 139 67.5713
19.9293 140 67.9576
19.933 140 67.9598
21.6071 163 78.1642
19.8083 163 77.085
21.9192 135 67.1515
20.9236 180 84.5542
21.5099 184 86.5059
21.7111 147 71.8267
20.7247 156 74.8348
22.1882 161 77.7129
21.5264 152 73.7158
21.2761 171 81.1656
21.0358 189 88.2215
21.6649 170 80.999
21.361 135 66.8166
21.8144 143 70.2887
21.153 155 74.6918
20.9188 161 76.9513
21.5584 169 80.535
21.326 154 74.3956
21.4396 156 75.2638
20.8654 161 76.9193
21.7058 144 70.6235
21.3751 143 70.0251
22.1225 151 73.6735
21.1761 162 77.5057
21.2794 148 71.9677
21.3287 159 76.3972
22.3177 148 72.5906
21.637 150 72.9822
19.8281 165 77.8968
21.9766 160 77.186
