20.6812 85 59.2725
20.6812 86 59.8725
20.1164 87 60.2466
20.6812 87 60.4725
20.1164 88 60.8466
20.6812 88 61.0725
20.1164 89 61.4466
20.1164 90 62.0466
20.1044 91 62.6418
20.1044 92 63.2418
19.9891 93 63.7956
20.1044 93 63.8418
19.9891 94 64.3956
20.1044 94 64.4418
19.9891 95 64.9956
19.7077 96 65.4831
19.9891 96 65.5956
19.6818 97 66.0727
19.6957 97 66.0783
19.7077 97 66.0831
19.9891 97 66.1956
19.5804 98 66.6321
19.6818 98 66.6727
19.6957 98 66.6783
19.3594 99 67.1438
19.5804 99 67.2321
19.6818 99 67.2727
19.3594 100 67.7438
19.5804 100 67.8322
19.3428 101 68.3371
19.3594 101 68.3438
19.2321 102 68.8929
19.3428 102 68.9371
19.3594 102 68.9438
19.2321 103 69.4929
19.3428 103 69.5371
19.2321 104 70.0929
19.2321 105 70.6929
19.2321 106 71.2929
19.2155 107 71.8862
19.2321 107 71.8929
19.2155 108 72.4862
19.2155 109 73.0862
19.1787 110 73.6715
19.2155 110 73.6862
19.1787 111 74.2715
19.1787 112 74.8715
19.1787 113 75.4715
19.1787 114 76.0715
19.1787 115 76.6715
19.1787 116 77.2715
19.1787 117 77.8715
19.1787 118 78.4715
19.0954 119 79.0381
19.1725 119 79.069
19.1787 119 79.0715
19.0954 120 79.6381
19.1725 120 79.669
19.0787 121 80.2315
19.0954 121 80.2382
19.0658 122 80.8263
19.0787 122 80.8315
19.0658 123 81.4263
19.0787 123 81.4315
19.0658 124 82.0263
19.0658 125 82.6263
19.0192 126 83.2077
19.0658 126 83.2263
19.0192 127 83.8077
19.0658 127 83.8263
20.2447 152 99.2979
20.9366 162 105.575
21.5815 156 102.233
20.9994 147 96.5998
22.2475 167 109.099
22.1263 134 89.2505
21.4551 136 90.182
21.9271 145 95.7708
21.7066 184 119.083
20.9674 158 103.187
21.8248 159 104.13
20.8581 155 101.343
21.9204 133 88.5681
21.0399 140 92.416
21.5559 137 90.8224
19.6727 135 88.8691
22.3097 149 98.3239
20.6525 146 95.861
20.0686 176 113.627
20.7003 179 115.68
20.9045 178 115.162
22.8949 137 91.358
21.8119 151 99.3248
21.4127 163 106.365
21.0483 152 99.6193
21.0507 157 102.62
20.34 151 98.736
21.5714 143 94.4286
20.6004 159 103.64
20.449 196 125.78
