20.7659 65 34.0361
20.8057 65 34.064
20.7385 66 34.3169
20.7659 66 34.3362
20.8057 66 34.364
20.6179 67 34.5325
20.7385 67 34.6169
20.7659 67 34.6362
20.5781 68 34.8047
20.6179 68 34.8325
20.7385 68 34.9169
20.5781 69 35.1047
20.6179 69 35.1325
20.5781 70 35.4047
20.5507 71 35.6855
20.5781 71 35.7047
20.5507 72 35.9855
20.5507 73 36.2855
20.5507 74 36.5855
20.5507 75 36.8855
20.4833 76 37.1383
20.5507 76 37.1855
20.4833 77 37.4383
20.4436 78 37.7105
20.4833 78 37.7383
20.4436 79 38.0105
20.4833 79 38.0383
20.4436 80 38.3105
20.4436 81 38.6105
20.4436 82 38.9105
20.2838 83 39.0987
20.3557 83 39.149
20.4436 83 39.2105
20.2838 84 39.3987
20.3557 84 39.449
20.4436 84 39.5105
20.2838 85 39.6987
20.1374 86 39.8962
20.2752 86 39.9927
20.2838 86 39.9987
20.1374 87 40.1962
20.2752 87 40.2927
20.2838 87 40.2987
20.1374 88 40.4962
20.1374 89 40.7962
20.1374 90 41.0962
20.1189 91 41.3832
20.1374 91 41.3962
20.0302 92 41.6211
20.087 92 41.6609
20.118 92 41.6826
20.1189 92 41.6832
20.1374 92 41.6962
20.0302 93 41.9211
20.087 93 41.9609
19.9797 94 42.1858
20.0302 94 42.2211
19.9755 95 42.4829
19.9797 95 42.4858
20.0302 95 42.5211
19.9755 96 42.7829
19.9797 96 42.7858
19.9755 97 43.0829
19.9755 98 43.3829
19.9755 99 43.6829
19.9755 100 43.9829
19.9755 101 44.2829
19.9755 102 44.5829
19.9755 103 44.8829
19.9755 104 45.1829
20.9746 152 60.2822
21.042 132 54.3294
21.7976 145 58.7583
21.2881 141 57.2016
21.0886 164 63.962
20.9346 177 67.7542
21.7772 145 58.744
20.4224 159 61.9957
20.0088 161 62.3062
21.6095 147 59.2267
20.6246 164 63.6372
22.3164 161 63.9215
21.7292 162 63.8105
22.4385 136 56.507
21.5286 137 56.17
21.147 158 62.2029
21.1711 175 67.3198
21.5074 177 68.1552
22.1612 155 62.0128
21.6263 173 67.0384
21.2886 147 59.002
22.0624 150 60.4437
20.9015 172 66.2311
21.9125 152 60.9387
21.9548 150 60.3684
21.4177 168 65.3924
20.8638 167 64.7047
21.2885 166 64.702
20.5229 171 65.666
22.292 168 66.0044
