22.4548 85 53.7274
22.4548 86 54.2274
20.3858 89 54.6929
22.4548 87 54.7274
20.3858 90 55.1929
22.4548 88 55.2274
20.3858 91 55.6929
22.4548 89 55.7274
20.3858 92 56.1929
20.3858 93 56.6929
20.3858 94 57.1929
20.2586 95 57.6293
20.3858 95 57.6929
19.679 96 57.8395
20.2586 96 58.1293
19.3539 97 58.1769
19.679 97 58.3395
19.3539 98 58.6769
19.679 98 58.8395
19.3539 99 59.1769
19.3372 100 59.6686
19.3539 100 59.6769
19.3372 101 60.1686
19.3539 101 60.1769
19.2273 102 60.6137
19.3372 102 60.6686
19.2107 103 61.1053
19.2273 103 61.1137
19.3372 103 61.1686
19.207 104 61.6035
19.2107 104 61.6053
19.207 105 62.1035
19.2107 105 62.1053
19.1987 106 62.5993
19.207 106 62.6035
19.1738 107 63.0869
19.1987 107 63.0993
19.207 107 63.1035
19.1738 108 63.5869
19.1987 108 63.5993
19.1738 109 64.0869
19.1738 110 64.5869
19.1738 111 65.0869
19.1619 112 65.5809
19.1738 112 65.5869
19.1619 113 66.0809
19.1738 113 66.0869
19.0466 114 66.5233
19.1619 114 66.5809
19.1619 115 67.0809
19.1582 116 67.5791
19.1619 116 67.5809
19.1582 117 68.0791
19.1582 118 68.5791
19.1582 119 69.0791
19.1582 120 69.5791
19.1554 121 70.0777
19.1582 121 70.0791
19.1554 122 70.5777
19.1554 123 71.0777
19.1554 124 71.5777
19.1554 125 72.0777
19.1554 126 72.5777
19.1554 127 73.0777
19.1554 128 73.5777
19.1554 129 74.0777
19.1554 130 74.5777
19.1554 131 75.0777
21.8832 151 86.4416
21.1973 171 96.0987
21.7669 165 93.3835
21.3237 191 106.162
21.4853 154 87.7427
21.9858 140 80.9929
21.4213 141 81.2107
21.0689 150 85.5344
20.7146 152 86.3573
21.6899 151 86.345
20.8846 160 90.4423
21.917 150 85.9585
21.8407 168 94.9204
21.2366 140 80.6183
21.9728 170 95.9864
21.8032 140 80.9016
20.138 151 85.569
20.5179 162 91.259
21.7776 156 88.8888
21.7453 155 88.3727
21.4992 178 99.7496
20.9014 168 94.4507
21.6629 151 86.3314
21.9364 161 91.4682
20.7637 156 88.3819
20.8247 166 93.4123
20.6519 126 73.326
20.9128 154 87.4564
21.7468 133 77.3734
20.507 153 86.7535
