22.4548 85 53.7274
20.3858 88 54.1929
22.4548 86 54.2274
20.3858 89 54.6929
22.4548 87 54.7274
20.2586 90 55.1293
20.3858 90 55.1929
22.4548 88 55.2274
20.2586 91 55.6293
20.3858 91 55.6929
22.4548 89 55.7274
20.2586 92 56.1293
20.2586 93 56.6293
19.679 94 56.8395
20.2586 94 57.1293
19.3539 95 57.1769
19.679 95 57.3395
20.2586 95 57.6293
19.3539 96 57.6769
19.679 96 57.8395
19.3372 97 58.1686
19.3539 97 58.1769
19.3372 98 58.6686
19.3539 98 58.6769
19.3372 99 59.1686
19.2107 100 59.6053
19.3372 100 59.6686
19.207 101 60.1035
19.2107 101 60.1053
19.3372 101 60.1686
19.207 102 60.6035
19.2107 102 60.6053
19.1 103 61.05
19.207 103 61.1035
19.1 104 61.55
19.207 104 61.6035
19.1 105 62.05
19.0834 106 62.5417
19.1 106 62.55
19.0834 107 63.0417
19.1 107 63.05
19.0834 108 63.5417
19.0834 109 64.0417
19.0834 110 64.5417
19.0466 111 65.0233
19.0632 111 65.0316
19.0834 111 65.0417
19.0466 112 65.5233
19.0632 112 65.5316
19.0834 112 65.5417
19.0466 113 66.0233
19.0466 114 66.5233
19.0466 115 67.0233
19.0466 116 67.5233
19.0466 117 68.0233
19.0438 118 68.5219
19.0466 118 68.5233
19.0438 119 69.0219
19.0438 120 69.5219
19.0238 121 70.0119
19.0438 121 70.0219
19.0238 122 70.5119
19.0438 122 70.5219
19.0238 123 71.0119
19.0238 124 71.5119
19.0238 125 72.0119
19.021 126 72.5105
19.0238 126 72.5119
19.021 127 73.0105
19.021 128 73.5105
21.7506 144 82.8753
20.6974 152 86.3487
21.7207 149 85.3604
20.6265 154 87.3133
22.4578 158 90.2289
21.201 130 75.6005
21.0276 155 88.0138
21.0176 143 82.0088
21.7042 139 80.3521
21.5232 156 88.7616
21.9434 135 78.4717
22.1398 140 81.0699
21.3855 175 98.1928
21.0732 150 85.5366
22.3701 146 84.1851
21.8035 139 80.4017
20.8871 145 82.9435
22.6621 168 95.3311
21.9259 158 89.963
22.0345 137 79.5172
21.12 138 79.56
21.0098 142 81.5049
21.6848 161 91.3424
21.2088 150 85.6044
21.0788 166 93.5394
21.3028 155 88.1514
20.6854 154 87.3427
20.5122 155 87.7561
20.6918 182 101.346
21.2065 140 80.6033
