20.7288 88 27.4559
20.7288 89 27.5559
20.7288 90 27.6559
20.7288 91 27.7559
20.7288 92 27.8559
20.547 94 27.8923
20.0154 99 27.9139
20.7278 93 27.955
20.7288 93 27.9559
20.547 95 27.9923
20.0154 100 28.0139
19.9045 101 28.014
20.3844 97 28.0459
20.7278 94 28.055
20.7288 94 28.0559
20.547 96 28.0923
20.0154 101 28.1139
19.9045 102 28.114
20.3844 98 28.1459
20.7278 95 28.155
20.2913 99 28.1622
20.547 97 28.1923
20.0154 102 28.2139
19.9045 103 28.214
20.3844 99 28.2459
19.7193 105 28.2474
20.2913 100 28.2622
20.547 98 28.2923
19.8834 104 28.2951
19.9045 104 28.314
19.7166 106 28.3449
20.3844 100 28.3459
19.7193 106 28.3474
19.8834 105 28.3951
19.9045 105 28.414
19.7166 107 28.4449
19.7193 107 28.4474
19.8834 106 28.4951
19.7166 108 28.5449
19.5906 110 28.6315
19.7072 109 28.6365
19.7166 109 28.6449
19.5906 111 28.7315
19.7072 110 28.7365
19.5047 112 28.7542
19.6213 111 28.7592
19.5906 112 28.8315
19.7072 111 28.8365
19.5047 113 28.8542
19.5906 113 28.9315
19.5047 114 28.9542
19.4261 115 28.9835
19.3727 116 29.0354
19.5047 115 29.0542
19.4261 116 29.0835
19.3727 117 29.1354
19.5047 116 29.1542
19.4207 117 29.1786
19.4261 117 29.1835
19.342 118 29.2078
19.3727 118 29.2354
19.342 119 29.3078
19.3727 119 29.3354
19.342 120 29.4078
19.342 121 29.5078
19.342 122 29.6078
19.342 123 29.7078
19.342 124 29.8078
19.342 125 29.9078
19.3336 126 30.0002
21.4332 154 34.6898
21.1165 160 35.0048
21.2883 199 39.0595
21.1353 147 33.7218
21.3043 161 35.2738
20.1405 184 36.5264
21.1295 152 34.2165
21.2822 141 33.254
21.3199 170 36.1879
20.5577 151 33.6019
22.8351 159 36.4516
21.9106 140 33.7195
21.5512 173 36.6961
21.2436 162 35.3193
21.7975 165 36.1177
21.8805 141 33.7924
20.8871 153 34.0984
22.2221 153 35.2999
20.8872 158 34.5985
20.847 166 35.3623
21.5957 199 39.3361
22.0384 161 35.9346
21.8187 149 34.5368
21.9288 159 35.636
21.7415 158 35.3673
21.9221 159 35.6299
20.4816 164 34.8334
20.8909 166 35.4018
20.8755 163 35.088
20.1307 180 36.1176
