22.4548 85 53.7274
22.4548 86 54.2274
22.4548 87 54.7274
22.4548 88 55.2274
22.4548 89 55.7274
20.7455 91 55.8727
22.317 90 56.1585
20.3858 92 56.1929
22.4548 90 56.2274
20.7288 92 56.3644
20.7455 92 56.3727
22.317 91 56.6585
20.3858 93 56.6929
22.4548 91 56.7274
20.7288 93 56.8644
20.7455 93 56.8727
22.317 92 57.1585
22.4548 92 57.2274
20.2586 95 57.6293
20.2586 96 58.1293
19.3539 97 58.1769
19.679 97 58.3395
20.2586 97 58.6293
19.3539 98 58.6769
19.679 98 58.8395
20.2586 98 59.1293
19.3539 99 59.1769
19.3372 100 59.6686
19.3539 100 59.6769
19.3372 101 60.1686
19.3539 101 60.1769
19.3372 102 60.6686
19.3372 103 61.1686
19.2107 104 61.6053
19.3372 104 61.6686
19.207 105 62.1035
19.2107 105 62.1053
19.326 105 62.163
19.3372 105 62.1686
19.207 106 62.6035
19.2107 106 62.6053
19.207 107 63.1035
19.1987 108 63.5993
19.207 108 63.6035
19.1738 109 64.0869
19.1987 109 64.0993
19.207 109 64.1035
19.1738 110 64.5869
19.1987 110 64.5993
19.1738 111 65.0869
19.1987 111 65.0993
19.1738 112 65.5869
19.1619 113 66.0809
19.1738 113 66.0869
19.1619 114 66.5809
19.1738 114 66.5869
19.1619 115 67.0809
19.1582 116 67.5791
19.1619 116 67.5809
19.1582 117 68.0791
19.1619 117 68.0809
19.1582 118 68.5791
19.1582 119 69.0791
19.1582 120 69.5791
19.1554 121 70.0777
19.1582 121 70.0791
19.1554 122 70.5777
19.1582 122 70.5791
19.1554 123 71.0777
19.1554 124 71.5777
21.6299 177 99.3149
21.4514 171 96.2257
21.3833 173 97.1917
21.2806 152 86.6403
20.9543 144 82.4771
22.1702 152 87.0851
21.2324 146 83.6162
21.5347 152 86.7674
21.6996 152 86.8498
21.8176 165 93.4088
21.0877 162 91.5439
22.1583 148 85.0791
20.2768 149 84.6384
22.9016 161 91.9508
20.4913 146 83.2457
20.9829 163 91.9915
21.2496 139 80.1248
20.9997 165 92.9999
20.8131 206 113.407
20.7453 147 83.8727
20.2564 173 96.6282
21.6057 161 91.3029
21.5036 149 85.2518
21.9522 148 84.9761
21.4902 159 90.2451
20.9381 164 92.469
21.3595 160 90.6798
22.2291 139 80.6146
21.989 151 86.4945
20.4303 160 90.2151
