22.4548 85 53.7274
22.4548 86 54.2274
22.4548 87 54.7274
22.4548 88 55.2274
22.4548 89 55.7274
20.7455 91 55.8727
22.317 90 56.1585
22.4548 90 56.2274
20.7288 92 56.3644
20.7455 92 56.3727
22.317 91 56.6585
22.4548 91 56.7274
20.7288 93 56.8644
22.317 92 57.1585
20.7288 94 57.3644
20.2586 95 57.6293
20.7288 95 57.8644
20.2586 96 58.1293
19.679 97 58.3395
20.7288 96 58.3644
20.2586 97 58.6293
19.679 98 58.8395
20.2586 98 59.1293
19.3539 99 59.1769
19.679 99 59.3395
19.3539 100 59.6769
19.679 100 59.8395
19.3539 101 60.1769
19.3539 102 60.6769
19.3372 103 61.1686
19.3539 103 61.1769
19.3372 104 61.6686
19.2107 105 62.1053
19.326 105 62.163
19.3372 105 62.1686
19.2107 106 62.6053
19.207 107 63.1035
19.2107 107 63.1053
19.207 108 63.6035
19.2107 108 63.6053
19.1987 109 64.0993
19.207 109 64.1035
19.1738 110 64.5869
19.1987 110 64.5993
19.1738 111 65.0869
19.1987 111 65.0993
19.1738 112 65.5869
19.1738 113 66.0869
19.1619 114 66.5809
19.1738 114 66.5869
19.1619 115 67.0809
19.1582 116 67.5791
19.1619 116 67.5809
19.1582 117 68.0791
19.1619 117 68.0809
19.1582 118 68.5791
19.1582 119 69.0791
19.1582 120 69.5791
19.1582 121 70.0791
19.1582 122 70.5791
19.1554 123 71.0777
19.1582 123 71.0791
19.1582 124 71.5791
19.1582 125 72.0791
19.1582 126 72.5791
19.1582 127 73.0791
19.1582 128 73.5791
19.1582 129 74.0791
19.1582 130 74.5791
19.1554 131 75.0777
22.486 150 86.243
21.363 163 92.1815
21.4453 149 85.2226
21.2132 153 87.1066
21.8546 158 89.9273
21.9228 149 85.4614
21.343 155 88.1715
22.2744 143 82.6372
22.1691 128 75.0845
21.299 152 86.6495
21.0268 155 88.0134
20.9826 150 85.4913
21.8447 139 80.4223
21.6404 175 98.3202
20.783 142 81.3915
21.1522 157 89.0761
21.7164 146 83.8582
20.528 160 90.264
21.4098 166 93.7049
20.4295 162 91.2148
20.456 150 85.228
22.051 147 84.5255
20.5272 158 89.2636
19.7173 140 79.8587
21.1831 165 93.0916
21.1035 146 83.5517
20.2608 167 93.6304
20.9916 170 95.4958
20.6971 166 93.3485
21.0713 152 86.5357
