21.8962 109 82.8689
21.8962 110 83.5689
20.9878 111 83.9963
20.9878 112 84.6963
20.9878 113 85.3963
20.5637 114 85.9691
20.308 115 86.5924
20.4237 115 86.6271
20.5637 115 86.6691
20.4237 116 87.3271
20.8429 116 87.4529
20.308 117 87.9924
20.308 118 88.6924
20.308 119 89.3924
20.168 120 90.0504
20.308 120 90.0924
20.168 121 90.7504
20.168 122 91.4504
20.168 123 92.1504
20.1247 124 92.8374
20.168 124 92.8504
20.1247 125 93.5374
20.168 125 93.5504
20.1247 126 94.2374
20.1247 127 94.9374
20.031 128 95.6093
20.1247 128 95.6374
20.031 129 96.3093
20.1247 129 96.3374
20.0082 130 97.0025
20.031 130 97.0093
20.1247 130 97.0374
20.0023 131 97.7007
20.0082 131 97.7025
19.9986 132 98.3996
20.0023 132 98.4007
20.0082 132 98.4025
19.9795 133 99.0938
19.9986 133 99.0996
20.0023 133 99.1007
19.9758 134 99.7927
19.9986 134 99.7996
19.9758 135 100.493
19.9795 135 100.494
19.9986 135 100.5
19.9758 136 101.193
19.9758 137 101.893
19.9758 138 102.593
19.9758 139 103.293
19.9758 140 103.993
19.9758 141 104.693
19.9758 142 105.393
19.933 143 106.08
19.9758 143 106.093
19.4529 144 106.636
19.9758 144 106.793
19.4363 145 107.331
19.9758 145 107.493
19.4363 146 108.031
19.9293 146 108.179
19.9521 146 108.186
19.9758 146 108.193
19.2717 147 108.682
19.2893 147 108.687
19.2717 151 111.482
19.2717 152 112.182
19.2893 152 112.187
19.4363 152 112.231
21.656 154 114.297
20.5745 144 106.972
21.3696 166 122.611
20.9958 153 113.399
21.5265 140 104.458
21.5425 145 107.963
21.7609 132 98.9283
20.927 156 115.478
21.8705 142 105.961
21.5027 162 119.851
21.6541 150 111.496
21.5673 171 126.17
20.5516 156 115.365
22.3237 130 97.6971
20.7745 164 121.032
21.8521 148 110.156
21.5026 151 112.151
21.1218 155 114.837
21.1961 153 113.459
21.3464 151 112.104
21.3374 166 122.601
20.8545 161 118.956
21.4206 158 117.026
20.3635 162 119.509
20.7295 149 110.519
21.6712 148 110.101
21.1026 153 113.431
21.3189 150 111.396
20.7857 145 107.736
21.0538 151 112.016
