20.6812 82 75.8681
20.6812 83 76.7681
20.1164 84 77.6116
20.6812 84 77.6681
20.1164 85 78.5116
20.6812 85 78.5681
20.1164 86 79.4116
20.1164 87 80.3116
20.1108 88 81.2111
20.1164 88 81.2116
20.1164 89 82.1116
19.9891 90 82.9989
20.1044 90 83.0104
20.1072 90 83.0107
20.1164 90 83.0116
19.9891 91 83.8989
20.1044 91 83.9104
20.1072 91 83.9107
19.8229 92 84.7823
19.9891 92 84.7989
19.7077 93 85.6708
19.8229 93 85.6823
19.7077 94 86.5708
19.8229 94 86.5823
19.6818 95 87.4682
19.7077 95 87.4708
19.5804 96 88.358
19.6818 96 88.3682
19.3594 97 89.2359
19.5804 97 89.258
19.6818 97 89.2682
19.3594 98 90.1359
19.5804 98 90.158
19.3428 99 91.0343
19.3594 99 91.0359
19.3428 100 91.9343
19.2321 101 92.8232
19.3428 101 92.8343
19.2321 102 93.7232
19.3428 102 93.7343
19.2321 103 94.6232
19.2321 104 95.5232
19.2321 105 96.4232
19.2155 106 97.3215
19.2321 106 97.3232
19.2155 107 98.2215
19.2321 107 98.2232
19.2155 108 99.1215
19.1787 109 100.018
19.2155 109 100.022
19.1787 110 100.918
19.2155 110 100.922
19.1787 111 101.818
19.1787 112 102.718
19.0954 113 103.61
19.1787 113 103.618
19.0954 114 104.51
19.1787 114 104.518
19.0787 115 105.408
19.0954 115 105.41
19.0787 116 106.308
19.0954 116 106.31
19.0787 117 107.208
19.0787 118 108.108
19.0787 119 109.008
19.0658 120 109.907
19.0787 120 109.908
19.0658 121 110.807
19.0787 121 110.808
19.0658 122 111.707
20.8983 149 136.19
21.0287 148 135.303
21.4788 155 141.648
21.3431 138 126.334
20.7591 175 159.576
21.0233 135 123.602
21.1374 130 119.114
21.6877 149 136.269
21.1678 143 130.817
21.6638 174 158.766
22.2266 135 123.723
21.5328 169 154.253
21.8939 164 149.789
21.4659 160 146.147
22.3916 151 138.139
21.6781 160 146.168
22.5023 171 156.15
22.0018 139 127.3
21.0718 153 139.807
20.7272 179 163.173
21.266 161 147.027
20.647 133 121.765
21.8859 145 132.689
21.0385 151 138.004
22.1746 145 132.717
21.5742 170 155.157
20.9598 177 161.396
21.599 163 148.86
20.68 150 137.068
21.9433 134 122.794
