20.3858 86 53.1929
20.3858 87 53.6929
22.4548 85 53.7274
20.3858 88 54.1929
22.4548 86 54.2274
20.3858 89 54.6929
20.2586 90 55.1293
20.3858 90 55.1929
20.2586 91 55.6293
20.3858 91 55.6929
20.2586 92 56.1293
20.2586 93 56.6293
19.679 94 56.8395
20.2586 94 57.1293
19.3539 95 57.1769
19.679 95 57.3395
20.2586 95 57.6293
19.2693 96 57.6346
19.3539 96 57.6769
19.679 96 57.8395
19.2693 97 58.1346
19.3539 97 58.1769
19.2107 98 58.6053
19.2693 98 58.6346
19.2107 99 59.1053
19.2693 99 59.1346
19.2107 100 59.6053
19.207 101 60.1035
19.2107 101 60.1053
19.1 102 60.55
19.207 102 60.6035
19.2107 102 60.6053
19.1 103 61.05
19.1 104 61.55
19.0834 105 62.0417
19.1 105 62.05
19.0834 106 62.5417
19.1 106 62.55
19.0834 107 63.0417
19.0834 108 63.5417
19.0632 109 64.0316
19.0834 109 64.0417
19.0466 110 64.5233
19.0632 110 64.5316
19.0834 110 64.5417
19.0466 111 65.0233
19.0466 112 65.5233
19.0466 113 66.0233
19.0466 114 66.5233
19.0466 115 67.0233
19.0438 116 67.5219
19.0466 116 67.5233
19.0404 117 68.0202
19.0438 117 68.0219
19.0404 118 68.5202
19.0438 118 68.5219
19.0404 119 69.0202
19.0238 120 69.5119
19.0404 120 69.5202
19.0238 121 70.0119
19.0238 122 70.5119
19.0238 123 71.0119
19.0238 124 71.5119
19.0238 125 72.0119
19.0238 126 72.5119
19.0238 127 73.0119
19.021 128 73.5105
19.0238 128 73.5119
19.021 129 74.0105
19.0238 129 74.0119
20.7499 177 98.8749
20.7868 177 98.8934
21.3808 145 83.1904
21.7963 167 94.3981
22.7518 158 90.3759
21.5081 163 92.2541
22.3684 139 80.6842
21.062 164 92.531
21.0737 180 100.537
20.5592 167 93.7796
20.9525 157 88.9763
22.8403 138 80.4201
21.1114 158 89.5557
21.4869 161 91.2435
20.9239 150 85.4619
22.2008 156 89.1004
21.7745 159 90.3873
21.5726 144 82.7863
20.9349 158 89.4674
22.1638 143 82.5819
21.5131 147 84.2565
21.3011 144 82.6505
21.3946 173 97.1973
21.9179 155 88.4589
21.8691 153 87.4345
20.9052 169 94.9526
21.3354 159 90.1677
21.8835 133 77.4418
21.4158 142 81.7079
20.9746 152 86.4873
