20.7288 92 34.983
20.7288 93 35.1831
20.547 94 35.2376
20.7288 94 35.383
20.547 95 35.4376
20.547 96 35.6376
20.547 97 35.8376
20.547 98 36.0376
20.5036 99 36.2029
20.547 99 36.2376
20.5036 100 36.4029
20.5036 101 36.6029
20.4311 102 36.7449
20.5036 102 36.8029
20.4237 103 36.939
20.4311 103 36.9449
20.5036 103 37.0029
20.2913 104 37.033
20.4237 104 37.139
20.4311 104 37.1449
20.2913 105 37.233
20.0708 106 37.2566
20.4237 105 37.339
20.2913 106 37.433
20.0708 107 37.4566
20.0708 108 37.6566
20.0708 109 37.8566
19.8281 110 37.8624
20.0708 110 38.0566
19.8281 111 38.0625
20.0708 111 38.2566
19.8281 112 38.2625
19.8281 113 38.4624
19.8281 114 38.6625
19.8281 115 38.8624
19.8281 116 39.0625
19.8244 117 39.2595
19.8281 117 39.2625
19.7668 118 39.4135
19.8244 118 39.4595
19.7668 119 39.6135
19.8244 119 39.6595
19.7668 120 39.8135
19.7668 121 40.0135
19.7632 122 40.2105
19.7668 122 40.2135
19.7632 123 40.4105
19.7668 123 40.4135
19.7632 124 40.6105
19.7632 125 40.8105
19.7632 126 41.0105
19.7632 127 41.2105
19.7632 128 41.4105
19.7632 129 41.6105
19.7632 130 41.8105
19.7632 131 42.0105
19.7404 132 42.1923
19.7632 132 42.2105
19.7404 133 42.3923
19.7404 134 42.5923
19.7404 135 42.7923
19.7404 136 42.9923
19.7404 137 43.1923
19.7404 138 43.3923
19.7404 139 43.5923
19.7404 140 43.7923
19.7404 141 43.9923
19.7404 142 44.1923
19.7404 149 45.5923
21.4389 170 51.1511
20.6116 165 49.4893
21.153 190 54.9224
21.1175 134 43.694
20.821 135 43.6568
21.5246 149 47.0197
21.3599 146 46.288
21.7856 157 48.8285
21.713 161 49.5704
21.5825 139 45.066
21.6231 174 52.0985
20.8153 137 44.0523
21.1606 169 50.7285
21.0906 160 48.8725
21.1646 155 47.9317
21.502 153 47.8016
20.9414 158 48.3531
20.8311 139 44.4649
21.3076 167 50.4461
20.9302 160 48.7441
21.3224 154 47.8579
21.3516 162 49.4813
21.428 140 45.1424
20.9859 148 46.3887
21.6354 163 49.9083
21.5613 168 50.8491
20.8565 150 46.6852
21.2141 152 47.3713
21.4457 140 45.1566
21.546 169 51.0368
