20.8057 65 34.064
20.7659 66 34.3362
20.8057 66 34.364
20.7385 67 34.6169
20.7659 67 34.6362
20.8057 67 34.664
20.7385 68 34.9169
20.7659 68 34.9361
20.6179 69 35.1325
20.7385 69 35.2169
20.6179 70 35.4325
20.7385 70 35.5169
20.6179 71 35.7325
20.5507 72 35.9855
20.5781 72 36.0047
20.6179 72 36.0325
20.5507 73 36.2855
20.5781 73 36.3047
20.6179 73 36.3325
20.5507 74 36.5855
20.5507 75 36.8855
20.5507 76 37.1855
20.5507 77 37.4855
20.4833 78 37.7383
20.5507 78 37.7855
20.4833 79 38.0383
20.4833 80 38.3383
20.4436 81 38.6105
20.463 81 38.6241
20.4833 81 38.6383
20.4436 82 38.9105
20.3557 83 39.149
20.4436 83 39.2105
20.3557 84 39.449
20.4436 84 39.5105
20.3557 85 39.749
20.1374 86 39.8962
20.2752 86 39.9927
20.2838 86 39.9987
20.3557 86 40.049
20.1374 87 40.1962
20.2752 87 40.2927
20.1374 88 40.4962
20.1374 89 40.7962
20.1374 90 41.0962
20.1374 91 41.3962
20.1189 92 41.6832
20.1374 92 41.6962
20.0302 93 41.9211
20.087 93 41.9609
20.1146 93 41.9802
20.1189 93 41.9832
20.1374 93 41.9962
19.9797 94 42.1858
20.0302 94 42.2211
20.087 94 42.2609
19.9755 95 42.4829
19.9797 95 42.4858
20.0302 95 42.5211
19.9755 96 42.7829
19.9797 96 42.7858
19.9755 97 43.0829
19.9755 98 43.3829
19.9755 99 43.6829
19.9755 100 43.9829
19.9755 101 44.2829
19.9755 102 44.5829
19.9755 103 44.8829
19.9755 104 45.1829
19.9755 105 45.4829
22.0704 159 63.1493
22.1171 126 53.2819
20.6522 153 60.3566
21.4954 159 62.7468
20.6157 174 66.631
20.8849 153 60.5194
21.3987 171 66.2791
21.203 158 62.2421
21.0753 136 55.5527
21.584 146 58.9088
20.7615 138 55.9331
21.5935 151 60.4154
21.764 180 69.2348
20.9455 156 61.4619
21.2116 171 66.1481
21.1241 156 61.5869
20.4196 181 68.5937
21.0475 162 63.3333
21.6927 154 61.3849
21.9847 146 59.1893
20.916 142 57.2412
20.6904 157 61.5833
21.2306 154 61.0614
20.4586 169 65.021
22.3741 142 58.2619
21.3353 141 57.2347
21.6905 195 73.6833
20.4433 171 65.6103
20.8603 151 59.9022
20.6876 183 69.3813
