20.6812 81 74.9681
20.6812 82 75.8681
20.1108 83 76.7111
20.1164 83 76.7116
20.6812 83 76.7681
20.1108 84 77.6111
20.1164 84 77.6116
20.6812 84 77.6681
20.1108 85 78.5111
20.1108 86 79.4111
20.1072 87 80.3107
20.1108 87 80.3111
19.7141 88 81.1714
20.1044 88 81.2104
20.1072 88 81.2107
20.1108 88 81.2111
19.8229 89 82.0823
20.1044 89 82.1104
19.7077 90 82.9708
19.7104 90 82.971
19.8229 90 82.9823
19.7077 91 83.8708
19.7077 92 84.7708
19.6818 93 85.6682
19.7077 93 85.6708
19.6818 94 86.5682
19.7077 94 86.5708
19.3594 95 87.4359
19.5804 95 87.458
19.6818 95 87.4682
19.3594 96 88.3359
19.5804 96 88.358
19.6818 96 88.3682
19.3594 97 89.2359
19.3428 98 90.1343
19.3594 98 90.1359
19.3428 99 91.0343
19.3594 99 91.0359
19.3428 100 91.9343
19.2321 101 92.8232
19.3428 101 92.8343
19.2321 102 93.7232
19.3428 102 93.7343
19.2321 103 94.6232
19.2155 104 95.5215
19.2321 104 95.5232
19.2155 105 96.4215
19.2321 105 96.4232
19.2155 106 97.3215
19.2155 107 98.2215
19.0954 108 99.1095
19.2155 108 99.1215
19.0954 109 100.01
19.2155 109 100.022
19.0954 110 100.91
19.0954 111 101.81
19.0954 112 102.71
19.0787 113 103.608
19.0954 113 103.61
19.0787 114 104.508
19.0954 114 104.51
19.0787 115 105.408
19.0787 116 106.308
19.0658 117 107.207
19.0787 117 107.208
19.0658 118 108.107
19.0658 119 109.007
19.0658 120 109.907
19.0658 121 110.807
19.0658 122 111.707
20.7931 163 148.779
22.2502 160 146.225
21.8483 131 120.085
20.9426 143 130.794
21.2838 167 152.428
21.6728 142 129.967
22.1492 146 133.615
21.4771 158 144.348
20.7297 141 128.973
21.437 148 135.344
20.7767 150 137.078
21.7527 150 137.175
20.5799 144 131.658
22.9177 125 114.792
21.1596 171 156.016
20.5828 180 164.058
22.1523 157 143.515
21.4332 154 140.743
21.1165 160 146.112
21.2883 199 181.229
21.1353 147 134.414
21.3043 161 147.03
20.1405 184 167.614
21.1295 152 138.913
21.2822 141 129.028
21.3199 170 155.132
20.5577 151 137.956
22.8351 159 145.383
21.9106 140 128.191
21.5512 173 157.855
