22.4548 85 53.7274
20.3858 88 54.1929
22.4548 86 54.2274
20.3858 89 54.6929
22.4548 87 54.7274
20.2586 90 55.1293
20.3858 90 55.1929
22.4548 88 55.2274
20.2586 91 55.6293
20.3858 91 55.6929
20.2586 92 56.1293
20.2586 93 56.6293
19.679 94 56.8395
20.2586 94 57.1293
19.3539 95 57.1769
19.679 95 57.3395
20.2586 95 57.6293
19.3539 96 57.6769
19.679 96 57.8395
19.3372 97 58.1686
19.3539 97 58.1769
19.3372 98 58.6686
19.3539 98 58.6769
19.3372 99 59.1686
19.2107 100 59.6053
19.3372 100 59.6686
19.207 101 60.1035
19.2107 101 60.1053
19.3372 101 60.1686
19.1 102 60.55
19.207 102 60.6035
19.2107 102 60.6053
19.1 103 61.05
19.207 103 61.1035
19.1 104 61.55
19.1 105 62.05
19.0834 106 62.5417
19.1 106 62.55
19.0834 107 63.0417
19.1 107 63.05
19.0834 108 63.5417
19.0834 109 64.0417
19.0632 110 64.5316
19.0834 110 64.5417
19.0466 111 65.0233
19.0632 111 65.0316
19.0834 111 65.0417
19.0466 112 65.5233
19.0466 113 66.0233
19.0466 114 66.5233
19.0466 115 67.0233
19.0466 116 67.5233
19.0466 117 68.0233
19.0438 118 68.5219
19.0466 118 68.5233
19.0438 119 69.0219
19.0466 119 69.0233
19.0438 120 69.5219
19.0238 121 70.0119
19.0438 121 70.0219
19.0238 122 70.5119
19.0438 122 70.5219
19.0238 123 71.0119
19.0238 124 71.5119
19.0238 125 72.0119
19.021 126 72.5105
19.0238 126 72.5119
19.021 127 73.0105
19.0238 127 73.0119
19.021 128 73.5105
22.1076 167 94.5538
21.8821 142 81.941
21.3548 142 81.6774
21.8499 145 83.425
21.9291 184 102.965
21.4017 142 81.7009
20.9981 148 84.4991
21.406 151 86.203
20.9791 157 88.9896
21.2954 162 91.6477
20.959 168 94.4795
21.918 150 85.959
21.5923 152 86.7962
21.2053 143 82.1027
21.853 146 83.9265
20.7712 173 96.8856
22.0634 159 90.5317
22.0567 176 99.0284
21.3813 174 97.6906
21.6011 143 82.3005
21.5169 148 84.7584
20.8735 159 89.9367
21.8881 175 98.444
21.9795 141 81.4898
22.0466 139 80.5233
20.8152 163 91.9076
21.3804 142 81.6902
21.2086 147 84.1043
21.1543 170 95.5772
21.0718 152 86.5359
