20.9812 87 40.7868
20.8988 88 41.0291
20.9812 88 41.0868
20.8988 89 41.3291
20.9812 89 41.3868
20.8694 90 41.6086
20.8694 91 41.9086
20.8694 92 42.2086
20.4656 93 42.2259
20.548 93 42.2836
20.6344 93 42.3441
20.8694 93 42.5086
20.4656 94 42.5259
20.548 94 42.5836
20.6344 94 42.6441
20.4444 95 42.8111
20.4656 95 42.8259
20.4444 96 43.1111
20.3053 97 43.3137
20.3557 97 43.349
20.4444 97 43.4111
20.3011 98 43.6108
20.3053 98 43.6137
20.1693 99 43.8185
20.2779 99 43.8945
20.3053 99 43.9137
20.0302 100 44.0211
20.1693 100 44.1185
20.2779 100 44.1945
20.3053 100 44.2137
20.0302 101 44.3211
20.1693 101 44.4185
20.0302 102 44.6211
20.0302 103 44.9211
20.0259 104 45.2181
20.0302 104 45.2211
20.0259 105 45.5181
20.0302 105 45.5211
20.0259 106 45.8181
20.0259 107 46.1181
20.0259 108 46.4181
19.9755 109 46.6829
20.0259 109 46.7181
19.9755 110 46.9829
20.0259 110 47.0181
19.9755 111 47.2829
19.9755 112 47.5829
19.9755 113 47.8829
19.9755 114 48.1829
19.9755 115 48.4829
19.9755 116 48.7829
19.9755 117 49.0829
19.9755 118 49.3829
19.9755 119 49.6829
19.9755 120 49.9829
19.9755 121 50.2829
19.9755 122 50.5829
19.9755 123 50.8829
19.9755 124 51.1829
19.9755 126 51.7829
19.9755 127 52.0829
19.9755 128 52.3829
19.9755 131 53.2829
19.9727 147 58.0809
19.9727 148 58.3809
19.9727 149 58.6809
19.9727 152 59.5809
19.9727 153 59.8809
19.9727 154 60.1809
19.9727 155 60.4809
20.9185 159 62.3429
21.5261 140 57.0683
21.0167 144 57.9117
22.3398 139 57.3378
20.5217 172 65.9652
20.443 174 66.5101
20.9088 147 58.7362
21.1492 148 59.2045
21.402 176 67.7814
21.4925 154 61.2447
21.3025 136 55.7118
20.9799 148 59.0859
21.2173 172 66.4521
20.3657 160 62.256
21.859 157 62.4013
21.279 133 54.7953
20.9821 161 62.9874
20.8437 147 58.6906
19.5674 140 55.6972
22.0164 160 63.4115
21.9128 148 59.7389
20.6838 172 66.0787
21.3886 168 65.372
21.7665 147 59.3365
20.5019 153 60.2513
21.0164 153 60.6115
22.0929 151 60.7651
22.053 128 53.8371
21.4329 150 60.003
21.5426 148 59.4798
