20.7288 100 76.2186
20.7288 101 76.9186
20.7288 102 77.6186
20.547 103 78.2641
20.7288 103 78.3186
20.547 104 78.9641
20.7288 104 79.0186
20.547 105 79.6641
20.547 106 80.3641
19.6957 107 80.8087
20.547 107 81.0641
19.679 108 81.5037
19.6957 108 81.5087
20.308 108 81.6924
20.547 108 81.7641
19.679 109 82.2037
19.6957 109 82.2087
19.679 110 82.9037
19.679 112 84.3037
19.3308 113 84.8992
19.3308 114 85.5992
19.3308 115 86.2992
19.3106 116 86.9932
19.3308 116 86.9992
19.3106 117 87.6932
19.1787 118 88.3536
19.2967 118 88.389
19.3106 118 88.3932
19.294 119 89.0882
19.294 120 89.7882
19.294 121 90.4882
19.2921 123 91.8876
19.2921 124 92.5876
19.294 124 92.5882
19.2921 125 93.2876
19.2921 127 94.6876
19.2921 128 95.3876
19.2921 129 96.0876
19.2893 130 96.7868
19.2921 130 96.7876
19.2893 131 97.4868
19.2893 132 98.1868
19.2884 133 98.8865
19.2893 133 98.8868
19.2717 134 99.5815
19.2884 134 99.5865
19.2717 135 100.282
19.2745 135 100.282
19.2884 135 100.287
19.2717 136 100.982
19.2717 137 101.682
19.2717 138 102.382
19.2717 139 103.082
19.2717 140 103.782
19.2717 141 104.482
19.2717 142 105.182
19.2717 143 105.882
19.2717 144 106.582
19.2717 145 107.282
19.2717 146 107.982
19.2717 147 108.682
19.2717 148 109.382
19.2717 149 110.082
19.2717 150 110.782
19.2717 151 111.482
19.2717 152 112.182
19.2717 153 112.882
19.2717 154 113.582
19.2717 155 114.282
19.2717 156 114.982
20.9039 157 116.171
21.4845 147 109.345
21.785 144 107.336
20.9495 151 111.985
20.3151 156 115.295
20.8979 166 122.469
21.5476 134 100.264
21.2305 164 121.169
21.141 185 135.842
21.9782 143 106.693
21.6921 150 111.508
21.6044 148 110.081
22.4948 150 111.748
20.3839 149 110.415
21.4446 143 106.533
20.9084 129 96.5725
21.1301 158 116.939
21.6125 142 105.884
21.4392 166 122.632
20.979 146 108.494
21.7774 159 117.833
20.6989 174 128.01
21.7983 174 128.339
21.7118 167 123.414
20.9743 187 137.192
21.68 159 117.804
21.821 163 120.646
20.6292 178 130.789
20.3134 150 111.094
21.9819 165 122.095
