20.6812 82 75.8681
20.6812 83 76.7681
20.6812 84 77.6681
20.1164 85 78.5116
20.6812 85 78.5681
20.1164 86 79.4116
20.6812 86 79.4681
20.1164 87 80.3116
20.1164 88 81.2116
20.1164 89 82.1116
20.1044 90 83.0104
20.1164 90 83.0116
20.1044 91 83.9104
20.1164 91 83.9116
19.9891 92 84.7989
20.1044 92 84.8104
19.9891 93 85.6989
20.1044 93 85.7104
19.8229 94 86.5823
19.9891 94 86.5989
19.8229 95 87.4823
19.9891 95 87.4989
19.6818 96 88.3682
19.7077 96 88.3708
19.8229 96 88.3823
19.5804 97 89.258
19.6818 97 89.2682
19.3594 98 90.1359
19.5804 98 90.158
19.6818 98 90.1682
19.3594 99 91.0359
19.5804 99 91.058
19.3428 100 91.9343
19.3594 100 91.9359
19.3428 101 92.8343
19.2321 102 93.7232
19.3428 102 93.7343
19.2321 103 94.6232
19.2321 104 95.5232
19.2321 105 96.4232
19.2155 106 97.3215
19.2321 106 97.3232
19.2155 107 98.2215
19.2321 107 98.2232
19.2155 108 99.1215
19.1787 109 100.018
19.2155 109 100.022
19.1787 110 100.918
19.2155 110 100.922
19.1787 111 101.818
19.1787 112 102.718
19.1787 113 103.618
19.1787 114 104.518
19.1787 115 105.418
19.1787 116 106.318
19.0954 117 107.21
19.1787 117 107.218
19.0954 118 108.11
19.0954 119 109.01
19.0658 120 109.907
19.0787 120 109.908
19.0954 120 109.91
19.0658 121 110.807
19.0787 121 110.808
19.0658 122 111.707
19.0658 123 112.607
19.0658 124 113.507
19.0658 125 114.407
19.0658 126 115.307
19.0658 127 116.207
21.1019 160 146.11
21.2002 133 121.82
20.2333 155 141.523
21.7966 172 156.98
21.3708 145 132.637
21.7976 167 152.48
21.0928 150 137.109
21.822 150 137.182
20.8635 161 146.986
21.5639 166 151.556
20.8371 161 146.984
21.8056 138 126.381
21.6724 150 137.167
22.3165 132 121.032
21.0937 152 138.909
21.8961 156 142.59
21.6832 153 139.868
22.2008 169 154.32
20.9992 147 134.4
21.2699 176 160.527
21.4957 157 143.45
22.3063 139 127.331
21.539 152 138.954
21.0722 168 153.307
20.6224 151 137.962
21.5654 153 139.857
20.6375 159 145.164
21.3411 173 157.834
21.4657 183 166.847
21.2863 150 137.129
