20.6812 88 67.8044
20.6812 89 68.5043
20.6747 90 69.2024
20.6812 90 69.2044
20.6747 91 69.9024
20.6812 91 69.9044
20.1044 92 70.4313
20.6747 92 70.6024
20.1044 93 71.1313
20.6747 93 71.3024
19.9891 94 71.7967
20.1044 94 71.8313
19.9891 95 72.4967
20.1044 95 72.5313
19.9891 96 73.1967
19.9891 97 73.8967
19.6818 98 74.5045
19.6957 98 74.5087
19.9891 98 74.5967
19.6818 99 75.2045
19.3594 100 75.8078
19.5804 100 75.8741
19.6818 100 75.9045
19.3594 101 76.5078
19.5804 101 76.5741
19.6818 101 76.6045
19.3428 102 77.2028
19.3594 102 77.2078
19.3428 103 77.9028
19.2321 104 78.5696
19.3428 104 78.6028
19.2321 105 79.2696
19.3428 105 79.3028
19.2321 106 79.9696
19.2321 107 80.6696
19.2155 108 81.3646
19.2321 108 81.3696
19.2155 109 82.0646
19.2321 109 82.0696
19.1787 110 82.7536
19.2155 110 82.7646
19.1787 111 83.4536
19.1787 112 84.1536
19.1787 113 84.8536
19.1787 114 85.5536
19.1787 115 86.2536
19.1787 116 86.9536
19.1787 117 87.6536
19.1787 118 88.3536
19.1787 119 89.0536
19.1787 120 89.7536
19.1787 121 90.4536
19.1697 122 91.1509
19.1787 122 91.1536
19.1697 123 91.8509
19.1787 123 91.8536
19.0787 124 92.5236
19.0954 124 92.5286
19.1697 124 92.5509
19.0954 125 93.2286
19.0954 126 93.9286
19.0658 127 94.6198
19.0787 127 94.6236
19.0954 127 94.6286
19.0192 128 95.3058
19.0658 128 95.3198
19.0787 128 95.3236
19.0658 129 96.0198
20.7158 165 121.715
21.6844 140 104.505
21.1747 151 112.052
21.2287 169 124.669
21.2895 169 124.687
21.1112 153 113.433
20.461 149 110.438
20.6784 155 114.704
21.4203 156 115.626
22.2996 154 114.49
21.2213 155 114.866
22.1998 158 117.26
20.3588 169 124.408
21.0668 138 102.92
22.1828 148 110.255
21.8922 187 137.468
21.229 153 113.469
21.1865 151 112.056
21.688 134 100.306
21.7748 153 113.632
21.9652 139 103.89
21.5286 189 138.759
21.8809 183 134.664
22.0297 151 112.309
20.8352 137 102.151
21.5119 154 114.254
21.8574 156 115.757
21.52 153 113.556
21.6626 178 131.099
21.3902 153 113.517
