20.6812 81 68.9362
20.6812 82 69.7362
20.1164 83 70.4233
20.6812 83 70.5362
20.1164 84 71.2233
20.6812 84 71.3362
20.1164 85 72.0233
20.1108 86 72.8222
20.1164 86 72.8233
20.1072 87 73.6214
20.1108 87 73.6222
20.1164 87 73.6233
20.1044 88 74.4209
20.1072 88 74.4214
20.1044 89 75.2209
20.1072 89 75.2214
19.7077 90 75.9415
19.8229 90 75.9646
19.9891 90 75.9978
20.1044 90 76.0209
19.7077 91 76.7415
19.8229 91 76.7646
19.9891 91 76.7978
20.1044 91 76.8209
19.7077 92 77.5415
19.6818 93 78.3364
19.7077 93 78.3415
19.6818 94 79.1364
19.7077 94 79.1415
19.3594 95 79.8719
19.5804 95 79.9161
19.6818 95 79.9364
19.3594 96 80.6719
19.5804 96 80.7161
19.3594 97 81.4719
19.3428 98 82.2686
19.3594 98 82.2719
19.3428 99 83.0686
19.3594 99 83.0719
19.3428 100 83.8686
19.2321 101 84.6464
19.3428 101 84.6686
19.2321 102 85.4464
19.3428 102 85.4686
19.2321 103 86.2464
19.2321 104 87.0464
19.2155 105 87.8431
19.2321 105 87.8464
19.2155 106 88.6431
19.2155 107 89.4431
19.2155 108 90.2431
19.1787 109 91.0357
19.2155 109 91.0431
19.0954 110 91.8191
19.1787 110 91.8357
19.2155 110 91.8431
19.0954 111 92.6191
19.0954 112 93.4191
19.0954 113 94.2191
19.0787 114 95.0157
19.0954 114 95.0191
19.0787 115 95.8157
19.0954 115 95.8191
19.0787 116 96.6157
19.0787 117 97.4157
19.0658 118 98.2132
19.0787 118 98.2157
19.0658 119 99.0132
19.0787 119 99.0157
19.0658 120 99.8132
21.5077 155 128.302
21.0661 158 130.613
22.0335 144 119.607
20.6948 142 117.739
21.0431 159 131.409
21.5124 152 125.902
21.7633 148 122.753
20.819 156 128.964
20.3616 137 113.672
21.0572 159 131.411
21.7419 131 109.148
21.7561 144 119.551
19.7608 172 141.552
21.8591 160 132.372
20.8982 163 134.58
21.8511 153 126.77
20.7177 173 142.544
21.1998 140 116.24
21.3817 149 123.476
21.8067 164 135.561
22.1331 169 139.627
21.9944 159 131.599
20.4035 155 128.081
22.0994 135 112.42
20.6081 138 114.522
21.1595 162 133.832
21.7074 135 112.341
21.1548 177 145.831
22.1458 145 120.429
21.9654 153 126.793
