20.7288 88 34.1831
20.7288 89 34.383
20.7288 90 34.583
20.7288 91 34.7831
20.7288 92 34.983
20.547 93 35.0376
20.4219 94 35.1376
20.7288 93 35.1831
20.547 94 35.2376
20.4219 95 35.3376
20.7288 94 35.383
20.5036 95 35.4029
20.547 95 35.4376
19.9077 98 35.5262
20.4219 96 35.5376
19.9077 99 35.7262
20.4219 97 35.7375
19.9077 100 35.9262
20.4219 98 35.9376
19.9077 101 36.1262
20.4219 99 36.1376
19.9077 102 36.3262
19.9077 103 36.5262
19.9077 104 36.7262
19.8278 105 36.8622
19.8466 105 36.8773
19.9067 105 36.9253
19.9077 105 36.9262
19.8278 106 37.0622
19.9067 106 37.1253
19.8278 107 37.2622
19.7888 108 37.431
19.8278 108 37.4622
19.7888 109 37.631
19.8278 109 37.6622
19.7888 110 37.831
19.7888 111 38.031
19.7888 112 38.231
19.7481 113 38.3985
19.7888 113 38.431
19.7481 114 38.5985
19.7481 115 38.7985
19.7481 116 38.9985
19.6594 117 39.1275
19.7481 117 39.1985
19.6594 118 39.3275
19.7481 118 39.3985
19.6594 119 39.5275
19.6594 120 39.7275
19.6594 121 39.9275
19.6594 122 40.1275
19.6594 123 40.3275
19.6594 124 40.5275
19.6594 125 40.7275
19.6366 126 40.9093
19.6594 126 40.9275
19.6366 127 41.1093
19.6594 127 41.1275
19.6366 128 41.3093
19.6366 129 41.5093
19.6366 130 41.7093
19.6366 131 41.9093
19.6366 135 42.7093
19.6355 137 43.1084
19.6355 138 43.3084
19.6355 139 43.5084
19.6127 144 44.4901
19.6127 145 44.6901
19.6127 146 44.8901
19.6127 147 45.0901
21.1548 177 52.3238
22.1458 145 46.7167
21.9654 153 48.1723
22.0774 140 45.662
20.6636 131 42.7309
22.0095 160 49.6076
21.0675 163 49.454
21.0344 145 45.8275
21.6638 135 44.331
22.7326 148 47.786
21.2593 162 49.4074
21.6268 134 44.1014
21.3027 167 50.4421
21.9198 192 55.9358
21.9423 139 45.3538
22.3741 151 48.0993
21.872 144 46.2976
21.8347 183 54.0678
21.1942 169 50.7554
20.2679 168 49.8143
21.7852 142 45.8282
20.763 169 50.4104
21.4763 173 51.781
21.5946 185 54.2757
21.3607 137 44.4885
21.9889 151 47.7911
21.3462 120 41.077
21.8244 142 45.8595
20.8844 160 48.7076
20.8473 168 50.2779
