20.7288 89 27.5559
20.7288 90 27.6559
20.7288 91 27.7559
20.7288 92 27.8559
20.7288 93 27.9559
20.547 95 27.9923
20.3844 97 28.0459
20.7288 94 28.0559
20.547 96 28.0923
20.3844 98 28.1459
20.7288 95 28.1559
20.2913 99 28.1622
20.547 97 28.1923
20.3844 99 28.2459
20.7288 96 28.2559
20.2913 100 28.2622
20.3844 100 28.3459
20.2913 101 28.3622
20.2913 102 28.4622
20.1618 104 28.5456
20.2913 103 28.5622
20.0708 105 28.5637
20.1618 105 28.6456
20.2913 104 28.6622
20.0708 106 28.6637
20.1618 106 28.7456
19.7193 110 28.7474
20.0708 107 28.7637
19.9986 108 28.7987
19.7193 111 28.8474
20.0708 108 28.8637
19.9986 109 28.8987
19.7193 112 28.9474
19.9986 110 28.9987
19.7193 113 29.0474
19.6213 114 29.0592
19.9986 111 29.0987
19.7193 114 29.1474
19.6213 115 29.1592
19.5906 116 29.2315
19.5047 117 29.2542
19.6213 116 29.2592
19.4261 118 29.2835
19.5906 117 29.3315
19.5047 118 29.3542
19.4261 119 29.3835
19.5047 119 29.4542
19.4261 120 29.4835
19.4207 121 29.5786
19.4261 121 29.5835
19.4207 122 29.6786
19.4261 122 29.6835
19.342 123 29.7078
19.3466 123 29.7119
19.4207 123 29.7786
19.342 124 29.8078
19.3466 124 29.8119
19.4207 124 29.8786
19.342 125 29.9078
19.342 126 30.0078
19.342 127 30.1078
19.342 128 30.2078
19.2625 129 30.2363
19.342 129 30.3078
19.2625 131 30.4363
19.2625 132 30.5363
19.2625 133 30.6363
19.2625 137 31.0363
19.1921 139 31.1729
19.1921 140 31.2729
21.7405 156 35.1664
22.0566 153 35.1509
21.331 145 33.6979
21.1256 161 35.113
20.3118 173 35.5806
21.1935 147 33.7742
21.3598 155 34.7238
21.3934 161 35.3541
21.159 163 35.3431
21.6553 144 33.8898
21.2879 182 37.3591
21.1133 142 33.202
20.8681 133 32.0813
22.1312 149 34.8181
22.6035 123 32.6432
21.2828 149 34.0545
20.6191 170 35.5572
21.0588 150 33.9529
21.8508 149 34.5657
22.3292 145 34.5963
21.2769 174 36.5493
21.6202 151 34.5582
21.5672 161 35.5104
22.384 142 34.3456
21.1153 155 34.5038
21.311 141 33.2799
21.7956 144 34.016
20.7089 150 33.638
20.5044 156 34.0539
21.867 153 34.9803
