20.6812 92 63.4725
20.6775 94 64.671
20.7288 94 64.6915
20.6747 95 65.2699
20.6775 95 65.271
20.6747 96 65.8699
20.6747 97 66.4699
19.9891 98 66.7956
20.547 98 67.0188
19.9891 99 67.3956
20.1044 99 67.4418
20.547 99 67.6188
19.9891 100 67.9956
19.6957 101 68.4783
19.9891 101 68.5956
19.6957 102 69.0783
19.9891 102 69.1956
19.6957 103 69.6783
19.3428 104 70.1371
19.5804 104 70.2321
19.679 104 70.2716
19.6957 104 70.2783
19.5804 105 70.8322
19.679 105 70.8716
19.6957 105 70.8783
19.5637 106 71.4255
19.5804 106 71.4322
19.3474 107 71.939
19.5637 107 72.0255
19.2321 108 72.4929
19.3308 108 72.5323
19.3474 108 72.539
19.2321 109 73.0929
19.3308 109 73.1323
19.2155 110 73.6862
19.2321 110 73.6929
19.2155 111 74.2862
19.2321 111 74.2929
19.1787 112 74.8715
19.1953 112 74.8781
19.2155 112 74.8862
19.1787 113 75.4715
19.1953 113 75.4781
19.1787 114 76.0715
19.1787 115 76.6715
19.1787 116 77.2715
19.1787 117 77.8715
19.1787 118 78.4715
19.1787 119 79.0715
19.1787 120 79.6715
19.1787 121 80.2715
19.1787 122 80.8715
19.1787 123 81.4715
19.1787 124 82.0715
19.1697 125 82.6679
19.1787 125 82.6715
19.1697 126 83.2679
19.1697 127 83.8679
19.0954 128 84.4381
19.1269 128 84.4508
19.1697 128 84.4679
19.0787 130 85.6315
19.1103 130 85.6441
19.0787 131 86.2315
20.8163 166 107.927
21.553 143 94.4212
20.521 175 113.208
20.4811 167 108.392
21.489 168 109.396
21.6699 165 107.668
22.1159 157 103.046
21.2815 143 94.3126
20.0601 173 111.824
20.8188 158 103.128
21.2452 167 108.698
21.3244 156 102.13
21.6009 146 96.2404
21.7887 137 90.9155
21.6998 146 96.2799
21.4177 131 87.1671
21.1184 156 102.047
21.4872 136 90.1949
21.5077 161 105.203
21.3003 134 88.9201
21.0234 157 102.609
21.475 151 99.19
21.5008 146 96.2003
21.936 150 98.7744
22.5309 146 96.6124
21.612 151 99.2448
20.3934 167 108.357
22.1672 144 95.2669
20.921 192 123.568
20.6099 183 118.044
