13.3359 63 58.0336
12.3083 65 59.7308
11.5215 68 62.3521
11.4926 69 63.2493
11.4252 73 66.8425
11.3706 75 68.6371
11.3706 76 69.5371
11.3096 80 73.131
11.2903 89 81.229
11.3706 75 68.6371
11.3963 77 70.4396
11.2807 83 75.8281
11.3577 85 77.6358
11.499 83 75.8499
12.2376 81 74.1238
11.2004 96 87.52
11.2935 94 85.7293
11.2935 94 85.7293
11.3545 100 91.1355
11.1522 91 83.0152
11.5215 68 62.3521
11.2935 94 85.7293
11.3577 85 77.6358
11.3963 77 70.4396
11.4091 90 82.1409
12.2376 81 74.1238
11.2935 94 85.7293
11.4252 73 66.8425
11.6114 75 68.6611
11.2903 89 81.229
11.3706 76 69.5371
11.3706 75 68.6371
11.4091 90 82.1409
11.3706 75 68.6371
11.6949 70 64.1695
11.2004 96 87.52
11.3706 75 68.6371
11.3706 75 68.6371
11.3577 88 80.3358
11.3096 80 73.131
11.4027 87 79.4403
11.4926 69 63.2493
12.3083 65 59.7308
11.2935 94 85.7293
11.2935 94 85.7293
11.2935 94 85.7293
11.6114 75 68.6611
11.2935 94 85.7293
11.4252 73 66.8425
11.5215 68 62.3521
11.3963 77 70.4396
11.3096 80 73.131
11.2935 94 85.7293
11.6949 70 64.1695
11.4091 90 82.1409
11.3577 85 77.6358
11.4477 77 70.4448
11.2807 81 74.0281
11.1811 85 77.6181
11.3096 80 73.131
13.3359 63 58.0336
13.3423 66 60.7342
11.4091 90 82.1409
11.4091 90 82.1409
11.4926 69 63.2493
11.4091 90 82.1409
11.3577 88 80.3358
11.3963 77 70.4396
11.4926 69 63.2493
11.4926 69 63.2493
11.3577 85 77.6358
12.3083 65 59.7308
11.4926 69 63.2493
12.2376 81 74.1238
11.4027 87 79.4403
11.2004 96 87.52
11.3706 75 68.6371
11.3706 75 68.6371
11.3577 85 77.6358
12.2376 81 74.1238
11.3577 85 77.6358
12.3083 65 59.7308
10.9595 104 94.696
11.3963 77 70.4396
13.3359 63 58.0336
11.2807 81 74.0281
11.4091 90 82.1409
11.3963 79 72.2396
11.4926 69 63.2493
11.3577 85 77.6358
11.2004 96 87.52
13.3359 63 58.0336
11.3577 88 80.3358
11.6114 75 68.6611
11.4091 90 82.1409
11.3577 85 77.6358
11.4059 85 77.6406
11.332 79 72.2332
12.3083 65 59.7308
11.4477 77 70.4448
11.3706 76 69.5371
11.3963 79 72.2396
11.3963 79 72.2396
11.3706 76 69.5371
11.4926 69 63.2493
11.3963 77 70.4396
11.6949 70 64.1695
11.3577 85 77.6358
11.9904 83 75.899
11.9904 83 75.899
11.4252 73 66.8425
11.4252 73 66.8425
11.3577 88 80.3358
13.3359 63 58.0336
11.3963 77 70.4396
11.3963 77 70.4396
11.3963 77 70.4396
11.4059 85 77.6406
11.5215 68 62.3521
11.3963 79 72.2396
12.3083 65 59.7308
11.4091 90 82.1409
11.2807 81 74.0281
11.1779 85 77.6178
11.3963 77 70.4396
11.3706 75 68.6371
11.4252 73 66.8425
11.2004 96 87.52
11.3963 77 70.4396
11.4926 69 63.2493
11.1811 85 77.6181
11.9904 83 75.899
11.3963 77 70.4396
11.3706 75 68.6371
12.3083 65 59.7308
11.9904 83 75.899
11.3963 77 70.4396
11.4926 69 63.2493
11.3096 80 73.131
11.4926 69 63.2493
12.2376 81 74.1238
11.3706 75 68.6371
11.4252 73 66.8425
11.4252 73 66.8425
11.3706 75 68.6371
12.2376 81 74.1238
11.2807 81 74.0281
11.5215 68 62.3521
11.4252 73 66.8425
11.3963 77 70.4396
