11.438 73 42.219
1, 2, 3, 6, 8, 10
10, 14, 13
5, 4
9, 15, 7
6, 4
7, 10, 11, 12
12.9987 64 38.4994
14, 13, 11
8, 6, 3, 2, 4
1, 2
12, 11, 10, 7, 15
9, 15, 6
4, 5
11.6821 70 40.841
10, 14, 13, 11, 12
10, 8, 6, 4, 5
15, 7
7, 15, 9
8, 15
6, 3, 2, 1
10.7829 125 67.8915
1, 2, 3, 6, 8, 10, 14
10, 13
1, 2, 4, 12, 11, 10
10, 7, 15, 9
11, 10, 8, 6, 4, 5
8, 10
11.2807 74 42.6403
12, 11, 10, 7
1, 2, 3, 6, 8, 10
8, 6, 4, 5
14, 13, 11
2, 3
7, 15, 9
11.2293 79 45.1146
12, 11, 10, 7
1, 2, 3, 6, 8, 10, 13
8, 6, 4, 5
14, 13
2, 3
7, 15, 9
11.2197 84 47.6098
12, 11, 10, 7
1, 2, 3, 6, 8, 10, 13
8, 6, 4, 5
14, 13, 11
2, 3
7, 15, 9
10.9435 99 54.9717
10, 7, 15, 9
5, 4, 6, 8, 10, 14
6, 3
6, 15, 8, 10, 11, 12
10, 8, 6, 3, 2, 1
13, 14
11.194 92 51.597
5, 2, 4, 12, 11, 10
7, 15, 6
13, 14
14, 10, 8, 6, 3, 2, 1
5, 4, 6, 8
7, 15, 9
11.2132 91 51.1066
5, 2, 4, 12, 11, 10
7, 15, 6, 3, 2
13, 14
14, 10, 8, 6, 3, 2, 1
5, 4
7, 15, 9
11.1394 96 53.5697
9, 15
12, 4
14, 10, 8, 6, 3, 2, 1
1, 2
8, 15, 7, 10, 11, 13
5, 4, 6, 8, 10
11.955 66 38.9775
14, 13, 11, 12
5, 4, 6
6, 3, 2, 1
9, 15
15, 7
11, 10, 8, 6, 15
11.8908 68 39.9454
14, 13, 11, 12
5, 4, 6
6, 3, 2, 1
9, 15
15, 7
11, 10, 8, 6, 15, 7
