13.3359 63 38.1679
13.0469 65 39.0234
12.6583 66 39.3292
12.3083 67 39.6541
11.8748 68 39.9374
11.5247 70 40.7624
11.316 72 41.658
11.3096 78 44.6548
11.0719 79 45.036
10.9724 86 48.4862
10.9242 110 60.4621
12.1574 118 65.0787
12.2376 109 60.6188
13.1079 110 61.554
12.1895 99 55.5947
13.3359 121 67.168
12.9859 88 50.4929
12.729 116 64.3645
12.3597 90 51.1798
13.1111 118 65.5556
12.4367 117 64.7184
12.8414 91 51.9207
12.9602 108 60.4801
12.2055 92 52.1028
12.6294 101 56.8147
13.2909 87 50.1455
12.4078 102 57.2039
11.6082 114 62.8041
11.9486 113 62.4743
11.7367 101 56.3683
11.939 99 55.4695
12.5716 87 49.7858
12.2794 107 59.6397
13.0051 117 65.0026
12.1124 103 57.5562
14.675 101 57.8375
12.6294 84 48.3147
12.7065 120 66.3532
12.8574 99 55.9287
12.0064 94 53.0032
13.4965 121 67.2482
