11.7559 65 27.7292
13.3841 63 28.2689
11.4958 68 28.4471
11.3417 70 28.9392
11.3706 72 29.5594
11.3288 76 30.7302
11.2903 78 31.3032
11.1137 80 31.7796
11.2004 84 33.0403
11.1008 89 34.4706
11.0912 93 35.6638
11.0559 96 36.5391
11.0398 99 37.4279
11.1137 100 37.7796
11.0816 102 38.3571
11.043 103 38.6301
11.0173 104 38.9121
11.043 105 39.2301
11.0077 108 40.1054
11.043 112 41.3301
10.9852 121 43.9897
10.9756 131 46.9829
12.9955 109 41.7969
13.5928 88 35.915
13.079 93 37.0553
13.5029 94 37.652
12.2987 85 34.1091
12.7097 94 37.0968
11.894 119 44.0258
12.1638 134 48.7146
13.1785 104 40.425
11.8105 120 44.2674
13.4579 118 44.8206
13.4804 103 40.3363
11.7624 115 42.7337
13.1561 120 45.2092
12.3147 125 46.1203
13.3552 77 32.4486
14.1387 87 35.9971
13.429 139 51.1003
13.5767 99 39.2037
14.5594 107 42.2916
12.5523 119 44.4866
12.8735 106 40.8114
13.0501 131 48.4351
12.5427 99 38.4799
12.8895 106 40.8227
13.1625 118 44.6137
12.7803 115 43.4462
12.0257 106 40.218
13.0629 99 38.8441
12.1092 105 39.9764
