11.9004 65 33.1403
13.5639 64 33.7383
13.034 64 33.4204
11.4348 68 34.0609
11.5665 71 35.3399
11.3866 78 38.032
11.0944 80 38.6566
11.0848 82 39.4509
11.0848 84 40.2509
11.0655 91 43.0393
11.0848 85 40.6509
11.0238 101 47.0143
11.0238 101 47.0143
11.4477 103 48.0686
11.8234 105 49.094
11.5247 111 51.3148
13.034 64 33.4204
11.3866 78 38.032
13.034 64 33.4204
11.0238 101 47.0143
11.4348 68 34.0609
11.0655 91 43.0393
11.0655 91 43.0393
11.0848 82 39.4509
11.0238 101 47.0143
11.5665 71 35.3399
11.5279 87 41.7168
11.3802 105 48.8281
11.0655 91 43.0393
11.9004 65 33.1403
11.9004 65 33.1403
11.5215 96 45.3129
11.0944 80 38.6566
11.5665 71 35.3399
11.4477 103 48.0686
11.0944 80 38.6566
11.0848 85 40.6509
11.5665 71 35.3399
11.4477 103 48.0686
11.0944 80 38.6566
13.034 64 33.4204
13.034 64 33.4204
11.4477 103 48.0686
13.5864 63 33.3518
11.3802 105 48.8281
11.0944 80 38.6566
11.0944 80 38.6566
11.9261 120 55.1557
11.0238 101 47.0143
11.0751 89 42.2451
11.0238 101 47.0143
11.255 123 55.953
11.4348 68 34.0609
11.5665 71 35.3399
11.0944 80 38.6566
11.6339 119 54.5803
11.0655 91 43.0393
11.0944 80 38.6566
11.5311 93 44.1187
13.034 64 33.4204
11.0944 80 38.6566
11.4477 103 48.0686
11.9004 65 33.1403
11.0238 101 47.0143
13.5864 63 33.3518
11.5311 95 44.9187
11.3866 78 38.032
11.0238 101 47.0143
13.034 64 33.4204
13.034 64 33.4204
13.5864 63 33.3518
11.5665 71 35.3399
11.3931 75 36.8358
11.5215 96 45.3129
11.3866 78 38.032
13.9428 65 34.3657
11.5665 71 35.3399
11.4477 103 48.0686
11.9004 65 33.1403
11.9004 65 33.1403
11.0848 82 39.4509
11.0238 101 47.0143
11.9004 65 33.1403
11.0848 85 40.6509
11.5279 119 54.5168
11.0944 80 38.6566
11.0655 91 43.0393
11.0848 82 39.4509
11.4477 103 48.0686
11.3866 78 38.032
11.0751 95 44.6451
11.4348 68 34.0609
13.034 64 33.4204
11.0238 101 47.0143
11.9004 65 33.1403
11.4348 68 34.0609
11.0655 91 43.0393
11.3866 78 38.032
11.4348 98 46.0609
11.0238 101 47.0143
11.0944 80 38.6566
11.4637 115 52.8782
11.1329 121 55.0798
11.0238 101 47.0143
11.4477 103 48.0686
11.3866 78 38.032
11.0238 101 47.0143
13.034 64 33.4204
13.034 64 33.4204
11.0238 101 47.0143
13.034 64 33.4204
11.0655 91 43.0393
11.0944 80 38.6566
13.034 64 33.4204
11.4348 68 34.0609
11.0944 80 38.6566
11.0751 89 42.2451
11.5311 93 44.1187
11.5119 115 52.9071
11.0944 80 38.6566
13.5864 63 33.3518
11.0655 91 43.0393
11.0238 101 47.0143
11.5665 71 35.3399
11.5665 71 35.3399
11.0238 101 47.0143
11.0944 80 38.6566
11.4477 103 48.0686
11.9004 65 33.1403
11.0944 80 38.6566
11.0944 80 38.6566
11.0944 80 38.6566
11.3866 78 38.032
11.0944 80 38.6566
13.034 64 33.4204
11.4348 68 34.0609
11.4477 103 48.0686
11.5279 87 41.7168
11.3866 78 38.032
11.1715 125 56.7029
11.0751 89 42.2451
11.0944 80 38.6566
11.0944 80 38.6566
13.5864 63 33.3518
11.0848 85 40.6509
11.0238 101 47.0143
11.0944 80 38.6566
11.5665 71 35.3399
11.0944 80 38.6566
11.0944 80 38.6566
