13.0308 63 48.0092
12.7354 64 48.6206
11.9326 65 49.0798
11.8908 68 51.1672
11.65 70 52.495
11.5055 71 53.1516
11.3031 72 53.7909
11.2229 78 57.9669
11.2132 79 58.664
11.194 80 59.3582
11.1233 82 60.737
11.1169 85 62.8351
10.9724 86 63.4917
11.1972 86 63.5592
10.9724 88 64.8917
10.9371 91 66.9811
11.1972 92 67.7592
10.9338 94 69.0801
10.9724 94 69.0917
10.982 94 69.0946
11.1586 94 69.1476
10.9435 96 70.483
10.9082 101 73.9724
10.9049 104 76.0715
10.9884 110 80.2965
10.8696 119 86.5609
10.7829 125 90.7349
12.4014 124 90.5204
13.1304 113 83.0391
13.1818 89 66.2545
12.6936 84 62.6081
13.2492 112 82.3748
12.1188 101 74.3356
13.718 96 71.3154
14.386 106 78.5158
11.5215 123 89.5564
13.1368 93 69.041
12.7033 94 69.611
12.9602 120 87.8881
13.7502 125 91.625
12.1766 86 63.853
13.0308 109 80.2092
12.4207 81 60.4262
12.2665 76 56.88
12.3147 104 76.4944
13.5446 89 66.3634
12.411 141 102.423
11.9486 134 97.3846
12.4496 101 74.4349
13.352 99 73.3056
12.3757 129 94.0127
12.7996 92 68.2399
12.0353 97 71.5106
12.9666 102 75.29
13.4322 101 74.7297
13.2139 88 65.5642
12.1766 93 68.753
