11.0077 96 19.5069
7, 15, 6, 4, 5
1, 2, 3, 6, 8, 10, 11
11, 13, 14
10, 8
1, 2
9, 15, 7, 10, 11, 12
10.9949 108 20.6954
4, 2
9, 15, 7, 10
4, 6, 8, 10, 11, 13, 14
11, 12
1, 2, 3, 6, 8, 10
5, 4, 12, 11, 10
10.9467 134 23.252
3, 6, 8, 10, 7, 15, 9
5, 2, 4, 12, 11, 13
1, 2, 3, 6, 8, 10, 14
14, 10
8, 6
12, 11, 10, 8, 6, 4
11.4958 68 17.1462
15, 7
9, 15, 6, 4, 12
1, 2, 3, 6, 8, 10, 11
11, 13, 14
5, 4
7, 15
12.3083 65 17.5775
5, 4, 6
12, 11, 13
11, 10, 8, 15
9, 15, 7
1, 2, 3, 6, 8
13, 14
10.9627 126 22.4665
3, 6, 8, 10, 7, 15, 9
5, 2, 4, 12, 11, 13
1, 2, 3, 6, 8, 10
14, 10
8, 6
12, 11, 10, 8, 6, 4
12.0193 67 17.5173
2, 3, 6, 8, 10, 11
12, 4, 5, 2, 1
14, 13, 11
15, 7
15, 9
15, 8
13.3359 63 18.3023
2, 4, 5
1, 2, 3
3, 6, 8, 15
14, 13, 11
9, 15, 7, 10, 11
11, 12
11.088 89 18.8792
7, 15, 6
13, 14, 10, 11, 12
10, 8, 6, 4, 5
12, 4
1, 2, 3, 6, 8, 10
9, 15
11.4412 71 17.3971
7, 15, 6, 3
10, 11, 13, 14
10, 8, 6, 4, 5
12, 4
1, 2, 3, 6, 8
9, 15
11.1265 81 18.1139
7, 15, 6, 3, 2
10, 11, 13, 14
10, 8, 6, 4, 5
12, 4
1, 2, 3, 6, 8, 10
9, 15
11.2421 76 17.7179
7, 15, 6
10, 11, 13, 14
10, 8, 6, 4, 5
12, 4
1, 2, 3, 6, 8, 10
9, 15
11.1843 79 17.9659
7, 15, 6, 3
10, 11, 13, 14
10, 8, 6, 4, 5
12, 4
1, 2, 3, 6, 8, 10
9, 15
11.3834 73 17.5451
7, 15, 6, 3, 2
10, 11, 13, 14
10, 8, 6, 4, 5
12, 4
1, 2, 3, 6, 8
9, 15
11.0302 92 19.1272
7, 15, 6, 3
13, 14, 10, 11, 12
10, 8, 6, 4, 5
12, 4
1, 2, 3, 6, 8, 10
9, 15
