13.1207 63 33.0724
12.7482 66 34.0489
11.6789 68 34.2073
12.684 69 35.2104
11.4155 69 34.4493
11.4155 69 34.4493
11.6692 72 35.8015
11.2486 82 39.5491
12.456 75 37.4736
11.6211 88 42.1726
11.2229 90 42.7337
11.027 95 44.6162
11.2229 90 42.7337
10.9563 117 53.3738
11.3545 90 42.8127
12.4881 73 36.6929
12.456 68 34.6736
12.4881 73 36.6929
12.4207 67 34.2524
12.4207 67 34.2524
12.7482 66 34.0489
12.7482 66 34.0489
11.7174 73 36.2304
13.1207 63 33.0724
11.2229 90 42.7337
12.7482 66 34.0489
11.194 100 46.7164
11.4155 69 34.4493
11.2229 90 42.7337
12.4881 73 36.6929
11.6789 68 34.2073
11.3545 90 42.8127
11.3288 104 48.3973
11.6789 68 34.2073
12.684 69 35.2104
11.4155 69 34.4493
12.7482 66 34.0489
13.1207 63 33.0724
11.2229 90 42.7337
11.4155 69 34.4493
11.4155 69 34.4493
11.2229 90 42.7337
12 68 34.4
11.4155 69 34.4493
13.1207 63 33.0724
11.2229 90 42.7337
11.4155 69 34.4493
12.456 68 34.6736
11.2229 90 42.7337
11.6211 86 41.3726
11.6789 68 34.2073
12.4207 67 34.2524
11.6789 68 34.2073
11.4155 69 34.4493
12.684 69 35.2104
12.4881 73 36.6929
11.027 95 44.6162
11.2229 90 42.7337
11.027 95 44.6162
13.1207 63 33.0724
12.4207 67 34.2524
12.4207 67 34.2524
10.9981 105 48.5988
11.6211 86 41.3726
11.2229 90 42.7337
11.1362 96 45.0817
11.4155 69 34.4493
11.8362 70 35.1017
11.2229 90 42.7337
11.7174 73 36.2304
11.2229 90 42.7337
11.8362 70 35.1017
11.4155 69 34.4493
11.6307 94 44.5784
11.2229 90 42.7337
11.4155 69 34.4493
11.2229 90 42.7337
11.6211 86 41.3726
12.4207 67 34.2524
11.6179 76 37.3707
11.2229 90 42.7337
11.0045 103 47.8027
11.6789 68 34.2073
11.3288 96 45.1973
11.3963 81 39.2378
11.027 95 44.6162
12 68 34.4
11.4155 69 34.4493
11.2518 86 41.1511
11.2229 90 42.7337
11.316 76 37.1896
12.4207 67 34.2524
11.4155 69 34.4493
11.2229 90 42.7337
11.4155 69 34.4493
11.7174 73 36.2304
12 68 34.4
11.6211 88 42.1726
13.1207 63 33.0724
12.4881 73 36.6929
11.2229 90 42.7337
11.2229 90 42.7337
13.1207 63 33.0724
13.1207 63 33.0724
11.2229 90 42.7337
11.027 95 44.6162
11.2229 90 42.7337
11.2229 90 42.7337
11.6179 76 37.3707
13.1207 63 33.0724
11.6211 88 42.1726
11.6789 68 34.2073
11.2229 90 42.7337
11.2229 90 42.7337
11.8362 70 35.1017
11.316 76 37.1896
11.6211 88 42.1726
11.4155 69 34.4493
11.7174 73 36.2304
11.6211 86 41.3726
11.6179 76 37.3707
13.1207 63 33.0724
11.2229 90 42.7337
11.027 95 44.6162
12.4207 67 34.2524
12.7482 66 34.0489
12 68 34.4
11.6307 94 44.5784
11.2229 90 42.7337
11.6179 76 37.3707
11.7174 73 36.2304
11.027 95 44.6162
11.2229 90 42.7337
11.6307 94 44.5784
11.8362 70 35.1017
11.6211 88 42.1726
11.6789 68 34.2073
12.684 69 35.2104
11.4155 69 34.4493
11.4155 69 34.4493
11.2229 90 42.7337
11.0045 103 47.8027
11.3545 90 42.8127
11.3288 104 48.3973
11.7174 73 36.2304
11.2229 90 42.7337
11.027 95 44.6162
12.4207 67 34.2524
12.4207 67 34.2524
11.2229 90 42.7337
