13.3359 63 43.1344
12.668 65 44.0672
12.2376 68 45.6951
11.5601 70 46.624
11.5279 72 47.8112
11.4123 73 48.3649
11.377 78 51.3508
11.3706 84 54.9482
11.3288 86 56.1315
11.2742 88 57.3097
11.2229 90 58.4892
11.027 95 61.4108
11.0045 103 66.2018
10.966 105 67.3864
10.9981 105 67.3992
10.9403 109 69.7761
10.9371 115 73.3748
12.8157 104 67.5263
13.4451 108 70.178
12.2922 92 60.1169
12.6101 88 57.8441
13.2942 89 58.7177
11.9261 103 66.5705
12.3179 103 66.7272
11.4766 109 69.9906
13.1496 80 53.2599
12.8703 117 75.3481
13.3198 102 66.5279
13.9525 91 60.181
13.1047 96 62.8419
12.9345 103 66.9738
12.8189 100 65.1276
13.3038 113 73.1215
11.878 108 69.5512
12.1574 97 63.0629
13.0148 99 64.6059
14.1259 123 79.4504
12.9184 103 66.9674
13.641 81 54.0564
12.2987 114 73.3195
12.9827 82 54.3931
12.6198 113 72.8479
13.6795 81 54.0718
12.3982 90 58.9593
11.4155 105 67.5662
12.4464 79 52.3786
12.9152 112 72.3661
