12.6101 63 52.922
11.5344 65 54.3069
11.3931 68 56.6786
11.5247 70 58.3049
11.3931 68 56.6786
11.544 81 67.1088
11.4059 85 70.2812
11.3963 77 63.8793
11.1362 85 70.2272
11.5922 84 69.5184
11.3674 83 68.6735
11.3674 83 68.6735
11.3931 68 56.6786
11.4059 85 70.2812
11.3674 83 68.6735
11.544 81 67.1088
11.4059 85 70.2812
11.4252 85 70.285
11.3674 83 68.6735
11.544 81 67.1088
11.5247 70 58.3049
11.4252 85 70.285
11.4252 85 70.285
11.5247 70 58.3049
11.3963 79 65.4793
11.3674 83 68.6735
11.3674 83 68.6735
11.2903 89 73.4581
11.5344 65 54.3069
11.1843 83 68.6369
11.3674 83 68.6735
11.1362 85 70.2272
11.3931 68 56.6786
11.5344 75 62.3069
11.3674 83 68.6735
11.3674 83 68.6735
11.5344 65 54.3069
11.4059 85 70.2812
12.6101 63 52.922
11.1458 87 71.8292
11.1362 85 70.2272
11.3931 68 56.6786
12.7836 65 54.5567
11.3674 83 68.6735
11.5922 84 69.5184
12.6101 63 52.922
11.4059 85 70.2812
11.3963 77 63.8793
11.5344 65 54.3069
11.3674 83 68.6735
12.6101 63 52.922
11.2967 75 62.2593
11.1362 85 70.2272
11.5344 65 54.3069
11.3674 83 68.6735
11.3963 79 65.4793
11.3674 83 68.6735
11.5344 65 54.3069
11.5344 65 54.3069
11.5344 65 54.3069
11.1362 85 70.2272
11.5247 70 58.3049
11.5922 84 69.5184
11.3931 68 56.6786
12.6101 63 52.922
11.3674 83 68.6735
11.544 81 67.1088
11.3931 68 56.6786
11.3963 77 63.8793
11.3674 83 68.6735
11.5247 70 58.3049
11.3931 68 56.6786
12.6101 63 52.922
11.5247 70 58.3049
11.3931 68 56.6786
11.5344 65 54.3069
11.4059 85 70.2812
11.5247 70 58.3049
11.4188 82 67.8838
11.1362 85 70.2272
11.3931 68 56.6786
11.5922 84 69.5184
11.544 81 67.1088
11.3931 68 56.6786
11.3674 83 68.6735
11.1362 85 70.2272
11.1362 85 70.2272
11.3931 68 56.6786
11.3674 83 68.6735
11.5344 65 54.3069
11.2903 89 73.4581
11.3674 83 68.6735
11.1362 85 70.2272
11.1362 85 70.2272
11.544 81 67.1088
11.4252 85 70.285
11.1362 85 70.2272
11.3674 83 68.6735
11.5247 70 58.3049
11.3931 68 56.6786
11.1362 85 70.2272
11.4059 85 70.2812
11.4252 85 70.285
11.5344 65 54.3069
11.5344 65 54.3069
11.5344 75 62.3069
11.3931 68 56.6786
11.1362 85 70.2272
11.1362 85 70.2272
11.5247 70 58.3049
11.4252 85 70.285
11.5247 70 58.3049
11.5344 65 54.3069
11.3963 79 65.4793
11.5344 75 62.3069
11.3931 68 56.6786
11.5247 70 58.3049
11.5344 73 60.7069
11.3674 83 68.6735
11.544 81 67.1088
11.4059 85 70.2812
11.3963 79 65.4793
11.5247 70 58.3049
11.3931 68 56.6786
11.3931 68 56.6786
11.1362 85 70.2272
11.5247 70 58.3049
11.3931 68 56.6786
11.3674 83 68.6735
11.4059 85 70.2812
11.4188 84 69.4838
11.3674 83 68.6735
12.7836 65 54.5567
10.9467 93 76.5893
12.6101 63 52.922
11.4059 85 70.2812
11.5247 70 58.3049
11.4059 85 70.2812
11.3963 77 63.8793
11.3931 68 56.6786
11.3931 68 56.6786
11.1362 85 70.2272
11.3963 77 63.8793
11.3963 77 63.8793
11.5247 70 58.3049
11.3931 68 56.6786
11.3674 83 68.6735
11.4059 85 70.2812
11.5922 84 69.5184
11.3931 68 56.6786
