11.9326 65 17.2393
11.6403 69 17.3763
11.3899 72 17.4509
11.5055 71 17.4549
11.3866 75 17.748
11.3899 72 17.4509
13.1561 63 18.1405
11.3417 87 18.9075
11.1233 88 18.811
11.2614 92 19.3353
11.3481 90 19.2133
11.4252 85 18.7827
11.4348 91 19.3913
11.4348 91 19.3913
11.4252 85 18.7827
11.6403 69 17.3763
11.4894 82 18.5405
11.2293 82 18.3064
11.4766 83 18.6289
11.4252 85 18.7827
11.3417 93 19.5075
11.4252 85 18.7827
11.5119 74 17.7607
11.3899 72 17.4509
11.1233 82 18.211
11.4894 82 18.5405
11.5055 71 17.4549
11.3866 75 17.748
11.3899 72 17.4509
11.2293 82 18.3064
11.3866 75 17.748
11.3385 103 20.5046
11.3866 75 17.748
11.5055 71 17.4549
11.3866 75 17.748
11.3899 72 17.4509
11.4252 85 18.7827
11.4252 85 18.7827
11.3866 75 17.748
11.3866 75 17.748
11.5119 74 17.7607
11.1233 82 18.211
11.4348 91 19.3913
11.4252 85 18.7827
11.3963 82 18.4566
11.3963 72 17.4566
11.4348 91 19.3913
11.9326 65 17.2393
11.4252 85 18.7827
11.4252 85 18.7827
11.1233 82 18.211
11.4252 85 18.7827
11.3899 72 17.4509
11.3899 72 17.4509
11.3899 72 17.4509
11.3866 75 17.748
11.3899 72 17.4509
11.4348 91 19.3913
11.9326 65 17.2393
11.3417 87 18.9075
11.4348 91 19.3913
11.3866 75 17.748
13.1561 63 18.1405
11.4123 84 18.6711
11.7527 89 19.4775
11.3899 72 17.4509
11.4348 91 19.3913
11.4252 85 18.7827
11.3899 72 17.4509
11.1233 82 18.211
11.1233 82 18.211
11.6403 69 17.3763
11.3899 72 17.4509
11.4348 91 19.3913
11.4348 91 19.3913
11.3866 75 17.748
11.1233 82 18.211
11.3899 72 17.4509
11.7624 95 20.0861
11.4252 85 18.7827
11.4123 89 19.1711
11.4252 85 18.7827
11.1233 82 18.211
11.4348 91 19.3913
11.4348 91 19.3913
11.6403 69 17.3763
11.3963 72 17.4566
11.6403 69 17.3763
13.1561 64 18.2405
11.3353 80 18.2017
11.5055 71 17.4549
11.332 84 18.5988
11.5472 87 19.0925
11.2293 82 18.3064
11.5055 71 17.4549
11.3899 72 17.4509
11.3353 80 18.2017
11.3899 72 17.4509
11.6403 69 17.3763
11.9326 65 17.2393
11.4348 91 19.3913
11.3963 72 17.4566
11.6403 69 17.3763
11.2967 82 18.3671
11.1233 82 18.211
11.3899 72 17.4509
11.3899 72 17.4509
13.1561 64 18.2405
11.9326 65 17.2393
11.3899 72 17.4509
11.3417 86 18.8075
11.3417 93 19.5075
11.4348 91 19.3913
11.4766 83 18.6289
11.5376 98 20.1838
11.9197 93 20.0277
11.1233 82 18.211
11.4123 84 18.6711
11.3899 72 17.4509
11.3963 85 18.7566
11.5055 71 17.4549
11.4348 91 19.3913
11.5119 74 17.7607
11.3353 80 18.2017
11.4509 107 21.0058
11.3417 87 18.9075
11.8491 105 21.1642
11.1233 82 18.211
11.6403 69 17.3763
11.5055 71 17.4549
11.4348 91 19.3913
11.3899 72 17.4509
11.3899 72 17.4509
11.3417 87 18.9075
11.4252 85 18.7827
11.6403 69 17.3763
11.4348 91 19.3913
11.3866 75 17.748
11.4252 85 18.7827
11.3866 75 17.748
11.6885 87 19.2197
11.3353 80 18.2017
11.4348 91 19.3913
11.4348 91 19.3913
11.5055 71 17.4549
11.8234 95 20.141
11.6403 69 17.3763
11.3899 72 17.4509
11.3899 72 17.4509
13.1561 64 18.2405
