11.1458 91 27.1166
8, 10, 11, 12
13, 14
15, 6
13, 14, 10, 7, 15, 9
5, 4, 6, 8, 10
7, 15, 6, 3, 2, 1
12.411 67 23.3288
1, 2, 3, 6, 8
8, 15, 9
14, 13
12, 11, 10, 7, 15, 6, 4
4, 5
13, 11
11.316 75 24.0528
1, 2, 3, 6, 8, 10, 11
8, 15, 9
14, 13
10, 7, 15, 6, 4, 12
4, 5
13, 11
11.4155 68 22.7324
1, 2, 3, 6, 8, 10, 11
8, 15, 9
14, 13
7, 15, 6, 4, 12
4, 5
13, 11
13.3841 63 23.3073
12, 4, 2
3, 6, 8
15, 7, 10, 11, 13, 14
8, 15, 9
4, 5
1, 2, 3
11.0976 92 27.2781
6, 15, 7
7, 10, 8, 6, 4, 5
14, 13, 11, 12, 4
1, 2, 3, 6, 8, 10
5, 4
9, 15
11.332 73 23.6656
12, 11
14, 13
11, 10, 8, 6, 3, 2, 1
14, 10
6, 4, 5
9, 15, 7, 10
11.1715 78 24.5372
12, 11, 10
14, 13
11, 10, 8, 6, 3, 2, 1
14, 10
6, 4, 5
9, 15, 7, 10
12.6198 65 23.0958
5, 4, 2
1, 2, 3, 6, 8, 15
9, 15, 7, 10
3, 2
10, 11, 13, 14
4, 12
10.9467 93 27.3574
13, 11, 10, 8, 6, 4, 5
14, 10
7, 15, 9
7, 10, 11, 12
8, 6
1, 2, 3, 6, 8, 10
10.8343 107 30.0674
13, 14, 10, 11, 12
14, 13
14, 13, 11, 10, 7, 15, 9
10, 8, 6, 3, 2, 1
13, 11
11, 10, 8, 6, 4, 5
10.8054 125 33.6443
13, 14, 10, 11, 12, 4
13, 10
14, 13, 11, 10, 7, 15, 9
10, 8, 6, 3, 2, 1
13, 11
11, 10, 8, 6, 4, 5
10.9178 103 29.3342
13, 11, 10, 8, 6, 4, 5
14, 10
7, 15, 9
7, 10, 11, 12, 4
8, 6
1, 2, 3, 6, 8, 10
11.1651 88 26.532
12, 11, 10
14, 13
11, 10, 8, 6, 3, 2, 1
14, 10
6, 4, 5
9, 15, 7, 10, 13
