11.3995 75 17.7595
7, 15, 9
7, 10, 13
6, 4, 5
10, 11, 12
10, 8, 6, 3, 2, 1
14, 13
11.2871 80 18.1584
5, 4
10, 11, 12
5, 2
13, 14, 10
11, 10, 8, 6, 3, 2, 1
10, 7, 15, 9
11.1715 84 18.4543
5, 4, 6
10, 11, 12
5, 2
13, 14, 10
11, 10, 8, 6, 3, 2, 1
10, 7, 15, 9
11.1329 95 19.5197
5, 4, 6, 15, 9
10, 11, 12
5, 2
13, 14, 10
11, 10, 8, 6, 3, 2, 1
10, 7, 15, 9
11.0013 105 20.4012
12, 11
6, 4
12, 11, 10, 7, 15
9, 15
13, 10, 8, 6, 3, 2, 1
14, 10, 8, 6, 4, 5
10.9467 110 20.852
12, 11, 13
6, 4
12, 11, 10, 7, 15
9, 15
13, 10, 8, 6, 3, 2, 1
14, 10, 8, 6, 4, 5
10.8889 113 21.1
12, 11
6, 4
12, 11, 10, 7, 15, 9
9, 15
13, 10, 8, 6, 3, 2, 1
14, 10, 8, 6, 4, 5
10.8343 118 21.5509
12, 11, 13
6, 4
12, 11, 10, 7, 15, 9
9, 15
13, 10, 8, 6, 3, 2, 1
14, 10, 8, 6, 4, 5
11.544 74 17.7896
2, 4, 12
14, 13, 10
5, 4
15, 7, 10
1, 2, 3, 6, 8, 10, 11
15, 9
11.666 69 17.3994
7, 15
10, 8, 6, 3, 2, 1
10, 14
14, 13, 11, 12
15, 9
5, 4, 6, 15
11.6628 73 17.7965
7, 15
10, 8, 6, 3, 2, 1
14, 13, 10
14, 13, 11, 12
15, 9
5, 4, 6, 15
13.0726 66 18.3653
9, 15
8, 10, 11, 12
1, 2, 4
11, 13, 14
5, 4, 6
7, 15, 8, 6, 3
12.7964 67 18.2168
5, 4, 6
13, 11
11, 12
13, 14, 10
1, 2, 3, 6, 8, 15, 9
10, 7, 15
