12.5716 67 50.6715
2, 3
14, 13, 11, 10
5, 4, 6, 8
11, 12
1, 2, 3, 6, 15, 7, 10
9, 15
12.5267 68 51.358
2, 3
14, 13, 11, 10
5, 4, 6
11, 12
1, 2, 3, 6, 15, 7
9, 15, 8, 10
12.668 65 49.3004
14, 13, 11, 10
11, 12
14, 13
5, 4, 2
1, 2, 3, 6, 8, 15
10, 7, 15, 9
11.1233 82 60.737
12, 11, 10, 8, 6, 4
11, 13, 14
4, 5
9, 15, 7
7, 10, 8, 6, 3, 2, 1
8, 6
11.0687 86 63.5206
12, 11, 10, 8, 6, 4
11, 13, 14
6, 4, 5
9, 15, 7
7, 10, 8, 6, 3, 2, 1
8, 6
11.0334 89 65.61
12, 11, 10, 8, 6, 4
11, 13, 14
4, 5
9, 15, 7, 10
7, 10, 8, 6, 3, 2, 1
8, 6
11.1169 85 62.8351
12, 11, 10, 8, 6, 4
11, 13, 14
2, 4, 5
9, 15, 7
7, 10, 8, 6, 3, 2, 1
8, 6
11.5055 71 53.1516
12, 11, 10
11, 13, 14
2, 4, 5
9, 15, 7
7, 10, 8, 6, 3, 2, 1
8, 6
12.7354 64 48.6206
13, 11, 10, 7
9, 15, 8, 6, 4, 5
13, 14
6, 3, 2, 1
15, 7
4, 12
11.0173 92 67.7052
12, 11, 10, 14, 13
11, 10, 7, 15, 9
11, 10, 8, 6, 3, 2, 1
7, 15, 6, 4, 5
3, 2
15, 7
10.9627 105 76.7888
9, 15, 7, 10
14, 13, 11
11, 10, 8, 6, 3, 2, 1
10, 11, 12, 4, 5
13, 14
4, 6, 8, 10, 14
10.9306 107 78.1792
9, 15, 7, 10
14, 13, 11, 12, 4, 5
11, 10, 8, 6, 3, 2, 1
10, 11, 12
13, 14
4, 6, 8, 10
10.9724 100 73.2917
9, 15, 7, 10
14, 13
11, 10, 8, 6, 3, 2, 1
10, 11, 12, 4, 5
13, 14
4, 6, 8, 10, 14
10.9178 115 83.7753
9, 15, 7, 10
14, 13, 11, 12
11, 10, 8, 6, 3, 2, 1
10, 11, 12, 4, 5
13, 14
4, 6, 8, 10, 14
10.9756 97 71.1927
9, 15, 7, 10
14, 13, 11
11, 10, 8, 6, 3, 2, 1
10, 11, 12, 4, 5
13, 14
4, 6, 8, 10
11.8876 70 52.5663
14, 13, 11, 12
7, 15, 6, 3, 2, 1
2, 4, 5
10, 8, 6, 15, 9
3, 2
11, 10
11.3031 72 53.7909
9, 15, 7
10, 11, 12
11, 13, 14
1, 2, 3, 6, 8, 10
8, 6, 4, 5
7, 10
11.2132 79 58.664
9, 15, 7, 10
10, 11, 12
11, 13, 14
1, 2, 3, 6, 8, 10
8, 6, 4, 5
7, 10
10.7829 125 90.7349
1, 2, 3, 6, 8, 10, 14
10, 13
1, 2, 4, 12, 11, 10
10, 7, 15, 9
11, 10, 8, 6, 4, 5
8, 10
13.0308 63 48.0092
15, 8
1, 2, 4
2, 3, 6, 8
5, 4
4, 12
9, 15, 7, 10, 11, 13, 14
