11.9004 65 33.1403
13.7245 64 33.8347
11.4348 68 34.0609
11.5665 71 35.3399
11.0944 80 38.6566
11.0944 80 38.6566
11.0944 80 38.6566
11.0655 91 43.0393
11.0751 89 42.2451
11.4252 95 44.8551
12.8895 109 51.3337
12.3982 126 57.8389
11.4348 68 34.0609
11.4348 68 34.0609
11.0944 80 38.6566
13.7309 67 35.0385
11.0944 80 38.6566
11.9004 65 33.1403
11.9004 65 33.1403
11.4348 68 34.0609
11.0944 80 38.6566
11.0655 91 43.0393
13.7245 64 33.8347
11.9004 65 33.1403
11.3931 75 36.8358
11.0848 85 40.6509
11.9004 65 33.1403
11.0848 82 39.4509
11.0944 80 38.6566
11.9004 65 33.1403
11.0848 84 40.2509
12.623 106 49.9738
11.499 108 50.0994
11.3931 75 36.8358
11.2518 116 53.1511
13.7245 64 33.8347
11.9004 65 33.1403
11.5665 71 35.3399
11.0655 91 43.0393
11.0848 82 39.4509
11.0848 82 39.4509
11.955 122 55.973
11.0944 80 38.6566
11.9004 65 33.1403
13.7245 64 33.8347
11.0366 101 47.022
11.0944 80 38.6566
11.0848 84 40.2509
13.7309 67 35.0385
11.0944 80 38.6566
11.0848 85 40.6509
12.0996 109 50.8597
11.0944 80 38.6566
13.7309 67 35.0385
11.3353 111 51.2012
11.0751 89 42.2451
11.4027 114 52.4416
11.4701 114 52.4821
11.0944 80 38.6566
11.4348 68 34.0609
11.4348 68 34.0609
11.0944 80 38.6566
11.0848 82 39.4509
13.7245 64 33.8347
11.0848 85 40.6509
11.0655 91 43.0393
11.0944 80 38.6566
11.4155 97 45.6493
11.4027 117 53.6416
11.5665 71 35.3399
11.0655 91 43.0393
11.0848 85 40.6509
11.5665 71 35.3399
11.0944 80 38.6566
11.4155 97 45.6493
11.0848 85 40.6509
13.7245 64 33.8347
11.4348 68 34.0609
11.0655 91 43.0393
11.0944 80 38.6566
11.9004 65 33.1403
11.0655 91 43.0393
11.0944 80 38.6566
11.0944 80 38.6566
11.0655 91 43.0393
11.5665 71 35.3399
11.0944 80 38.6566
11.3963 117 53.6378
11.0944 80 38.6566
11.5665 71 35.3399
11.0944 80 38.6566
11.0848 85 40.6509
11.0848 85 40.6509
11.6981 109 50.6189
13.7245 64 33.8347
11.0944 80 38.6566
11.4252 95 44.8551
11.0655 91 43.0393
13.7245 64 33.8347
11.0751 89 42.2451
11.5665 71 35.3399
13.7245 64 33.8347
11.0944 80 38.6566
12.35 114 53.01
11.0944 80 38.6566
11.0944 80 38.6566
11.3545 110 50.8127
11.1458 117 53.4875
11.0751 89 42.2451
11.0944 80 38.6566
11.0944 80 38.6566
11.9004 65 33.1403
11.0944 80 38.6566
11.4348 68 34.0609
11.0944 80 38.6566
11.0944 80 38.6566
11.0944 80 38.6566
11.1779 101 47.1067
11.0944 80 38.6566
11.4701 114 52.4821
11.0944 80 38.6566
11.3866 113 52.032
11.4862 112 51.6917
11.9004 65 33.1403
13.7309 67 35.0385
11.5279 119 54.5168
11.0944 80 38.6566
12.4528 108 50.6717
11.5119 115 52.9071
11.21 109 50.326
11.6981 109 50.6189
11.4348 68 34.0609
11.6243 119 54.5746
11.0655 91 43.0393
11.0944 80 38.6566
11.0751 95 44.6451
11.9004 65 33.1403
11.4348 68 34.0609
11.8491 123 56.3094
11.9004 65 33.1403
11.9004 65 33.1403
11.0944 80 38.6566
11.9004 65 33.1403
11.0944 80 38.6566
11.0655 91 43.0393
11.0655 91 43.0393
11.4444 118 54.0667
11.0944 80 38.6566
12.5395 111 51.9237
11.0751 89 42.2451
