11.4958 68 17.1462
11.4958 68 17.1462
12.3083 65 17.5775
12.0931 67 17.5838
11.4477 72 17.5029
11.3096 80 18.1786
11.3995 74 17.6595
12.2376 81 19.1139
14.4438 64 19.3994
11.9904 83 19.0913
11.5761 83 18.7185
11.7303 116 22.1572
11.4958 68 17.1462
11.3995 74 17.6595
11.4958 68 17.1462
11.3995 74 17.6595
11.8459 102 20.8613
11.4958 68 17.1462
11.3096 80 18.1786
11.5761 93 19.7185
11.1522 91 19.137
12.0931 67 17.5838
11.4477 72 17.5029
11.3096 80 18.1786
11.9904 83 19.0913
11.7238 105 21.0514
12.0931 67 17.5838
11.4477 72 17.5029
11.9904 83 19.0913
11.65 107 21.185
11.4958 68 17.1462
11.1522 91 19.137
12.2376 81 19.1139
11.3995 74 17.6595
14.4438 64 19.3994
11.4477 72 17.5029
11.3096 80 18.1786
11.4477 72 17.5029
11.3096 80 18.1786
11.7913 110 21.6121
11.4958 68 17.1462
11.0077 96 19.5069
11.4958 68 17.1462
11.4958 68 17.1462
12.0931 67 17.5838
11.3995 74 17.6595
11.9904 83 19.0913
11.1522 91 19.137
11.3096 80 18.1786
12.0931 67 17.5838
11.3096 80 18.1786
12.3083 65 17.5775
11.4444 75 17.8
11.4477 72 17.5029
11.4958 68 17.1462
14.4438 64 19.3994
12.0931 67 17.5838
12.2376 81 19.1139
11.4477 72 17.5029
11.4958 68 17.1462
11.4477 72 17.5029
11.3096 80 18.1786
12.3083 65 17.5775
11.4477 72 17.5029
11.8459 102 20.8613
12.3083 65 17.5775
12.3083 65 17.5775
14.4438 64 19.3994
11.4477 72 17.5029
12.2376 81 19.1139
11.4958 68 17.1462
11.8459 102 20.8613
14.4438 64 19.3994
11.4958 68 17.1462
11.4477 72 17.5029
11.4958 68 17.1462
11.4477 72 17.5029
11.4958 68 17.1462
12.2376 81 19.1139
11.4444 75 17.8
14.4438 64 19.3994
11.4477 72 17.5029
11.4477 72 17.5029
12.2376 81 19.1139
14.4438 64 19.3994
11.4477 72 17.5029
12.2376 81 19.1139
11.4477 72 17.5029
11.4958 68 17.1462
12.0931 67 17.5838
11.9904 83 19.0913
11.3995 74 17.6595
11.4958 68 17.1462
12.0931 67 17.5838
12.3083 65 17.5775
12.1702 107 21.6532
11.3096 80 18.1786
14.4438 64 19.3994
11.4958 68 17.1462
11.3995 74 17.6595
12.2376 81 19.1139
11.4477 72 17.5029
12.0931 67 17.5838
11.4477 72 17.5029
14.4438 64 19.3994
12.2376 81 19.1139
11.4477 72 17.5029
11.4958 68 17.1462
11.4958 68 17.1462
12.0931 67 17.5838
12.3083 65 17.5775
11.9904 83 19.0913
11.6307 110 21.4676
12.2376 81 19.1139
14.4438 64 19.3994
11.4958 68 17.1462
12.0931 67 17.5838
12.2376 81 19.1139
11.4477 72 17.5029
12.0931 67 17.5838
11.5761 83 18.7185
11.3096 80 18.1786
12.3083 65 17.5775
11.8426 102 20.8584
14.4438 64 19.3994
14.4438 64 19.3994
12.3083 65 17.5775
11.4477 72 17.5029
11.3096 80 18.1786
11.4477 72 17.5029
11.3096 80 18.1786
11.4958 68 17.1462
11.5761 83 18.7185
11.4958 68 17.1462
11.4477 72 17.5029
11.4477 72 17.5029
11.8459 102 20.8613
11.4958 68 17.1462
11.8459 102 20.8613
11.4958 68 17.1462
12.0931 67 17.5838
11.3096 80 18.1786
11.4958 68 17.1462
12.2376 81 19.1139
11.4958 68 17.1462
11.4477 72 17.5029
12.2376 81 19.1139
11.4477 72 17.5029
14.4438 64 19.3994
11.7913 110 21.6121
