13.3423 66 60.7342
12.3083 65 59.7308
11.6949 70 64.1695
11.4926 69 63.2493
11.3706 75 68.6371
11.3706 76 69.5371
11.3096 80 73.131
11.3706 75 68.6371
11.6082 73 66.8608
12.2376 81 74.1238
12.2376 81 74.1238
11.6082 73 66.8608
11.5215 68 62.3521
11.3096 80 73.131
11.9904 83 75.899
11.9904 83 75.899
11.9904 83 75.899
11.3706 76 69.5371
11.3706 75 68.6371
12.3083 65 59.7308
12.2376 81 74.1238
11.4926 69 63.2493
11.3706 76 69.5371
13.3359 63 58.0336
13.3423 66 60.7342
11.4926 69 63.2493
11.3096 80 73.131
13.3423 66 60.7342
11.3706 75 68.6371
11.3706 75 68.6371
13.3359 63 58.0336
11.1522 91 83.0152
11.3096 80 73.131
11.4444 75 68.6444
12.3083 65 59.7308
11.3706 76 69.5371
11.1522 91 83.0152
11.9904 83 75.899
11.3706 75 68.6371
12.2376 81 74.1238
11.3096 80 73.131
12.2376 81 74.1238
13.3423 66 60.7342
12.0225 70 64.2022
11.3706 75 68.6371
12.2376 81 74.1238
11.0077 96 87.5008
11.9904 83 75.899
11.4926 69 63.2493
11.5215 68 62.3521
12.0225 70 64.2022
11.3706 76 69.5371
12.2376 81 74.1238
11.3706 75 68.6371
12.2376 81 74.1238
11.1522 91 83.0152
11.5761 83 75.8576
11.4926 69 63.2493
11.6949 70 64.1695
11.3706 75 68.6371
11.9904 80 73.199
11.3096 80 73.131
11.6949 70 64.1695
11.3096 80 73.131
11.5215 68 62.3521
11.3706 75 68.6371
12.0225 70 64.2022
11.3706 75 68.6371
11.3096 80 73.131
11.3096 80 73.131
11.6949 70 64.1695
13.3359 63 58.0336
11.6082 73 66.8608
11.6949 70 64.1695
13.3359 63 58.0336
11.4926 69 63.2493
11.3706 75 68.6371
12.2376 81 74.1238
12.3083 65 59.7308
11.5761 93 84.8576
12.3083 65 59.7308
11.3706 75 68.6371
12.0225 70 64.2022
11.6082 73 66.8608
12.3083 65 59.7308
11.3706 76 69.5371
12.3083 65 59.7308
13.3423 66 60.7342
13.3359 63 58.0336
11.6082 73 66.8608
11.3706 75 68.6371
13.3359 63 58.0336
11.6949 70 64.1695
12.0225 70 64.2022
11.3096 80 73.131
12.2376 81 74.1238
11.3706 75 68.6371
12.2376 81 74.1238
12.3083 65 59.7308
12.3083 65 59.7308
11.4926 69 63.2493
11.3706 75 68.6371
12.3083 65 59.7308
11.4926 69 63.2493
12.2376 81 74.1238
12.3083 65 59.7308
12.0225 70 64.2022
11.3706 75 68.6371
11.6082 73 66.8608
11.3706 75 68.6371
12.2376 81 74.1238
11.3706 75 68.6371
12.2376 81 74.1238
11.3706 75 68.6371
11.3706 75 68.6371
11.6949 70 64.1695
11.3706 75 68.6371
12.3083 65 59.7308
11.5215 68 62.3521
11.3706 76 69.5371
12.2376 81 74.1238
11.9904 80 73.199
12.2376 81 74.1238
11.4926 69 63.2493
12.2376 81 74.1238
11.3706 75 68.6371
13.3423 66 60.7342
11.3706 76 69.5371
11.3706 75 68.6371
11.5215 68 62.3521
12.2376 81 74.1238
11.9904 80 73.199
12.2376 81 74.1238
11.9904 80 73.199
11.3706 75 68.6371
13.3359 63 58.0336
11.3706 75 68.6371
11.3096 80 73.131
12.0225 70 64.2022
11.3706 75 68.6371
11.9904 83 75.899
11.9904 83 75.899
13.3423 66 60.7342
11.5761 83 75.8576
12.2376 81 74.1238
11.6082 73 66.8608
12.3083 65 59.7308
11.3706 76 69.5371
13.3359 63 58.0336
11.3706 75 68.6371
