11.7977 65 38.3988
13.7245 64 38.8622
11.7335 68 39.8667
11.5183 72 41.7592
11.438 74 42.719
11.4123 78 44.7062
11.3224 81 46.1612
11.2164 83 47.1082
11.2004 85 48.1002
11.1073 90 50.5536
11.0976 94 52.5488
11.0687 95 53.0344
11.0591 100 55.5295
11.0495 105 58.0247
10.8536 110 60.4268
10.8471 137 73.9236
13.7598 111 62.3799
11.589 102 56.7945
12.3854 88 50.1927
12.6712 112 62.3356
13.1753 82 47.5877
12.2858 100 56.1429
11.9904 105 58.4952
12.3725 151 81.6863
13.124 106 59.562
13.018 103 58.009
13.2877 119 66.1439
14.8709 76 45.4355
13.7983 79 46.3992
13.7245 93 53.3622
11.8009 96 53.9005
12.7386 105 58.8693
13.6442 105 59.3221
13.535 85 49.2675
13.2331 102 57.6166
13.7855 97 55.3927
12.4496 105 58.7248
13.3969 101 57.1985
12.8253 114 63.4127
13.0694 106 59.5347
11.6853 91 51.3426
13.3231 92 52.6615
12.3854 91 51.6927
11.8523 119 65.4261
12.8478 104 58.4239
13.3327 109 61.1663
