12.7482 66 34.0489
13, 14
14, 10, 7, 15
12, 4, 2
11, 10
5, 4
1, 2, 3, 6, 8, 15, 9
11.316 76 37.1896
15, 7, 10
14, 13, 11
10, 8, 6, 3, 2, 1
12, 11, 10
5, 4, 6, 8, 15, 9
8, 6
11.4155 69 34.4493
15, 7
14, 13, 11
10, 8, 6, 3, 2, 1
12, 11, 10
5, 4, 6, 8, 15, 9
8, 6
11.027 95 44.6162
6, 15
11, 13, 10, 8, 6, 4, 5
1, 2, 3, 6, 8, 10, 14
9, 15, 7
12, 11, 10
6, 3
11.0045 103 47.8027
6, 15
11, 13, 10, 8, 6, 4, 5
1, 2, 3, 6, 8, 10, 14
9, 15, 7
12, 11, 10, 8
6, 3
10.966 105 48.5796
6, 15
11, 13, 10, 8, 6, 4, 5
1, 2, 3, 6, 8, 10, 14
9, 15, 7
12, 11, 10, 8, 6
6, 3
10.9371 115 52.5622
6, 15
11, 13, 10, 8, 6, 4, 5
1, 2, 3, 6, 8, 10, 14
9, 15, 7
4, 12, 11, 10, 8, 6
6, 3
10.9403 109 50.1642
6, 15
11, 13, 10, 8, 6, 4, 5
1, 2, 3, 6, 8, 10, 14
9, 15, 7
12, 11, 10, 8, 6, 4
6, 3
11.1362 94 44.2817
1, 2
9, 15
5, 4, 6
13, 14, 10
9, 15, 7, 10, 11, 12
11, 10, 8, 6, 3, 2, 1
11.2486 82 39.5491
13, 11, 10, 8, 6, 4
5, 2
14, 13
12, 4, 6, 15, 7
1, 2, 3, 6, 8, 10
9, 15
11.2197 88 41.9318
5, 4, 12
1, 2, 3, 6, 8, 10, 11
11, 13, 14
6, 15, 9
8, 15, 7
15, 7, 10, 11, 12
11.6789 68 34.2073
13, 11, 10
5, 2
14, 13
12, 4, 6, 15, 7
1, 2, 3, 6, 8, 10
9, 15
12.4207 67 34.2524
15, 6, 8, 10, 11, 12
11, 13
4, 2, 3, 6
9, 15, 7
1, 2, 5
13, 14
13.1207 63 33.0724
6, 8, 15, 7, 10, 11
6, 3, 2, 1
5, 4, 12
2, 4
11, 13, 14
9, 15
