13.4098 63 43.1639
12.3693 64 43.3477
12.4592 67 45.1837
11.5729 66 44.2292
11.5633 68 45.4253
11.5568 76 50.2227
11.3385 72 47.7354
11.377 73 48.3508
11.4123 75 49.5649
11.4123 75 49.5649
11.4123 77 50.7649
11.422 83 54.3688
11.5568 76 50.2227
11.422 83 54.3688
11.422 83 54.3688
11.422 83 54.3688
11.422 83 54.3688
11.377 73 48.3508
11.3385 72 47.7354
11.4123 75 49.5649
12.3693 64 43.3477
11.422 83 54.3688
11.5729 66 44.2292
11.5729 66 44.2292
11.4123 77 50.7649
13.4098 63 43.1639
11.377 73 48.3508
11.5729 66 44.2292
13.4098 63 43.1639
11.4123 77 50.7649
12.2954 65 43.9182
12.3693 64 43.3477
11.5601 70 46.624
11.5601 70 46.624
11.5729 66 44.2292
11.422 83 54.3688
12.3693 64 43.3477
12.2954 65 43.9182
12.3693 64 43.3477
11.5568 76 50.2227
12.3693 64 43.3477
12.3693 64 43.3477
11.422 83 54.3688
11.4123 77 50.7649
12.3693 64 43.3477
11.377 73 48.3508
11.4123 75 49.5649
12.3693 64 43.3477
11.5729 66 44.2292
11.3385 72 47.7354
11.4123 75 49.5649
11.422 83 54.3688
12.2954 65 43.9182
12.3693 64 43.3477
11.5729 66 44.2292
12.2954 65 43.9182
12.3693 64 43.3477
11.4123 75 49.5649
11.5568 76 50.2227
12.2954 65 43.9182
12.3693 64 43.3477
13.4098 63 43.1639
11.377 73 48.3508
11.377 73 48.3508
11.5568 76 50.2227
12.2954 65 43.9182
11.422 83 54.3688
11.4123 75 49.5649
11.5568 76 50.2227
11.422 83 54.3688
11.3385 72 47.7354
11.422 83 54.3688
11.5729 66 44.2292
11.5568 76 50.2227
11.422 83 54.3688
11.5601 70 46.624
12.3693 64 43.3477
11.4123 77 50.7649
11.5568 76 50.2227
11.5568 76 50.2227
11.377 73 48.3508
11.3385 72 47.7354
11.5633 68 45.4253
12.3693 64 43.3477
11.377 73 48.3508
11.377 73 48.3508
11.5729 66 44.2292
12.3693 64 43.3477
11.5601 70 46.624
12.3693 64 43.3477
11.377 73 48.3508
11.422 83 54.3688
12.3693 64 43.3477
11.3385 72 47.7354
11.4123 77 50.7649
11.422 83 54.3688
11.422 83 54.3688
11.3385 72 47.7354
13.4098 63 43.1639
12.3693 64 43.3477
11.422 83 54.3688
11.3385 72 47.7354
11.5568 76 50.2227
11.5729 66 44.2292
13.4098 63 43.1639
12.3693 64 43.3477
11.4123 75 49.5649
12.3693 64 43.3477
12.2954 65 43.9182
11.4123 77 50.7649
11.422 83 54.3688
12.3693 64 43.3477
11.5729 66 44.2292
12.3693 64 43.3477
12.4592 67 45.1837
11.4123 75 49.5649
11.4123 77 50.7649
11.422 83 54.3688
11.5729 66 44.2292
11.5633 68 45.4253
11.4123 75 49.5649
10.9917 85 55.3967
11.4123 77 50.7649
11.5568 76 50.2227
11.5601 70 46.624
11.3385 72 47.7354
12.2954 65 43.9182
12.3693 64 43.3477
11.5633 68 45.4253
12.2954 65 43.9182
11.3385 72 47.7354
11.5633 68 45.4253
13.4098 63 43.1639
11.4123 75 49.5649
11.4123 75 49.5649
13.4098 63 43.1639
11.5601 70 46.624
11.422 83 54.3688
11.5568 76 50.2227
11.422 83 54.3688
11.4123 77 50.7649
12.2954 65 43.9182
13.4098 63 43.1639
13.4098 63 43.1639
11.377 73 48.3508
11.3385 72 47.7354
12.4592 67 45.1837
11.5729 66 44.2292
11.5633 68 45.4253
11.3385 72 47.7354
