13.4098 63 43.1639
12.3693 64 43.3477
12.2954 65 43.9182
11.5729 66 44.2292
11.5633 68 45.4253
11.5601 70 46.624
11.3385 72 47.7354
11.377 73 48.3508
11.3224 75 49.529
11.2421 77 50.6969
11.2132 79 51.8853
10.9917 85 55.3967
10.8793 93 60.1517
13.2107 82 54.4843
13.1175 106 68.847
13.4066 103 67.1626
13.1785 124 79.6714
12.639 129 82.4556
13.1818 110 71.2727
14.1002 97 63.8401
11.8266 102 65.9306
13.429 93 61.1716
13.7052 95 62.4821
13.4194 122 78.5678
13.4997 93 61.1999
13.1143 92 60.4457
11.955 114 73.182
12.517 107 69.2068
13.1561 93 61.0624
13.3102 101 65.9241
13.4933 95 62.3973
13.2877 86 56.9151
13.5029 96 63.0012
12.5716 118 75.8287
12.061 99 64.2244
14.3988 97 63.9595
12.7579 95 62.1031
12.79 90 59.116
12.7193 104 67.4877
14.4759 87 57.9904
12.4656 93 60.7863
13.8979 96 63.1592
12.1959 114 73.2784
