12.9024 64 48.6707
1, 2
12, 11, 10, 7, 15, 9
2, 3, 6, 8, 15
14, 13, 11
6, 4
5, 4
11.6917 69 51.8075
14, 13
13, 11, 10, 8, 6, 4
12, 11
1, 2, 3, 6, 15, 9
6, 15, 7
5, 4
12.5427 67 50.6628
13, 11, 10, 7, 15, 9
2, 4
4, 6
5, 4, 12
13, 14
15, 8, 6, 3, 2, 1
11.1683 91 67.0505
1, 2, 3, 6, 8, 10
2, 4
13, 11
14, 10
9, 15, 8, 6, 4, 5
12, 11, 10, 7, 15, 9
11.0912 93 68.4274
1, 2, 3, 6, 8, 10, 11
1, 2
14, 13
12, 11, 13
12, 11, 10, 7, 15, 9
5, 4, 6
11.1458 92 67.7437
1, 2, 3, 6, 8, 10, 11
1, 2, 4
14, 13
12, 11, 13
12, 11, 10, 7, 15, 9
5, 4
11.1908 86 63.5572
1, 2, 3, 6, 8, 10, 11
14, 13, 11, 12
8, 15
9, 15, 7, 10
1, 2
5, 4, 6, 8, 15, 7
11.1715 88 64.9514
1, 2, 3, 6, 8, 10, 11
14, 13, 11, 12
8, 15
9, 15, 7, 10
1, 2, 5
5, 4, 6, 8
11.377 73 54.5131
1, 2, 3, 6, 8, 10, 11
14, 13, 11, 12
8, 15
9, 15, 7
1, 2
5, 4, 6
11.3224 75 55.8967
1, 2, 3, 6, 8, 10, 11
14, 13, 11, 12
8, 15
9, 15, 7
1, 2
5, 4, 6, 8
11.2775 80 59.3832
1, 2, 3, 6, 8, 10, 11
14, 13, 11, 12
8, 15
9, 15, 7, 10
1, 2
5, 4, 6
11.271 81 60.0813
1, 2, 3, 6, 8, 10, 11
14, 13, 11, 12
8, 15
9, 15, 7
1, 2, 5
5, 4, 6, 8
11.2229 82 60.7669
1, 2, 3, 6, 8, 10, 11
14, 13, 11, 12
8, 15
9, 15, 7, 10
1, 2
5, 4, 6, 8
11.2903 79 58.6871
1, 2, 3, 6, 8, 10, 11
14, 13, 11, 12
8, 15
9, 15, 7
1, 2
5, 4, 6, 8, 15, 7
11.1875 87 64.2563
1, 2, 3, 6, 8, 10, 11
14, 13, 11, 12
8, 15
9, 15, 7, 10, 11
1, 2
5, 4, 6, 8
