12.3693 64 33.0216
11.5729 68 34.1437
11.4027 70 34.8416
11.5697 70 34.9418
11.3706 72 35.6224
11.5633 73 36.138
11.3642 75 36.8185
11.255 77 37.553
11.2357 78 37.9414
11.2421 81 39.1453
11.3642 81 39.2185
11.316 83 39.9896
11.2197 87 41.5318
11.2004 88 41.9202
11.1683 90 42.701
11.2197 93 43.9318
11.1362 94 44.2817
10.9852 101 46.9911
10.9563 118 53.7738
12.228 111 51.7368
13.8048 96 46.6829
13.657 105 50.1942
11.6179 130 58.9707
11.8908 119 54.7345
13.0212 83 41.0127
11.5247 89 42.5148
13.1529 93 45.0917
13.0565 114 53.4339
14.6172 108 51.9703
12.5909 109 51.1545
12.3115 107 50.1869
13.474 124 57.6844
12.1509 76 37.6906
13.0694 90 43.8416
13.3359 95 46.0015
12.3211 118 54.5927
12.8285 112 52.4971
13.7502 99 47.8501
12.9184 81 40.1511
13.0308 112 52.6185
12.6551 89 43.1931
12.5299 93 44.7179
13.0083 107 50.605
12.9538 86 42.1723
12.2762 92 44.1657
12.411 95 45.4466
12.2248 109 50.9349
13.7791 106 50.6674
12.8382 102 48.5029
