11.5151 66 27.8606
13.1464 63 28.1025
12.5812 65 28.3069
11.483 68 28.4381
11.4509 70 29.0156
11.3834 72 29.5684
11.4316 73 29.9021
11.3738 74 30.1617
11.2678 75 30.3875
11.2453 76 30.6717
11.2421 77 30.9695
11.2357 78 31.265
11.2132 79 31.5493
11.2004 82 32.4403
11.0109 83 32.6076
10.9917 85 33.1942
11.2164 85 33.3515
11.1008 87 33.8706
10.966 88 34.0762
10.9595 91 34.9717
10.8793 93 35.5155
11.0013 93 35.6009
11.1073 96 36.5751
10.8407 124 44.7885
10.8279 128 45.9795
10.7926 135 48.0548
12.9281 91 36.3496
12.045 107 40.5315
11.7174 115 42.7022
14.3892 93 37.9725
11.8105 125 45.7674
13.2396 69 29.9677
12.3821 95 37.1675
12.9538 95 37.5676
13.4001 110 42.3801
13.6313 109 42.2419
13.5125 102 40.0588
14.097 96 38.6679
12.3083 98 38.0158
14.0456 86 35.6319
13.3744 94 37.5621
13.6089 99 39.2262
14.8195 82 34.9737
13.4483 101 39.7138
13.0694 101 39.4486
12.4464 98 38.1125
13.3969 89 36.0778
13.7245 113 43.5071
13.5029 116 44.252
13.0437 99 38.8306
13.6506 91 36.8554
13.4579 96 38.2206
12.3436 113 42.5405
12 109 41.1
12.5459 92 36.3821
13.3969 97 38.4778
