11.377 67 16.9393
11.332 70 17.1988
11.4188 71 17.3769
12.4592 67 17.9133
12.8671 68 18.3803
11.422 83 18.5798
11.2389 78 17.915
11.4123 75 17.7711
11.2389 78 17.915
11.422 83 18.5798
11.4123 75 17.7711
10.8086 112 20.9277
11.2389 78 17.915
11.4123 75 17.7711
10.8086 112 20.9277
11.2389 78 17.915
11.4123 75 17.7711
11.377 67 16.9393
10.8086 112 20.9277
11.4123 75 17.7711
11.4123 75 17.7711
10.8086 112 20.9277
11.4123 75 17.7711
12.4592 67 17.9133
11.4123 75 17.7711
12.8671 68 18.3803
11.2421 77 17.8179
12.4592 67 17.9133
12.6069 68 18.1462
11.2389 78 17.915
11.4123 75 17.7711
12.8671 68 18.3803
11.2389 78 17.915
11.2389 78 17.915
12.8671 68 18.3803
11.422 83 18.5798
11.332 70 17.1988
11.377 67 16.9393
10.8086 112 20.9277
11.2389 78 17.915
11.3096 91 19.2786
12.8671 68 18.3803
11.4188 71 17.3769
11.2389 78 17.915
11.2389 78 17.915
10.8086 112 20.9277
12.2954 68 17.8659
11.332 70 17.1988
10.8086 112 20.9277
11.2389 78 17.915
12.2954 65 17.5659
12.8671 68 18.3803
11.2164 85 18.5948
11.2132 79 17.9919
10.8086 112 20.9277
12.4592 67 17.9133
11.4188 71 17.3769
10.8086 112 20.9277
11.2389 78 17.915
10.8086 112 20.9277
11.422 83 18.5798
11.2389 78 17.915
11.4123 77 17.9711
11.2132 79 17.9919
12.623 63 17.6607
12.4592 67 17.9133
10.9917 85 18.3925
11.422 83 18.5798
11.4123 75 17.7711
11.422 83 18.5798
11.377 67 16.9393
11.4123 75 17.7711
11.2389 78 17.915
11.377 67 16.9393
11.332 70 17.1988
11.332 70 17.1988
10.8086 112 20.9277
11.4188 71 17.3769
11.2389 78 17.915
11.4123 75 17.7711
11.4188 71 17.3769
11.422 83 18.5798
11.2389 78 17.915
11.377 67 16.9393
11.377 67 16.9393
11.422 83 18.5798
12.4592 67 17.9133
11.4123 75 17.7711
10.9917 87 18.5925
11.332 70 17.1988
11.2389 78 17.915
11.4188 71 17.3769
11.4123 77 17.9711
11.4123 75 17.7711
11.4123 75 17.7711
12.2954 65 17.5659
11.2389 78 17.915
11.4123 75 17.7711
11.332 70 17.1988
12.4592 67 17.9133
11.377 67 16.9393
11.2164 85 18.5948
11.377 67 16.9393
11.4123 75 17.7711
11.2132 79 17.9919
11.4123 75 17.7711
10.8086 112 20.9277
12.623 63 17.6607
11.4188 71 17.3769
11.2389 78 17.915
11.2389 78 17.915
11.4188 71 17.3769
11.2389 78 17.915
12.6069 68 18.1462
11.377 67 16.9393
11.2389 78 17.915
11.4188 71 17.3769
12.2954 65 17.5659
12.4592 67 17.9133
12.4592 67 17.9133
11.4123 75 17.7711
11.332 70 17.1988
11.4123 75 17.7711
11.4188 71 17.3769
11.2389 78 17.915
11.2421 77 17.8179
11.377 67 16.9393
11.2389 78 17.915
11.2421 77 17.8179
11.332 70 17.1988
11.422 83 18.5798
10.8086 112 20.9277
11.2389 78 17.915
11.4123 75 17.7711
11.2164 85 18.5948
10.8086 112 20.9277
11.2421 77 17.8179
11.332 70 17.1988
11.4123 77 17.9711
11.422 83 18.5798
10.8086 112 20.9277
11.2421 77 17.8179
11.2132 79 17.9919
11.4123 75 17.7711
11.4123 75 17.7711
11.422 83 18.5798
12.2954 68 17.8659
12.8671 68 18.3803
11.4123 75 17.7711
11.4123 77 17.9711
