12.1927 65 22.7541
11.9004 70 23.5204
11.3674 73 23.6939
11.8972 72 23.9178
11.361 76 24.2888
11.3449 77 24.4759
11.2229 78 24.5783
11.2004 82 25.3603
11.0527 89 26.6421
11.0206 121 33.0164
12.7996 138 37.8397
11.5151 119 33.0121
12.6808 108 31.7446
12.4624 83 26.5699
13.2235 88 28.1788
12.1509 86 26.9207
12.4335 130 35.9468
11.817 102 29.8536
13.5061 97 30.2049
12.3918 97 29.3134
13.0983 107 31.8786
14.5016 106 32.8013
13.3648 85 27.6918
13.7726 120 35.0181
13.1304 95 29.5043
13.1432 119 34.3146
13.3776 93 29.3021
13.079 125 35.4632
13.0854 84 27.2683
13.6153 80 26.8922
12.3757 79 25.7006
12.4592 97 29.3674
12.0482 126 34.8385
13.0244 101 30.6195
11.7913 101 29.633
12.7996 94 29.0397
13.262 74 25.4096
13.5061 102 31.2049
13.6057 85 27.8845
12.8253 107 31.6602
