11.5151 66 27.8606
13.1464 63 28.1025
11.5151 66 27.8606
11.4509 70 29.0156
11.3738 77 31.0617
11.3802 80 31.9662
11.4188 78 31.3931
11.2357 78 31.265
11.3449 77 31.0414
11.7335 74 30.4134
11.5697 76 30.8988
12.1349 82 33.0944
11.0784 93 35.6549
11.4862 98 37.4403
11.3802 100 37.9662
11.4059 117 43.0841
11.5344 96 36.8741
11.6114 96 36.928
11.4637 101 38.3246
11.2068 106 39.6448
11.3834 72 29.5684
11.6211 101 38.4347
11.499 85 33.5493
11.5601 111 41.392
11.2036 98 37.2425
11.2453 105 39.3717
11.6403 112 41.7482
11.7238 82 32.8067
11.361 110 40.9527
11.499 98 37.4493
11.361 77 31.0527
11.5472 94 36.283
11.4573 73 29.9201
11.2453 105 39.3717
11.3802 100 37.9662
11.6596 92 35.7617
11.3802 100 37.9662
13.1464 63 28.1025
11.4252 111 41.2976
11.4155 103 38.8909
11.5151 66 27.8606
11.5151 66 27.8606
11.2068 106 39.6448
11.4509 70 29.0156
12.1895 74 30.7326
11.2518 79 31.5762
11.5472 94 36.283
11.2453 76 30.6717
11.4605 121 44.3224
11.544 78 31.4808
11.5151 66 27.8606
11.1715 111 41.12
11.4091 77 31.0864
12.289 85 34.1023
11.5793 93 36.0055
11.6596 92 35.7617
11.2518 79 31.5762
11.3449 77 31.0414
11.2357 78 31.265
11.483 68 28.4381
11.3834 72 29.5684
11.2261 115 42.3583
11.7559 106 40.0292
11.3449 77 31.0414
11.5697 76 30.8988
11.544 78 31.4808
13.1464 63 28.1025
11.3738 77 31.0617
11.5408 86 33.8785
11.3802 100 37.9662
11.4509 70 29.0156
11.4798 91 35.3358
11.3802 100 37.9662
11.4509 70 29.0156
11.3802 100 37.9662
11.483 68 28.4381
11.4188 78 31.3931
11.544 78 31.4808
11.3802 77 31.0662
13.1464 63 28.1025
11.4605 121 44.3224
11.3738 77 31.0617
11.4862 98 37.4403
11.3738 77 31.0617
11.5151 116 42.8606
11.5697 76 30.8988
11.361 110 40.9527
11.4573 73 29.9201
11.6435 108 40.5505
11.3834 72 29.5684
11.4509 70 29.0156
11.5151 66 27.8606
11.2453 105 39.3717
11.3802 100 37.9662
11.3834 72 29.5684
11.3834 72 29.5684
11.3449 77 31.0414
11.2518 79 31.5762
11.5697 76 30.8988
13.1464 63 28.1025
13.1464 63 28.1025
12.1895 74 30.7326
12.1445 79 32.2012
11.4862 98 37.4403
11.3417 99 37.6392
11.4509 70 29.0156
11.6596 92 35.7617
11.5376 109 40.7763
11.3802 100 37.9662
11.3963 121 44.2774
11.5119 100 38.0583
11.499 85 33.5493
11.3834 72 29.5684
12.289 85 34.1023
11.3802 100 37.9662
13.1464 63 28.1025
13.1464 63 28.1025
11.2357 78 31.265
13.1464 63 28.1025
11.6082 105 39.6258
11.3642 82 32.5549
11.3738 77 31.0617
11.5344 96 36.8741
11.2453 76 30.6717
11.5151 66 27.8606
11.2453 105 39.3717
11.544 78 31.4808
11.3802 80 31.9662
11.5151 66 27.8606
11.4701 107 40.1291
11.4573 73 29.9201
11.5151 66 27.8606
11.4091 80 31.9864
11.5344 96 36.8741
12.1349 82 33.0944
11.3802 100 37.9662
11.332 104 39.1324
11.3738 74 30.1617
11.2678 102 38.4875
11.7335 74 30.4134
11.3834 72 29.5684
11.2357 78 31.265
11.4605 121 44.3224
11.3802 80 31.9662
11.4155 101 38.2909
11.5344 96 36.8741
11.4509 70 29.0156
11.2678 102 38.4875
13.1464 63 28.1025
11.3802 77 31.0662
