11.3192 80 66.2638
9, 15, 7
7, 10, 8, 6, 4, 5
1, 2, 3, 6, 8
3, 6
6, 8
13, 14, 10, 11, 12
11.0687 88 72.6137
9, 15, 7
7, 10, 8, 6, 4, 5
1, 2, 3, 6, 8, 10
3, 6
6, 8
13, 14, 10, 11, 12
11.2293 87 71.8459
9, 15, 7, 10
7, 10, 8, 6, 4, 5
1, 2, 3, 6, 8
3, 6
6, 8
13, 14, 10, 11, 12
10.9788 95 78.1958
9, 15, 7, 10
7, 10, 8, 6, 4, 5
1, 2, 3, 6, 8, 10
3, 6
6, 8
13, 14, 10, 11, 12
12.2954 65 54.4591
15, 6, 8, 10, 11, 13, 14
9, 15, 7
5, 4, 2
6, 3
3, 2, 1
4, 12
11.3995 79 65.4799
14, 13
4, 2
1, 2, 3, 6, 15, 7
2, 5, 4, 12
13, 11, 10, 8, 6, 4, 5
15, 9
11.4894 73 60.6979
4, 2
6, 8, 15, 9
5, 4
1, 2, 3, 6, 8, 10, 11
15, 7, 10
12, 11, 13, 14
11.589 66 55.1178
4, 2
6, 8, 15, 9
5, 4
1, 2, 3, 6, 8, 10, 11
15, 7
12, 11, 13, 14
11.4091 74 61.4818
12, 11, 10, 13, 14
6, 4
9, 15, 7
1, 2, 3, 6, 8, 10
8, 15
6, 4, 5
11.2999 86 71.06
14, 13
4, 2
1, 2, 3, 6, 15, 7, 10
2, 5, 4, 12
13, 11, 10, 8, 6, 4, 5
15, 9
11.316 81 67.0632
12, 11, 10, 13, 14
6, 4
9, 15, 7, 10
1, 2, 3, 6, 8, 10
8, 15
6, 4, 5
