11.9133 70 17.722
11.4155 77 17.974
12.5427 67 17.9884
12.5042 68 18.0538
11.6628 76 18.0965
11.5344 78 18.1809
11.8812 75 18.1931
13.3455 65 18.511
11.8812 75 18.1931
11.5344 78 18.1809
14.7071 70 20.2364
11.8812 75 18.1931
10.8086 112 20.9277
13.3455 65 18.511
11.5344 78 18.1809
10.8086 112 20.9277
11.8812 75 18.1931
11.9133 70 17.722
11.6628 76 18.0965
11.9133 70 17.722
10.8086 112 20.9277
10.8086 112 20.9277
14.5723 73 20.415
11.5344 78 18.1809
12.5427 67 17.9884
12.5427 67 17.9884
11.8812 75 18.1931
13.3455 65 18.511
11.3192 80 18.1873
10.8086 112 20.9277
11.8812 75 18.1931
11.8812 75 18.1931
11.8812 75 18.1931
10.8086 112 20.9277
14.7489 66 19.874
11.9133 70 17.722
11.3192 80 18.1873
14.5723 73 20.415
14.7071 70 20.2364
11.4155 77 17.974
10.8086 112 20.9277
11.3192 80 18.1873
12.5042 68 18.0538
11.5344 78 18.1809
11.9133 70 17.722
12.5042 68 18.0538
11.9133 70 17.722
11.0687 88 18.7618
11.8812 75 18.1931
11.8362 78 18.4526
10.8086 112 20.9277
11.8812 75 18.1931
11.5344 78 18.1809
11.3192 80 18.1873
11.9133 70 17.722
11.5344 78 18.1809
11.9133 70 17.722
11.8812 75 18.1931
12.5427 67 17.9884
11.3192 80 18.1873
11.8812 75 18.1931
11.5344 78 18.1809
10.8086 112 20.9277
11.4155 77 17.974
11.8812 75 18.1931
14.7071 70 20.2364
12.5042 68 18.0538
13.3455 65 18.511
11.8812 75 18.1931
12.5042 68 18.0538
11.3192 80 18.1873
11.8812 75 18.1931
11.3192 80 18.1873
11.9133 70 17.722
13.3455 65 18.511
14.7007 67 19.9306
11.8362 78 18.4526
13.3455 65 18.511
11.5344 78 18.1809
14.7007 67 19.9306
11.9133 70 17.722
11.3192 80 18.1873
11.8362 78 18.4526
11.8812 75 18.1931
11.8812 75 18.1931
11.6628 76 18.0965
12.5042 68 18.0538
11.5344 78 18.1809
11.9133 70 17.722
13.3455 65 18.511
11.9133 70 17.722
11.5344 78 18.1809
11.6628 76 18.0965
12.5427 67 17.9884
11.5344 78 18.1809
11.4155 77 17.974
10.8086 112 20.9277
11.6692 79 18.4023
14.8741 69 20.2867
14.5723 73 20.415
13.3455 65 18.511
11.8812 75 18.1931
11.8812 75 18.1931
12.5427 67 17.9884
11.8812 75 18.1931
12.5427 67 17.9884
12.5427 67 17.9884
10.8086 112 20.9277
11.3192 80 18.1873
11.5344 78 18.1809
11.8812 75 18.1931
11.9133 70 17.722
11.5344 78 18.1809
12.5427 67 17.9884
11.3192 80 18.1873
11.4155 77 17.974
11.5344 78 18.1809
11.9133 70 17.722
11.8812 75 18.1931
11.0687 88 18.7618
11.5344 78 18.1809
11.5344 78 18.1809
11.8812 75 18.1931
10.8086 112 20.9277
11.9133 70 17.722
11.8812 75 18.1931
12.5427 67 17.9884
11.4155 77 17.974
14.8741 69 20.2867
11.9133 70 17.722
11.4155 77 17.974
11.8362 78 18.4526
11.8812 75 18.1931
11.5344 78 18.1809
11.8812 75 18.1931
11.4155 77 17.974
11.9133 70 17.722
11.5344 78 18.1809
12.5042 68 18.0538
11.8812 75 18.1931
11.5344 78 18.1809
11.4155 77 17.974
11.9133 70 17.722
11.8812 75 18.1931
11.8812 75 18.1931
11.5344 78 18.1809
11.5344 78 18.1809
12.5427 67 17.9884
11.8812 75 18.1931
13.3455 65 18.511
