12.9024 64 48.6707
12.5427 67 50.6628
11.6917 69 51.8075
11.377 73 54.5131
11.3224 75 55.8967
11.2903 79 58.6871
11.2775 80 59.3832
11.271 81 60.0813
11.2229 82 60.7669
11.1908 86 63.5572
11.1875 87 64.2563
11.1715 88 64.9514
11.1683 91 67.0505
11.1458 92 67.7437
11.0912 93 68.4274
11.0655 118 85.9197
11.0206 121 88.0062
12.9698 119 87.1909
12.395 113 82.8185
12.3821 93 68.8146
12.668 88 65.4004
13.2749 91 67.6825
12.456 94 69.5368
12.8992 115 84.3698
13.6249 99 73.3875
13.5735 72 54.4721
13.4483 93 69.1345
13.1914 103 76.0574
13.14 111 81.642
13.2524 93 69.0757
12.8414 90 66.8524
13.8722 84 62.9617
11.9872 123 89.6961
13.079 91 67.6237
13.3038 101 74.6911
12.0546 115 84.1164
13.4547 94 69.8364
13.3423 90 67.0027
13.4836 127 92.9451
13.0854 108 79.5256
12.9666 87 64.79
12.6712 113 82.9013
13.0694 127 92.8208
13.9396 76 57.3819
12.8028 133 96.9408
13.4451 124 90.8335
12.5106 93 68.8532
