13.7469 64 38.8735
13.4579 65 39.229
12.7033 66 39.3516
11.5665 74 42.7832
12.6487 67 39.8243
11.4284 70 40.7142
11.3866 72 41.6933
11.4412 72 41.7206
11.4348 75 43.2174
11.1554 82 46.5777
11.0462 90 50.5231
11.0495 95 53.0247
11.8426 86 48.9213
11.8426 86 48.9213
11.8426 86 48.9213
13.4579 65 39.229
13.4579 65 39.229
11.0495 95 53.0247
11.3866 72 41.6933
11.4284 70 40.7142
11.4284 89 50.2142
11.0495 95 53.0247
11.4412 72 41.7206
11.4412 72 41.7206
12.6487 67 39.8243
13.7469 64 38.8735
12.7033 66 39.3516
11.8426 86 48.9213
12.7033 66 39.3516
12.7033 66 39.3516
13.4579 65 39.229
11.5601 68 39.78
11.5601 68 39.78
11.2967 77 44.1484
13.4579 65 39.229
11.8426 86 48.9213
12.7033 66 39.3516
11.1554 82 46.5777
11.4412 72 41.7206
11.2967 77 44.1484
12.7033 66 39.3516
13.4579 65 39.229
11.4412 72 41.7206
11.4412 72 41.7206
11.3866 72 41.6933
11.1554 82 46.5777
13.7469 64 38.8735
11.4412 72 41.7206
11.8426 86 48.9213
11.8426 86 48.9213
12.6487 67 39.8243
11.0495 95 53.0247
11.1554 82 46.5777
11.1843 91 51.0922
12.6487 67 39.8243
11.8426 86 48.9213
11.4284 70 40.7142
11.8426 86 48.9213
12.6487 67 39.8243
11.4412 72 41.7206
11.4412 72 41.7206
11.4284 70 40.7142
11.5601 68 39.78
11.0495 95 53.0247
12.6487 67 39.8243
11.0495 95 53.0247
13.7469 64 38.8735
11.4412 72 41.7206
11.4284 70 40.7142
11.4412 72 41.7206
11.4412 72 41.7206
11.1843 91 51.0922
11.1554 82 46.5777
13.7469 64 38.8735
11.8426 86 48.9213
13.7469 64 38.8735
13.4579 65 39.229
11.4284 89 50.2142
11.8426 86 48.9213
11.8137 96 53.9069
11.0495 95 53.0247
11.0462 90 50.5231
11.0462 90 50.5231
11.4284 89 50.2142
11.4412 72 41.7206
11.3866 72 41.6933
11.0495 95 53.0247
11.3866 72 41.6933
11.8426 86 48.9213
11.4412 72 41.7206
11.4284 70 40.7142
11.4284 70 40.7142
12.6487 67 39.8243
13.7469 64 38.8735
11.4412 72 41.7206
11.1554 82 46.5777
11.0495 95 53.0247
11.4412 72 41.7206
11.5536 77 44.2768
11.5536 77 44.2768
13.4579 65 39.229
13.7469 64 38.8735
11.4412 72 41.7206
11.0462 90 50.5231
13.7469 64 38.8735
11.4284 70 40.7142
12.7033 66 39.3516
12.7033 66 39.3516
11.0462 90 50.5231
11.5536 77 44.2768
11.5536 77 44.2768
11.4284 89 50.2142
12.6487 67 39.8243
11.0462 90 50.5231
11.4284 89 50.2142
12.6487 67 39.8243
12.7033 66 39.3516
13.7469 64 38.8735
11.0462 90 50.5231
11.8426 86 48.9213
13.7469 64 38.8735
13.4579 65 39.229
11.0495 95 53.0247
12.6487 67 39.8243
11.4412 72 41.7206
12.6487 67 39.8243
11.4284 89 50.2142
11.4284 70 40.7142
11.4284 89 50.2142
11.1843 91 51.0922
11.8426 86 48.9213
11.3866 72 41.6933
11.8073 99 55.4037
11.8426 86 48.9213
13.4579 65 39.229
11.3866 72 41.6933
11.0462 90 50.5231
11.0495 95 53.0247
13.7469 64 38.8735
11.3866 72 41.6933
12.6487 67 39.8243
11.4412 72 41.7206
11.8426 86 48.9213
13.7469 64 38.8735
12.6487 67 39.8243
11.1554 82 46.5777
11.4284 70 40.7142
11.4284 89 50.2142
13.4579 65 39.229
11.4412 72 41.7206
