13.4033 64 58.9403
12.3725 65 59.7373
12.0193 66 60.6019
11.9261 69 63.2926
12.0899 68 62.409
11.4862 73 66.8486
11.3931 77 70.4393
11.3931 77 70.4393
11.255 83 75.8255
11.2967 83 75.8297
11.2967 83 75.8297
11.4862 75 68.6486
11.3931 77 70.4393
11.2967 83 75.8297
11.9261 69 63.2926
12.3725 65 59.7373
11.3931 77 70.4393
11.4862 73 66.8486
11.9261 69 63.2926
11.3931 77 70.4393
11.3931 77 70.4393
11.255 83 75.8255
12.3725 65 59.7373
11.255 83 75.8255
13.4033 64 58.9403
11.3931 77 70.4393
11.2967 83 75.8297
11.2967 83 75.8297
11.2967 83 75.8297
13.4033 64 58.9403
11.255 83 75.8255
11.9261 69 63.2926
11.4862 81 74.0486
13.4033 64 58.9403
11.255 83 75.8255
11.3931 77 70.4393
11.3931 77 70.4393
11.2967 83 75.8297
11.3931 77 70.4393
11.9261 69 63.2926
11.3931 77 70.4393
13.4033 64 58.9403
11.3931 77 70.4393
13.4033 64 58.9403
11.2967 83 75.8297
11.2967 83 75.8297
13.4033 64 58.9403
12.2184 66 60.6218
12.0193 66 60.6019
12.3725 65 59.7373
11.2967 83 75.8297
11.255 83 75.8255
11.3931 77 70.4393
13.4033 64 58.9403
11.9261 69 63.2926
11.3931 77 70.4393
11.3931 77 70.4393
12.3725 65 59.7373
12.2184 66 60.6218
12.2184 66 60.6218
12.3725 65 59.7373
12.0193 66 60.6019
11.4862 75 68.6486
11.3931 77 70.4393
13.4033 64 58.9403
12.0193 66 60.6019
13.4033 64 58.9403
11.4862 81 74.0486
11.2967 83 75.8297
11.3931 77 70.4393
11.3931 77 70.4393
11.9261 69 63.2926
11.3931 77 70.4393
12.3725 65 59.7373
12.3725 65 59.7373
11.3931 77 70.4393
11.2967 83 75.8297
12.3725 65 59.7373
11.255 83 75.8255
11.2967 83 75.8297
12.0193 66 60.6019
11.3931 77 70.4393
11.3931 77 70.4393
11.2967 83 75.8297
11.3931 77 70.4393
11.2967 83 75.8297
11.9261 69 63.2926
12.3725 65 59.7373
11.2967 83 75.8297
11.255 83 75.8255
11.4862 81 74.0486
13.4033 64 58.9403
11.255 83 75.8255
11.2967 83 75.8297
11.4862 73 66.8486
11.3931 77 70.4393
11.2967 83 75.8297
11.3931 77 70.4393
13.4033 64 58.9403
11.255 83 75.8255
12.0193 66 60.6019
11.3931 77 70.4393
13.4033 64 58.9403
11.255 83 75.8255
11.4862 81 74.0486
12.0193 66 60.6019
12.3725 65 59.7373
12.0193 66 60.6019
11.9261 69 63.2926
11.2967 83 75.8297
11.2967 83 75.8297
12.2184 66 60.6218
11.7431 71 65.0743
12.0899 68 62.409
12.0193 66 60.6019
11.2967 83 75.8297
12.3725 65 59.7373
11.3931 77 70.4393
11.2967 83 75.8297
13.4033 64 58.9403
12.3725 65 59.7373
11.9261 69 63.2926
12.3725 65 59.7373
11.2967 83 75.8297
13.4033 64 58.9403
12.0899 68 62.409
12.2184 66 60.6218
11.2967 83 75.8297
11.2967 83 75.8297
12.0193 66 60.6019
11.4862 75 68.6486
13.4033 64 58.9403
11.3931 77 70.4393
12.2184 66 60.6218
11.3931 77 70.4393
11.2967 83 75.8297
11.3931 77 70.4393
11.3931 77 70.4393
11.2967 83 75.8297
11.3931 77 70.4393
11.4862 81 74.0486
11.255 83 75.8255
11.2967 83 75.8297
11.3931 77 70.4393
12.3725 65 59.7373
12.3725 65 59.7373
12.2184 66 60.6218
11.9261 69 63.2926
11.4862 75 68.6486
12.0193 66 60.6019
