11.6789 66 22.5431
12.623 63 22.6984
11.6757 67 22.7405
12.3725 65 22.898
12.7964 65 23.2371
11.6564 70 23.3251
11.4862 73 23.789
11.316 75 24.0528
11.4316 77 24.5453
11.2775 78 24.622
11.3674 79 24.8939
11.332 83 25.6656
11.2389 85 25.9911
11.2293 87 26.3834
11.2068 89 26.7654
11.1972 90 26.9577
11.2486 91 27.1988
11.1651 92 27.332
11.2325 92 27.386
11.0045 93 27.4036
10.9949 95 27.7959
11.2486 96 28.1988
10.9756 98 28.3805
10.9435 100 28.7548
11.2421 100 28.9937
10.9049 102 29.124
11.2164 102 29.3732
10.8889 107 30.1111
11.2004 108 30.5603
10.8825 110 30.706
10.876 124 33.5008
10.8632 140 36.6906
13.1657 90 28.5326
13.2492 114 33.3994
12.6326 88 27.7061
13.8722 104 31.8978
11.7881 113 32.0304
12.8189 101 30.4551
13.1753 100 30.5403
11.255 86 26.204
12.1574 124 34.5259
12.2665 109 31.6132
12.1638 104 30.531
12.5845 85 27.0676
12.7129 117 33.5703
12.501 85 27.0008
13.3295 98 30.2636
11.65 99 29.12
13.2877 103 31.2302
13.7084 105 31.9667
12.2858 99 29.6286
12.3276 92 28.262
12.6551 144 38.9241
12.4496 96 29.1597
11.9904 101 29.7923
14.4759 98 31.1807
12.3243 101 30.0595
13.4419 109 32.5535
12.4399 105 30.952
13.49 97 30.192
13.4098 92 29.1278
12.5941 97 29.4753
