13.4033 64 53.8807
12.4335 65 54.4867
12.0193 66 55.2039
12.5973 67 56.1195
11.5633 71 59.1127
11.4541 73 60.6908
11.5601 73 60.712
11.5954 73 60.7191
11.4316 75 62.2863
11.4509 75 62.2902
11.5568 79 65.5114
11.4573 81 67.0915
11.1875 83 68.6375
11.3931 83 68.6786
11.3642 85 70.2728
11.1426 91 75.0285
11.1843 91 75.0369
11.1426 93 76.6285
11.1843 93 76.6369
11.0238 96 79.0048
11.0013 98 80.6003
10.9692 99 81.3938
10.8632 104 85.3726
11.0334 104 85.4067
10.8343 114 93.3669
10.8279 117 95.7656
13.1785 116 95.4357
12.1991 114 93.6398
11.377 104 85.4754
12.6647 113 92.933
14.3732 95 78.8746
12.9313 92 76.1863
12.8092 117 96.1618
12.9505 92 76.1901
13.2364 114 93.8473
12.9891 94 77.7978
14.7007 93 77.3401
11.6692 114 93.5339
13.4419 81 67.4884
11.8009 84 69.5602
13.657 110 90.7314
13.9589 92 76.3918
11.3449 111 91.069
13.4772 108 89.0954
13.0244 116 95.4049
12.7193 124 101.744
13.7726 96 79.5545
12.4945 117 96.0989
13.3841 83 69.0768
11.7399 115 94.348
13.1818 121 99.4364
11.9197 102 83.9839
12.8927 103 84.9785
13.3455 147 120.269
13.3584 101 83.4717
13.7341 93 77.1468
