11.6789 66 22.5431
12.623 63 22.6984
12.7964 65 23.2371
11.6564 70 23.3251
11.4862 73 23.789
11.316 75 24.0528
11.4862 75 24.189
11.4316 77 24.5453
11.2775 78 24.622
11.3674 79 24.8939
11.4573 85 26.1658
11.2486 87 26.3988
11.2582 87 26.4066
11.4091 87 26.5273
11.4316 87 26.5453
11.2068 89 26.7654
11.4027 89 26.9222
11.1972 90 26.9577
11.3545 91 27.2836
11.2486 93 27.5988
11.1426 94 27.7141
11.0366 95 27.8293
11.21 95 27.968
11.0045 97 28.2036
10.9756 98 28.3805
11.2389 97 28.3911
11.2935 97 28.4348
11.2486 98 28.5988
10.9435 100 28.7548
11.2004 100 28.9603
11.2421 100 28.9937
10.921 102 29.1368
11.1843 101 29.1475
10.9981 103 29.3985
11.2614 103 29.6091
10.9981 106 29.9985
10.8889 109 30.5111
10.9499 110 30.7599
11.2036 114 31.7629
11.1715 115 31.9372
10.876 124 33.5008
10.8632 140 36.6906
12.7258 103 30.7806
11.9037 126 34.7229
12.4881 87 27.3905
13.1946 82 26.9557
12.6647 109 31.9318
12.8446 128 35.8757
12.3982 88 27.5186
12.106 109 31.4848
13.7726 98 30.6181
12.5459 111 32.2367
12.2312 102 30.185
11.6789 117 32.7431
14.203 96 30.5624
12.2987 120 33.8389
14.3699 90 29.496
11.7656 113 32.0125
14.0777 93 29.8622
12.9859 131 36.5887
13.1207 97 29.8966
12.2826 114 32.6261
12.4978 93 28.5982
12.7482 110 32.1986
13.474 74 25.5792
13.0405 99 30.2324
11.8266 106 30.6613
11.9486 99 29.3589
11.8234 100 29.4587
11.8972 108 31.1178
12.7868 86 27.4294
13.1657 113 33.1326
