12.3468 64 58.8347
12.1092 67 61.5109
11.9679 68 62.3968
12.6166 67 61.5617
11.422 72 65.9422
11.422 72 65.9422
11.3417 84 76.7342
11.332 86 78.5332
11.1329 93 84.8133
11.3417 84 76.7342
12.2922 94 85.8292
11.4091 99 90.2409
11.5247 95 86.6525
11.3449 101 92.0345
11.4027 106 96.5403
11.3449 101 92.0345
10.9756 114 103.698
11.5729 112 101.957
11.7977 112 101.98
11.6853 127 115.469
11.9647 70 64.1965
11.3417 84 76.7342
11.4091 99 90.2409
12.0482 128 116.405
11.9679 68 62.3968
11.3417 84 76.7342
11.817 120 109.182
11.0751 109 99.2075
12.6166 67 61.5617
11.3128 103 93.8313
11.6821 97 88.4682
11.3064 125 113.631
11.0751 109 99.2075
11.6853 127 115.469
11.6403 93 84.864
11.2293 86 78.5229
11.3417 84 76.7342
11.377 101 92.0377
11.3417 84 76.7342
11.2293 86 78.5229
11.2293 86 78.5229
11.422 72 65.9422
11.4091 99 90.2409
11.7784 129 117.278
11.316 111 101.032
11.4027 106 96.5403
11.2293 86 78.5229
11.3417 84 76.7342
11.0751 109 99.2075
11.2293 86 78.5229
11.3449 101 92.0345
11.4091 99 90.2409
11.3449 101 92.0345
11.3417 84 76.7342
11.4091 99 90.2409
11.2293 86 78.5229
11.3417 84 76.7342
11.6403 93 84.864
11.817 120 109.182
11.7688 95 86.6769
11.3449 101 92.0345
11.332 86 78.5332
11.2293 86 78.5229
11.422 72 65.9422
11.0462 119 108.205
11.4091 99 90.2409
11.0751 109 99.2075
11.422 72 65.9422
11.9647 70 64.1965
12.1092 67 61.5109
11.4091 99 90.2409
12.1092 67 61.5109
10.9756 114 103.698
11.0751 109 99.2075
11.4091 99 90.2409
11.3417 84 76.7342
11.3417 84 76.7342
12.1092 67 61.5109
11.3449 101 92.0345
11.2775 123 111.828
11.3417 84 76.7342
11.2775 127 115.428
11.4091 99 90.2409
11.0751 109 99.2075
11.3449 101 92.0345
11.377 101 92.0377
11.422 72 65.9422
11.422 72 65.9422
11.316 111 101.032
11.0751 109 99.2075
11.3449 101 92.0345
11.3417 84 76.7342
12.3468 64 58.8347
11.3128 103 93.8313
11.4091 99 90.2409
11.3449 101 92.0345
11.3417 84 76.7342
11.0751 109 99.2075
11.3449 101 92.0345
11.9647 70 64.1965
11.7688 95 86.6769
11.3417 111 101.034
12.6166 67 61.5617
11.3417 84 76.7342
11.4027 106 96.5403
11.0751 109 99.2075
11.3417 84 76.7342
12.6166 67 61.5617
11.3674 112 101.937
11.7688 95 86.6769
12.6166 67 61.5617
10.9146 126 114.491
11.3417 84 76.7342
11.332 86 78.5332
11.3128 103 93.8313
11.332 86 78.5332
12.1413 70 64.2141
11.6821 94 85.7682
11.8876 71 65.0888
11.4091 99 90.2409
11.7142 69 63.2714
11.2036 101 92.0204
12.0867 112 102.009
11.0751 109 99.2075
11.3417 84 76.7342
12.061 95 86.7061
11.3417 84 76.7342
11.2775 77 70.4277
11.3417 84 76.7342
11.9647 70 64.1965
11.3417 84 76.7342
12.1445 110 100.214
12.1092 67 61.5109
11.3449 101 92.0345
11.817 120 109.182
11.0751 109 99.2075
11.0141 128 116.301
11.422 72 65.9422
11.7688 95 86.6769
11.3417 84 76.7342
11.3128 103 93.8313
11.4926 97 88.4493
11.3417 84 76.7342
11.0751 109 99.2075
11.4091 99 90.2409
11.3128 103 93.8313
11.3449 101 92.0345
11.3449 101 92.0345
11.422 72 65.9422
11.6853 127 115.469
