12.9955 64 38.4978
11.8972 66 38.9486
11.8876 71 41.4438
11.438 72 41.719
11.4412 72 41.7206
11.2486 75 43.1243
11.3995 76 43.6997
11.3995 76 43.6997
11.0976 87 49.0488
11.2614 85 48.1307
11.2357 91 51.1179
11.1618 90 50.5809
11.1169 94 52.5584
11.3449 95 53.1724
12.1798 124 68.0899
11.2389 81 46.1195
11.3995 76 43.6997
11.2389 81 46.1195
11.5183 122 66.7592
11.8972 66 38.9486
11.0976 87 49.0488
11.2421 99 55.1211
11.8972 66 38.9486
11.2614 85 48.1307
11.2421 89 50.1211
11.3449 95 53.1724
11.2421 89 50.1211
11.1618 90 50.5809
11.3449 92 51.6724
12.6166 67 39.8083
11.1618 90 50.5809
11.3449 92 51.6724
11.8972 66 38.9486
11.1618 90 50.5809
11.3481 74 42.6741
11.2389 81 46.1195
12.9955 64 38.4978
11.2421 89 50.1211
11.4412 72 41.7206
11.3995 76 43.6997
11.0013 95 53.0006
12.6166 67 39.8083
11.3995 76 43.6997
11.2614 85 48.1307
11.7142 69 40.3571
11.1618 90 50.5809
12.9955 64 38.4978
11.8972 66 38.9486
11.2614 85 48.1307
11.3995 76 43.6997
12.6166 67 39.8083
11.2421 89 50.1211
11.2486 75 43.1243
11.2614 85 48.1307
11.2486 75 43.1243
11.3995 76 43.6997
11.2389 81 46.1195
12.9955 64 38.4978
11.8876 71 41.4438
11.1618 90 50.5809
11.2614 85 48.1307
11.1169 97 54.0584
11.2614 85 48.1307
11.438 72 41.719
11.8972 66 38.9486
11.2486 75 43.1243
12.6166 67 39.8083
12.6166 67 39.8083
11.2871 78 44.6435
11.3995 76 43.6997
11.2614 85 48.1307
11.1618 90 50.5809
12.9955 64 38.4978
11.3995 76 43.6997
11.3481 74 42.6741
12.6166 67 39.8083
11.438 72 41.719
11.1618 90 50.5809
11.438 72 41.719
11.2486 75 43.1243
12.6166 67 39.8083
11.3449 92 51.6724
12.9955 64 38.4978
11.2871 78 44.6435
11.2614 85 48.1307
11.3995 76 43.6997
11.3449 95 53.1724
11.3995 76 43.6997
11.3449 95 53.1724
11.2614 85 48.1307
11.3481 74 42.6741
12.9955 64 38.4978
11.3995 76 43.6997
11.2486 75 43.1243
11.4412 72 41.7206
12.9955 64 38.4978
11.8876 71 41.4438
11.3995 76 43.6997
11.8876 71 41.4438
11.2614 85 48.1307
11.3449 95 53.1724
11.438 72 41.719
11.3995 76 43.6997
11.2486 75 43.1243
11.1618 90 50.5809
12.6166 67 39.8083
11.0976 87 49.0488
11.3995 76 43.6997
11.3449 95 53.1724
11.438 72 41.719
11.1169 94 52.5584
11.3995 76 43.6997
11.8972 66 38.9486
11.3481 74 42.6741
12.9955 64 38.4978
11.8972 66 38.9486
11.2614 85 48.1307
11.2486 75 43.1243
11.2614 85 48.1307
11.8972 66 38.9486
11.2486 75 43.1243
11.4412 72 41.7206
11.8972 66 38.9486
11.2036 94 52.6018
11.2614 85 48.1307
11.3449 95 53.1724
11.4412 72 41.7206
11.3449 92 51.6724
11.1618 90 50.5809
11.3995 76 43.6997
11.8073 120 65.9037
11.8972 66 38.9486
11.8972 66 38.9486
11.3449 92 51.6724
11.2389 81 46.1195
11.3481 74 42.6741
11.3995 76 43.6997
11.3995 76 43.6997
11.438 72 41.719
11.4412 72 41.7206
11.2421 89 50.1211
12.9955 64 38.4978
11.1618 90 50.5809
11.1618 90 50.5809
11.1618 90 50.5809
11.438 72 41.719
11.3449 92 51.6724
11.2389 81 46.1195
11.8972 66 38.9486
11.3449 95 53.1724
