13.3744 63 58.0374
12.3468 64 58.8347
11.4958 65 59.6496
11.422 72 65.9422
12.2505 83 75.925
12.3051 75 68.7305
11.422 72 65.9422
12.1895 88 80.4189
11.4188 88 80.3419
11.1137 91 83.0114
11.1137 91 83.0114
11.483 80 73.1483
11.0816 99 90.2082
11.0816 99 90.2082
11.0816 99 90.2082
11.0816 107 97.4081
11.2453 105 95.6245
11.0816 107 97.4081
11.5601 130 118.156
11.1137 91 83.0114
11.5022 68 62.3502
11.422 72 65.9422
11.1137 91 83.0114
11.1137 91 83.0114
11.1169 134 121.712
11.5022 68 62.3502
11.5022 68 62.3502
13.3744 63 58.0374
11.1137 91 83.0114
13.3744 63 58.0374
11.0816 99 90.2082
11.4958 65 59.6496
11.1618 128 116.316
11.1137 91 83.0114
11.544 90 82.1544
11.0816 99 90.2082
11.3224 85 77.6322
11.0816 99 90.2082
11.0816 112 101.908
11.3995 73 66.8399
11.2164 109 99.2216
11.0816 99 90.2082
11.422 72 65.9422
12.1895 88 80.4189
11.422 72 65.9422
11.422 72 65.9422
11.422 72 65.9422
11.4958 109 99.2496
11.0816 99 90.2082
11.3995 73 66.8399
11.3674 75 68.6367
11.0816 99 90.2082
11.1137 91 83.0114
11.2164 101 92.0216
11.3674 75 68.6367
11.422 72 65.9422
11.2453 107 97.4245
11.4091 82 74.9409
11.422 72 65.9422
11.5697 71 65.057
11.2742 82 74.9274
11.0816 99 90.2082
11.2132 90 82.1213
11.422 72 65.9422
13.3744 63 58.0374
11.4477 82 74.9448
11.0751 111 101.008
11.4477 82 74.9448
12.3468 64 58.8347
11.0816 99 90.2082
11.0559 119 108.206
11.1908 123 111.819
11.422 72 65.9422
11.5022 68 62.3502
12.4624 79 72.3462
11.422 72 65.9422
11.5697 71 65.057
11.4733 78 71.3473
12.3468 64 58.8347
11.2164 114 103.722
11.0816 99 90.2082
11.4091 82 74.9409
11.483 80 73.1483
11.422 72 65.9422
11.4958 65 59.6496
11.2453 110 100.125
11.422 72 65.9422
11.0816 109 99.2082
12.7225 73 66.9723
11.3995 73 66.8399
12.3468 64 58.8347
11.4733 80 73.1473
12.3468 64 58.8347
11.6179 71 65.0618
11.2614 90 82.1261
12.3468 64 58.8347
11.0816 99 90.2082
11.6179 71 65.0618
11.0816 99 90.2082
11.0816 105 95.6082
11.2164 101 92.0216
11.1137 91 83.0114
11.3224 85 77.6322
11.2164 109 99.2216
11.0816 99 90.2082
11.0816 99 90.2082
11.0366 127 115.404
11.2164 101 92.0216
13.3744 63 58.0374
13.3744 63 58.0374
11.0816 99 90.2082
10.921 110 100.092
11.5697 71 65.057
11.5697 71 65.057
11.0816 109 99.2082
12.7225 73 66.9723
11.4958 65 59.6496
11.4958 65 59.6496
12.3468 64 58.8347
11.422 72 65.9422
11.1137 91 83.0114
10.9981 131 119
11.5793 82 74.9579
11.1137 91 83.0114
11.5697 71 65.057
11.0848 107 97.4085
11.0816 99 90.2082
11.0816 109 99.2082
13.3744 63 58.0374
11.422 72 65.9422
11.4155 75 68.6416
11.2164 101 92.0216
11.0816 99 90.2082
12.3468 64 58.8347
11.1137 91 83.0114
11.4958 65 59.6496
11.1137 91 83.0114
11.1137 91 83.0114
11.4637 114 103.746
11.3224 85 77.6322
11.422 72 65.9422
11.1137 91 83.0114
11.6435 80 73.1644
11.483 80 73.1483
11.0816 109 99.2082
13.3744 63 58.0374
11.0816 107 97.4081
11.0816 99 90.2082
11.0366 122 110.904
11.0816 99 90.2082
