12.9955 64 43.5982
11.5311 65 43.6125
11.3995 70 46.5598
11.2807 72 47.7123
11.2004 82 53.6802
11.3802 81 53.1521
11.2164 90 58.4866
11.2935 83 54.3174
11.3192 96 62.1277
11.0751 109 69.8301
10.9756 114 72.7902
11.4733 107 68.7893
10.9467 124 78.7787
11.7656 129 82.1062
11.2935 83 54.3174
10.9756 114 72.7902
11.0591 91 59.0236
11.0751 109 69.8301
11.7174 125 79.687
11.5311 65 43.6125
11.0751 109 69.8301
12.9955 64 43.5982
11.2004 82 53.6802
11.5568 104 67.0227
11.3963 78 51.3585
11.2004 82 53.6802
11.5311 65 43.6125
11.2004 82 53.6802
11.0398 111 71.0159
11.2935 83 54.3174
11.3096 114 72.9238
11.5311 65 43.6125
12.106 136 86.4424
11.3674 112 71.747
11.3963 78 51.3585
11.7078 131 83.2831
11.2004 82 53.6802
11.3963 78 51.3585
12.9955 64 43.5982
11.3449 101 65.138
11.2004 82 53.6802
11.7592 128 81.5037
11.3995 70 46.5598
12.0546 129 82.2218
11.043 126 80.0172
11.3802 81 53.1521
11.3802 81 53.1521
11.3995 70 46.5598
11.2807 72 47.7123
11.5215 85 55.6086
11.5311 65 43.6125
11.4733 104 66.9893
11.6821 80 52.6728
11.3802 81 53.1521
11.483 82 53.7932
11.3802 81 53.1521
11.0751 109 69.8301
11.2935 83 54.3174
11.4733 115 73.5893
11.0591 91 59.0236
11.4701 122 77.7881
11.2935 83 54.3174
11.6821 80 52.6728
11.3738 109 69.9495
11.6853 134 85.0741
11.3353 86 56.1341
11.3802 81 53.1521
11.2004 82 53.6802
11.377 101 65.1508
11.3802 81 53.1521
11.1779 105 67.4712
11.7399 121 77.296
11.3802 81 53.1521
11.3064 125 79.5225
11.3449 101 65.138
11.2004 82 53.6802
11.2004 82 53.6802
12.9955 64 43.5982
11.2004 82 53.6802
11.3802 81 53.1521
11.6821 80 52.6728
11.3802 81 53.1521
11.3995 70 46.5598
11.4733 104 66.9893
11.6371 96 62.2549
11.2646 94 60.9058
11.2004 82 53.6802
11.3995 70 46.5598
12.9955 64 43.5982
12.0546 131 83.4218
11.2646 97 62.7058
11.3096 114 72.9238
11.2004 82 53.6802
11.2839 113 72.3136
11.483 82 53.7932
11.2004 82 53.6802
11.3802 81 53.1521
12.0546 129 82.2218
11.2646 94 60.9058
11.3353 129 81.9341
11.6821 80 52.6728
11.2807 72 47.7123
11.3738 109 69.9495
11.2453 104 66.8981
12.9955 64 43.5982
11.3995 70 46.5598
11.3353 129 81.9341
11.2004 82 53.6802
11.3995 70 46.5598
11.5311 65 43.6125
11.2839 113 72.3136
11.0591 91 59.0236
11.2004 82 53.6802
11.3096 114 72.9238
11.2004 82 53.6802
11.2839 130 82.5135
11.3802 81 53.1521
11.3192 96 62.1277
11.0398 137 86.6159
11.0591 91 59.0236
11.2935 83 54.3174
11.2935 83 54.3174
11.5825 68 45.433
11.5055 102 65.8022
11.2004 82 53.6802
11.3802 81 53.1521
11.3353 129 81.9341
11.2935 83 54.3174
11.2004 82 53.6802
11.3802 81 53.1521
11.2004 82 53.6802
11.3449 101 65.138
11.0462 119 75.8185
11.5055 102 65.8022
11.6821 80 52.6728
11.3096 114 72.9238
11.4252 132 83.7701
11.2004 82 53.6802
11.7848 129 82.1139
12.9955 64 43.5982
11.2935 83 54.3174
11.0751 109 69.8301
11.3802 81 53.1521
10.9467 124 78.7787
11.2807 72 47.7123
11.4733 107 68.7893
11.3802 81 53.1521
11.6018 89 58.0407
11.2807 72 47.7123
11.2164 90 58.4866
