11.7142 69 40.3571
12, 11, 10, 8, 6
8, 6, 3, 2, 1
5, 4, 2
11, 13, 14
6, 15, 9
8, 15, 7
11.3545 77 44.1773
11, 10, 8, 6, 3, 2, 1
5, 4
2, 5
11, 13, 14
12, 11, 10, 7, 15
9, 15
12.6166 67 39.8083
12, 11, 10, 8
8, 6, 3, 2, 1
5, 4, 2
11, 13, 14
6, 15, 9
8, 15, 7
11.316 80 45.658
11, 10, 8, 6, 3, 2, 1
5, 4
2, 5
11, 13, 14
12, 11, 10, 7, 15
9, 15, 6
11.0719 93 52.036
12, 11, 10, 8, 6, 4, 5
9, 15, 7, 10
1, 2, 3, 6, 8
10, 11
14, 13, 11
12, 4, 6, 8
11.2614 85 48.1307
12, 11, 10, 8, 6, 4, 5
9, 15, 7, 10
1, 2, 3, 6
10, 11
14, 13, 11
12, 4
11.0976 87 49.0488
12, 11, 10, 8, 6, 4, 5
9, 15, 7, 10
1, 2, 3, 6, 8
10, 11
14, 13, 11
12, 4
11.0784 91 51.0392
12, 11, 10, 8, 6, 4, 5
9, 15, 7, 10
1, 2, 3, 6, 8
10, 11
14, 13, 11
12, 4, 6
11.0687 99 55.0344
12, 11, 10, 8, 6, 4, 5
9, 15, 7, 10, 14
1, 2, 3, 6, 8
10, 11
14, 13, 11
12, 4, 6
11.0366 109 60.0183
12, 11, 10, 8, 6, 4, 5
9, 15, 7, 10, 14
1, 2, 3, 6, 8
10, 11
10, 13, 11
12, 4, 6, 8
11.438 72 41.719
14, 13
14, 10, 7, 15, 9
12, 11
11, 10, 8, 6, 3, 2, 1
5, 4
2, 4
11.043 107 59.0215
12, 11, 10, 8, 6, 4, 5
9, 15, 7, 10, 14
1, 2, 3, 6, 8
10, 11
10, 13, 11
12, 4, 6
11.0527 102 56.5263
12, 11, 10, 8, 6, 4, 5
9, 15, 7, 10, 14
1, 2, 3, 6, 8
10, 11
10, 13
12, 4, 6
12.9955 64 38.4978
1, 2, 3, 6, 4
12, 11, 10, 7, 15
4, 5
11, 13
13, 14
6, 8, 15, 9
