11.5311 65 32.9187
13.5157 63 33.3094
11.422 69 34.4532
11.3031 71 35.1819
11.2678 78 37.9607
11.2614 80 38.7568
11.2357 85 40.7414
11.043 90 42.6258
10.9242 100 46.5545
10.9146 102 47.3487
10.8953 110 50.5372
10.8857 112 51.3314
10.8825 132 59.3295
13.8593 87 43.1156
12.1574 121 55.6944
13.3295 120 55.9977
12.2826 102 48.1696
12.0514 116 53.6308
12.7836 119 55.2701
12.0931 97 46.0559
11.4477 113 52.0686
12.7097 96 46.0258
12.9891 106 50.1935
11.9037 103 48.3422
14.0681 86 42.8409
11.9711 102 47.9827
13.0276 96 46.2166
13.3263 106 50.3958
12.8253 120 55.6952
12.6455 126 57.9873
13.1593 91 44.2956
11.7784 108 50.2671
12.3083 107 50.185
13.5254 92 44.9152
12.9891 99 47.3935
12.7579 105 49.6547
11.7881 92 43.8728
13.5189 75 38.1114
12.8542 80 39.7125
11.9069 106 49.5441
11.8459 131 59.5075
13.1304 135 61.8782
13.4547 114 53.6728
