12.9955 64 38.4978
11.8972 66 38.9486
11.7142 69 40.3571
11.8876 71 41.4438
11.438 72 41.719
11.4412 72 41.7206
11.3481 74 42.6741
11.2486 75 43.1243
11.3995 76 43.6997
11.2871 78 44.6435
11.2389 81 46.1195
11.1265 83 47.0633
11.2614 85 48.1307
11.0976 87 49.0488
11.2421 89 50.1211
11.1618 90 50.5809
11.0784 91 51.0392
11.2357 91 51.1179
11.0719 93 52.036
11.1169 94 52.5584
11.0013 95 53.0006
10.9756 99 54.9878
10.8568 110 60.4284
10.8504 113 61.9252
13.2299 103 58.115
12.5234 129 70.7617
13.7213 85 49.3606
13.3391 115 64.1696
12.7386 81 46.8693
12.7547 88 50.3773
12.7514 109 60.8757
12.4913 88 50.2457
14.1387 122 68.0694
12.684 89 50.842
11.9872 142 76.9936
13.5318 108 60.7659
13.1914 82 47.5957
12.2312 111 61.6156
12.4689 90 51.2344
12.7739 103 57.887
13.763 98 55.8815
13.4868 90 51.7434
12.2119 98 55.106
12.4881 81 46.7441
11.7046 113 62.3523
13.2749 118 65.6374
13.3231 100 56.6615
12.5716 75 43.7858
12.1606 104 58.0803
12.7386 111 61.8693
13.5607 106 59.7803
12.4207 102 57.2103
12.6776 101 56.8388
12.2216 84 48.1108
