11.6917 70 17.5225
11.3899 73 17.5509
11.666 71 17.5994
12.106 68 17.6954
11.2807 76 17.7526
12.106 69 17.7954
12.5588 65 17.8029
12.4014 67 17.8613
13.1272 64 18.2145
11.1843 83 18.3659
11.2839 84 18.5555
11.2068 85 18.5861
11.043 89 18.8387
11.1073 91 19.0965
11.1169 92 19.2052
10.9531 96 19.4578
11.1137 100 20.0023
11.1073 101 20.0965
10.9499 104 20.2549
10.9467 106 20.452
10.8728 109 20.6856
10.8632 120 21.7769
10.8439 137 23.4595
11.8555 123 22.9699
13.2588 97 21.6329
13.5478 102 22.3931
13.4033 93 21.363
13.185 101 21.9665
12.2762 109 21.9486
12.8125 98 21.3312
12.4399 106 21.796
12.6326 137 25.0694
13.2813 99 21.8532
13.1818 80 19.8636
13.034 116 23.3306
13.3134 99 21.8821
13.2588 86 20.5329
13.2749 108 22.7474
12.6808 91 20.5127
11.438 123 22.5942
13.2396 95 21.4156
12.3982 126 23.7584
12.6455 119 23.2809
12.4207 142 25.3786
12.9441 89 20.5497
11.833 87 19.3497
12.3661 100 21.1295
12.5588 93 20.6029
12.8895 119 23.5006
12.9441 73 18.9497
14.2286 93 22.1058
12.1028 97 20.5925
12.9987 68 18.4988
