13.1207 63 43.0483
12.9923 65 44.1969
12.6872 66 44.6749
12.5941 68 45.8376
11.9037 69 46.1615
11.6564 72 47.8626
11.4059 74 48.9624
11.4059 74 48.9624
11.4059 74 48.9624
11.3224 81 53.129
11.2261 85 55.4904
11.4316 83 54.3726
11.4541 85 55.5816
11.1233 104 66.8493
11.1233 104 66.8493
11.4573 108 69.3829
11.4059 74 48.9624
12.6872 66 44.6749
11.3449 77 50.738
12.7611 67 45.3044
11.3353 85 55.5341
11.1233 104 66.8493
11.9037 69 46.1615
11.2421 76 50.0969
11.4573 108 69.3829
12.7611 67 45.3044
11.4059 74 48.9624
12.7611 67 45.3044
12.7611 67 45.3044
12.6872 66 44.6749
12.5941 68 45.8376
11.3224 81 53.129
13.1207 63 43.0483
11.3353 87 56.7341
11.4059 74 48.9624
11.6564 72 47.8626
11.6564 72 47.8626
11.6564 72 47.8626
13.1207 63 43.0483
11.1233 104 66.8493
13.1207 63 43.0483
11.9037 69 46.1615
13.1207 63 43.0483
13.1207 63 43.0483
11.9037 69 46.1615
11.1233 104 66.8493
11.1233 104 66.8493
11.4541 85 55.5816
11.4573 100 64.5829
11.4059 74 48.9624
13.1207 63 43.0483
11.4316 83 54.3726
11.6564 72 47.8626
11.9037 69 46.1615
12.5941 68 45.8376
11.9037 69 46.1615
11.2421 76 50.0969
11.3449 77 50.738
11.4059 74 48.9624
11.3353 85 55.5341
11.4541 85 55.5816
11.3353 85 55.5341
11.9037 69 46.1615
11.1233 104 66.8493
11.4059 74 48.9624
11.3449 77 50.738
12.7611 67 45.3044
11.3353 85 55.5341
11.4573 108 69.3829
12.7611 67 45.3044
11.3738 76 50.1495
11.1233 104 66.8493
11.2421 76 50.0969
11.2421 76 50.0969
11.1233 104 66.8493
11.4541 85 55.5816
11.6564 72 47.8626
11.1233 104 66.8493
11.2421 76 50.0969
11.6564 72 47.8626
11.6564 72 47.8626
11.4059 74 48.9624
13.1207 63 43.0483
11.3128 81 53.1251
11.4541 85 55.5816
12.5941 68 45.8376
11.4573 108 69.3829
11.9037 69 46.1615
11.1233 104 66.8493
11.4059 74 48.9624
11.4573 110 70.5829
11.3449 79 51.938
13.1207 63 43.0483
12.5941 68 45.8376
11.2421 76 50.0969
11.4059 74 48.9624
11.1233 104 66.8493
11.3353 85 55.5341
12.5941 68 45.8376
11.4541 85 55.5816
11.4573 100 64.5829
11.4316 83 54.3726
11.3353 87 56.7341
11.4059 74 48.9624
11.9037 69 46.1615
11.4316 83 54.3726
12.6872 66 44.6749
11.3224 81 53.129
11.4059 74 48.9624
11.3224 89 57.929
11.1233 104 66.8493
11.1233 104 66.8493
12.5941 68 45.8376
11.4573 100 64.5829
11.4059 74 48.9624
13.1207 63 43.0483
12.6872 66 44.6749
11.6564 72 47.8626
11.9037 69 46.1615
11.4573 110 70.5829
11.4541 85 55.5816
12.7611 67 45.3044
11.4316 75 49.5726
11.1233 104 66.8493
11.4059 74 48.9624
12.9923 65 44.1969
11.6564 72 47.8626
12.7611 67 45.3044
11.4541 85 55.5816
11.2421 76 50.0969
11.2871 108 69.3148
11.1297 95 61.4519
12.5941 68 45.8376
11.3449 79 51.938
13.1207 63 43.0483
11.4059 74 48.9624
11.6564 72 47.8626
11.9037 69 46.1615
13.1207 63 43.0483
11.1233 104 66.8493
11.1233 104 66.8493
11.3995 112 71.7598
11.3449 77 50.738
12.6872 66 44.6749
11.1233 104 66.8493
13.1207 63 43.0483
12.6872 66 44.6749
13.1207 63 43.0483
11.4059 74 48.9624
11.4059 74 48.9624
