12.7579 63 17.7821
9, 15, 7
7, 10
11, 12
10, 11, 13, 14
5, 4, 2
1, 2, 3, 6, 8, 15
11.3449 77 17.9104
9, 15, 7
5, 4, 12
1, 2, 3, 6, 8, 10
12, 11, 10, 14
14, 13
7, 15, 6
11.2807 79 18.0526
9, 15, 7
5, 4, 12
1, 2, 3, 6, 8, 10, 13
12, 11, 10
14, 13
7, 15, 6
11.9101 67 17.4191
12, 11, 10, 8, 6, 3, 2
8, 15, 9
15, 7
1, 2, 4, 5
10, 14
14, 13
11.3577 73 17.522
4, 12
11, 13, 14
9, 15, 7
1, 2, 3, 6, 8
11, 10, 8, 6, 4, 5
2, 3, 6, 15
12.0064 66 17.4058
4, 12
11, 13, 14
9, 15, 7
1, 2
11, 10, 8, 6, 4, 5
2, 3, 6, 15
11.1008 81 18.0908
4, 12
11, 13, 14
9, 15, 7
1, 2, 3, 6, 8, 10
11, 10, 8, 6, 4, 5
2, 3, 6, 15
10.9884 86 18.4896
12, 11, 10, 8, 6, 4, 5
6, 15
14, 13
14, 10, 7, 15
9, 15
10, 8, 6, 3, 2, 1
10.9306 98 19.6376
14, 13, 11
12, 4
7, 10, 8, 6, 3, 2, 1
9, 15
12, 11, 10, 8, 6, 4, 5
9, 15, 7
10.8857 108 20.5971
14, 13, 11, 12
12, 4
7, 10, 8, 6, 3, 2, 1
9, 15
12, 11, 10, 8, 6, 4, 5
9, 15, 7
11.4733 68 17.126
5, 2
7, 15, 9
15, 6
1, 2, 3, 6, 8, 10, 11
5, 4, 12
14, 13, 11
10.9114 105 20.3202
3, 2, 5, 4, 6, 8, 10
10, 11
10, 7, 15, 9
4, 12, 11, 13, 14
7, 15
1, 2, 3, 6, 8, 10, 11
