660.986
673.749
673.749
673.749
673.749
673.749
676.536
683.691
690.679
690.679
690.679
692.766
692.766
692.888
692.888
692.888
692.888
692.888
692.888
692.888
692.888
694.802
694.802
694.802
720.839
720.916
722.554
723.681
725.232
725.376
726.998
728.607
728.626
728.713
728.732
731.621
731.621
732.575
733.294
733.294
733.362
733.362
733.362
733.362
733.362
733.362
733.362
733.362
733.362
733.362
733.362
733.362
733.362
733.362
733.362
733.391
733.391
733.391
733.391
733.391
733.391
733.391
733.391
733.391
733.391
733.391
733.391
733.391
733.391
733.391
738.413
738.413
738.888
738.888
738.888
740.94
740.94
740.94
740.94
740.94
740.94
740.94
740.94
740.94
740.94
740.94
740.94
740.94
740.94
745.333
745.333
745.333
745.333
745.439
745.439
745.439
745.439
745.439
745.439
745.439
745.439
767.43
771.692
772.456
772.456
772.456
773.124
773.124
773.124
773.124
773.124
773.124
773.785
773.785
773.785
773.863
773.863
773.863
773.863
773.863
774.097
774.097
774.097
774.097
774.097
774.097
774.097
774.097
774.097
774.097
774.097
774.097
774.097
774.097
774.097
774.097
774.097
774.097
774.097
774.097
774.097
774.097
774.097
774.097
774.097
774.097
774.097
774.097
774.219
774.219
774.219
774.219
774.219
774.219
774.219
774.219
774.219
774.219
774.219
779.2
779.2
779.2
779.2
779.2
779.2
779.2
779.2
779.2
779.2
779.2
779.2
779.2
779.2
779.2
779.2
779.2
779.2
779.2
779.2
779.2
779.2
779.2
779.2
779.2
779.2
779.2
779.2
779.2
779.2
779.2
779.2
779.2
779.2
779.2
779.2
779.2
779.2
779.2
779.2
779.2
779.2
779.2
779.2
779.2
779.2
779.2
779.2
779.2
779.2
779.2
779.2
779.2
779.2
779.2
779.2
779.2
779.2
779.2
779.2
779.2
779.2
779.2
779.2
779.2
779.2
779.2
779.2
779.2
779.2
779.2
779.2
779.2
779.2
779.2
779.2
779.2
779.2
779.2
779.2
779.2
779.2
779.2
779.2
779.2
779.2
779.2
779.2
779.2
779.2
779.2
779.2
779.2
779.2
779.2
779.2
779.2
779.2
779.2
779.2
779.2
785.408
785.408
785.408
785.408
785.408
785.408
785.408
785.408
785.408
785.408
785.408
785.408
785.408
785.408
785.408
785.408
785.408
785.408
785.408
785.408
785.408
785.408
785.408
785.408
785.408
785.408
785.408
785.408
785.408
785.408
785.408
785.408
785.408
785.408
785.408
785.408
785.408
785.408
785.408
785.408
785.408
785.408
785.408
785.408
785.408
785.408
785.408
785.408
785.408
785.408
785.408
785.408
785.408
785.408
785.408
785.408
785.408
785.408
785.408
785.408
785.408
785.408
785.408
785.408
785.408
785.408
785.408
785.408
785.408
785.408
785.408
785.408
785.408
785.408
785.408
785.408
785.408
785.408
785.408
785.408
785.408
785.408
785.408
785.408
785.408
785.408
785.408
785.408
785.408
785.408
785.408
785.408
785.408
785.408
785.408
785.408
785.408
785.408
785.408
785.408
785.408
785.408
785.408
785.408
785.408
785.408
785.408
785.408
785.408
785.408
785.408
785.408
785.408
785.408
785.408
785.408
785.408
785.408
785.408
785.408
785.408
785.408
785.408
785.408
785.408
785.408
785.408
785.408
785.408
785.408
785.408
785.408
785.408
785.408
785.408
785.408
785.408
785.408
785.408
785.408
785.408
785.408
785.408
785.408
785.408
785.408
785.408
785.408
785.408
785.408
785.408
785.408
785.408
785.408
785.408
785.408
785.408
785.408
785.408
785.408
785.408
785.408
785.408
785.408
785.408
785.408
785.408
785.408
785.408
785.408
785.408
785.408
785.408
785.408
785.408
785.408
785.408
785.408
785.408
785.408
785.408
785.408
785.408
785.408
785.408
785.408
785.408
785.408
785.408
785.408
785.408
785.408
786.68
787.315
787.315
787.315
787.315
787.315
787.315
787.315
787.315
787.315
787.315
787.315
787.315
787.315
787.315
787.315
787.315
787.315
787.315
787.315
787.315
787.315
787.315
787.315
787.315
787.315
787.315
787.315
787.315
787.315
787.315
787.315
787.315
787.315
787.315
787.315
787.315
787.315
787.315
787.315
787.315
787.315
787.315
787.315
787.315
787.315
787.315
787.315
787.315
787.315
787.315
787.315
787.315
787.315
787.315
787.315
787.315
787.315
787.315
787.315
787.315
787.315
787.315
787.315
787.315
787.315
787.315
787.315
787.315
787.315
787.315
787.315
787.315
787.315
787.315
787.315
787.315
787.315
787.315
787.315
787.315
787.315
787.315
787.315
787.315
787.315
787.315
787.315
787.315
787.315
787.315
787.315
787.315
787.315
787.315
787.315
787.315
787.315
787.315
787.315
787.315
787.315
787.315
787.315
787.315
787.315
787.315
787.315
787.315
787.315
787.315
787.315
787.315
787.315
787.315
787.315
787.315
787.315
787.315
787.315
787.315
787.315
787.315
787.315
787.315
787.315
787.315
787.315
787.315
787.315
787.315
787.315
787.315
787.315
787.315
787.315
787.315
787.315
787.315
787.315
787.315
787.315
787.315
787.315
787.315
787.315
787.315
787.315
787.315
787.315
787.315
787.315
787.315
787.315
787.315
787.315
787.315
787.315
787.315
787.315
787.315
787.315
787.315
787.315
787.315
787.315
787.315
787.315
787.315
787.315
787.315
787.315
787.315
787.315
787.315
787.315
787.315
787.315
787.315
787.315
787.315
788.202
788.202
788.202
788.202
788.202
788.202
788.202
788.202
788.356
791.307
791.307
791.307
791.307
791.307
791.307
791.307
791.307
791.307
791.307
791.307
791.307
791.307
791.307
791.307
791.307
791.307
791.307
791.307
791.307
791.307
791.307
791.307
791.307
791.307
791.307
791.307
791.307
791.307
791.307
791.307
791.307
791.307
791.307
791.307
791.307
791.307
791.307
791.307
791.307
791.307
791.307
791.307
791.307
791.307
791.307
791.307
791.307
791.307
791.307
791.416
791.416
791.416
791.416
791.416
791.416
791.416
791.416
791.416
791.416
791.416
791.416
791.416
791.416
791.416
791.416
791.416
791.416
791.416
791.416
791.416
791.416
791.416
791.416
791.416
791.416
791.416
791.416
791.416
791.416
791.416
791.416
791.416
791.416
791.416
791.416
791.416
791.416
791.416
791.416
791.416
791.416
791.416
791.416
791.416
791.416
791.416
791.416
791.416
791.416
791.416
791.416
791.416
791.416
791.416
791.416
791.416
791.416
791.416
791.416
791.416
791.416
791.416
791.416
791.416
791.416
791.416
791.416
791.416
791.416
791.416
791.416
791.416
791.416
791.416
791.416
791.416
791.416
791.416
791.416
791.416
791.416
791.416
791.416
791.416
791.416
791.416
791.416
791.416
791.416
791.416
791.416
791.416
791.416
791.416
791.416
791.416
791.416
791.416
791.416
791.416
791.416
791.416
791.416
791.416
791.416
791.416
791.416
791.416
791.416
791.416
791.416
791.416
791.416
791.416
791.416
791.416
791.416
791.416
791.416
791.416
791.416
791.416
791.416
791.416
791.416
791.416
791.416
791.416
791.416
791.416
791.416
791.416
791.416
791.416
791.416
791.416
791.416
791.416
791.416
791.416
791.416
791.416
791.416
791.416
791.416
791.416
791.416
791.416
791.416
791.416
791.416
791.416
791.416
791.416
791.416
791.416
791.416
791.416
791.416
791.416
791.416
791.416
791.416
791.416
791.416
791.416
791.416
791.416
791.416
791.416
791.416
791.416
791.416
791.416
791.416
791.416
791.416
791.416
791.416
791.416
791.416
791.416
791.416
791.416
791.416
791.416
791.416
791.416
791.416
791.416
791.416
791.416
791.416
791.416
791.416
791.416
791.416
791.416
791.416
791.416
791.416
791.416
791.416
791.416
791.416
791.416
791.416
791.416
791.416
791.416
791.416
791.416
791.416
791.416
791.416
791.416
791.416
791.416
791.416
791.416
791.416
791.416
791.416
791.416
791.416
791.416
791.416
791.416
791.416
791.416
791.416
791.416
791.416
791.416
791.416
791.416
791.416
791.416
791.416
791.416
791.416
791.416
791.416
791.416
791.416
791.416
791.416
791.416
791.416
791.416
791.416
791.416
791.416
791.416
791.416
791.416
791.416
791.416
791.416
791.416
791.416
791.416
791.416
791.416
791.416
791.416
791.416
791.416
791.416
791.416
791.416
791.416
791.416
791.416
791.416
791.416
791.416
791.416
791.416
791.416
791.416
791.416
791.416
791.416
791.416
791.416
791.416
791.416
791.416
791.416
791.416
791.416
791.416
791.416
791.416
799.984
799.984
799.984
799.984
799.984
799.984
799.984
799.984
799.984
799.984
799.984
799.984
799.984
799.984
799.984
799.984
799.984
799.984
799.984
799.984
799.984
799.984
799.984
799.984
799.984
799.984
799.984
799.984
799.984
799.984
799.984
799.984
799.984
799.984
799.984
799.984
799.984
799.984
799.984
799.984
799.984
799.984
799.984
799.984
799.984
799.984
799.984
799.984
799.984
799.984
799.984
799.984
799.984
799.984
799.984
799.984
799.984
799.984
799.984
799.984
799.984
799.984
799.984
799.984
799.984
799.984
799.984
799.984
799.984
799.984
799.984
799.984
799.984
799.984
799.984
799.984
799.984
799.984
799.984
799.984
799.984
799.984
799.984
799.984
799.984
799.984
799.984
799.984
799.984
799.984
799.984
799.984
799.984
799.984
799.984
799.984
799.984
799.984
799.984
799.984
799.984
799.984
799.984
799.984
799.984
799.984
799.984
799.984
799.984
799.984
799.984
799.984
799.984
799.984
799.984
799.984
799.984
799.984
799.984
799.984
799.984
799.984
799.984
799.984
799.984
799.984
799.984
799.984
799.984
799.984
799.984
799.984
799.984
799.984
799.984
799.984
799.984
799.984
799.984
799.984
799.984
799.984
799.984
799.984
799.984
799.984
799.984
799.984
799.984
799.984
799.984
799.984
799.984
799.984
799.984
799.984
799.984
799.984
799.984
799.984
799.984
799.984
799.984
799.984
799.984
799.984
799.984
799.984
799.984
799.984
799.984
799.984
799.984
799.984
799.984
799.984
799.984
799.984
799.984
799.984
799.984
799.984
799.984
799.984
799.984
799.984
799.984
799.984
799.984
799.984
799.984
799.984
799.984
799.984
799.984
799.984
799.984
799.984
799.984
799.984
799.984
799.984
799.984
799.984
799.984
799.984
799.984
799.984
799.984
799.984
799.984
799.984
799.984
799.984
799.984
799.984
799.984
799.984
799.984
799.984
799.984
799.984
799.984
799.984
799.984
799.984
799.984
799.984
799.984
799.984
799.984
799.984
799.984
799.984
799.984
799.984
799.984
799.984
799.984
799.984
799.984
799.984
799.984
799.984
799.984
799.984
799.984
799.984
799.984
799.984
799.984
799.984
799.984
799.984
799.984
799.984
799.984
799.984
799.984
799.984
799.984
799.984
799.984
799.984
799.984
799.984
799.984
799.984
799.984
799.984
799.984
799.984
799.984
799.984
799.984
799.984
799.984
799.984
799.984
799.984
799.984
799.984
799.984
799.984
799.984
799.984
799.984
799.984
799.984
799.984
799.984
799.984
799.984
799.984
799.984
799.984
799.984
799.984
799.984
799.984
799.984
799.984
799.984
799.984
799.984
799.984
799.984
799.984
799.984
799.984
799.984
799.984
799.984
799.984
799.984
799.984
799.984
799.984
799.984
799.984
799.984
799.984
799.984
799.984
799.984
799.984
799.984
799.984
799.984
799.984
799.984
799.984
799.984
799.984
799.984
799.984
799.984
799.984
799.984
799.984
799.984
799.984
799.984
799.984
799.984
799.984
799.984
799.984
799.984
799.984
799.984
799.984
799.984
799.984
799.984
799.984
799.984
799.984
799.984
799.984
799.984
799.984
799.984
802.857
802.857
802.857
802.857
802.857
802.857
802.857
802.857
802.857
802.857
802.857
802.857
802.857
802.857
802.857
802.857
802.857
802.857
802.857
802.857
802.857
802.857
802.857
802.857
802.857
802.857
802.857
802.857
802.857
802.857
802.857
802.857
802.857
802.857
802.857
802.857
802.857
802.857
802.857
802.857
802.857
802.857
802.857
802.857
802.857
802.857
802.857
802.857
802.857
802.857
802.857
802.857
802.857
802.857
802.857
802.857
802.857
802.857
802.857
802.857
802.857
802.857
802.857
802.857
802.857
802.857
802.857
802.857
802.857
802.857
802.857
802.857
802.857
802.857
802.857
802.857
802.857
802.857
802.857
802.857
802.857
802.857
802.857
802.857
802.857
802.857
802.857
802.857
802.857
802.857
802.857
802.857
802.857
802.857
802.857
802.857
802.857
802.857
802.857
802.857
802.857
802.857
802.857
802.857
802.857
802.857
802.857
802.857
802.857
802.857
802.857
802.857
802.857
802.857
802.857
802.857
802.857
802.857
802.857
802.857
802.857
802.857
802.857
802.857
802.857
802.857
802.857
802.857
802.857
802.857
802.857
802.857
802.857
802.857
802.857
802.857
802.857
802.857
802.857
802.857
802.857
802.857
802.857
802.857
802.857
802.857
802.857
802.857
802.857
802.857
802.857
802.857
802.857
802.857
802.857
802.857
802.857
802.857
802.857
802.857
802.857
802.857
802.857
802.857
802.857
802.857
802.857
802.857
802.857
802.857
802.857
802.857
802.857
802.857
802.857
802.857
802.857
802.857
802.857
802.857
802.857
802.857
802.857
802.857
802.857
802.857
802.857
802.857
802.857
802.857
802.857
802.857
802.857
802.857
802.857
802.857
802.857
802.857
802.857
802.857
802.857
802.857
802.857
802.857
802.857
802.857
802.857
802.857
802.857
802.857
802.857
802.857
802.857
802.857
802.857
802.857
802.857
802.857
802.857
802.857
802.857
802.857
802.857
802.857
802.857
802.857
802.857
802.857
802.857
802.857
802.857
802.857
802.857
802.857
802.857
802.857
802.857
802.857
802.857
802.857
803.531
803.531
803.531
803.531
804.151
804.652
804.652
804.652
804.652
804.652
804.652
804.652
804.652
804.652
804.652
804.652
804.652
804.652
804.652
804.652
804.652
804.652
804.652
804.652
804.652
804.652
804.652
804.652
804.652
804.652
804.652
804.652
804.652
804.652
804.652
804.652
804.652
804.652
804.652
804.652
804.652
804.652
804.652
804.652
804.652
804.652
804.652
804.652
804.652
804.652
804.652
804.652
804.652
804.652
804.652
804.652
804.652
804.652
804.652
804.652
804.652
804.652
804.652
804.652
804.652
804.652
804.652
804.652
804.652
804.652
804.652
804.652
804.652
804.652
804.652
804.652
804.652
804.652
804.652
804.652
804.652
804.652
804.652
804.652
804.652
804.652
804.652
804.652
804.652
804.652
804.652
804.652
804.652
804.652
804.652
804.652
804.652
804.652
804.652
804.652
804.652
804.652
804.652
804.652
804.652
804.652
804.652
804.652
804.652
804.652
804.652
804.652
804.658
804.658
804.658
804.658
804.658
804.658
804.658
804.658
804.658
804.658
804.658
804.658
804.658
804.658
804.658
804.658
804.658
804.658
804.658
804.658
804.658
804.658
804.658
804.658
804.658
804.658
804.658
804.658
804.658
804.658
804.658
804.658
804.658
804.658
804.658
804.658
804.658
804.658
804.658
804.658
804.658
804.658
804.658
804.658
804.658
804.658
804.658
804.658
804.963
804.963
804.963
804.963
804.963
804.963
804.963
804.963
804.963
804.963
804.963
804.963
804.963
804.963
804.963
804.963
804.963
804.963
804.963
804.963
804.963
804.963
804.963
804.963
804.963
804.963
804.963
804.963
804.963
804.963
804.963
804.963
804.963
804.963
804.963
804.963
804.963
804.963
804.963
804.963
804.963
804.963
804.963
804.963
804.963
804.963
804.963
804.963
804.963
804.963
804.963
804.963
804.963
804.963
804.963
804.963
804.963
804.963
804.963
804.963
804.963
804.963
804.963
804.963
804.963
804.963
804.963
804.963
804.963
804.963
804.963
804.963
804.963
804.963
804.963
804.963
804.963
804.963
804.963
804.963
804.963
804.963
804.963
804.963
804.963
804.963
804.963
804.963
804.963
804.963
804.963
804.963
804.963
804.963
804.963
804.963
804.963
804.963
804.963
804.963
804.963
804.963
804.963
804.963
804.963
804.963
804.963
804.963
804.963
804.963
804.963
804.963
804.963
804.963
804.963
804.963
804.963
804.963
804.963
804.963
804.963
804.963
804.963
804.963
804.963
804.963
804.963
804.963
804.963
804.963
804.963
804.963
804.963
804.963
804.963
804.963
804.963
804.963
804.963
804.963
804.963
804.963
804.963
804.963
804.963
804.963
804.963
804.963
804.963
804.963
804.963
804.963
804.963
804.963
804.963
804.963
804.963
804.963
804.963
804.963
804.963
804.963
804.963
804.963
804.963
804.963
804.963
804.963
804.963
804.963
804.963
804.963
804.963
804.963
804.963
804.963
804.963
804.963
804.963
804.963
804.963
804.963
804.963
804.963
804.963
804.963
804.963
804.963
804.963
804.963
804.963
804.963
804.963
804.963
804.963
804.963
804.963
804.963
804.963
804.963
804.963
804.963
804.963
804.963
804.963
804.963
804.963
804.963
804.963
804.963
804.963
804.963
804.963
804.963
804.963
804.963
804.963
804.963
804.963
804.963
804.963
804.963
804.963
804.963
804.963
804.963
804.963
804.963
804.963
804.963
804.963
804.963
804.963
804.963
804.963
804.963
804.963
804.963
804.963
804.963
804.963
804.963
804.963
804.963
804.963
804.963
804.963
804.963
804.963
