12.7579 63 37.8789
11.4669 65 38.2335
11.4155 75 43.2078
11.361 77 44.1805
11.2582 80 45.6291
11.088 85 48.044
11.043 90 50.5215
10.799 97 53.8995
10.7893 105 57.8947
12.8735 98 55.4367
11.8619 120 65.931
12.9152 113 62.9576
12.2665 105 58.6333
13.3712 102 57.6856
12.8382 124 68.4191
12.5556 124 68.2778
12.8446 111 61.9223
12.9505 107 59.9753
12.6776 133 72.8388
13.1304 107 60.0652
12.7547 121 66.8773
13.018 87 50.009
11.8266 93 52.4133
13.5767 90 51.7884
12.8992 105 58.9496
12.7964 93 52.8982
14.1098 80 47.0549
12.9891 119 65.9945
12.1509 104 58.0755
11.8876 108 59.9438
14.0039 102 58.0019
11.9968 88 49.9984
12.4078 126 69.2039
12.8735 92 52.4367
13.3327 83 48.1663
12.8992 81 46.9496
12.061 96 54.0305
13.3712 82 47.6856
12.5459 104 58.273
