11.6853 68 17.3168
12.0064 66 17.4058
11.9101 67 17.4191
11.5215 71 17.4694
11.3577 73 17.522
12.7579 63 17.7821
11.3449 77 17.9104
11.2807 79 18.0526
11.1008 81 18.0908
10.9884 86 18.4896
10.9371 104 20.2434
10.9017 114 21.2116
10.6802 126 22.2121
13.413 99 21.9717
12.6423 97 21.078
11.8202 113 21.9381
12.9281 111 22.7353
12.5138 83 19.5624
12.684 101 21.5156
13.9043 89 21.4139
11.666 126 23.0994
12.9441 114 23.0497
13.4997 104 22.5497
12.2441 96 20.6197
13.1689 95 21.352
11.1715 135 23.5543
11.4894 99 20.2405
12.7611 117 23.185
13.2042 92 21.0838
13.4355 100 22.0919
13.1946 84 20.2751
13.8882 81 20.5994
11.7046 78 18.3341
12.8253 110 22.5428
12.2344 98 20.811
14.0777 90 21.6699
14.3057 120 24.8751
14.1901 105 23.2711
11.9294 113 22.0364
12.5588 96 20.9029
13.8882 118 24.2994
12.851 129 24.4659
12.9794 94 21.0815
