12.7579 63 47.9274
11.4669 65 48.9401
12.7482 66 50.0245
11.4444 76 56.6333
11.4412 79 58.7324
11.2582 80 59.3775
11.3545 81 60.1064
11.2582 83 61.4775
11.2935 84 62.1881
11.2486 85 62.8746
11.2293 87 64.2688
11.088 89 65.6264
11.0719 97 71.2216
11.255 100 73.3765
11.194 101 74.0582
11.0623 102 74.7187
11.1297 102 74.7389
10.9917 103 75.3975
10.9724 106 77.4917
10.9884 111 80.9965
10.9788 115 83.7936
10.9467 119 86.584
10.9403 123 89.3821
10.9371 129 93.5811
10.9306 144 104.079
13.2042 94 69.7613
13.1464 88 65.5439
13.2588 117 85.8776
13.4611 117 85.9383
12.6519 96 70.9956
12.912 90 66.8736
12.8446 98 72.4534
12.3757 88 65.3127
12.1317 102 75.0395
11.3513 119 86.7054
11.9615 98 72.1884
13.2139 139 101.264
14.8548 98 73.0564
12.0996 105 77.1299
12.562 123 89.8686
14.8934 78 59.068
11.8812 114 83.3643
12.9827 86 64.0948
13.0597 86 64.1179
13.4322 98 72.6297
11.9261 114 83.3778
12.4978 95 70.2493
13.1978 110 80.9593
12.8927 104 76.6678
13.201 106 78.1603
13.034 108 79.5102
13.4997 88 65.6499
13.1753 105 77.4526
13.2364 99 73.2709
12.6101 116 84.983
