11.8523 66 17.2671
11.3963 71 17.3566
12.1574 65 17.4416
11.332 73 17.4988
11.3031 74 17.5728
12.5748 63 17.6173
11.2036 79 17.9832
11.361 80 18.2249
11.3353 81 18.3017
11.1554 90 19.0399
11.149 93 19.3341
11.0655 97 19.659
11.0591 100 19.9532
11.0206 103 20.2185
11.0077 114 21.3069
13.034 109 22.6306
11.7303 121 22.6572
12.6615 97 21.0954
12.3725 104 21.5353
12.957 113 22.9613
11.422 107 20.9798
12.6294 94 20.7665
13.5382 106 22.7844
13.6217 90 21.2595
12.7996 91 20.6197
13.7951 92 21.6156
11.8619 102 20.8757
13.824 109 23.3416
11.4766 100 20.3289
11.8587 111 21.7728
11.9454 100 20.7509
11.8651 111 21.7786
11.9133 111 21.822
13.079 94 21.1711
13.4708 106 22.7237
12.9634 86 20.2671
13.018 98 21.5162
13.4258 121 24.1832
12.501 75 18.7509
13.1689 109 22.752
12.0514 100 20.8462
13.2685 112 23.1416
11.9647 95 20.2682
13.246 121 24.0214
12.8703 118 23.3832
