12.7579 63 32.8547
11.7881 66 33.4728
11.8844 66 33.5306
12.9313 65 33.7588
11.5601 68 34.136
11.5665 71 35.3399
11.5568 73 36.1341
11.3995 74 36.4397
11.3417 75 36.805
11.2871 76 37.1723
11.3128 77 37.5877
11.2775 79 38.3665
11.2742 80 38.7645
11.1651 81 39.099
11.0912 83 39.8547
11.0912 85 40.6547
11.1008 91 43.0605
11.0848 92 43.4509
11.0623 93 43.8374
11.0559 109 50.2335
10.9467 119 54.168
10.9371 129 58.1622
12.578 117 54.3468
11.0816 127 57.4489
12.3982 85 41.4389
12.0514 138 62.4308
12.8092 84 41.2856
12.6262 109 51.1757
13.3327 121 56.3996
12.6744 125 57.6046
14.0649 104 50.0389
11.6596 107 49.7958
13.0501 125 57.8301
12.2408 100 47.3445
13.018 105 49.8108
13.5607 120 56.1364
13.2107 123 57.1264
14.5112 75 38.7067
13.3712 102 48.8227
13.307 80 39.9842
12.0706 97 46.0424
13.4933 93 45.296
13.2749 69 35.5649
12.729 105 49.6374
12.9216 80 39.753
12.6969 102 48.4181
13.0597 91 44.2358
12.79 101 48.074
12.8189 105 49.6913
12.2248 100 47.3349
13.6313 98 47.3788
11.9037 130 59.1422
