12.9313 65 49.3794
11.4669 65 48.9401
11.4444 76 56.6333
11.4412 79 58.7324
11.6724 77 57.4017
11.6628 82 60.8988
11.2935 84 62.1881
11.088 89 65.6264
11.088 89 65.6264
11.361 95 69.9083
10.9917 103 75.3975
10.9917 103 75.3975
11.1073 114 83.1322
11.194 101 74.0582
11.1073 114 83.1322
11.1297 108 78.9389
11.2935 84 62.1881
11.2582 83 61.4775
11.2582 83 61.4775
10.9884 111 80.9965
11.2935 84 62.1881
11.4444 76 56.6333
10.9917 103 75.3975
11.4412 79 58.7324
10.9917 103 75.3975
11.1073 114 83.1322
11.4669 65 48.9401
11.1073 114 83.1322
10.9884 121 87.9965
11.2935 84 62.1881
10.9917 103 75.3975
11.194 101 74.0582
11.2935 84 62.1881
11.2582 83 61.4775
11.1394 98 71.9418
11.1073 114 83.1322
11.4637 89 65.7391
11.088 89 65.6264
11.6724 77 57.4017
11.3545 81 60.1064
11.4412 79 58.7324
10.9917 103 75.3975
12.7482 66 50.0245
11.6724 77 57.4017
11.6724 80 59.5017
11.6724 77 57.4017
11.2935 84 62.1881
10.9917 103 75.3975
11.361 95 69.9083
10.9724 106 77.4917
10.9917 103 75.3975
11.1843 105 76.8553
11.1843 111 81.0553
11.6628 82 60.8988
11.4444 76 56.6333
11.3545 81 60.1064
11.4669 65 48.9401
11.4412 79 58.7324
11.6724 77 57.4017
12.896 66 50.0688
10.9917 103 75.3975
12.9313 65 49.3794
11.1073 114 83.1322
12.7482 66 50.0245
11.6724 80 59.5017
10.9917 103 75.3975
10.9884 121 87.9965
11.1073 114 83.1322
11.4412 79 58.7324
11.4412 79 58.7324
11.6724 80 59.5017
11.3545 81 60.1064
11.1073 114 83.1322
11.2935 84 62.1881
10.9917 103 75.3975
11.4412 79 58.7324
10.9917 103 75.3975
11.4669 65 48.9401
10.9884 111 80.9965
11.4412 79 58.7324
11.1073 114 83.1322
10.9917 103 75.3975
11.4444 76 56.6333
10.9917 103 75.3975
10.9788 115 83.7936
11.6724 77 57.4017
11.4444 76 56.6333
12.7579 63 47.9274
11.3545 81 60.1064
11.3545 81 60.1064
11.4669 65 48.9401
11.4669 65 48.9401
11.5536 79 58.7661
10.9884 121 87.9965
11.4444 76 56.6333
11.1073 114 83.1322
10.9917 103 75.3975
11.4669 65 48.9401
10.9917 103 75.3975
10.9467 119 86.584
11.6724 77 57.4017
12.896 66 50.0688
11.6724 80 59.5017
11.4412 79 58.7324
11.2935 84 62.1881
12.896 66 50.0688
11.2935 84 62.1881
12.896 66 50.0688
11.4669 65 48.9401
11.6724 80 59.5017
11.4412 79 58.7324
11.3031 105 76.8909
11.1843 105 76.8553
11.2582 83 61.4775
11.5536 79 58.7661
11.1073 114 83.1322
11.361 95 69.9083
10.9917 103 75.3975
11.1843 111 81.0553
11.4669 65 48.9401
11.4669 65 48.9401
12.9313 65 49.3794
11.4444 76 56.6333
11.5536 79 58.7661
11.1908 109 79.6572
11.6724 77 57.4017
11.6724 77 57.4017
11.6564 87 64.3969
11.2582 83 61.4775
10.9788 115 83.7936
11.5536 79 58.7661
10.9917 103 75.3975
12.7579 63 47.9274
11.1073 114 83.1322
11.194 101 74.0582
11.2935 84 62.1881
11.1073 114 83.1322
11.4412 79 58.7324
11.5536 79 58.7661
11.1843 105 76.8553
11.6339 87 64.3902
10.9917 103 75.3975
10.9917 103 75.3975
11.5536 79 58.7661
12.7579 63 47.9274
11.4444 76 56.6333
11.5536 79 58.7661
11.255 100 73.3765
11.1073 114 83.1322
11.2935 84 62.1881
