11.4669 68 28.4268
12.896 65 28.5272
13.4708 64 28.6295
12.2441 67 28.6708
11.3545 70 28.9482
11.3545 70 28.9482
11.3545 70 28.9482
11.2967 73 29.8077
11.3706 73 29.8594
11.4091 71 29.2864
11.255 77 30.9785
11.1972 80 31.838
11.1201 98 37.1841
11.1201 98 37.1841
11.1683 108 40.2178
11.4669 68 28.4268
12.896 65 28.5272
11.2967 73 29.8077
11.3513 73 29.8459
11.2389 75 30.3672
11.9004 102 38.9303
11.1972 80 31.838
11.4669 68 28.4268
12.2441 67 28.6708
11.4669 68 28.4268
12.896 65 28.5272
11.1201 98 37.1841
11.4669 68 28.4268
11.4669 68 28.4268
11.4091 71 29.2864
11.1683 108 40.2178
12.4335 99 38.4035
11.1779 105 39.3245
13.1561 73 31.1092
12.896 65 28.5272
11.4669 68 28.4268
11.1201 98 37.1841
11.4091 71 29.2864
11.4669 68 28.4268
12.2441 67 28.6708
11.2164 79 31.5515
11.1972 80 31.838
12.9024 71 30.3317
11.1201 98 37.1841
12.2441 67 28.6708
11.1972 80 31.838
11.1201 98 37.1841
11.1201 98 37.1841
11.4284 70 28.9999
11.4669 68 28.4268
11.316 72 29.5212
11.1972 80 31.838
13.4708 64 28.6295
11.4669 68 28.4268
11.9004 102 38.9303
13.4708 64 28.6295
12.9602 72 30.6721
13.4708 64 28.6295
11.255 77 30.9785
11.2967 73 29.8077
11.3545 70 28.9482
11.3738 74 30.1617
11.4091 71 29.2864
11.2967 73 29.8077
12.2441 67 28.6708
11.4669 68 28.4268
12.9024 71 30.3317
11.4669 68 28.4268
11.4091 71 29.2864
12.9024 71 30.3317
11.2967 73 29.8077
11.4091 71 29.2864
11.1201 98 37.1841
12.2441 67 28.6708
11.3545 70 28.9482
11.3706 73 29.8594
11.4091 71 29.2864
11.1972 80 31.838
11.3545 70 28.9482
11.4669 68 28.4268
11.1972 80 31.838
11.1201 98 37.1841
11.1779 105 39.3245
11.1201 98 37.1841
11.1201 98 37.1841
11.1201 98 37.1841
11.3513 73 29.8459
11.3545 70 28.9482
11.4669 68 28.4268
11.1394 82 32.3976
11.149 115 42.3043
12.9602 72 30.6721
11.3545 70 28.9482
13.3552 97 38.4486
12.896 65 28.5272
11.1329 118 43.1931
11.1201 98 37.1841
13.4708 64 28.6295
11.1683 108 40.2178
11.2582 75 30.3807
11.4669 68 28.4268
12.896 65 28.5272
11.3545 70 28.9482
11.3545 70 28.9482
11.1201 98 37.1841
11.3545 70 28.9482
13.4708 64 28.6295
11.3545 70 28.9482
11.4669 68 28.4268
11.3513 73 29.8459
11.2967 73 29.8077
12.2441 67 28.6708
13.3552 97 38.4486
11.4091 71 29.2864
11.2967 73 29.8077
11.4669 68 28.4268
11.1394 82 32.3976
12.896 65 28.5272
11.3513 73 29.8459
12.2441 67 28.6708
12.2441 67 28.6708
11.2967 73 29.8077
11.3545 70 28.9482
11.316 72 29.5212
11.4669 68 28.4268
11.4091 71 29.2864
11.3545 70 28.9482
13.3552 97 38.4486
11.316 72 29.5212
11.1779 108 40.2245
11.3545 70 28.9482
11.3545 70 28.9482
11.3545 70 28.9482
11.4091 71 29.2864
11.3545 70 28.9482
11.4669 68 28.4268
11.2967 73 29.8077
11.4669 68 28.4268
11.3513 73 29.8459
11.3513 73 29.8459
11.4669 68 28.4268
11.3513 73 29.8459
11.4284 70 28.9999
12.4335 99 38.4035
11.4669 68 28.4268
11.1779 105 39.3245
13.4708 64 28.6295
11.4669 68 28.4268
11.3545 70 28.9482
11.4284 70 28.9999
