12.1574 65 33.2944
11.3995 68 34.0397
11.3995 68 34.0397
11.4188 78 38.0513
11.4188 78 38.0513
10.9306 96 44.9584
11.5857 99 46.5514
11.5247 103 48.1148
11.2453 76 37.1472
10.9306 96 44.9584
11.3995 68 34.0397
11.5279 106 49.3168
11.2453 76 37.1472
12.1574 65 33.2944
11.4188 78 38.0513
11.3995 68 34.0397
11.4188 78 38.0513
11.3995 68 34.0397
11.2453 76 37.1472
11.3995 68 34.0397
11.4188 78 38.0513
10.9306 96 44.9584
11.3995 68 34.0397
12.1574 65 33.2944
12.1574 65 33.2944
12.4014 104 49.0409
11.1329 82 39.4798
11.3995 68 34.0397
12.1638 68 34.4983
12.6808 105 49.6085
11.2453 76 37.1472
11.3995 68 34.0397
11.7335 104 48.6401
11.3995 68 34.0397
11.7624 103 48.2574
11.3224 103 47.9935
12.1638 68 34.4983
12.1574 65 33.2944
10.9306 96 44.9584
11.3995 68 34.0397
10.9306 96 44.9584
12.3629 110 51.4177
11.3995 68 34.0397
11.3995 68 34.0397
12.1638 68 34.4983
11.3995 68 34.0397
11.3995 68 34.0397
11.3995 68 34.0397
11.4188 78 38.0513
12.1574 65 33.2944
11.2453 76 37.1472
10.9306 96 44.9584
10.9306 96 44.9584
11.2518 79 38.3511
11.2518 79 38.3511
11.4188 78 38.0513
12.1638 68 34.4983
10.9306 96 44.9584
10.9306 96 44.9584
12.1574 65 33.2944
10.9306 96 44.9584
12.1574 65 33.2944
12.1574 65 33.2944
11.3995 68 34.0397
11.4188 78 38.0513
11.4123 104 48.4474
11.3995 68 34.0397
11.3995 68 34.0397
11.7335 104 48.6401
12.1574 65 33.2944
11.4188 78 38.0513
11.4188 78 38.0513
10.9306 96 44.9584
11.3995 68 34.0397
11.2518 79 38.3511
11.4188 78 38.0513
11.2453 76 37.1472
10.9306 96 44.9584
10.9306 96 44.9584
12.1638 68 34.4983
10.9306 96 44.9584
12.1638 68 34.4983
10.9306 96 44.9584
11.3995 68 34.0397
11.2518 79 38.3511
12.1574 65 33.2944
11.2453 76 37.1472
11.4188 78 38.0513
10.9306 96 44.9584
12.1574 65 33.2944
11.4188 78 38.0513
11.2453 76 37.1472
11.3995 68 34.0397
11.3995 68 34.0397
11.2453 76 37.1472
11.1329 82 39.4798
11.3995 68 34.0397
11.3128 124 56.3877
10.9306 96 44.9584
10.9306 96 44.9584
11.4188 78 38.0513
12.1638 68 34.4983
11.3995 68 34.0397
12.1574 65 33.2944
11.2999 75 36.78
11.2453 76 37.1472
11.4188 78 38.0513
10.9306 96 44.9584
11.3995 68 34.0397
11.3995 68 34.0397
10.9306 96 44.9584
11.4188 78 38.0513
11.3995 68 34.0397
11.3995 68 34.0397
12.4014 104 49.0409
11.3995 68 34.0397
11.3995 68 34.0397
11.3995 68 34.0397
11.7335 104 48.6401
12.1638 68 34.4983
11.3995 68 34.0397
11.3995 68 34.0397
11.3995 68 34.0397
11.3995 68 34.0397
11.4188 78 38.0513
10.9306 96 44.9584
10.9306 96 44.9584
11.2453 76 37.1472
11.3995 68 34.0397
11.3995 68 34.0397
11.3995 68 34.0397
10.9306 96 44.9584
11.3995 68 34.0397
11.3995 68 34.0397
10.9306 96 44.9584
11.3995 68 34.0397
11.4188 78 38.0513
11.3995 68 34.0397
10.9306 96 44.9584
10.9306 96 44.9584
11.2453 76 37.1472
11.3995 68 34.0397
11.4188 78 38.0513
11.4188 78 38.0513
11.3995 68 34.0397
12.1638 68 34.4983
10.9306 96 44.9584
11.3995 68 34.0397
11.3995 68 34.0397
11.4188 78 38.0513
