12.7579 63 57.9758
11.4669 65 59.6467
11.4444 76 69.5444
11.4412 79 72.2441
11.6724 77 70.4672
11.6628 82 74.9663
11.2935 84 76.7293
11.5536 79 72.2554
11.5536 79 72.2554
11.6564 87 79.4656
10.9917 103 93.7992
10.9917 103 93.7992
11.1073 114 103.711
11.1297 102 92.913
11.1073 114 103.711
10.9788 115 104.598
11.6564 87 79.4656
12.896 66 60.6896
11.361 95 86.6361
11.1073 114 103.711
11.6724 77 70.4672
11.4444 76 69.5444
11.3545 81 74.0355
11.1843 105 95.6184
11.1073 114 103.711
11.1843 105 95.6184
11.2293 87 79.4229
11.4669 65 59.6467
11.5536 79 72.2554
11.5536 79 72.2554
11.1073 114 103.711
11.6724 77 70.4672
10.9917 103 93.7992
11.4444 76 69.5444
11.4412 79 72.2441
11.1554 111 101.016
11.1073 114 103.711
11.4444 76 69.5444
10.9917 103 93.7992
12.9313 65 59.7931
11.2935 84 76.7293
11.5536 79 72.2554
11.4444 76 69.5444
10.9884 111 100.999
10.9917 103 93.7992
11.2582 83 75.8258
11.6724 77 70.4672
11.6724 77 70.4672
11.6724 80 73.1672
11.1073 114 103.711
12.7482 66 60.6748
10.9917 103 93.7992
12.7579 63 57.9758
11.255 100 91.1255
11.6339 87 79.4634
11.1073 114 103.711
11.2935 84 76.7293
11.1908 117 106.419
10.9884 111 100.999
11.1073 114 103.711
11.2935 84 76.7293
11.255 100 91.1255
11.4412 79 72.2441
11.4669 65 59.6467
11.1073 114 103.711
11.2935 84 76.7293
11.4669 65 59.6467
11.5536 79 72.2554
11.5536 79 72.2554
10.9917 103 93.7992
11.6564 87 79.4656
11.1073 114 103.711
11.4444 76 69.5444
10.9917 103 93.7992
11.1073 114 103.711
11.3031 105 95.6303
12.9313 65 59.7931
11.4444 76 69.5444
11.4444 76 69.5444
11.6724 80 73.1672
12.896 66 60.6896
11.4444 76 69.5444
11.1908 109 99.2191
11.4669 65 59.6467
10.9917 103 93.7992
11.3545 81 74.0355
11.3031 105 95.6303
11.4444 76 69.5444
11.5536 79 72.2554
10.9917 103 93.7992
12.7579 63 57.9758
11.1073 114 103.711
11.6724 77 70.4672
11.4412 79 72.2441
10.9884 111 100.999
12.9313 65 59.7931
10.9917 103 93.7992
12.7579 63 57.9758
11.6564 87 79.4656
11.4444 76 69.5444
10.9917 103 93.7992
11.4444 76 69.5444
11.4669 65 59.6467
11.1073 114 103.711
11.1394 108 98.3139
11.1297 108 98.313
10.9917 103 93.7992
11.194 101 92.0194
11.4669 65 59.6467
11.3031 105 95.6303
11.4444 76 69.5444
11.4444 76 69.5444
12.7579 63 57.9758
11.4444 76 69.5444
11.4412 79 72.2441
10.9917 103 93.7992
10.9917 103 93.7992
12.7579 63 57.9758
10.9884 111 100.999
11.4444 76 69.5444
10.9917 103 93.7992
11.1073 114 103.711
12.7482 66 60.6748
12.896 66 60.6896
11.4669 65 59.6467
10.9884 111 100.999
12.7482 66 60.6748
10.9917 103 93.7992
12.7579 63 57.9758
11.361 95 86.6361
11.1073 114 103.711
10.9917 103 93.7992
10.9917 103 93.7992
11.1297 108 98.313
11.361 95 86.6361
11.3545 81 74.0355
11.1073 114 103.711
11.6628 82 74.9663
11.6628 82 74.9663
10.9788 115 104.598
11.4444 76 69.5444
11.3545 81 74.0355
11.4669 65 59.6467
11.4444 76 69.5444
10.9917 103 93.7992
11.2582 80 73.1258
11.1073 114 103.711
11.6724 77 70.4672
11.6628 82 74.9663
10.9917 103 93.7992
