12.7579 63 22.8063
11.9454 74 24.3563
11.6114 68 22.8891
12.9216 68 23.9373
11.4477 70 23.1581
11.4477 70 23.1581
11.499 70 23.1992
11.4958 73 23.7967
12.3179 72 24.2543
11.332 75 24.0656
11.4477 70 23.1581
11.3353 72 23.4682
11.3353 72 23.4682
11.666 81 25.5328
11.2775 75 24.022
11.0623 104 29.6498
11.4123 83 25.7299
12.7482 66 23.3986
11.499 70 23.1992
11.3899 73 23.7119
11.0623 104 29.6498
11.4573 84 25.9658
11.332 75 24.0656
12.7482 66 23.3986
11.4091 89 26.9273
11.3642 86 26.2913
11.6114 68 22.8891
11.5247 84 26.0198
11.332 75 24.0656
11.0623 104 29.6498
11.2967 74 23.8374
11.4412 73 23.753
11.0623 104 29.6498
11.499 70 23.1992
11.6821 70 23.3457
11.4573 75 24.1658
11.7174 81 25.5739
12.7579 63 22.8063
12.1895 82 26.1516
12.228 80 25.7824
11.4477 70 23.1581
12.896 66 23.5168
11.499 70 23.1992
11.4669 87 26.5735
11.4477 83 25.7581
12.896 66 23.5168
11.332 75 24.0656
11.4027 75 24.1222
12.9313 65 23.345
11.6114 68 22.8891
12.896 66 23.5168
12.9313 65 23.345
12.1895 82 26.1516
11.2775 75 24.022
12.896 66 23.5168
11.3513 75 24.0811
11.4477 70 23.1581
11.9454 74 24.3563
11.6114 68 22.8891
12.9216 68 23.9373
12.896 66 23.5168
11.3899 73 23.7119
11.0623 104 29.6498
11.0623 104 29.6498
11.6114 68 22.8891
11.5729 70 23.2583
11.6114 68 22.8891
11.3866 91 27.3093
11.499 70 23.1992
11.1329 81 25.1064
11.499 70 23.1992
11.499 72 23.5992
11.4605 74 23.9684
11.6114 77 24.6891
11.4477 70 23.1581
11.1908 78 24.5526
11.1747 80 24.9398
11.6114 68 22.8891
11.4477 70 23.1581
11.1908 78 24.5526
11.4477 70 23.1581
11.499 70 23.1992
11.3353 72 23.4682
12.896 66 23.5168
11.7816 76 24.6253
11.3353 72 23.4682
11.4573 75 24.1658
11.3353 72 23.4682
11.1908 78 24.5526
11.1908 78 24.5526
11.0623 104 29.6498
11.1329 81 25.1064
11.4701 80 25.1761
11.3834 75 24.1067
11.3353 72 23.4682
12.1124 85 26.6899
12.9216 68 23.9373
11.499 70 23.1992
11.4477 70 23.1581
11.6114 68 22.8891
11.6114 68 22.8891
11.3899 73 23.7119
11.0623 104 29.6498
12.7482 66 23.3986
11.5536 71 23.4429
12.7482 66 23.3986
11.4091 72 23.5273
12.7836 70 24.2268
12.3532 80 25.8826
11.0623 104 29.6498
11.6114 81 25.4891
11.5697 82 25.6557
12.7482 69 23.9986
11.4958 73 23.7967
11.3513 75 24.0811
11.4477 70 23.1581
11.6114 68 22.8891
12.7482 66 23.3986
11.6114 68 22.8891
11.2775 75 24.022
11.1329 81 25.1064
12.7579 63 22.8063
11.4477 70 23.1581
11.6114 81 25.4891
11.1522 80 24.9218
11.499 70 23.1992
12.7482 66 23.3986
12.7836 70 24.2268
11.6789 83 25.9431
11.4477 70 23.1581
11.4605 74 23.9684
11.4862 86 26.389
11.4477 70 23.1581
11.6114 68 22.8891
11.4091 72 23.5273
11.4091 72 23.5273
11.1908 78 24.5526
11.4477 70 23.1581
11.1908 78 24.5526
12.7579 63 22.8063
11.7945 78 25.0356
11.6114 68 22.8891
11.4573 75 24.1658
11.7238 75 24.3791
11.0623 104 29.6498
12.9216 68 23.9373
11.3899 73 23.7119
11.6114 68 22.8891
11.4477 70 23.1581
11.2775 75 24.022
