11.4733 68 17.126
12.0064 66 17.4058
11.9101 67 17.4191
11.5215 71 17.4694
12.9313 65 18.1381
11.4573 75 17.8116
11.3931 77 17.9538
11.5215 71 17.4694
11.2389 84 18.515
10.9306 98 19.6376
10.9306 98 19.6376
11.3481 90 19.2133
11.9101 67 17.4191
11.3449 77 17.9104
11.2389 84 18.515
11.5215 71 17.4694
11.9101 67 17.4191
13.0694 68 18.5624
10.9306 98 19.6376
11.2389 84 18.515
12.0064 66 17.4058
11.2389 84 18.515
11.4733 68 17.126
11.3931 77 17.9538
11.5215 71 17.4694
11.3577 73 17.522
11.9101 67 17.4191
13.0694 68 18.5624
12.7482 66 18.0734
12.7643 66 18.0879
11.1875 100 20.0688
12.7482 66 18.0734
10.9306 98 19.6376
11.4733 68 17.126
11.4573 75 17.8116
11.9101 67 17.4191
11.5215 71 17.4694
11.1008 81 18.0908
10.9306 98 19.6376
11.3577 73 17.522
13.0694 68 18.5624
13.0694 68 18.5624
11.4733 68 17.126
11.3931 77 17.9538
10.9306 98 19.6376
11.4733 68 17.126
11.3931 77 17.9538
11.5215 71 17.4694
11.3449 77 17.9104
12.896 66 18.2064
12.1092 84 19.2983
11.3931 77 17.9538
12.7482 66 18.0734
11.5215 71 17.4694
11.4733 68 17.126
11.4733 68 17.126
10.9306 98 19.6376
11.3931 77 17.9538
10.9884 86 18.4896
11.3577 73 17.522
11.9101 67 17.4191
11.3577 73 17.522
11.5215 71 17.4694
12.0064 66 17.4058
11.4733 68 17.126
11.4733 68 17.126
11.3577 73 17.522
11.3577 73 17.522
11.1008 81 18.0908
11.3931 77 17.9538
11.3577 73 17.522
12.7579 63 17.7821
11.9101 67 17.4191
11.3577 73 17.522
10.9306 98 19.6376
11.5215 71 17.4694
12.0899 92 20.0809
11.2389 84 18.515
11.3931 77 17.9538
12.9216 68 18.4295
12.896 66 18.2064
10.9306 98 19.6376
11.9101 67 17.4191
10.9306 98 19.6376
11.4733 68 17.126
11.3931 77 17.9538
12.0064 66 17.4058
11.5215 71 17.4694
12.0064 66 17.4058
10.9306 98 19.6376
10.9306 98 19.6376
11.5215 71 17.4694
10.9306 98 19.6376
12.0064 66 17.4058
11.2389 84 18.515
10.9306 98 19.6376
12.0064 66 17.4058
12.9216 68 18.4295
11.2389 84 18.515
11.2389 84 18.515
10.9306 98 19.6376
11.5215 71 17.4694
11.4733 68 17.126
12.7643 66 18.0879
11.9101 67 17.4191
11.5215 71 17.4694
11.3577 73 17.522
11.9101 67 17.4191
12.1092 84 19.2983
11.4573 75 17.8116
10.9306 98 19.6376
10.9884 86 18.4896
11.9101 67 17.4191
12.0064 66 17.4058
10.9306 98 19.6376
11.3931 77 17.9538
11.5215 71 17.4694
10.9306 98 19.6376
10.9306 98 19.6376
11.4733 68 17.126
11.6628 90 19.4965
11.5215 71 17.4694
11.2389 84 18.515
11.2389 84 18.515
11.4733 68 17.126
12.7482 66 18.0734
11.4573 75 17.8116
12.0064 66 17.4058
11.2389 84 18.515
11.3931 77 17.9538
10.9306 98 19.6376
10.9306 98 19.6376
10.9306 98 19.6376
11.9101 67 17.4191
11.3931 77 17.9538
12.9313 65 18.1381
11.4573 75 17.8116
12.0064 66 17.4058
11.3931 77 17.9538
10.9306 98 19.6376
11.3931 77 17.9538
11.2389 84 18.515
10.9306 98 19.6376
11.4733 68 17.126
10.9306 98 19.6376
11.3931 77 17.9538
11.2036 95 19.5832
10.9306 98 19.6376
12.9313 65 18.1381
11.4733 68 17.126
