12.4367 67 34.262
11.955 71 35.573
11.6564 69 34.5938
14.4663 66 35.0798
12.5234 70 35.5141
11.4284 73 36.057
11.3224 73 35.9935
11.422 74 36.4532
11.422 74 36.4532
11.21 80 38.726
11.21 80 38.726
12.0193 82 40.0116
11.3064 88 41.9838
11.4926 119 54.4956
11.2742 112 51.5645
11.833 121 55.4998
11.3224 73 35.9935
11.6564 69 34.5938
11.7784 125 57.0671
11.6564 69 34.5938
11.4926 119 54.4956
11.3353 105 48.8012
11.6564 69 34.5938
11.7624 127 57.8574
11.21 80 38.726
11.9486 68 34.3692
12.4367 67 34.262
12.5234 70 35.5141
11.955 71 35.573
11.9486 68 34.3692
11.3064 88 41.9838
11.6564 69 34.5938
11.6018 115 52.9611
12.0193 82 40.0116
11.7399 74 36.6439
11.422 74 36.4532
12.5234 70 35.5141
11.2197 80 38.7318
10.9788 108 49.7873
11.9486 68 34.3692
12.4367 67 34.262
11.2775 89 42.3665
11.7752 120 55.0651
10.9435 98 45.7661
11.6564 69 34.5938
11.4348 88 42.0609
11.422 74 36.4532
11.422 74 36.4532
11.5665 72 35.7399
11.422 74 36.4532
11.6564 69 34.5938
12.5234 70 35.5141
11.4798 123 56.0879
12.0193 82 40.0116
11.3064 78 37.9838
11.422 74 36.4532
11.4701 82 39.6821
11.4348 78 38.0609
12.3404 84 41.0042
11.3417 78 38.005
14.4663 66 35.0798
11.21 80 38.726
11.3064 78 37.9838
11.4348 78 38.0609
11.3064 88 41.9838
12.5234 70 35.5141
11.6564 69 34.5938
11.422 74 36.4532
12.4367 67 34.262
11.3064 78 37.9838
11.3064 78 37.9838
12.4367 67 34.262
11.5729 81 39.3437
11.3064 78 37.9838
14.4663 66 35.0798
12.4367 67 34.262
11.833 121 55.4998
12.0193 82 40.0116
11.3256 105 48.7954
11.3224 73 35.9935
11.2197 80 38.7318
11.9486 68 34.3692
11.955 71 35.573
11.4348 78 38.0609
12.5234 70 35.5141
11.2775 88 41.9665
11.9486 68 34.3692
11.6564 69 34.5938
11.3224 73 35.9935
11.833 121 55.4998
12.4367 67 34.262
12.4367 67 34.262
11.9615 115 53.1769
11.3064 78 37.9838
11.7881 85 41.0728
11.4123 88 42.0474
12.5234 70 35.5141
10.9692 98 45.7815
11.5729 78 38.1437
11.7399 74 36.6439
11.3224 73 35.9935
11.3417 78 38.005
11.4701 82 39.6821
14.4663 66 35.0798
12.4367 67 34.262
12.4367 67 34.262
11.4348 78 38.0609
11.4284 76 37.257
11.4123 88 42.0474
11.7881 85 41.0728
14.4663 66 35.0798
11.3256 105 48.7954
14.4663 66 35.0798
12.5234 70 35.5141
11.422 74 36.4532
11.3064 78 37.9838
12.4367 67 34.262
11.3064 78 37.9838
11.6564 69 34.5938
11.7784 125 57.0671
11.1747 108 49.9048
11.6564 69 34.5938
11.833 121 55.4998
12.2248 81 39.7349
11.6564 69 34.5938
11.422 74 36.4532
11.4348 78 38.0609
11.3224 73 35.9935
10.9692 98 45.7815
11.2197 103 47.9318
14.4663 66 35.0798
11.4348 78 38.0609
11.5729 78 38.1437
12.4367 67 34.262
11.3224 73 35.9935
11.833 121 55.4998
11.422 74 36.4532
11.9486 68 34.3692
11.21 80 38.726
11.2197 80 38.7318
12.3404 84 41.0042
11.3353 105 48.8012
11.2197 80 38.7318
11.0848 106 49.0509
11.2197 80 38.7318
11.6564 69 34.5938
11.3353 105 48.8012
14.4663 66 35.0798
12.5234 70 35.5141
11.422 74 36.4532
