13.1464 69 46.6586
12.0193 65 43.8077
11.7881 66 44.3152
11.5376 68 45.415
11.6949 71 47.278
11.4894 71 47.1958
11.4862 73 48.3945
11.4862 73 48.3945
11.7881 66 44.3152
11.6468 77 50.8587
11.2518 84 54.9007
11.1843 85 55.4737
11.1843 93 60.2737
11.1779 87 56.6712
11.1843 93 60.2737
11.2839 90 58.5136
10.9852 104 66.7941
10.9852 104 66.7941
10.9852 104 66.7941
11.4188 104 66.9675
11.4188 104 66.9675
11.7592 105 67.7037
11.361 93 60.3444
10.9852 112 71.5941
11.7881 124 79.1152
11.2518 84 54.9007
11.4188 107 68.7675
11.4188 104 66.9675
11.1843 85 55.4737
11.1843 93 60.2737
11.7881 66 44.3152
10.9852 104 66.7941
11.7881 66 44.3152
11.7881 66 44.3152
10.9852 104 66.7941
13.1561 63 43.0624
11.7881 66 44.3152
10.9852 104 66.7941
11.4894 71 47.1958
11.5376 68 45.415
11.5376 68 45.415
11.361 108 69.3444
11.1779 87 56.6712
11.7881 66 44.3152
11.2614 92 59.7046
10.9852 107 68.5941
12.0193 65 43.8077
11.4188 104 66.9675
11.5215 69 46.0086
10.9852 112 71.5941
12.0193 65 43.8077
12.0193 65 43.8077
11.1843 85 55.4737
11.7592 69 46.1037
10.9852 104 66.7941
10.9852 107 68.5941
11.7945 103 66.5178
11.2839 90 58.5136
10.9852 104 66.7941
11.5376 68 45.415
12.0193 65 43.8077
12.0193 65 43.8077
13.1464 69 46.6586
11.4894 71 47.1958
11.7881 66 44.3152
10.9852 104 66.7941
11.5376 68 45.415
11.7881 66 44.3152
11.1843 85 55.4737
11.2839 90 58.5136
11.1843 93 60.2737
10.9852 104 66.7941
11.1843 95 61.4737
10.9852 110 70.3941
11.4188 112 71.7675
10.9338 125 79.3735
11.7592 111 71.3037
13.1914 66 44.8766
11.4188 104 66.9675
11.5376 68 45.415
11.3706 114 72.9482
11.4188 112 71.7675
11.4862 73 48.3945
11.6757 74 49.0703
11.7881 66 44.3152
11.361 103 66.3444
11.4862 73 48.3945
11.5215 69 46.0086
11.1843 93 60.2737
13.1464 69 46.6586
10.9852 104 66.7941
11.2839 90 58.5136
12.0193 65 43.8077
10.9852 104 66.7941
11.7881 116 74.3152
11.4862 73 48.3945
11.2614 92 59.7046
11.4862 73 48.3945
10.9852 104 66.7941
10.9852 112 71.5941
10.9756 109 69.7902
11.7881 66 44.3152
10.9852 104 66.7941
11.2518 84 54.9007
11.4894 71 47.1958
10.9852 104 66.7941
11.2518 84 54.9007
11.6949 71 47.278
10.9852 104 66.7941
11.4444 75 49.5778
11.7592 69 46.1037
11.4188 104 66.9675
11.5215 69 46.0086
11.2839 90 58.5136
11.7881 66 44.3152
11.2839 90 58.5136
11.2839 90 58.5136
11.1843 93 60.2737
11.4188 107 68.7675
11.5215 69 46.0086
11.1201 90 58.448
11.1779 89 57.8712
10.9852 107 68.5941
10.9852 104 66.7941
11.5215 69 46.0086
10.9852 104 66.7941
12.0193 65 43.8077
10.9852 104 66.7941
12.0193 65 43.8077
10.9852 104 66.7941
10.9852 104 66.7941
11.4188 114 72.9675
11.4091 109 69.9637
11.1843 93 60.2737
11.1779 87 56.6712
11.5215 69 46.0086
11.2614 92 59.7046
11.3353 113 72.3341
11.2614 92 59.7046
11.5215 69 46.0086
11.4862 73 48.3945
10.9852 104 66.7941
11.7881 105 67.7152
11.1779 87 56.6712
11.1843 93 60.2737
11.7881 66 44.3152
11.6949 71 47.278
11.5376 68 45.415
10.9852 104 66.7941
12.0193 65 43.8077
