13.1207 63 53.0242
12.1445 64 53.6289
12.1959 67 56.0392
11.589 69 57.5178
11.5344 73 60.7069
11.3192 75 62.2638
11.2903 77 63.8581
11.1073 79 65.4215
11.2293 82 67.8459
11.0687 83 68.6137
10.9788 90 74.1958
11.2197 91 75.0439
10.9692 99 81.3938
11.1073 99 81.4215
10.9499 108 88.59
10.8728 116 94.9746
10.7958 120 98.1591
12.0996 105 86.4199
13.7919 87 72.3584
12.4624 86 71.2925
13.3937 77 64.2787
11.8073 83 68.7615
13.4194 85 70.6839
12.4496 99 81.6899
12.5042 112 92.1008
12.6487 105 86.5297
13.0308 102 84.2062
13.0854 79 65.8171
11.6757 113 92.7351
13.3102 84 69.862
13.3166 102 84.2633
13.0822 104 85.8164
12.7322 120 98.5464
12.668 76 63.3336
13.3295 90 74.6659
11.6981 110 90.3396
13.5478 93 77.1096
14.325 94 78.065
12.851 90 74.5702
13.6346 82 68.3269
12.7001 124 101.74
13.7084 79 65.9417
13.3359 97 80.2672
12.7225 117 96.1445
13.8015 91 75.5603
13.718 88 73.1436
13.2556 100 82.6511
