13.0501 63 23.0401
13.0405 65 23.4324
12.3147 69 23.6518
11.6339 72 23.7071
11.4862 73 23.789
12.7482 68 23.7986
11.422 74 23.9376
11.2582 76 24.2066
11.21 80 24.968
10.9692 88 26.3753
10.9435 98 28.3548
11.1233 104 29.6987
10.921 108 30.3368
10.9146 118 32.3317
10.8953 124 33.5163
12.3211 97 29.2569
11.3899 99 28.9119
14.3121 95 30.4497
12.0128 103 30.2103
12.7739 81 26.4191
13.6442 92 29.3153
12.7643 115 33.2114
13.307 101 30.8456
12.9088 86 27.527
12.4303 95 28.9443
11.316 89 26.8528
11.5472 85 26.2378
13.9493 90 29.1594
13.808 108 32.6464
13.2845 82 27.0276
13.6313 82 27.3051
11.6853 132 35.7482
12.4303 100 29.9443
12.79 112 32.632
14.4021 99 31.3216
13.4515 96 29.9612
11.6885 94 28.1508
13.2139 99 30.3711
12.5363 119 33.829
13.7116 102 31.3693
12.8125 85 27.25
12.5331 82 26.4265
13.1272 81 26.7017
12.5363 94 28.829
12.4849 98 29.5879
