12.7065 63 22.7652
11.7367 68 22.9893
11.589 69 23.0712
12.6969 65 23.1575
12.2441 67 23.1952
11.5376 71 23.4301
11.4798 73 23.7838
11.422 74 23.9376
11.2582 76 24.2066
11.21 80 24.968
10.9692 88 26.3753
10.9435 98 28.3548
11.1233 104 29.6987
10.921 108 30.3368
10.9146 118 32.3317
10.9017 122 33.1214
10.8953 124 33.5163
12.3308 86 27.0646
13.3584 79 26.4867
12.8735 117 33.6988
11.2389 128 34.5911
12.896 88 27.9168
11.7945 106 30.6356
12.745 104 30.996
12.3276 85 26.862
13.1529 97 29.9223
14.8548 85 28.8839
14.0745 93 29.8596
13.7855 102 31.4284
12.1638 126 34.931
13.368 135 37.6944
12.2473 114 32.5978
11.9775 123 34.182
11.7977 103 30.0382
13.246 94 29.3968
14.6911 83 28.3529
12.4785 108 31.5828
13.3744 133 37.2996
12.2248 96 28.9798
13.4258 84 27.5407
12.6712 138 37.7369
11.8491 83 26.0793
13.4066 93 29.3252
11.4541 126 34.3633
12.5202 122 34.4162
12.7322 82 26.5857
12.8542 91 28.4834
