13.4162 63 33.2497
13.1272 64 33.4763
12.4367 67 34.262
11.955 71 35.573
11.6564 69 34.5938
12.5234 70 35.5141
11.3224 73 35.9935
12.5234 70 35.5141
11.422 74 36.4532
11.422 74 36.4532
11.1843 85 40.7106
11.2197 80 38.7318
11.3064 78 37.9838
12.0193 82 40.0116
11.4701 82 39.6821
11.833 121 55.4998
11.2164 108 49.9299
12.4367 67 34.262
11.4284 73 36.057
11.7784 125 57.0671
11.7784 125 57.0671
13.4162 63 33.2497
11.3064 88 41.9838
13.4162 63 33.2497
11.0848 106 49.0509
11.833 121 55.4998
11.589 83 40.1534
11.6564 69 34.5938
11.422 74 36.4532
12.4367 67 34.262
11.3642 88 42.0185
11.2197 80 38.7318
12.3404 84 41.0042
11.422 74 36.4532
11.422 74 36.4532
13.4162 63 33.2497
11.0848 106 49.0509
11.3064 78 37.9838
11.4701 82 39.6821
12.5234 70 35.5141
11.4123 88 42.0474
11.6564 69 34.5938
11.7784 125 57.0671
11.4348 78 38.0609
13.1272 64 33.4763
11.9486 68 34.3692
11.5665 72 35.7399
13.4162 63 33.2497
12.0193 82 40.0116
11.6564 69 34.5938
12.2248 81 39.7349
12.4367 67 34.262
11.6564 69 34.5938
11.955 71 35.573
12.4367 67 34.262
11.21 80 38.726
11.21 80 38.726
13.4162 63 33.2497
11.5729 78 38.1437
13.1272 64 33.4763
12.4367 67 34.262
11.2197 80 38.7318
11.7399 74 36.6439
11.5729 78 38.1437
11.1843 85 40.7106
11.4701 82 39.6821
11.7399 74 36.6439
11.3064 78 37.9838
11.422 74 36.4532
11.2197 80 38.7318
11.4701 82 39.6821
11.7881 85 41.0728
11.3064 78 37.9838
11.6564 69 34.5938
11.4798 123 56.0879
13.4162 63 33.2497
12.5042 75 37.5025
11.7399 74 36.6439
11.422 74 36.4532
11.4348 78 38.0609
11.422 74 36.4532
11.833 121 55.4998
12.3404 84 41.0042
12.5234 70 35.5141
12.4367 67 34.262
11.7399 74 36.6439
12.5234 70 35.5141
11.2197 80 38.7318
11.833 121 55.4998
11.4701 82 39.6821
11.955 71 35.573
13.1272 64 33.4763
11.422 74 36.4532
11.422 74 36.4532
11.833 121 55.4998
11.422 74 36.4532
11.3064 88 41.9838
12.5234 70 35.5141
12.4367 67 34.262
11.3642 88 42.0185
11.3064 78 37.9838
11.7399 74 36.6439
11.422 74 36.4532
13.5896 65 34.1538
11.3064 78 37.9838
11.3224 73 35.9935
13.5896 65 34.1538
11.422 74 36.4532
12.4367 67 34.262
13.4162 63 33.2497
11.955 71 35.573
11.955 71 35.573
11.2421 111 51.1453
11.422 74 36.4532
11.422 74 36.4532
13.1272 64 33.4763
11.5729 78 38.1437
11.4926 119 54.4956
11.9486 68 34.3692
11.6564 69 34.5938
11.955 71 35.573
11.833 121 55.4998
12.5234 70 35.5141
12.4367 67 34.262
12.2248 81 39.7349
11.6564 69 34.5938
11.3064 78 37.9838
11.6564 69 34.5938
13.4162 63 33.2497
12.5234 70 35.5141
11.422 74 36.4532
13.5896 65 34.1538
11.2197 80 38.7318
11.0848 113 51.8509
13.4162 63 33.2497
11.7784 125 57.0671
11.2775 89 42.3665
11.21 80 38.726
11.4284 73 36.057
11.7399 74 36.6439
11.422 74 36.4532
12.4367 67 34.262
11.1843 85 40.7106
11.1169 111 51.0701
11.1843 85 40.7106
11.3064 78 37.9838
13.5896 65 34.1538
12.2408 86 41.7445
11.3353 105 48.8012
11.7881 85 41.0728
