12.9313 65 38.9656
11.4669 65 38.2335
11.4155 75 43.2078
11.4155 75 43.2078
11.2582 80 45.6291
11.4155 75 43.2078
11.4155 75 43.2078
10.799 97 53.8995
10.799 97 53.8995
11.6724 77 44.3362
11.4669 65 38.2335
11.4155 75 43.2078
11.4155 75 43.2078
10.799 97 53.8995
12.7579 63 37.8789
12.9313 65 38.9656
11.4155 75 43.2078
11.4155 75 43.2078
11.4155 75 43.2078
11.6724 77 44.3362
10.799 97 53.8995
11.4155 75 43.2078
11.4155 75 43.2078
10.799 97 53.8995
11.4155 75 43.2078
12.9313 65 38.9656
11.4669 65 38.2335
10.799 97 53.8995
12.7482 66 39.3741
12.9313 65 38.9656
11.6724 77 44.3362
11.4669 65 38.2335
12.7579 63 37.8789
11.4155 75 43.2078
11.4669 65 38.2335
11.4155 75 43.2078
11.4155 75 43.2078
12.9313 65 38.9656
11.4155 75 43.2078
11.4155 75 43.2078
11.4155 75 43.2078
11.6724 77 44.3362
11.4155 75 43.2078
12.896 66 39.448
11.4669 65 38.2335
11.4155 75 43.2078
10.799 97 53.8995
11.6724 77 44.3362
11.088 85 48.044
10.799 97 53.8995
11.4155 75 43.2078
11.4155 75 43.2078
11.4155 75 43.2078
11.4155 75 43.2078
11.4155 75 43.2078
11.361 77 44.1805
11.4155 75 43.2078
11.4669 65 38.2335
11.4155 75 43.2078
11.4669 65 38.2335
11.4669 65 38.2335
11.6724 77 44.3362
11.4155 75 43.2078
11.4155 75 43.2078
11.4155 75 43.2078
11.4155 75 43.2078
11.4155 75 43.2078
10.799 97 53.8995
11.4155 75 43.2078
12.7579 63 37.8789
11.6724 77 44.3362
11.4155 75 43.2078
11.4155 75 43.2078
11.4669 65 38.2335
11.4155 75 43.2078
11.4155 75 43.2078
11.6724 77 44.3362
10.799 97 53.8995
11.4669 65 38.2335
11.4155 75 43.2078
11.6724 77 44.3362
10.799 97 53.8995
11.4155 75 43.2078
10.799 97 53.8995
10.799 97 53.8995
11.4155 75 43.2078
11.6724 77 44.3362
12.7579 63 37.8789
10.799 97 53.8995
11.4155 75 43.2078
11.4155 75 43.2078
10.799 97 53.8995
11.4155 75 43.2078
11.4155 75 43.2078
10.799 97 53.8995
10.799 97 53.8995
11.088 85 48.044
11.4155 75 43.2078
11.4155 75 43.2078
11.4155 75 43.2078
11.4155 75 43.2078
10.799 97 53.8995
12.7579 63 37.8789
12.7579 63 37.8789
10.799 97 53.8995
11.4669 65 38.2335
11.4155 75 43.2078
11.4155 75 43.2078
12.896 66 39.448
10.799 97 53.8995
11.4155 75 43.2078
11.4155 75 43.2078
11.4155 75 43.2078
11.4155 75 43.2078
11.4669 65 38.2335
11.4669 65 38.2335
12.9313 65 38.9656
11.4155 75 43.2078
11.4669 65 38.2335
11.4155 75 43.2078
12.7482 66 39.3741
11.4155 75 43.2078
11.4155 75 43.2078
12.7482 66 39.3741
11.4155 75 43.2078
11.4155 75 43.2078
11.4155 75 43.2078
11.4669 65 38.2335
11.4155 75 43.2078
12.896 66 39.448
11.361 77 44.1805
11.4155 75 43.2078
12.7579 63 37.8789
11.4155 75 43.2078
11.4155 75 43.2078
10.799 97 53.8995
11.6724 77 44.3362
10.799 97 53.8995
10.799 97 53.8995
11.4155 75 43.2078
11.361 77 44.1805
11.4155 75 43.2078
11.6724 77 44.3362
11.4155 75 43.2078
11.4155 75 43.2078
11.4155 75 43.2078
11.4155 75 43.2078
11.4155 75 43.2078
10.799 97 53.8995
10.799 97 53.8995
