12.1574 65 59.7157
12.0931 67 61.5093
11.3802 68 62.338
11.4284 74 67.7428
11.4284 74 67.7428
11.088 83 75.8088
11.2004 85 77.62
11.4412 91 83.0441
11.1586 106 96.5159
11.1586 106 96.5159
11.1586 106 96.5159
11.2004 85 77.62
11.3802 68 62.338
11.1586 106 96.5159
11.1586 106 96.5159
12.1574 65 59.7157
11.4348 74 67.7435
11.3802 68 62.338
11.3802 68 62.338
11.1586 106 96.5159
11.1586 106 96.5159
11.438 72 65.9438
11.4412 91 83.0441
11.088 83 75.8088
11.1586 106 96.5159
11.2004 85 77.62
11.088 83 75.8088
11.1522 109 99.2152
12.1638 68 62.4164
11.1586 106 96.5159
11.1586 106 96.5159
11.088 83 75.8088
11.3802 68 62.338
12.1574 65 59.7157
12.0931 67 61.5093
11.4412 91 83.0441
11.4412 91 83.0441
11.4412 91 83.0441
11.3802 68 62.338
11.088 83 75.8088
11.088 83 75.8088
11.1586 106 96.5159
11.1586 106 96.5159
11.4412 91 83.0441
11.2261 93 84.8226
11.4284 74 67.7428
11.1586 106 96.5159
11.1522 109 99.2152
11.2004 85 77.62
11.1586 106 96.5159
11.2004 85 77.62
12.0931 67 61.5093
11.1586 106 96.5159
12.0931 67 61.5093
11.2004 85 77.62
11.1586 106 96.5159
11.088 83 75.8088
12.0931 67 61.5093
11.088 83 75.8088
11.2004 85 77.62
11.1586 106 96.5159
11.4284 74 67.7428
12.1574 65 59.7157
11.1586 106 96.5159
11.088 83 75.8088
12.0931 67 61.5093
11.088 83 75.8088
12.0931 67 61.5093
11.2004 85 77.62
11.088 83 75.8088
11.4348 80 73.1435
12.0931 67 61.5093
11.4316 72 65.9432
12.1574 65 59.7157
11.2004 85 77.62
11.1586 106 96.5159
11.4284 74 67.7428
11.4348 74 67.7435
11.088 83 75.8088
11.1586 106 96.5159
12.1638 68 62.4164
11.1586 106 96.5159
12.1574 65 59.7157
11.1586 106 96.5159
12.1574 65 59.7157
11.4412 91 83.0441
11.088 83 75.8088
11.088 83 75.8088
11.2004 85 77.62
11.1522 109 99.2152
12.1574 65 59.7157
11.438 72 65.9438
12.0931 67 61.5093
11.1586 106 96.5159
12.0931 67 61.5093
11.4348 74 67.7435
11.1586 106 96.5159
11.088 83 75.8088
11.088 83 75.8088
11.4316 72 65.9432
11.1586 106 96.5159
11.4412 91 83.0441
11.316 76 69.5316
12.1574 65 59.7157
11.4412 91 83.0441
11.1586 106 96.5159
11.2004 85 77.62
11.1586 106 96.5159
12.0931 67 61.5093
11.1522 109 99.2152
11.1586 106 96.5159
11.1586 106 96.5159
11.1586 106 96.5159
11.4412 91 83.0441
11.4412 91 83.0441
11.1586 106 96.5159
11.4316 72 65.9432
11.1586 106 96.5159
12.0931 67 61.5093
11.4412 91 83.0441
11.4412 91 83.0441
11.3802 68 62.338
11.1586 106 96.5159
11.1586 106 96.5159
11.1586 106 96.5159
12.0931 67 61.5093
11.3802 68 62.338
11.2004 85 77.62
11.4348 80 73.1435
11.2004 85 77.62
11.1586 106 96.5159
12.0931 67 61.5093
12.1638 68 62.4164
12.1638 68 62.4164
12.1574 65 59.7157
11.2004 85 77.62
11.1586 106 96.5159
11.4284 74 67.7428
11.4412 80 73.1441
11.1586 106 96.5159
11.438 72 65.9438
12.1574 65 59.7157
11.4412 91 83.0441
12.0931 67 61.5093
11.4412 91 83.0441
11.4284 74 67.7428
11.1586 106 96.5159
11.1586 106 96.5159
12.0931 67 61.5093
11.1586 106 96.5159
