660.941
687.818
689.859
690.398
692.884
692.884
692.884
694.358
708.889
717.409
717.409
717.409
717.409
717.409
720.264
722.634
722.769
727.894
731.581
731.754
734.58
734.58
734.58
734.638
734.638
734.638
734.638
734.638
734.638
734.638
734.638
734.638
734.638
734.676
734.676
734.676
736.717
739.03
739.03
739.03
739.03
739.03
746.361
746.361
746.361
746.361
746.361
746.361
746.361
746.361
746.361
746.361
746.361
746.361
746.361
746.361
746.361
746.361
746.361
746.361
746.47
746.47
746.47
746.47
746.47
746.47
746.47
746.47
746.47
746.47
746.47
746.47
746.47
746.47
746.47
751.541
751.541
751.541
751.541
751.541
752.517
752.771
752.999
753.031
753.031
753.416
753.416
753.416
753.416
753.416
753.416
753.416
753.416
753.416
753.416
753.416
753.416
753.416
753.416
753.416
753.416
754.347
754.347
754.347
754.347
754.347
754.347
754.347
754.347
754.347
754.347
754.347
754.347
754.347
767.085
767.085
767.085
767.085
767.085
767.085
767.085
767.085
767.085
767.085
767.085
767.085
767.085
767.085
769.58
780.524
780.524
780.524
780.524
780.524
780.524
780.524
780.524
780.524
780.524
780.524
780.89
780.89
780.89
780.89
780.89
780.89
780.89
780.89
780.89
780.89
780.89
780.89
780.89
780.89
780.89
780.89
780.89
780.89
780.89
780.89
780.89
780.89
780.89
781.529
781.529
781.529
781.529
781.529
781.529
781.529
781.529
781.529
781.529
781.529
781.529
781.529
781.529
781.529
781.529
781.529
781.529
781.529
781.529
781.529
781.529
781.529
781.529
781.529
781.529
781.529
781.529
781.529
781.529
781.529
781.529
781.529
781.529
781.529
781.529
781.529
781.529
781.529
781.529
781.529
781.529
781.529
781.529
781.529
781.529
781.529
781.529
781.529
781.529
781.529
781.529
781.529
781.529
781.529
781.529
781.529
781.529
781.529
781.529
781.529
781.529
781.529
781.529
781.529
781.529
781.529
781.529
781.529
781.529
781.529
781.529
781.529
781.529
781.529
781.529
781.529
781.529
781.529
781.529
781.529
781.529
781.529
781.529
781.529
781.529
781.529
781.529
781.529
781.529
781.529
781.529
781.529
781.529
781.529
781.529
781.529
781.529
781.529
784.506
784.506
784.506
784.506
784.506
784.506
784.506
784.506
784.506
784.506
784.506
784.506
784.506
784.506
784.506
784.506
784.506
784.506
784.506
784.506
784.506
784.506
784.506
784.506
784.506
784.506
784.506
784.506
784.506
784.506
784.506
784.506
784.506
784.506
784.506
784.506
784.506
784.506
784.506
784.506
784.506
784.506
784.506
784.506
784.506
784.506
784.506
784.506
784.506
784.506
784.506
784.513
784.513
784.513
784.513
784.513
785.771
785.771
785.771
785.771
785.771
785.771
785.771
785.771
785.771
785.771
785.771
787.168
787.188
787.188
787.188
787.464
787.464
787.464
787.464
787.464
787.464
787.464
787.464
787.464
787.464
787.464
787.464
787.464
787.464
787.464
787.464
787.464
787.464
788.228
788.228
788.228
788.228
788.228
788.228
788.228
788.228
788.228
788.228
788.228
788.228
788.228
788.228
788.228
788.228
788.228
788.228
788.228
788.228
788.228
788.228
788.228
788.228
788.228
788.228
788.228
788.228
788.228
788.228
788.228
788.228
788.228
788.228
788.228
788.228
788.228
788.228
788.228
788.228
788.228
788.228
788.228
788.228
788.228
788.228
788.228
788.228
788.228
788.228
788.228
788.228
788.228
788.228
788.228
788.228
788.228
788.228
788.228
788.228
788.228
788.228
788.228
788.228
788.228
788.228
788.228
788.228
788.228
788.228
788.228
788.228
788.228
788.228
788.228
788.228
788.228
788.228
788.228
788.228
788.228
788.228
788.228
788.228
788.228
788.228
788.228
788.228
788.228
788.228
788.228
788.228
788.228
788.228
788.228
788.228
788.228
788.228
788.228
789.268
789.268
789.268
789.474
789.474
789.474
789.474
789.474
789.474
789.474
789.474
789.474
789.474
789.474
789.474
789.474
789.474
789.474
789.474
789.474
789.474
789.474
789.474
789.474
789.474
789.474
789.474
789.474
789.474
789.474
789.474
789.474
789.474
789.474
789.474
789.474
789.474
789.474
789.474
789.474
789.474
789.474
789.474
789.474
789.474
789.474
789.474
791.137
791.137
791.137
791.137
791.137
791.137
791.137
791.137
791.137
791.137
791.137
791.137
791.137
791.137
791.137
791.137
791.137
791.137
791.137
791.137
791.137
791.137
791.137
791.137
791.137
791.137
791.137
791.137
791.137
791.137
791.137
791.137
791.137
791.137
791.137
791.137
791.137
791.137
791.137
791.137
791.137
791.137
791.137
791.137
791.137
791.137
791.137
791.137
791.137
791.137
791.137
791.137
791.137
791.137
791.137
791.137
791.137
791.137
791.137
791.137
791.137
791.137
791.137
791.137
791.137
791.137
791.137
791.137
791.137
791.137
791.137
791.137
791.137
791.137
791.137
791.137
791.137
791.137
791.137
791.137
791.137
791.137
791.137
791.137
791.137
791.137
791.137
791.137
791.137
791.137
791.137
791.137
791.137
791.137
791.137
791.137
791.137
791.137
791.137
791.137
791.137
791.137
791.137
791.137
791.137
791.137
791.137
791.137
791.137
791.137
791.137
791.137
791.137
791.137
791.137
791.137
791.137
791.137
791.137
791.137
791.137
791.137
791.137
791.137
791.137
791.137
791.137
791.137
791.137
791.137
791.137
791.137
791.137
791.137
791.137
791.137
791.137
791.137
791.137
791.137
791.137
791.137
791.137
791.137
791.137
791.137
791.137
791.137
791.137
791.137
791.137
791.137
791.137
791.137
791.137
791.137
791.137
791.137
791.137
791.137
791.137
791.137
791.137
791.137
791.137
791.137
791.137
791.137
791.137
791.137
791.137
791.137
791.137
791.137
791.137
791.137
791.137
791.137
791.137
791.137
791.137
791.137
791.137
791.137
791.137
791.137
791.137
791.137
791.137
791.137
791.137
791.137
791.137
791.137
791.137
791.137
791.137
791.137
791.137
791.137
791.137
791.137
791.137
791.137
791.137
791.137
791.137
791.137
791.137
791.137
791.137
791.137
791.137
791.137
791.137
791.137
791.137
791.137
791.137
791.137
791.137
791.137
791.137
791.137
791.137
791.137
791.137
791.137
791.137
791.137
791.137
791.137
791.137
791.137
791.137
791.137
791.137
791.137
791.137
791.137
791.137
791.137
791.137
791.137
791.137
791.137
791.137
791.137
791.137
791.137
791.137
791.137
791.137
791.137
791.137
791.137
791.137
791.137
791.137
791.137
791.137
791.137
791.137
791.137
791.137
791.137
791.137
791.137
791.137
791.137
791.137
791.137
791.137
791.137
791.137
791.137
791.137
791.137
791.137
791.137
791.137
791.137
791.137
791.137
791.137
791.137
791.137
791.137
791.137
791.137
791.137
791.137
791.137
791.137
791.137
791.137
791.137
791.137
791.137
791.137
791.137
791.137
791.137
791.137
791.137
791.137
791.137
791.137
791.137
791.137
791.137
791.137
791.137
791.137
791.137
791.137
791.137
791.137
791.137
791.137
791.137
791.137
791.137
791.137
791.137
791.137
791.137
791.137
791.137
791.137
791.137
791.137
791.137
791.137
791.137
791.137
791.137
791.137
791.137
791.137
791.137
791.137
791.137
791.137
791.137
791.137
791.137
791.137
791.137
791.137
791.137
791.137
791.137
791.137
791.137
791.137
791.137
791.137
791.137
791.137
791.137
791.137
791.137
791.137
791.137
791.137
791.137
791.137
791.137
791.137
791.137
791.137
791.137
791.137
791.137
791.137
791.137
791.137
791.137
791.137
791.137
791.137
791.137
791.137
791.137
791.137
791.137
791.137
791.137
791.137
791.137
791.137
791.137
791.137
791.137
791.137
791.137
791.137
791.137
791.137
791.137
791.137
791.137
791.137
791.137
791.137
791.137
791.137
791.137
791.137
791.137
791.137
791.137
791.137
791.137
791.137
791.137
791.137
791.137
791.137
791.137
791.137
791.137
791.137
791.137
791.137
791.137
791.137
791.137
791.137
791.137
791.137
791.137
791.137
791.137
791.137
791.137
791.137
791.137
791.137
791.137
791.137
791.137
791.137
791.137
791.137
791.137
791.137
791.137
791.137
791.137
791.137
791.137
791.137
791.137
791.137
791.137
791.137
791.137
791.137
791.137
791.137
791.137
791.137
791.137
791.137
791.137
791.137
791.137
791.137
791.137
791.137
791.137
791.137
791.137
791.137
791.137
791.137
791.137
791.137
791.137
791.137
791.137
791.137
791.137
791.137
791.137
791.137
791.137
791.137
791.137
791.137
791.137
791.137
791.137
791.137
791.137
791.137
791.137
791.137
791.137
791.137
791.137
791.137
791.137
791.137
791.137
791.137
791.137
791.137
791.137
791.137
791.137
791.137
791.137
791.137
791.137
791.137
791.137
791.137
791.137
791.137
791.137
791.137
791.137
791.137
791.137
791.137
791.137
791.137
791.137
791.137
791.137
791.137
791.137
791.137
791.137
791.137
791.137
791.137
791.137
791.137
791.137
791.137
791.137
791.137
791.137
791.137
791.137
791.137
791.137
791.137
791.137
791.137
791.137
791.137
791.137
791.137
791.137
791.137
791.137
791.137
791.137
791.137
791.137
791.137
791.137
791.137
791.137
791.137
791.137
791.137
791.137
791.137
791.137
791.137
791.137
791.137
791.137
791.137
791.137
791.137
791.137
791.137
791.137
791.137
791.137
791.137
791.137
791.137
791.137
791.137
791.137
791.137
791.137
791.137
791.137
791.137
791.137
791.137
791.137
791.137
791.137
791.137
791.137
791.137
791.137
791.137
791.137
791.137
791.137
791.137
791.137
791.137
791.137
791.137
791.137
791.137
791.137
791.137
791.137
791.137
791.137
791.137
791.137
791.137
791.137
791.137
791.137
791.137
791.137
791.137
791.137
791.137
791.137
791.137
791.137
791.137
791.137
791.137
791.137
791.137
791.137
791.137
791.137
791.137
791.137
791.137
791.137
791.137
791.137
791.137
791.137
791.137
791.137
791.137
791.137
791.137
791.137
791.137
791.137
791.137
791.137
791.137
791.137
791.137
791.137
791.137
791.137
791.137
791.137
791.137
791.137
791.137
791.137
791.137
791.137
791.137
791.137
791.137
791.137
791.137
791.137
791.137
791.137
791.137
791.137
791.137
791.137
791.137
791.137
791.137
791.137
791.137
791.137
791.137
791.137
792.316
792.374
792.374
792.374
792.374
792.374
792.374
792.374
792.374
792.374
792.374
792.374
792.374
792.374
792.374
792.374
792.374
792.374
792.374
792.374
792.374
792.374
792.374
792.374
792.374
792.374
792.374
792.374
792.374
792.374
792.374
792.374
792.374
792.374
792.374
792.374
792.374
792.374
792.374
792.374
792.374
792.374
792.374
792.374
792.374
792.374
792.374
792.374
792.374
792.374
792.374
792.374
792.374
792.374
792.374
792.374
792.374
792.374
792.374
792.374
792.374
792.374
792.374
792.374
792.374
792.374
792.374
792.374
792.374
792.374
792.374
792.374
792.374
792.374
792.374
792.374
792.374
792.374
792.374
792.374
792.374
792.374
792.374
792.374
792.374
792.374
792.374
792.374
792.374
792.374
792.374
792.374
792.374
792.374
792.374
792.374
792.374
792.374
792.374
792.374
792.374
792.374
792.374
792.374
792.374
792.374
792.374
792.374
792.374
792.374
792.374
792.374
792.374
792.374
792.374
792.374
792.374
792.374
792.374
792.374
792.374
792.374
792.374
792.374
792.374
792.374
792.374
792.374
792.374
792.374
792.374
792.374
792.374
792.374
792.374
792.374
792.374
792.374
792.374
792.374
792.374
792.374
792.374
792.374
792.374
792.374
792.374
792.374
792.374
792.374
792.374
792.374
792.374
792.374
792.374
792.374
792.374
792.374
792.374
792.374
792.374
792.374
792.374
792.374
792.374
792.374
792.374
792.374
792.374
792.374
792.374
792.374
792.374
792.374
792.374
792.374
792.374
792.374
792.374
792.374
792.374
792.374
792.374
792.374
792.374
792.374
792.374
792.374
792.374
792.374
792.374
792.374
792.374
792.374
792.374
792.374
792.374
792.374
792.374
792.374
792.374
792.374
792.374
792.374
792.374
792.374
792.374
792.374
792.374
792.374
792.374
792.374
792.374
792.374
792.374
792.374
792.374
792.374
792.374
792.374
792.374
792.374
792.374
792.374
792.374
792.374
792.374
792.374
792.374
792.374
792.374
792.374
792.374
792.374
792.374
792.374
792.374
792.374
792.374
792.374
792.374
792.374
792.374
792.374
792.374
792.374
792.374
792.374
792.374
792.374
792.374
792.374
792.374
792.374
792.374
792.374
792.374
792.374
792.374
792.374
792.374
792.374
792.374
792.374
792.374
792.374
792.374
792.374
792.374
792.374
792.374
792.374
792.374
792.374
792.374
792.374
792.374
792.374
792.374
792.374
792.374
792.374
792.374
792.374
792.374
792.374
792.374
792.374
792.374
792.374
792.374
792.374
792.374
792.374
792.374
792.374
792.374
792.374
792.374
792.374
792.374
792.374
792.374
792.374
792.374
792.374
792.374
792.374
792.374
792.374
792.374
792.374
792.374
792.374
792.374
792.374
792.374
792.374
792.374
792.374
792.374
792.374
792.374
792.374
792.374
792.374
792.374
792.374
792.374
792.374
792.374
792.374
792.374
792.374
792.374
792.374
792.374
792.374
792.374
792.374
792.374
792.374
792.374
792.374
792.374
792.374
792.374
792.374
792.374
792.374
792.374
792.374
792.374
792.374
792.374
792.374
792.374
792.374
792.374
792.374
792.374
792.374
792.374
792.374
792.374
792.374
792.374
792.374
792.374
792.374
792.374
792.374
792.374
792.374
792.374
792.374
792.374
792.374
792.374
792.374
792.374
792.374
792.374
792.374
792.374
792.374
792.374
792.374
792.374
792.374
792.374
792.374
792.374
792.374
792.374
792.515
792.515
792.515
792.515
792.515
792.515
792.515
792.515
792.515
792.515
792.515
792.515
792.515
792.515
792.515
792.515
792.515
792.515
792.515
792.515
792.515
792.515
792.515
792.515
792.515
792.515
792.515
792.515
792.515
792.515
792.515
792.515
792.515
792.515
792.515
792.515
792.515
792.515
792.515
792.515
792.515
792.515
792.515
792.515
792.515
792.515
792.515
792.515
792.515
792.515
792.515
792.515
792.515
792.515
792.515
792.515
792.515
792.515
792.515
792.515
792.515
792.515
792.515
792.515
792.515
792.515
792.515
792.515
792.515
792.515
792.515
792.515
792.515
792.515
792.515
792.515
792.515
792.515
792.515
792.515
792.515
792.515
792.515
792.515
792.515
792.515
792.515
792.515
792.515
792.515
792.515
792.515
792.515
792.515
792.515
792.515
792.515
792.515
792.515
792.515
792.515
792.515
792.515
792.515
792.515
792.515
792.515
792.515
792.515
792.515
797.033
797.033
797.033
797.033
797.033
797.033
797.033
797.033
797.033
797.033
797.033
797.033
797.033
797.033
797.033
797.033
797.033
797.033
797.033
797.033
797.033
797.033
797.033
797.033
797.033
797.033
797.033
797.033
797.033
797.033
797.033
797.033
797.033
797.033
797.033
797.033
797.033
797.033
797.033
797.033
797.033
797.033
797.033
797.033
797.033
797.033
797.033
797.033
797.033
797.033
797.033
797.033
797.033
797.033
797.033
797.033
797.033
797.033
797.033
797.033
797.033
797.033
797.033
797.033
797.033
797.033
797.033
797.033
797.033
797.033
797.033
797.033
797.033
797.033
797.033
797.033
797.033
797.033
797.033
797.033
797.033
797.033
797.033
797.033
797.033
797.033
797.033
797.033
797.033
797.033
797.033
797.033
797.033
797.033
797.033
797.033
797.033
797.033
797.033
797.033
797.033
797.033
797.033
797.033
797.033
797.033
797.033
797.033
797.033
797.033
797.033
797.033
797.033
797.033
797.033
797.033
797.033
797.033
797.033
797.033
797.033
797.033
797.033
797.033
797.033
797.033
797.033
797.033
797.033
797.033
797.033
797.033
797.033
797.033
797.033
797.033
797.033
797.033
797.033
797.033
797.033
797.033
797.033
797.033
797.033
797.033
797.033
797.033
797.033
797.033
797.033
797.033
797.033
797.033
797.033
797.033
797.033
797.033
797.033
797.033
797.033
797.033
797.033
797.033
797.033
797.033
797.033
797.033
797.033
797.033
797.033
797.033
797.033
797.033
797.033
797.033
797.033
797.033
797.033
797.033
797.033
797.033
797.033
797.033
797.033
797.033
797.033
797.033
797.033
797.033
797.033
797.033
797.033
797.033
797.033
797.033
797.033
797.033
797.033
797.033
797.033
797.033
797.033
797.033
797.033
797.033
797.033
797.033
797.033
797.033
797.033
797.033
797.033
797.033
797.033
797.033
797.033
797.033
797.033
797.033
797.033
797.033
797.033
797.033
797.033
797.033
797.033
797.033
797.033
797.033
797.033
797.033
797.033
797.033
797.033
797.033
797.033
797.033
797.033
797.033
797.033
797.033
797.033
797.033
797.033
797.033
797.033
797.033
797.033
797.033
797.033
797.033
797.033
797.033
797.033
797.033
797.033
797.033
797.033
797.033
797.033
797.033
797.033
797.033
797.033
797.033
797.033
797.033
797.033
797.033
797.033
797.033
797.033
797.033
797.033
797.033
797.033
797.033
797.033
797.033
797.033
797.033
797.033
797.033
797.033
797.033
797.033
797.033
797.033
797.033
797.033
797.033
797.033
797.033
797.033
797.033
797.033
797.033
797.033
797.033
797.033
