11.4541 66 33.2724
12.1574 65 33.2944
11.3995 68 34.0397
11.3995 68 34.0397
11.4188 78 38.0513
11.4188 78 38.0513
11.088 83 39.8528
10.9306 96 44.9584
11.6307 98 46.1784
11.4188 78 38.0513
12.1638 68 34.4983
11.3995 68 34.0397
11.3995 68 34.0397
11.3995 68 34.0397
10.9306 96 44.9584
12.4014 104 49.0409
11.2453 76 37.1472
11.2999 75 36.78
11.3995 68 34.0397
11.4541 66 33.2724
11.2453 76 37.1472
12.4014 104 49.0409
11.4188 78 38.0513
10.9306 96 44.9584
12.1574 65 33.2944
11.2453 76 37.1472
12.1638 68 34.4983
11.3995 68 34.0397
10.9306 96 44.9584
11.088 83 39.8528
10.9306 96 44.9584
11.3995 68 34.0397
11.3995 68 34.0397
11.088 83 39.8528
11.3995 68 34.0397
10.9306 96 44.9584
11.2518 79 38.3511
10.9306 96 44.9584
11.2453 76 37.1472
11.2518 79 38.3511
11.3995 68 34.0397
11.2518 79 38.3511
11.4188 78 38.0513
11.3995 68 34.0397
11.088 83 39.8528
11.3995 68 34.0397
11.3995 68 34.0397
12.1574 65 33.2944
11.2453 76 37.1472
11.3995 68 34.0397
11.5857 99 46.5514
11.7335 104 48.6401
12.1638 68 34.4983
11.3995 68 34.0397
11.1265 79 38.2759
11.3995 68 34.0397
10.9306 96 44.9584
11.4188 78 38.0513
11.2453 76 37.1472
11.3995 68 34.0397
12.1574 65 33.2944
11.4541 66 33.2724
10.9306 96 44.9584
11.3995 68 34.0397
11.2518 79 38.3511
11.4541 66 33.2724
11.4541 66 33.2724
12.4014 104 49.0409
10.9306 96 44.9584
11.3995 68 34.0397
11.3995 68 34.0397
11.7335 104 48.6401
10.9306 96 44.9584
11.088 83 39.8528
11.3995 68 34.0397
11.3995 68 34.0397
11.4541 66 33.2724
11.3995 68 34.0397
12.1638 68 34.4983
11.3995 68 34.0397
11.088 83 39.8528
11.4541 66 33.2724
11.3995 68 34.0397
11.2453 76 37.1472
11.3995 68 34.0397
11.7335 104 48.6401
11.4123 104 48.4474
11.4541 66 33.2724
12.1638 68 34.4983
12.1574 65 33.2944
11.3995 68 34.0397
11.3995 68 34.0397
12.4014 104 49.0409
12.1638 68 34.4983
11.3995 68 34.0397
11.4188 78 38.0513
12.1574 65 33.2944
11.4188 78 38.0513
12.1574 65 33.2944
10.9306 96 44.9584
11.4188 78 38.0513
11.2999 75 36.78
11.4188 78 38.0513
12.1638 68 34.4983
11.4123 104 48.4474
11.1329 82 39.4798
11.3995 68 34.0397
11.088 83 39.8528
11.4541 66 33.2724
11.4188 78 38.0513
11.4541 66 33.2724
11.2453 76 37.1472
11.4188 78 38.0513
11.3995 68 34.0397
11.4541 66 33.2724
11.2453 76 37.1472
11.4541 66 33.2724
10.9306 96 44.9584
11.2999 81 39.18
11.3995 68 34.0397
11.088 83 39.8528
10.9306 96 44.9584
11.2999 75 36.78
11.088 83 39.8528
11.7335 104 48.6401
11.088 83 39.8528
12.4014 104 49.0409
11.5504 102 47.7303
12.4014 104 49.0409
10.9306 96 44.9584
11.4188 78 38.0513
11.4188 78 38.0513
11.4541 66 33.2724
12.4014 104 49.0409
11.2453 76 37.1472
11.7335 104 48.6401
11.2453 76 37.1472
11.4123 104 48.4474
11.2453 76 37.1472
11.3995 68 34.0397
12.1638 68 34.4983
11.2453 76 37.1472
10.9306 96 44.9584
11.4188 78 38.0513
10.9306 96 44.9584
11.4188 78 38.0513
11.4541 66 33.2724
11.4188 78 38.0513
11.3995 68 34.0397
11.3995 68 34.0397
