11.8523 66 17.2671
11.3963 71 17.3566
12.1574 65 17.4416
11.332 73 17.4988
11.3031 74 17.5728
12.5748 63 17.6173
12.1638 68 17.7474
11.422 75 17.7798
11.2036 79 17.9832
11.7431 75 18.0688
11.3064 79 18.0757
11.5729 77 18.1156
11.3353 81 18.3017
11.1875 84 18.4688
11.0334 89 18.8301
11.0238 91 19.0214
10.9788 93 19.1809
10.8504 100 19.7653
13.1272 100 21.8144
13.7469 106 22.9723
13.4933 137 25.8439
11.9101 124 23.1191
13.4226 76 19.6803
12.4817 98 21.0335
13.4804 79 20.0324
13.1432 73 19.1289
12.0867 116 22.478
12.8542 88 20.3688
13.4355 91 21.1919
13.5992 105 22.7393
12.2376 111 22.1139
11.3834 99 20.1451
13.8915 82 20.7023
13.869 85 20.9821
13.3263 92 21.1936
12.3211 91 20.189
13.1143 121 23.9029
12.9281 72 18.8353
12.9184 110 22.6266
13.4836 83 20.4353
11.9422 81 18.848
13.0437 115 23.2393
12.6904 110 22.4214
11.5986 106 21.0387
13.5607 94 21.6046
11.9454 81 18.8509
12.456 96 20.8104
14.1291 99 22.6162
