11.8523 66 17.2671
11.3963 71 17.3566
12.1574 65 17.4416
11.332 73 17.4988
11.3031 74 17.5728
12.5748 63 17.6173
12.1638 68 17.7474
11.2036 79 17.9832
11.3064 79 18.0757
11.3353 81 18.3017
11.1875 84 18.4688
11.2293 85 18.6064
11.0334 89 18.8301
11.0238 91 19.0214
10.9788 93 19.1809
10.8504 100 19.7653
11.2164 97 19.7948
12.6101 110 22.3491
12.1702 101 21.0532
13.3134 94 21.3821
12.973 98 21.4757
13.7951 106 23.0156
12.4432 83 19.4988
13.9942 109 23.4948
12.7225 78 19.2503
12.4753 137 24.9277
14.6718 74 20.6046
13.1272 111 22.9145
12.4399 95 20.696
12.2954 110 22.0659
12.9634 87 20.3671
13.1689 95 21.352
12.5973 96 20.9376
13.2974 109 22.8676
13.5061 89 21.0555
13.4226 80 20.0803
13.3134 92 21.1821
12.5074 105 21.7566
12.4239 110 22.1815
13.262 90 20.9358
13.3969 89 20.9572
13.3487 91 21.1139
12.9634 114 23.0671
12.106 109 21.7954
12.6904 94 20.8214
13.14 77 19.526
13.1593 88 20.6434
