11.8523 66 17.2671
11.3963 71 17.3566
12.1638 68 17.7474
11.3963 71 17.3566
11.3031 74 17.5728
12.5748 63 17.6173
11.2036 79 17.9832
11.361 80 18.2249
11.361 80 18.2249
11.361 80 18.2249
11.361 80 18.2249
11.65 92 19.685
11.7624 86 19.1861
11.361 80 18.2249
11.361 80 18.2249
11.3963 71 17.3566
11.3963 71 17.3566
11.361 80 18.2249
11.361 80 18.2249
11.361 80 18.2249
11.361 80 18.2249
11.361 80 18.2249
11.3963 71 17.3566
11.6692 103 20.8023
12.5748 63 17.6173
11.361 80 18.2249
11.8523 66 17.2671
11.7399 104 20.9659
11.361 80 18.2249
11.8523 66 17.2671
11.361 80 18.2249
11.3963 71 17.3566
12.1574 65 17.4416
11.361 80 18.2249
11.3353 81 18.3017
11.332 73 17.4988
12.1574 65 17.4416
11.7527 91 19.6775
11.2036 79 17.9832
11.8523 66 17.2671
11.3031 74 17.5728
12.5748 63 17.6173
12.5748 63 17.6173
12.1574 65 17.4416
11.3995 79 18.1595
11.3963 71 17.3566
11.361 80 18.2249
12.1638 68 17.7474
11.65 92 19.685
11.3963 71 17.3566
11.3963 71 17.3566
12.5748 63 17.6173
11.3963 71 17.3566
12.1638 68 17.7474
11.3031 74 17.5728
11.361 80 18.2249
11.6692 103 20.8023
11.361 80 18.2249
11.361 80 18.2249
11.361 80 18.2249
11.361 80 18.2249
11.361 80 18.2249
11.8523 66 17.2671
11.65 92 19.685
12.5748 63 17.6173
11.3031 74 17.5728
11.3963 71 17.3566
11.361 80 18.2249
12.1574 65 17.4416
11.361 80 18.2249
11.361 80 18.2249
11.361 80 18.2249
11.3963 71 17.3566
11.3963 71 17.3566
11.8523 66 17.2671
11.3031 74 17.5728
12.5748 63 17.6173
11.1554 90 19.0399
11.361 80 18.2249
12.5748 63 17.6173
11.8523 66 17.2671
11.361 80 18.2249
11.65 92 19.685
11.3963 71 17.3566
11.772 102 20.7948
11.3031 74 17.5728
11.3995 79 18.1595
11.65 92 19.685
11.8523 66 17.2671
11.361 80 18.2249
11.361 80 18.2249
11.361 80 18.2249
11.3031 74 17.5728
11.361 80 18.2249
11.361 80 18.2249
11.361 80 18.2249
11.3963 71 17.3566
11.3963 71 17.3566
11.3031 74 17.5728
12.5748 63 17.6173
11.4573 98 20.1116
11.3031 74 17.5728
12.5748 63 17.6173
11.3963 71 17.3566
11.361 80 18.2249
11.361 80 18.2249
11.361 80 18.2249
12.1574 65 17.4416
11.3031 74 17.5728
12.5748 63 17.6173
11.361 80 18.2249
11.3031 74 17.5728
11.3963 71 17.3566
11.361 80 18.2249
11.1554 90 19.0399
12.1638 68 17.7474
11.3995 79 18.1595
11.65 92 19.685
12.1638 68 17.7474
11.3963 71 17.3566
11.361 80 18.2249
11.361 80 18.2249
12.1574 65 17.4416
12.1574 65 17.4416
11.361 80 18.2249
11.8523 66 17.2671
11.8523 66 17.2671
11.361 80 18.2249
11.3995 79 18.1595
11.3031 74 17.5728
11.3031 74 17.5728
12.1638 68 17.7474
11.8523 66 17.2671
11.1554 90 19.0399
12.5748 63 17.6173
11.361 80 18.2249
11.3963 71 17.3566
12.1574 65 17.4416
11.361 80 18.2249
11.361 80 18.2249
11.361 80 18.2249
11.3031 74 17.5728
11.8523 66 17.2671
11.361 80 18.2249
11.3963 71 17.3566
11.361 80 18.2249
12.1638 68 17.7474
11.3031 74 17.5728
11.361 80 18.2249
11.3031 74 17.5728
