12.6294 63 37.8147
12.7932 65 38.8966
12.4014 67 39.7007
11.7399 68 39.8699
11.589 69 40.2945
11.3738 71 41.1869
11.5857 71 41.2929
11.3417 73 42.1708
11.4059 74 42.703
11.2421 76 43.6211
11.21 78 44.605
11.1843 83 47.0922
11.2839 84 47.6419
11.1715 91 51.0857
11.2935 95 53.1468
11.0655 100 55.5328
11.1779 105 58.089
11.1683 108 59.5841
11.0302 110 60.5151
11.0527 112 61.5263
11.0173 114 62.5087
10.8825 131 70.9412
12.4881 126 69.2441
12.9024 92 52.4512
13.3776 90 51.6888
12.6615 107 59.8308
13.2492 81 47.1246
11.3513 117 64.1757
12.8927 100 56.4464
13.702 114 63.851
11.9968 94 52.9984
13.2171 74 43.6085
12.7579 98 55.3789
12.1863 81 46.5931
11.6981 90 50.8491
13.3198 89 51.1599
13.1882 92 52.5941
12.5202 95 53.7601
13.4483 89 51.2241
14.9512 71 42.9756
14.614 76 45.307
13.8529 82 47.9265
12.2665 100 56.1333
13.0822 115 64.0411
12.6615 102 57.3308
11.7206 135 73.3603
12.1445 102 57.0723
12.6455 102 57.3227
12.8189 104 58.4094
11.5857 113 62.2929
12.6647 97 54.8324
12.3468 82 47.1734
