12.7579 63 37.8789
11.4669 65 38.2335
11.4155 75 43.2078
11.361 77 44.1805
11.2582 80 45.6291
11.088 85 48.044
11.043 90 50.5215
10.799 97 53.8995
10.7893 105 57.8947
13.2717 96 54.6358
13.1529 86 49.5764
13.7437 102 57.8719
12.7611 108 60.3805
13.596 113 63.298
13.6089 84 48.8044
12.7225 113 62.8613
13.9332 94 53.9666
11.5729 101 56.2864
13.1175 97 55.0588
11.4444 103 57.2222
12.9794 91 51.9897
13.3552 78 45.6776
13.5864 109 61.2932
13.1882 104 58.5941
13.4098 82 47.7049
11.3802 88 49.6901
12.3115 111 61.6557
12.2697 108 60.1349
13.4933 73 43.2466
12.2601 102 57.1301
13.0886 100 56.5443
13.5093 76 44.7547
13.6185 111 62.3092
12.7225 102 57.3613
13.1785 98 55.5893
13.596 111 62.298
12.1092 91 51.5546
12.517 92 52.2585
12.6776 112 62.3388
