12.7579 63 52.9516
11.4669 65 54.2934
12.7482 66 55.3496
11.4444 76 63.0889
11.4412 79 65.4883
11.2582 80 66.2516
11.3545 81 67.0709
11.2582 83 68.6516
11.2935 84 69.4587
11.2486 85 70.2497
11.2293 87 71.8459
11.088 89 73.4176
11.0719 97 79.8144
11.255 100 82.251
11.194 101 83.0388
11.0623 102 83.8125
11.1297 102 83.8259
10.9917 103 84.5983
10.9724 106 86.9945
10.9884 111 90.9977
10.9788 115 94.1958
10.9467 119 97.3893
10.9403 123 100.588
10.9371 129 105.387
10.9306 144 117.386
13.2042 94 77.8409
13.1464 88 73.0293
13.2588 117 96.2518
13.4611 117 96.2922
12.6519 96 79.3304
12.912 90 74.5824
12.8446 98 80.9689
12.3757 88 72.8751
12.1317 102 84.0263
11.3513 119 97.4703
11.9615 98 80.7923
13.2139 139 113.843
14.8548 98 81.371
12.0996 105 86.4199
12.562 123 100.912
14.8934 78 65.3787
11.8812 114 93.5762
12.9827 86 71.3965
13.0597 86 71.4119
13.4322 98 81.0864
11.9261 114 93.5852
12.4978 95 78.4995
13.1978 110 90.6396
12.8927 104 85.7785
13.201 106 87.4402
13.034 108 89.0068
13.4997 88 73.0999
13.1753 105 86.6351
13.2364 99 81.8473
12.6101 116 95.322
