11.1201 97 36.8841
15, 6
3, 2, 4, 12, 11, 13, 14
11, 10, 8, 6, 3, 2, 1
11, 10, 7, 15, 9
8, 6
8, 6, 4, 5
11.0495 100 37.7346
15, 6
3, 2, 4, 12, 11, 13, 14
11, 10, 8, 6, 3, 2, 1
11, 10, 7, 15, 9
6, 15, 7
8, 6, 4, 5
11.666 71 29.4662
15, 6, 4, 5
1, 2, 3, 6, 8, 10
15, 7
9, 15
3, 2
12, 11, 13, 14, 10
11.6275 74 30.3392
15, 6, 4, 5
1, 2, 3, 6, 8, 10
15, 7
9, 15
3, 2, 4
12, 11, 13, 14, 10
11.2967 82 32.5077
13, 10, 8, 6, 3, 2, 1
13, 14
12, 11, 10, 7, 15, 9
3, 2, 4
2, 5
4, 5
11.1747 90 34.8223
4, 5
1, 2
9, 15, 7, 10, 13, 14
1, 2, 3, 6, 8, 10, 11
8, 6, 4
12, 11, 10
12.896 65 28.5272
4, 6, 15, 7, 10, 11, 12
8, 6, 3, 2
11, 13, 14
5, 4
15, 9
2, 1
10.9981 114 41.8987
15, 6
3, 2, 4, 12, 11, 13, 14
11, 10, 8, 6, 3, 2, 1
11, 10, 7, 15, 9
6, 15, 7
8, 6, 4, 5, 2, 1
12.2441 67 28.6708
14, 13, 11
9, 15
5, 4
11, 10, 8, 6, 3
12, 4, 2, 1
4, 6, 15, 7
11.3128 78 31.3189
9, 15, 7
5, 4, 6, 8, 10, 14, 13
8, 15
8, 10
8, 6, 3, 2, 1
12, 11, 10
11.2903 83 32.8032
9, 15, 7
5, 4, 6, 8, 10, 14, 13
8, 15
8, 10, 11
8, 6, 3, 2, 1
12, 11, 10
11.2164 85 33.3515
9, 15, 7, 10
5, 4, 6, 8, 10, 14, 13
8, 15
8, 10
8, 6, 3, 2, 1
12, 11, 10
