12.7579 63 47.9274
11.4669 65 48.9401
12.9313 65 49.3794
12.7482 66 50.0245
11.4444 76 56.6333
11.2582 80 59.3775
11.3545 81 60.1064
11.2486 85 62.8746
11.088 89 65.6264
11.361 95 69.9083
11.0719 97 71.2216
11.0623 102 74.7187
11.0366 103 75.411
11.0206 111 81.0062
11.1073 114 83.1322
10.9467 119 86.584
10.9371 129 93.5811
13.246 98 72.5738
13.8369 87 65.0511
13.763 84 62.9289
13.5286 132 96.4586
12.0963 98 72.2289
11.8459 119 86.8538
13.885 84 62.9655
13.1561 89 66.2468
13.0726 86 64.1218
12.2505 87 64.5751
13.3231 69 52.2969
14.1805 81 60.9541
14.3571 108 79.9071
12.8831 99 73.1649
12.729 108 79.4187
13.5254 112 82.4576
12.2569 97 71.5771
12.3436 113 82.8031
13.6089 78 58.6827
13.8337 120 88.1501
12.1028 129 93.9308
13.1143 126 92.1343
13.3712 91 67.7114
12.8189 101 74.5457
14.3956 87 65.2187
12.9056 99 73.1717
14.0135 125 91.704
12.4528 106 77.9358
12.5042 93 68.8512
12.9666 114 83.69
