12.7579 63 32.8547
11.7881 66 33.4728
12.9313 65 33.7588
11.5601 68 34.136
11.772 68 34.2632
11.5665 71 35.3399
11.5922 71 35.3553
11.7624 71 35.4574
11.5568 73 36.1341
11.3995 74 36.4397
11.3417 75 36.805
11.2871 76 37.1723
11.3128 77 37.5877
11.2775 79 38.3665
11.2742 80 38.7645
11.1651 81 39.099
11.0912 83 39.8547
11.0912 85 40.6547
11.1008 91 43.0605
11.0848 92 43.4509
11.2453 92 43.5472
11.0623 93 43.8374
11.043 97 45.4258
11.1073 114 52.2644
10.982 117 53.3892
10.9467 119 54.168
10.9371 129 58.1622
13.2428 107 50.7457
11.7913 119 54.6748
14.2704 98 47.7622
13.2074 98 47.1245
12.0514 90 43.2308
13.5735 90 44.1441
13.7277 87 43.0366
13.6891 85 42.2135
12.8703 99 47.3222
12.3918 103 48.6351
12.2344 100 47.3407
12.8446 115 53.7067
12.7771 109 51.2663
12.9345 107 50.5607
13.1304 113 53.0782
14.1612 83 41.6967
13.2717 82 40.763
12.4624 102 48.2775
12.0064 133 60.4039
12.061 120 55.2366
12.8478 98 46.9087
13.5093 91 44.5056
12.4785 105 49.4871
12.1445 94 44.8867
13.201 119 55.5206
12.9249 99 47.3549
12.9088 119 55.3453
11.8683 106 49.521
13.5061 95 46.1037
13.1304 76 38.2782
