12.7482 68 23.7986
11, 10
15, 8, 6, 3, 2, 1
5, 4
12, 4, 2
15, 7, 10, 14, 13
8, 15, 9
11.4862 73 23.789
9, 15, 7, 10
5, 4, 6
1, 2, 3, 6, 8, 10
10, 14, 13
12, 4
11, 10
13.0501 63 23.0401
5, 4
12, 11, 13
2, 1
11, 10, 7, 15, 9
13, 14
15, 8, 6, 3, 2, 4
11.21 80 24.968
1, 2, 3, 6, 8, 10
13, 14, 10, 7, 15, 9
10, 11, 12
4, 2
14, 13
5, 4, 6, 8
11.422 74 23.9376
1, 2, 3, 6, 8, 10
13, 14, 10, 7, 15, 9
10, 11, 12
4, 2
14, 13
5, 4
10.9692 88 26.3753
1, 2, 3, 6, 8, 10
13, 14, 10, 7, 15, 9
10, 11, 12
4, 2
14, 13
5, 4, 6, 8, 10
11.2582 76 24.2066
14, 13
7, 10, 11, 12
9, 15, 8, 6, 4, 5
10, 8, 6, 3, 2, 1
8, 15, 7
13, 11
10.9435 98 28.3548
1, 2, 3, 6, 8, 10
13, 14, 10, 7, 15, 9
10, 11, 12
4, 2
14, 13
5, 4, 6, 8, 10, 13
10.921 108 30.3368
1, 2, 3, 6, 8, 10
13, 14, 10, 7, 15, 9
10, 11, 12, 4
4, 2
14, 13
5, 4, 6, 8, 10, 13
10.9146 118 32.3317
13, 14, 10, 8, 6, 4, 5
5, 2, 3, 6, 15, 7
9, 15
6, 8
14, 10, 11, 12, 4
14, 10, 8, 6, 3, 2, 1
10.9017 122 33.1214
13, 14, 10, 8, 6, 4, 5
5, 2, 3, 6, 15, 7
9, 15
6, 8
14, 10, 11, 12, 4, 6
14, 10, 8, 6, 3, 2, 1
11.589 69 23.0712
7, 15, 6
14, 13
10, 8, 6, 4, 5
15, 9
1, 2, 3, 6
14, 10, 11, 12
12.851 64 23.0808
4, 5
4, 6, 8
8, 15, 7, 10, 11
12, 11, 13, 14
15, 9
1, 2, 3, 6
12.7771 67 23.6217
9, 15, 7, 10
15, 8, 6, 4, 5
1, 2, 3, 6
14, 13
14, 10
12, 11, 13
