12.9923 65 44.1969
5, 4
8, 15, 7, 10, 11
1, 2, 3
9, 15
8, 6, 3, 2, 4
14, 13, 11, 12
13.1207 63 43.0483
5, 4
8, 15, 7, 10, 11
1, 2
9, 15
8, 6, 3, 2, 4
14, 13, 11, 12
11.6564 72 47.8626
9, 15, 7
14, 13, 11
5, 4, 6, 8, 15
14, 10, 8, 6, 3, 2, 1
12, 4
14, 13
11.1073 91 59.0429
9, 15, 7, 10, 11, 12
14, 13
5, 4, 6, 8, 15, 7
14, 10, 8, 6, 3, 2, 1
12, 4
14, 13
11.1394 87 56.6558
9, 15, 7, 10, 11, 12
14, 13
5, 4, 6, 8
14, 10, 8, 6, 3, 2, 1
12, 4
14, 13
11.0976 99 63.8391
9, 15, 7, 10, 11, 12
14, 13
5, 4, 6, 8, 15, 7
14, 10, 8, 6, 3, 2, 1
12, 4
13, 10
11.0655 100 64.4262
11, 10, 8, 6, 4, 5
1, 2, 3, 6, 15, 7
14, 13, 10, 7, 15, 9
11, 12
10, 11, 12
11, 13
12.6872 66 44.6749
9, 15, 8, 6, 3, 2, 1
7, 10, 11, 13
13, 14
2, 5
7, 15
12, 4, 5
10.9499 108 69.18
13, 14, 10, 8, 6, 4, 5
5, 2, 3, 6, 15, 7
9, 15
6, 8
14, 10, 11, 12
14, 10, 8, 6, 3, 2, 1
11.4059 74 48.9624
12, 11, 13, 14
11, 10, 8, 6, 4, 5
10, 7, 15, 9
1, 2, 3, 6
2, 3
7, 15
11.2421 76 50.0969
12, 11, 13, 14
11, 10, 8, 6, 4, 5
10, 7, 15, 9
1, 2, 3, 6, 8
2, 3
7, 15
11.21 78 51.284
12, 11, 13, 14
11, 10, 8, 6, 4, 5
10, 7, 15, 9
1, 2, 3, 6, 8
2, 3
7, 15, 8
10.9146 118 75.1658
13, 14, 10, 8, 6, 4, 5
5, 2, 3, 6, 15, 7
9, 15
6, 8
14, 10, 11, 12, 4
14, 10, 8, 6, 3, 2, 1
11.9037 69 46.1615
10, 14
14, 13, 11, 12
7, 15, 6, 3, 2, 1
10, 8, 6
6, 4, 5
15, 9
12.5941 68 45.8376
8, 6
4, 5, 2
9, 15, 7, 10, 11
8, 15
12, 11, 13, 14
8, 6, 3, 2, 1
