12.0193 65 43.8077
11.5215 69 46.0086
11.4894 71 47.1958
11.4862 73 48.3945
11.4444 75 49.5778
11.2518 84 54.9007
11.1843 85 55.4737
11.1779 87 56.6712
11.1201 90 58.448
11.1137 92 59.6455
11.1073 100 64.4429
10.9852 104 66.7941
10.9788 107 68.5915
10.9756 109 69.7902
10.9338 112 71.5735
10.9274 115 73.371
10.9178 120 76.3671
10.8953 125 79.3581
10.8889 137 86.5556
10.8793 145 91.3517
13.4355 116 74.9742
13.1914 92 60.4766
12.2505 104 67.3002
13.3359 91 59.9344
12.8349 113 72.934
12.2152 89 58.2861
15.2691 122 79.3076
12.8478 115 74.1391
13.6153 80 53.4461
12.411 96 62.5644
12.9473 89 58.5789
13.4611 73 49.1845
11.7463 115 73.6985
12.2312 78 51.6925
13.7213 91 60.0885
12.3019 119 76.3207
11.2486 142 89.6994
13.7245 100 65.4898
13.5543 97 63.6217
12.8028 105 68.1211
13.4419 85 56.3768
13.2524 79 52.701
13.4868 83 55.1947
12.7611 93 60.9044
11.894 145 91.7576
13.7277 99 64.8911
11.9037 112 71.9615
11.377 110 70.5508
12.8028 108 69.9211
13.4033 96 62.9613
