12.7547 63 22.8037
11.5954 68 22.8763
11.6114 68 22.8891
12.6744 65 23.1395
11.4477 70 23.1581
11.499 70 23.1992
12.6198 66 23.2958
12.9281 65 23.3425
11.3353 72 23.4682
11.4091 72 23.5273
11.3899 73 23.7119
11.2967 74 23.8374
11.2775 75 24.022
11.332 75 24.0656
11.2197 77 24.3757
11.2935 77 24.4348
11.1908 78 24.5526
11.1811 79 24.7449
11.0784 80 24.8627
11.1329 81 25.1064
11.0398 82 25.2319
11.0206 83 25.4164
11.0944 83 25.4755
10.9627 85 25.7702
11.0591 85 25.8473
10.9242 87 26.1394
10.9595 104 29.5676
10.9274 106 29.9419
10.921 108 30.3368
10.9082 109 30.5265
10.8889 110 30.7111
10.9017 111 30.9214
10.8696 113 31.2957
10.8664 115 31.6931
10.9049 116 31.924
10.8568 117 32.0854
10.8793 121 32.9034
10.8343 122 33.0674
10.8825 125 33.706
10.815 127 34.052
10.7926 132 35.034
10.7701 158 40.2161
12.7322 100 30.1857
12.4367 102 30.3494
11.8137 102 29.851
12.1156 131 35.8925
13.3809 95 29.7047
11.7431 71 23.5945
12.8606 113 32.8885
14.5498 84 28.4398
13.1529 91 28.7223
13.3552 102 31.0841
12.5812 102 30.465
12.2665 122 34.2132
14.3635 93 30.0908
13.3359 71 24.8687
12.2408 107 31.1927
13.4836 89 28.5869
13.0212 120 34.417
13.3584 119 34.4867
11.4637 106 30.371
14.5466 81 27.8373
13.5286 106 32.0229
13.3905 103 31.3124
12.9827 127 35.7861
12.6904 104 30.9523
13.2107 90 28.5685
12.0417 100 29.6334
14.4695 113 34.1756
14.0103 100 31.2082
11.939 107 30.9512
11.8041 93 28.0433
