12.7579 63 42.9031
11.4669 65 43.5868
12.9313 65 44.1725
12.896 66 44.7584
12.4175 67 45.167
11.3995 71 47.1598
11.3256 75 49.5303
11.6724 77 50.869
11.5536 79 52.0215
11.2582 80 52.5033
11.3545 81 53.1418
11.2582 83 54.3033
11.2486 85 55.4994
11.3385 85 55.5354
11.2197 88 57.2879
11.088 89 57.8352
10.799 97 62.5196
10.7893 105 67.3157
11.1458 108 69.2583
11.1554 108 69.2622
10.9017 111 70.9607
11.0655 113 72.2262
11.0527 115 73.4211
10.9178 116 73.9671
11.0302 116 74.0121
10.9435 118 75.1774
10.9692 118 75.1877
10.8793 121 76.9517
10.8921 121 76.9568
10.7861 132 83.5145
10.7829 137 86.5132
10.7701 158 99.108
13.0116 80 53.2046
12.3083 123 78.7233
13.1464 104 67.6586
14.1034 76 51.2414
12.6969 106 68.6787
12.3243 103 66.7297
11.6724 121 77.269
13.7213 77 51.6885
12.5395 131 83.6158
13.5992 88 58.2397
14.2929 96 63.3172
13.4868 135 86.3947
14.492 99 65.1968
12.9505 95 62.1802
12.896 91 59.7584
12.3147 103 66.7259
12.0161 92 60.0064
11.6179 84 55.0471
13.6538 85 56.4615
13.2877 124 79.7151
13.2974 86 56.9189
12.9923 97 63.3969
13.3006 103 67.1202
12.6551 99 64.462
12.1445 110 70.8578
13.4451 80 53.378
12.5684 134 85.4274
13.9139 116 75.1656
12.0096 101 65.4039
12.456 117 75.1824
