11.2453 76 43.6227
14, 13
5, 4, 2
9, 15, 7, 10, 11, 12
11, 10, 8, 6, 3, 2, 1
11, 13
7, 15
11.1265 79 45.0633
14, 13
5, 4, 2
9, 15, 7, 10, 11, 12
11, 10, 8, 6, 3, 2, 1
11, 13
7, 15, 6
10.8664 107 58.9332
2, 3, 6, 15, 7
7, 10, 14
4, 12, 11, 13
10, 8, 6, 3, 2, 1
11, 10, 8, 6, 4, 5
6, 15, 9
12.0193 65 38.5096
7, 15
1, 2, 4, 5
2, 3, 6, 8, 10
14, 13, 11
6, 15, 9
10, 11, 12
11.1137 101 56.0568
1, 2, 3, 6, 8
1, 2, 5
14, 13
14, 10, 7, 15, 9
10, 11, 12
14, 13, 10, 8, 6, 4, 5
10.9499 103 56.975
1, 2, 3, 6, 8, 10
1, 2
14, 13
14, 10, 7, 15, 9
10, 11, 12
14, 13, 10, 8, 6, 4, 5
10.8439 128 69.422
12, 4, 6, 15, 7, 10, 13
12, 11, 10, 8, 6
2, 5, 4, 6, 8, 10
14, 10, 8, 6, 3, 2, 1
7, 15, 9
3, 2
10.8311 131 70.9155
12, 4, 6, 15, 7, 10, 13
12, 11, 10, 8, 6, 3
2, 5, 4, 6, 8, 10
14, 10, 8, 6, 3, 2, 1
7, 15, 9
3, 2
11.5022 74 42.7511
3, 2
10, 7
7, 15, 9
12, 4, 5
8, 6, 3, 2, 1
4, 6, 8, 10, 11, 13, 14
10.8182 133 71.9091
12, 4, 6, 15, 7, 10, 13
12, 11, 10, 8, 6, 3, 2
2, 5, 4, 6, 8, 10
14, 10, 8, 6, 3, 2, 1
7, 15, 9
3, 2
13.1561 63 38.078
13, 14
13, 11, 10, 7, 15
15, 9
15, 8, 6, 3, 2, 4
5, 4, 12
2, 1
11.5472 70 40.7736
14, 13
9, 15, 6
12, 4, 5, 2
1, 2, 3, 6, 8, 10, 11
15, 7
14, 13, 11
11.5119 72 41.7559
14, 13, 10, 11, 12
10, 8, 6, 3, 2, 1
6, 15, 7
9, 15
7, 15
5, 4, 2
