12.5748 63 27.7024
12.1638 68 28.9146
11.6596 68 28.5617
11.6114 72 29.728
11.4477 73 29.9134
11.4477 75 30.5134
11.2614 79 31.583
11.2004 85 33.3403
11.2004 85 33.3403
11.2004 85 33.3403
11.2004 85 33.3403
11.4798 85 33.5358
11.4798 85 33.5358
11.2967 99 37.6077
11.2004 85 33.3403
11.2004 85 33.3403
11.2004 85 33.3403
11.711 71 29.4977
11.4477 75 30.5134
11.4798 85 33.5358
11.2004 85 33.3403
11.4477 75 30.5134
11.6114 72 29.728
11.7013 86 33.9909
12.5748 63 27.7024
11.6596 68 28.5617
11.4798 85 33.5358
11.6179 75 30.6325
11.4798 85 33.5358
11.6532 88 34.5572
11.6114 72 29.728
11.2967 99 37.6077
12.1574 65 28.0101
11.2614 79 31.583
12.5748 63 27.7024
11.6179 78 31.5325
11.4477 73 29.9134
12.1574 65 28.0101
11.2614 79 31.583
11.4798 85 33.5358
11.4798 85 33.5358
11.4798 85 33.5358
11.6114 72 29.728
12.1638 68 28.9146
12.5748 63 27.7024
11.4316 87 34.1021
11.2004 85 33.3403
11.2004 85 33.3403
11.2967 99 37.6077
11.4798 85 33.5358
11.2614 79 31.583
11.2614 79 31.583
11.6179 78 31.5325
11.2004 85 33.3403
11.4477 73 29.9134
12.1638 68 28.9146
11.2004 85 33.3403
11.2967 99 37.6077
11.6435 75 30.6505
11.4477 75 30.5134
11.4798 85 33.5358
11.4477 75 30.5134
11.4477 75 30.5134
11.2004 85 33.3403
11.2004 85 33.3403
11.6596 68 28.5617
12.5748 63 27.7024
11.4798 85 33.5358
12.1638 68 28.9146
11.2614 79 31.583
11.2004 85 33.3403
11.2967 99 37.6077
11.6596 68 28.5617
11.4798 85 33.5358
12.5748 63 27.7024
11.6114 72 29.728
11.2004 85 33.3403
11.2004 85 33.3403
11.4798 85 33.5358
11.2004 85 33.3403
11.2614 79 31.583
12.1638 68 28.9146
11.2967 99 37.6077
11.2004 85 33.3403
11.2004 85 33.3403
12.1638 68 28.9146
11.2614 79 31.583
12.1574 65 28.0101
11.1522 95 36.3066
11.2004 85 33.3403
11.2614 79 31.583
11.2004 85 33.3403
11.2967 99 37.6077
11.2004 85 33.3403
11.4477 73 29.9134
11.2004 85 33.3403
11.2004 85 33.3403
11.4477 75 30.5134
11.2614 79 31.583
11.2004 85 33.3403
11.2004 85 33.3403
12.5748 63 27.7024
11.2614 79 31.583
11.2004 85 33.3403
11.4798 85 33.5358
11.4573 81 32.3201
11.4798 85 33.5358
11.2614 79 31.583
11.2004 85 33.3403
11.2004 85 33.3403
11.4798 85 33.5358
12.5748 63 27.7024
11.2004 85 33.3403
11.2004 85 33.3403
11.4477 75 30.5134
12.1574 65 28.0101
11.2004 85 33.3403
11.4798 85 33.5358
12.1574 65 28.0101
11.2004 85 33.3403
11.4477 73 29.9134
11.4477 73 29.9134
12.1574 65 28.0101
11.6596 68 28.5617
11.4798 85 33.5358
11.4477 75 30.5134
11.2004 85 33.3403
11.4477 75 30.5134
11.2004 85 33.3403
11.2967 99 37.6077
11.4798 85 33.5358
11.2967 99 37.6077
11.2967 99 37.6077
11.4477 75 30.5134
11.2004 85 33.3403
11.2004 85 33.3403
11.2004 85 33.3403
11.2614 79 31.583
12.5748 63 27.7024
11.6114 72 29.728
11.4798 85 33.5358
11.7013 86 33.9909
11.6114 72 29.728
11.2004 85 33.3403
11.4477 73 29.9134
11.2004 85 33.3403
11.2614 79 31.583
12.5748 63 27.7024
11.4477 75 30.5134
11.2004 85 33.3403
