12.1574 65 49.1472
11.5665 66 49.6699
12.1638 68 51.2491
11.5279 72 53.8584
11.3031 74 55.1909
11.2518 76 56.5755
11.2036 79 58.6611
11.1522 83 61.4457
11.1362 90 66.3409
11.2261 93 68.4678
11.1265 95 69.838
11.1651 95 69.8495
11.0751 98 71.9225
11.0366 100 73.311
10.9756 101 73.9927
10.9499 103 75.385
10.9403 108 78.8821
10.921 113 82.3763
11.0784 113 82.4235
10.9049 118 85.8715
11.1137 118 85.9341
11.1329 118 85.9399
11.0751 121 88.0225
11.1201 121 88.036
11.1329 122 88.7399
10.8664 124 90.0599
10.8439 128 92.8532
10.8311 131 94.9493
10.8182 133 96.3455
10.8054 134 97.0416
10.7765 147 106.133
11.7174 99 72.8152
12.6134 117 85.684
11.7303 119 86.8191
13.2299 116 85.169
13.4676 108 79.6403
12.5652 128 93.3696
12.9152 123 89.9746
12.6262 104 76.5879
12.0963 120 87.6289
13.8497 109 80.4549
12.8189 113 82.9457
12.7258 92 68.2177
13.8208 91 67.8462
13.3552 106 78.2066
13.3873 88 65.6162
13.8626 76 57.3588
13.079 133 97.0237
13.7148 99 73.4144
13.2396 122 89.3719
13.5832 119 87.3749
12.9152 114 83.6746
12.896 111 81.5688
13.6089 94 69.8827
11.3931 142 102.818
12.3211 122 89.0963
14.1933 82 61.658
12.1188 95 70.1356
12.5106 80 59.7532
14.4952 78 58.9486
13.2909 91 67.6873
