11.0398 82 25.2319
10.9242 87 26.1394
11.4477 70 23.1581
11.1908 78 24.5526
11.3353 72 23.4682
11.2967 74 23.8374
11.0784 80 24.8627
11.2197 77 24.3757
11.0206 83 25.4164
11.2775 75 24.022
10.9627 85 25.7702
11.1811 79 24.7449
12.7547 63 22.8037
10.9082 109 30.5265
10.921 108 30.3368
12.6744 65 23.1395
10.8889 110 30.7111
10.8568 117 32.0854
10.8696 113 31.2957
10.8343 122 33.0674
10.8664 115 31.6931
10.815 127 34.052
11.5954 68 22.8763
10.7926 132 35.034
12.6198 66 23.2958
10.8471 118 32.2777
12.5941 67 23.4753
