12.1638 64 22.531
11.6885 66 22.5508
11.6179 69 23.0943
11.8812 69 23.3049
11.4252 72 23.5401
11.5504 72 23.6403
11.7463 72 23.797
11.4252 74 23.9401
11.5761 74 24.0609
11.3931 76 24.3145
11.4573 76 24.3658
11.3899 77 24.5119
11.2871 78 24.6297
11.3738 78 24.699
11.3931 78 24.7145
11.4444 78 24.7556
11.2582 80 25.0066
11.2935 80 25.0348
11.4027 80 25.1222
11.1233 82 25.2987
11.422 81 25.3376
11.0944 84 25.6755
11.4027 84 25.9222
11.2164 85 25.9732
11.2582 85 26.0066
11.0366 86 26.0293
11.1233 86 26.0987
11.2614 86 26.2091
11.0366 88 26.4293
11.2903 87 26.4322
11.194 88 26.5552
11.2486 88 26.5988
11.3031 88 26.6425
10.8728 90 26.6983
11.0013 91 27.001
11.2807 91 27.2245
11.0912 93 27.473
11.2614 93 27.6091
11.0462 94 27.637
10.8375 95 27.67
11.255 95 28.004
11.2518 96 28.2014
10.8343 102 29.0674
11.0912 102 29.273
10.8054 105 29.6443
10.8022 118 32.2417
13.2556 82 27.0045
13.4066 91 28.9252
12.1445 100 29.7156
13.0822 107 31.8658
12.4207 124 34.7365
12.9409 113 32.9527
13.2845 112 33.0276
12.2697 127 35.2158
14.1066 118 34.8853
12.6936 94 28.9549
14.5177 82 28.0141
12.851 108 31.8808
13.2942 108 32.2353
13.8754 77 26.5003
11.8555 117 32.8844
12.7386 105 31.1909
11.7784 123 34.0227
12.7033 100 30.1626
12.106 94 28.4848
11.7784 104 30.2227
12.8638 123 34.8911
11.9229 87 26.9383
12.0931 108 31.2745
12.2119 88 27.3696
11.7688 104 30.215
13.4965 99 30.5972
12.5042 104 30.8033
12.3115 107 31.2492
12.5138 90 28.011
12.4271 88 27.5417
