13.3295 63 53.0659
12.1638 64 53.6328
11.605 75 62.321
11.4862 69 57.4972
11.3931 74 61.4786
11.3931 74 61.4786
11.4444 74 61.4889
11.2742 83 68.6549
11.6853 74 61.5371
11.2261 84 69.4452
11.3706 86 71.0741
11.7559 89 73.5512
11.4766 76 63.0953
11.1618 92 75.8324
11.1329 94 77.4266
10.921 100 82.1842
11.1329 94 77.4266
11.3417 92 75.8683
11.1426 104 85.4285
11.2742 83 68.6549
11.3674 84 69.4735
11.4926 72 59.8985
11.4862 69 57.4972
11.0976 105 86.2195
11.3674 84 69.4735
11.1329 94 77.4266
11.2261 84 69.4452
11.7013 92 75.9403
11.3931 74 61.4786
11.2742 83 68.6549
11.255 90 74.251
12.1638 64 53.6328
11.4862 69 57.4972
11.1201 89 73.424
11.6853 74 61.5371
13.3295 63 53.0659
11.255 90 74.251
11.3931 74 61.4786
11.2742 83 68.6549
11.2999 113 92.66
10.9306 110 90.1861
12.1638 64 53.6328
11.2742 83 68.6549
11.1329 94 77.4266
11.255 90 74.251
11.0816 117 95.8163
12.1638 64 53.6328
11.4444 74 61.4889
11.6853 74 61.5371
11.1105 107 87.8221
11.3706 86 71.0741
11.3417 92 75.8683
13.3295 63 53.0659
11.7559 89 73.5512
11.3417 92 75.8683
11.3674 84 69.4735
11.4766 76 63.0953
11.4444 74 61.4889
11.4444 74 61.4889
11.4766 76 63.0953
11.255 90 74.251
11.1329 94 77.4266
11.255 90 74.251
11.3417 92 75.8683
11.3931 74 61.4786
11.4862 69 57.4972
11.7559 89 73.5512
11.255 90 74.251
11.3931 74 61.4786
11.0784 107 87.8157
11.3706 86 71.0741
11.3931 74 61.4786
10.9114 102 83.7823
11.6082 70 58.3216
12.1638 64 53.6328
11.1201 89 73.424
11.1329 94 77.4266
10.921 110 90.1842
11.1554 104 85.4311
11.4926 72 59.8985
11.255 90 74.251
11.3706 86 71.0741
12.1638 64 53.6328
11.316 89 73.4632
11.3931 74 61.4786
11.3417 92 75.8683
11.3931 74 61.4786
11.3417 92 75.8683
12.1638 64 53.6328
11.6853 74 61.5371
11.3931 74 61.4786
11.4766 76 63.0953
11.4444 74 61.4889
11.1618 92 75.8324
11.3931 74 61.4786
11.3706 86 71.0741
10.9114 112 91.7823
11.316 89 73.4632
11.3931 74 61.4786
12.1638 64 53.6328
11.7559 89 73.5512
13.3295 63 53.0659
11.3931 74 61.4786
11.6853 74 61.5371
11.0976 107 87.8195
11.4862 69 57.4972
12.1638 64 53.6328
11.3706 86 71.0741
11.4926 72 59.8985
11.1329 94 77.4266
11.3417 92 75.8683
11.3192 120 98.2638
11.3931 74 61.4786
11.1329 94 77.4266
11.7559 89 73.5512
11.2742 83 68.6549
11.6853 74 61.5371
11.1618 92 75.8324
11.9037 101 83.1807
11.2742 83 68.6549
11.6082 70 58.3216
12.1638 64 53.6328
13.3295 63 53.0659
11.4444 74 61.4889
11.1329 94 77.4266
11.3931 74 61.4786
11.3417 92 75.8683
11.3674 84 69.4735
11.3417 92 75.8683
13.3295 63 53.0659
11.255 90 74.251
11.4766 76 63.0953
11.3417 92 75.8683
11.2004 93 76.6401
11.3417 92 75.8683
11.4123 86 71.0825
11.1329 94 77.4266
11.316 89 73.4632
11.4444 74 61.4889
10.9114 102 83.7823
11.255 90 74.251
13.3295 63 53.0659
11.3674 84 69.4735
11.316 89 73.4632
11.7559 89 73.5512
11.3931 74 61.4786
11.4862 69 57.4972
12.1638 64 53.6328
11.3417 92 75.8683
11.1105 105 86.2221
