13.5767 63 38.2884
12.562 66 39.281
11.7752 68 39.8876
11.7206 69 40.3603
11.7142 72 41.8571
11.4637 73 42.2319
11.377 74 42.6885
11.2935 75 43.1468
11.2839 77 44.1419
11.255 81 46.1275
11.194 84 47.597
11.2164 84 47.6082
11.1779 87 49.089
11.1329 88 49.5665
11.0944 91 51.0472
11.0045 95 53.0022
11.1201 95 53.0601
11.1201 105 58.0601
10.9435 106 58.4717
11.1201 107 59.0601
10.9499 108 59.475
10.9403 110 60.4701
10.9499 110 60.475
10.9178 114 62.4589
10.9082 116 63.4541
10.9595 116 63.4798
10.8568 129 69.9284
12.9345 94 53.4672
11.8587 116 63.9294
12.957 95 53.9785
13.0565 103 58.0283
12.6101 90 51.3051
12.4239 120 66.2119
12.3019 95 53.6509
12.0578 105 58.5289
11.5729 116 63.7864
12.7097 95 53.8549
12.0642 80 46.0321
11.894 142 76.947
12.4335 126 69.2168
13.3391 108 60.6696
12.7643 118 65.3821
12.4817 105 58.7408
13.8754 78 45.9377
12.973 93 52.9865
13.2428 102 57.6214
12.3308 93 52.6654
13.5157 86 49.7579
13.0565 94 53.5283
12.8414 115 63.9207
12.912 109 60.956
11.9422 118 64.9711
12.9056 80 46.4528
12.5491 96 54.2746
12.2184 94 53.1092
12.5267 106 59.2633
12.3115 87 49.6557
