12.1638 64 43.2655
11.9133 70 46.7653
11.6949 71 47.278
11.5022 73 48.4009
11.5022 73 48.4009
11.5022 73 48.4009
11.4926 75 49.597
11.4027 86 56.1611
11.0687 94 60.8275
11.3353 85 55.5341
11.2486 87 56.6994
11.3353 85 55.5341
11.5022 73 48.4009
11.6949 71 47.278
11.3353 85 55.5341
11.3353 85 55.5341
11.5022 73 48.4009
11.5022 73 48.4009
11.817 83 54.5268
11.3353 85 55.5341
12.1638 64 43.2655
11.2486 87 56.6994
11.5022 73 48.4009
11.2935 75 49.5174
11.5022 73 48.4009
11.0687 94 60.8275
11.5022 73 48.4009
11.0687 94 60.8275
11.6949 71 47.278
11.5022 73 48.4009
11.0687 94 60.8275
11.3353 85 55.5341
11.5022 73 48.4009
11.3353 85 55.5341
11.4926 75 49.597
11.4027 84 54.9611
12.1638 64 43.2655
11.9133 70 46.7653
11.2935 75 49.5174
12.1638 64 43.2655
11.3353 85 55.5341
11.4123 95 61.5649
11.0687 94 60.8275
11.0687 94 60.8275
11.3353 85 55.5341
11.3353 85 55.5341
11.3353 85 55.5341
11.5022 73 48.4009
11.5022 73 48.4009
11.2935 75 49.5174
11.4123 92 59.7649
11.5022 73 48.4009
11.0687 94 60.8275
11.3353 85 55.5341
11.0687 94 60.8275
11.5022 73 48.4009
11.3353 85 55.5341
11.5022 73 48.4009
11.3353 85 55.5341
11.5022 73 48.4009
12.1638 64 43.2655
11.3353 85 55.5341
11.5022 73 48.4009
11.5022 73 48.4009
11.3353 85 55.5341
11.6949 71 47.278
11.5022 73 48.4009
11.5022 73 48.4009
11.5022 73 48.4009
12.1638 64 43.2655
11.0687 94 60.8275
11.5022 73 48.4009
11.4123 92 59.7649
11.0687 94 60.8275
11.4123 95 61.5649
11.0687 94 60.8275
11.4926 75 49.597
11.5022 73 48.4009
12.1638 64 43.2655
11.3353 85 55.5341
11.8683 67 44.9473
11.4027 87 56.7611
11.5022 73 48.4009
11.3353 85 55.5341
11.3353 85 55.5341
11.5022 73 48.4009
11.5022 73 48.4009
11.3353 85 55.5341
11.0687 94 60.8275
11.5022 73 48.4009
11.5022 73 48.4009
11.8683 67 44.9473
11.4027 84 54.9611
11.3353 85 55.5341
11.2935 75 49.5174
11.3353 85 55.5341
11.8683 67 44.9473
11.9133 70 46.7653
11.2935 75 49.5174
11.0687 94 60.8275
11.8683 73 48.5473
11.9133 70 46.7653
11.817 83 54.5268
11.0687 94 60.8275
11.9133 70 46.7653
11.6949 71 47.278
11.5022 73 48.4009
11.1747 91 59.0699
11.3353 85 55.5341
11.5022 73 48.4009
11.0687 94 60.8275
12.1638 64 43.2655
11.5022 73 48.4009
12.1638 64 43.2655
11.8683 73 48.5473
11.5022 73 48.4009
11.2935 75 49.5174
11.5022 73 48.4009
11.4123 95 61.5649
11.4926 75 49.597
11.9133 70 46.7653
11.5022 73 48.4009
11.3353 85 55.5341
11.0687 94 60.8275
11.5022 73 48.4009
11.5022 73 48.4009
11.3353 85 55.5341
11.0687 94 60.8275
11.2935 75 49.5174
11.5022 73 48.4009
11.2935 75 49.5174
11.5022 73 48.4009
11.5022 73 48.4009
12.1638 64 43.2655
11.5022 73 48.4009
11.4123 92 59.7649
11.5022 73 48.4009
11.3353 85 55.5341
11.5022 73 48.4009
11.2935 75 49.5174
11.4027 82 53.7611
11.5022 73 48.4009
11.5022 73 48.4009
11.8683 73 48.5473
11.5022 73 48.4009
11.3353 85 55.5341
11.5022 73 48.4009
12.1638 64 43.2655
11.2935 75 49.5174
12.1638 64 43.2655
