12.1638 64 27.7146
5, 4, 2, 3, 6, 8, 10
14, 13, 11, 12
8, 15, 7
1, 2
11, 10
9, 15
11.5922 74 30.3145
10, 8, 6, 4, 5
13, 11, 12
15, 7
3, 2
10, 13, 14
9, 15, 8, 6, 3, 2, 1
11.4637 78 31.4246
7, 15, 9
1, 2, 3, 6, 8, 10, 11
11, 12, 4, 5
8, 6
11, 13, 14
10, 7
11.1169 81 32.0818
14, 13
15, 6
13, 10, 8, 6, 4, 5
9, 15, 7
4, 12
11, 10, 8, 6, 3, 2, 1
11.0238 88 34.1166
14, 13
15, 6
13, 10, 8, 6, 4, 5
9, 15, 7, 10
4, 12
11, 10, 8, 6, 3, 2, 1
10.9788 98 37.0852
14, 13
15, 6
13, 10, 8, 6, 4, 5
9, 15, 7, 10
4, 12, 11
11, 10, 8, 6, 3, 2, 1
11.6082 68 28.5258
15, 7
12, 11, 13, 14
11, 10, 8, 6, 4, 5
1, 2, 3, 6
3, 6
8, 15, 9
11.5087 75 30.5561
15, 7, 10
12, 11, 13, 14
11, 10, 8, 6, 4, 5
1, 2, 3, 6
3, 6
8, 15, 9
11.955 65 27.8685
15, 7
12, 11, 13, 14
11, 10, 8, 6, 4, 5
1, 2, 3
3, 6
8, 15, 9
11.499 76 30.8493
1, 2, 3, 6, 8, 10
10, 11, 12
3, 2, 4
5, 4
15, 7, 10, 13, 14
9, 15
12.668 63 27.7676
5, 4, 2
1, 2, 3, 6, 8, 15
9, 15, 7, 10
14, 13, 11
10, 11
11, 12
11.4284 80 31.9999
1, 2, 3, 6, 8, 10
14, 13, 11
6, 4
1, 2, 5
10, 7, 15, 9
12, 11, 10
11.0077 90 34.7054
13, 14
10, 11
10, 7, 15, 9
11, 12
11, 10, 8, 6, 3, 2, 1
13, 10, 8, 6, 4, 5
10.8471 100 37.593
13, 14
10, 11, 12
10, 7, 15, 9
11, 12
11, 10, 8, 6, 3, 2, 1
13, 10, 8, 6, 4, 5
