12.5523 65 33.5314
12.4432 66 33.8659
11.955 68 34.373
11.6564 69 34.5938
11.6532 71 35.3919
11.3834 72 35.6301
11.3513 74 36.4108
11.3096 76 37.1857
11.2132 87 41.5279
11.0623 88 41.8374
11.0045 98 45.8027
10.9756 108 49.7854
10.9435 114 52.1661
10.9371 120 54.5622
10.9274 125 56.5565
10.921 143 63.7526
14.5723 116 55.1434
13.3776 108 51.2266
11.6211 119 54.5726
12.896 91 44.1376
12.8092 95 45.6856
13.3423 123 57.2054
13.0662 96 46.2397
13.1336 102 48.6802
12.5748 125 57.5449
12.5812 106 49.9487
13.5478 101 48.5287
12.9152 101 48.1491
13.246 93 45.1476
11.5087 120 54.9052
12.9152 82 40.5491
13.824 95 46.2944
11.833 97 45.8998
13.3423 107 50.8054
13.0373 131 60.2224
12.9088 111 52.1453
13.4387 87 42.8632
14.3635 128 59.8181
12.0385 112 52.0231
11.5857 95 44.9514
12.2954 102 48.1773
12.3436 84 41.0062
12.6166 90 43.5699
11.6949 94 44.617
13.1432 102 48.6859
13.1785 110 51.9071
