12.1638 64 22.531
11.8812 69 23.3049
11.6114 77 24.6891
11.4348 80 25.1479
11.3931 76 24.3145
11.5601 80 25.248
11.4573 76 24.3658
11.5761 74 24.0609
11.3031 88 26.6425
11.7463 74 24.197
11.8715 73 24.0972
11.4573 76 24.3658
11.0366 88 26.4293
11.422 81 25.3376
11.2518 96 28.2014
11.5729 83 25.8583
11.8715 75 24.4972
11.7463 72 23.797
11.8137 96 28.651
11.4348 80 25.1479
11.4252 72 23.5401
11.2582 85 26.0066
11.7078 88 26.9662
11.377 93 27.7016
11.7463 72 23.797
11.2614 93 27.6091
12.1349 94 28.5079
11.6885 66 22.5508
11.6179 69 23.0943
11.2614 86 26.2091
11.5601 80 25.248
11.5504 82 25.6403
11.194 88 26.5552
11.4027 84 25.9222
11.1233 86 26.0987
11.2871 78 24.6297
12.1638 64 22.531
11.5504 72 23.6403
11.5601 80 25.248
11.544 83 25.8352
11.5408 90 27.2326
12.4303 74 24.7443
11.3931 76 24.3145
11.4573 76 24.3658
12.5845 80 26.0676
12.1638 64 22.531
11.0013 91 27.001
12.1638 64 22.531
11.4669 84 25.9735
11.5761 74 24.0609
11.5601 80 25.248
12.1606 80 25.7285
11.3031 88 26.6425
11.4348 80 25.1479
11.3031 88 26.6425
11.6179 69 23.0943
11.4027 84 25.9222
12.411 82 26.3288
11.4252 74 23.9401
12.4303 74 24.7443
11.4573 76 24.3658
11.5761 74 24.0609
11.6885 66 22.5508
11.4252 72 23.5401
11.5151 87 26.6121
11.6885 66 22.5508
12.1638 64 22.531
11.2871 78 24.6297
11.4669 84 25.9735
11.5601 80 25.248
11.7142 83 25.9714
11.4348 80 25.1479
11.3995 87 26.5196
11.2614 86 26.2091
12.1606 80 25.7285
11.3931 78 24.7145
11.4091 96 28.3273
11.7463 72 23.797
11.5504 72 23.6403
11.5504 72 23.6403
11.7463 74 24.197
11.4123 88 26.7299
11.0944 84 25.6755
11.6114 77 24.6891
11.0912 102 29.273
11.7463 72 23.797
11.3931 76 24.3145
11.3931 76 24.3145
11.3931 78 24.7145
11.7463 74 24.197
11.2614 86 26.2091
11.3738 78 24.699
11.2164 85 25.9732
12.1606 80 25.7285
11.6885 66 22.5508
11.2807 91 27.2245
12.4303 84 26.7443
11.8812 69 23.3049
11.7078 77 24.7662
11.4027 84 25.9222
11.4573 76 24.3658
11.6179 69 23.0943
11.7463 74 24.197
11.3931 78 24.7145
12.1638 64 22.531
11.4348 80 25.1479
11.3031 88 26.6425
11.255 95 28.004
11.4027 80 25.1222
11.5729 81 25.4583
11.3931 78 24.7145
11.5504 72 23.6403
11.4573 76 24.3658
11.6114 77 24.6891
11.7463 74 24.197
12.3661 86 27.0929
11.8715 75 24.4972
11.8362 78 25.069
11.0462 94 27.637
11.2486 88 26.5988
11.4348 80 25.1479
12.4689 72 24.3751
11.0366 88 26.4293
11.4348 80 25.1479
11.4348 80 25.1479
11.5761 74 24.0609
11.0912 93 27.473
12.1638 64 22.531
11.2871 78 24.6297
11.2935 80 25.0348
11.4027 84 25.9222
11.3931 76 24.3145
11.4123 88 26.7299
11.5761 74 24.0609
11.5761 74 24.0609
11.4444 78 24.7556
11.2903 87 26.4322
11.8812 69 23.3049
11.6146 76 24.4917
12.4303 84 26.7443
11.4348 94 27.9478
11.711 77 24.7688
11.6114 77 24.6891
11.8715 73 24.0972
12.1638 64 22.531
11.4766 81 25.3812
11.5761 74 24.0609
11.4573 76 24.3658
11.7463 72 23.797
12.4303 74 24.7443
