11.1747 89 34.5223
1, 2
9, 15, 7, 10, 11, 12
10, 14, 13
10, 8, 6, 4, 5
1, 2, 3, 6, 15, 7
4, 2
11.4027 84 33.1819
1, 2
9, 15, 7, 10, 11, 12
10, 14, 13
10, 8, 6, 4, 5
1, 2, 3, 6
4, 2
12.1638 64 27.7146
5, 4, 2, 3, 6, 8, 10
14, 13, 11, 12
8, 15, 7
1, 2
11, 10
9, 15
12.1252 67 28.5877
5, 4, 2, 3, 6, 8, 10
14, 13, 11, 12
8, 15, 7
1, 2
11, 10
9, 15, 6
11.4252 81 32.2976
13, 11, 12
9, 15, 7, 10
10, 14
6, 4
13, 10, 8, 6, 3, 2, 1
5, 4
11.878 71 29.6146
7, 15
5, 2
1, 2, 3, 6, 8, 10
8, 15, 9
12, 4, 2
12, 11, 13, 14
11.0495 106 39.5346
9, 15, 7, 10
13, 11, 12, 4
14, 10, 8, 6, 3, 2, 1
10, 7
10, 8, 6, 4, 5
9, 15
11.6243 72 29.737
10, 8, 6, 4, 5
13, 11, 12
15, 7
3, 2
13, 14, 10
9, 15, 8, 6, 3, 2, 1
11.5922 74 30.3145
10, 8, 6, 4, 5
13, 11, 12
15, 7
3, 2
10, 13, 14
9, 15, 8, 6, 3, 2, 1
11.5376 77 31.1763
2, 5, 4, 12
14, 13
14, 10
10, 8, 6, 3, 2, 1
9, 15, 7, 10, 11
15, 8
11.9165 69 29.0416
9, 15, 7, 10
1, 2
11, 13, 14
2, 4, 5
12, 11
11, 10, 8, 6, 3, 2
11.1233 95 36.2863
1, 2, 5
9, 15, 7, 10, 11, 12
10, 14, 13
10, 8, 6, 4, 5
1, 2, 3, 6, 15, 7
4, 2
11.4637 78 31.4246
7, 15, 9
1, 2, 3, 6, 8, 10, 11
11, 12, 4, 5
8, 6
11, 13, 14
10, 7
11.0751 102 38.3526
9, 15, 7, 10
2, 5, 4, 6, 8, 10, 13
5, 4, 12, 11
1, 2, 3, 6, 8, 10
13, 14
6, 8
11.2229 87 33.956
12, 11, 10, 7, 15
8, 6, 3, 2, 1
14, 13
13, 10, 8, 6, 4, 5
9, 15
12, 4
