13.1785 65 49.4536
12.562 66 49.9686
12.0867 67 50.526
11.7046 69 51.8114
11.6243 71 53.1873
11.5215 73 54.5565
11.5568 73 54.5671
11.3417 75 55.9025
11.5215 75 55.9565
11.5568 75 55.9671
11.3096 76 56.5929
11.3064 77 57.2919
11.3128 77 57.2938
11.2775 79 58.6832
11.4027 84 62.2208
11.2807 85 62.8842
11.1747 89 65.6524
11.1233 95 69.837
11.0559 97 71.2168
11.0462 105 76.8139
11.0077 108 78.9023
10.982 111 80.9946
11.0462 111 81.0139
10.9692 151 108.991
11.4509 120 87.4353
11.8651 153 110.66
14.6782 85 63.9035
13.4515 129 94.3354
13.641 80 60.0923
13.2524 92 68.3757
12.6037 87 64.6811
12.8092 108 79.4428
12.6487 76 56.9946
12.2344 123 89.7703
13.2331 104 76.7699
13.4033 94 69.821
13.1272 112 82.3382
12.4945 96 70.9484
13.5607 93 69.1682
13.3134 108 79.594
13.3937 105 77.5181
13.2749 84 62.7825
12.4592 91 67.4378
13.0083 87 64.8025
11.6564 99 72.7969
13.3616 105 77.5085
15.3462 85 64.1039
12.6166 113 82.885
12.2537 107 78.5761
12.4785 101 74.4435
14.7778 103 76.5333
14.6172 114 84.1852
14.0938 99 73.5281
13.0597 90 66.9179
