12.1638 64 22.531
11.6885 66 22.5508
11.6179 69 23.0943
13.1368 63 23.1094
11.7399 69 23.1919
11.8812 69 23.3049
11.4252 72 23.5401
11.5504 72 23.6403
11.4252 74 23.9401
11.5761 74 24.0609
11.3931 76 24.3145
11.4573 76 24.3658
11.3899 77 24.5119
11.2871 78 24.6297
11.3738 78 24.699
11.3931 78 24.7145
11.2582 80 25.0066
11.1233 82 25.2987
11.3256 82 25.4605
11.0944 84 25.6755
11.3256 84 25.8605
11.2164 85 25.9732
11.2839 85 26.0271
11.0366 86 26.0293
11.194 86 26.1552
11.2614 86 26.2091
10.8728 90 26.6983
11.0976 90 26.8781
11.2775 92 27.422
11.2678 93 27.6143
10.8375 95 27.67
11.1201 95 27.8961
10.8343 102 29.0674
11.0045 102 29.2036
10.8054 105 29.6443
10.8022 118 32.2417
12.395 123 34.516
13.2235 128 36.1788
13.6474 108 32.5179
12.851 120 34.2808
13.1882 116 33.7505
12.5523 119 33.8419
13.0565 90 28.4452
11.878 90 27.5024
13.1175 113 33.094
13.079 98 30.0632
13.2074 89 28.366
12.7065 102 30.5652
13.2139 130 36.5711
12.896 105 31.3168
13.0565 104 31.2452
14.1516 84 28.1213
12.7161 94 28.9729
13.429 98 30.3432
13.2331 93 29.1865
13.5543 114 33.6434
12.3243 102 30.2595
12.0867 136 36.8694
14.0809 91 29.4647
13.8048 104 31.8438
13.9814 82 27.5851
13.7887 87 28.431
13.9493 100 31.1594
12.729 88 27.7832
12.0706 103 30.2565
12.3982 94 28.7186
