11.6082 70 17.4474
11.5986 72 17.6387
11.5793 73 17.7214
11.1779 78 17.8601
11.5793 73 17.7214
13.368 64 18.4312
11.1747 91 19.1572
11.1233 95 19.511
11.4477 93 19.6029
12.3725 90 20.1353
11.4123 98 20.0711
11.3545 104 20.6191
11.5793 73 17.7214
12.2055 108 21.785
11.4477 93 19.6029
11.4027 89 19.1624
11.1779 78 17.8601
12.3725 90 20.1353
12.3725 90 20.1353
11.1394 95 19.5254
11.5793 73 17.7214
11.4477 93 19.6029
12.3725 90 20.1353
11.4477 93 19.6029
11.5954 77 18.1358
11.4477 93 19.6029
11.4477 93 19.6029
11.6018 67 17.1416
11.6018 67 17.1416
11.5922 69 17.3329
13.368 64 18.4312
13.368 64 18.4312
11.4027 84 18.6624
11.4477 93 19.6029
12.3725 90 20.1353
11.4477 93 19.6029
11.4477 93 19.6029
11.4027 89 19.1624
11.1779 78 17.8601
11.4477 93 19.6029
11.4027 89 19.1624
11.255 106 20.7295
13.368 64 18.4312
11.4477 93 19.6029
11.4477 93 19.6029
11.4477 93 19.6029
11.4477 93 19.6029
11.5793 73 17.7214
13.368 64 18.4312
11.4477 93 19.6029
11.1779 78 17.8601
11.6018 67 17.1416
11.1747 91 19.1572
11.5793 73 17.7214
11.5247 77 18.0723
11.5825 92 19.6243
11.5793 73 17.7214
11.5793 73 17.7214
11.5793 73 17.7214
11.5793 73 17.7214
11.4477 93 19.6029
11.1394 95 19.5254
11.5922 69 17.3329
11.4027 89 19.1624
12.3725 90 20.1353
11.4477 93 19.6029
11.4027 84 18.6624
12.3725 90 20.1353
11.5793 73 17.7214
11.1779 78 17.8601
13.368 64 18.4312
11.1779 78 17.8601
11.4027 89 19.1624
11.1779 78 17.8601
11.5986 72 17.6387
11.1394 95 19.5254
12.0417 100 20.8376
11.5793 73 17.7214
11.1779 78 17.8601
11.4477 93 19.6029
11.6018 67 17.1416
11.4027 89 19.1624
11.5793 73 17.7214
11.1747 89 18.9572
11.5793 73 17.7214
11.4027 87 18.9624
13.368 64 18.4312
13.368 64 18.4312
11.605 75 17.9445
11.4477 93 19.6029
11.6018 67 17.1416
11.605 75 17.9445
11.255 116 21.7295
11.5793 73 17.7214
11.6018 67 17.1416
11.5954 77 18.1358
11.5793 73 17.7214
12.0417 100 20.8376
11.5793 73 17.7214
11.5922 69 17.3329
11.5793 73 17.7214
11.605 75 17.9445
11.5793 73 17.7214
11.6018 67 17.1416
11.1779 78 17.8601
13.368 64 18.4312
11.4477 93 19.6029
11.4027 84 18.6624
11.4027 84 18.6624
11.5954 77 18.1358
11.4027 89 19.1624
11.9775 85 19.2798
12.8157 103 21.8341
11.4477 93 19.6029
13.368 64 18.4312
13.368 64 18.4312
11.4027 87 18.9624
11.1779 78 17.8601
11.4477 93 19.6029
12.3565 102 21.3208
13.368 64 18.4312
11.1779 78 17.8601
11.5857 100 20.4272
11.4477 93 19.6029
13.368 64 18.4312
11.1779 78 17.8601
11.5954 77 18.1358
11.4477 93 19.6029
11.1779 78 17.8601
11.5793 73 17.7214
11.1554 116 21.6399
11.1394 95 19.5254
11.5793 73 17.7214
11.1779 78 17.8601
11.4477 93 19.6029
11.6949 87 19.2254
11.6018 67 17.1416
11.6018 67 17.1416
13.368 64 18.4312
11.6082 70 17.4474
13.368 64 18.4312
11.5857 100 20.4272
11.255 116 21.7295
11.5793 73 17.7214
11.4477 93 19.6029
11.1394 95 19.5254
11.4477 93 19.6029
11.5793 73 17.7214
11.6082 70 17.4474
11.605 75 17.9445
