11.6564 69 34.5938
13, 14, 10
7, 15
12, 11, 13
10, 8, 6, 3, 2, 1
9, 15, 6
6, 4, 5
12.5523 65 33.5314
15, 6, 8, 10
14, 13, 11, 10
9, 15, 7
6, 3, 2, 4, 5
1, 2
4, 12
11.955 68 34.373
9, 15, 8, 6, 3, 2, 4
15, 7
6, 8, 10, 11, 12
11, 13, 14
5, 4
3, 2, 1
11.2132 87 41.5279
9, 15, 7, 10, 14, 13
15, 8
10, 11, 12
8, 6, 3, 2, 1
14, 10, 8, 6, 4, 5
6, 8
12.4432 66 33.8659
2, 3
14, 13, 11
5, 4, 6
9, 15
12, 11, 10, 7, 15, 8
1, 2, 3, 6, 8
11.3834 72 35.6301
2, 3
14, 13, 11
5, 4, 6
9, 15
12, 11, 10, 7, 15
1, 2, 3, 6, 8, 10
11.0527 91 43.0316
10, 11, 12
13, 14, 10
9, 15
11, 10, 8, 6, 3, 2, 1
10, 8, 6, 4, 2
5, 4, 6, 15, 7
11.0591 88 41.8355
10, 11, 12
13, 14, 10
9, 15
11, 10, 8, 6, 3, 2, 1
10, 8, 6, 4
5, 4, 6, 15, 7
11.0495 93 43.8297
10, 11, 12
10, 13, 14
9, 15
11, 10, 8, 6, 3, 2, 1
10, 8, 6, 4, 2
5, 4, 6, 15, 7
10.9595 95 44.5757
10, 11, 12
13, 14, 10, 7
9, 15
11, 10, 8, 6, 3, 2, 1
10, 8, 6, 4
5, 4, 6, 15, 7
11.0559 90 42.6335
10, 11, 12
10, 13, 14
9, 15
11, 10, 8, 6, 3, 2, 1
10, 8, 6, 4
5, 4, 6, 15, 7
10.9306 105 48.5584
10, 11, 12, 4
13, 14, 10, 7
9, 15
11, 10, 8, 6, 3, 2, 1
10, 8, 6, 4
5, 4, 6, 15, 7
10.9531 98 45.7719
10, 11, 12
13, 14, 10, 7
9, 15
11, 10, 8, 6, 3, 2, 1
10, 8, 6, 4, 2
5, 4, 6, 15, 7
10.921 109 50.1526
10, 11, 12, 4, 5
13, 14, 10, 7
9, 15
11, 10, 8, 6, 3, 2, 1
10, 8, 6, 4
5, 4, 6, 15, 7
10.9114 121 54.9468
9, 15, 7, 10, 14, 13
13, 10, 8, 6, 4, 5
1, 2, 3, 6, 8, 10
5, 4, 12, 11, 10
9, 15
5, 2
11.5601 71 35.336
2, 3, 6, 15
14, 13
12, 11, 10, 8, 6, 4, 5
14, 10
7, 15, 9
1, 2, 3
11.332 73 35.9992
2, 3, 6, 15, 7
14, 13
12, 11, 10, 8, 6, 4, 5
14, 10
7, 15, 9
1, 2, 3
11.2164 76 37.1299
2, 3, 6, 15, 7
14, 13
12, 11, 10, 8, 6, 4, 5
14, 10
7, 15, 9
1, 2, 3, 6
10.9017 123 55.741
9, 15, 7, 10, 14, 13
13, 10, 8, 6, 4, 5
1, 2, 3, 6, 8, 10
5, 4, 12, 11, 10
9, 15, 8
5, 2
