12.1638 64 43.2655
12.0867 67 45.0347
12.0578 70 46.8231
11.6949 71 47.278
11.5022 73 48.4009
11.2935 75 49.5174
11.2839 77 50.7136
11.194 84 54.8776
11.1747 89 57.8699
11.0687 94 60.8275
11.0366 96 62.0146
11.0398 111 71.0159
11.0302 116 74.0121
11.0141 132 83.6057
12.3982 103 66.7593
12.9505 107 69.3802
12.3693 144 91.3477
11.6018 107 68.8407
14.0841 78 52.4337
11.4316 140 88.5726
12.5491 99 64.4197
13.018 85 56.2072
13.2203 92 60.4881
11.8715 128 81.5486
12.1445 117 75.0578
12.3629 104 67.3452
14.036 94 62.0144
13.3102 115 74.3241
13.5157 100 65.4063
12.5812 95 62.0325
12.3789 96 62.5516
13.718 96 63.0872
12.2794 93 60.7118
13.0662 88 58.0265
13.1336 71 47.8534
12.2473 90 58.8989
12.5363 108 69.8145
13.6988 92 60.6795
13.1785 112 72.4714
14.8484 76 51.5394
12.4689 91 59.5875
13.7759 81 54.1103
12.1413 102 66.0565
12.5748 126 80.6299
