13.3295 63 53.0659
12.1638 64 53.6328
11.6082 70 58.3216
11.4926 72 59.8985
11.4444 74 61.4889
11.4444 77 63.8889
11.3706 80 66.2741
11.4444 74 61.4889
11.2742 83 68.6549
11.4027 84 69.4805
11.544 82 67.9088
11.3417 92 75.8683
11.4894 85 70.2979
11.3417 92 75.8683
11.1618 92 75.8324
11.3417 92 75.8683
11.1618 92 75.8324
11.3417 92 75.8683
11.255 90 74.251
11.1105 105 86.2221
11.4444 74 61.4889
11.1747 91 75.0349
11.4444 77 63.8889
11.6082 70 58.3216
11.4444 77 63.8889
11.4444 74 61.4889
11.6082 70 58.3216
13.3295 63 53.0659
11.255 90 74.251
11.7559 89 73.5512
11.1105 105 86.2221
11.1618 92 75.8324
11.2004 93 76.6401
11.7559 89 73.5512
11.4027 87 71.8805
11.1105 105 86.2221
10.921 100 82.1842
11.4444 74 61.4889
11.1618 92 75.8324
11.3706 80 66.2741
11.3706 80 66.2741
11.3706 86 71.0741
11.3417 92 75.8683
10.9114 102 83.7823
11.4444 74 61.4889
11.255 90 74.251
11.3706 80 66.2741
11.8972 107 87.9794
11.3706 83 68.6741
11.3417 92 75.8683
11.3706 86 71.0741
11.3417 92 75.8683
11.1618 92 75.8324
11.4444 74 61.4889
13.3295 63 53.0659
11.3417 92 75.8683
11.3417 92 75.8683
11.3706 86 71.0741
11.3417 92 75.8683
12.1638 64 53.6328
10.921 100 82.1842
11.3417 92 75.8683
11.4027 86 71.0805
11.2742 83 68.6549
13.3295 63 53.0659
11.1105 105 86.2221
11.4444 74 61.4889
11.255 90 74.251
11.3417 92 75.8683
11.1329 94 77.4266
11.6018 67 55.9204
12.1638 64 53.6328
11.3706 83 68.6741
13.3295 63 53.0659
11.7559 89 73.5512
11.255 90 74.251
11.2742 83 68.6549
11.4123 95 78.2825
11.4444 77 63.8889
11.544 82 67.9088
11.3417 92 75.8683
11.255 90 74.251
11.4444 74 61.4889
11.0784 97 79.8157
11.7559 89 73.5512
11.0719 107 87.8144
11.3706 86 71.0741
11.4444 74 61.4889
11.3706 80 66.2741
13.3295 63 53.0659
13.3295 63 53.0659
11.4444 74 61.4889
11.3481 81 67.0696
11.3706 86 71.0741
11.316 86 71.0632
11.3481 81 67.0696
12.1638 64 53.6328
11.7559 89 73.5512
11.4926 72 59.8985
11.1073 95 78.2215
11.3706 80 66.2741
11.4444 77 63.8889
11.817 81 67.1634
11.255 90 74.251
11.3417 92 75.8683
12.1638 64 53.6328
11.4862 69 57.4972
10.9114 102 83.7823
11.6082 70 58.3216
11.2742 83 68.6549
11.3481 81 67.0696
12.1638 64 53.6328
11.255 90 74.251
11.4444 74 61.4889
11.544 82 67.9088
11.3706 86 71.0741
11.3706 80 66.2741
11.255 90 74.251
11.1329 94 77.4266
11.4444 74 61.4889
11.255 90 74.251
11.3417 92 75.8683
11.2742 83 68.6549
12.1638 64 53.6328
12.1638 64 53.6328
13.3295 63 53.0659
13.3295 63 53.0659
11.255 90 74.251
11.7559 89 73.5512
11.4862 69 57.4972
11.255 90 74.251
11.3417 92 75.8683
12.1638 64 53.6328
11.3706 86 71.0741
11.3706 80 66.2741
11.544 82 67.9088
11.7559 89 73.5512
11.4027 84 69.4805
11.2742 83 68.6549
11.4444 74 61.4889
11.544 82 67.9088
11.3417 92 75.8683
11.2742 83 68.6549
10.9114 102 83.7823
11.1618 92 75.8324
11.1618 92 75.8324
11.605 75 62.321
11.2871 95 78.2574
11.3417 92 75.8683
11.7559 89 73.5512
