12.1638 64 27.7146
5, 4, 2, 3, 6, 8, 10
14, 13, 11, 12
8, 15, 7
1, 2
11, 10
9, 15
11.5922 74 30.3145
10, 8, 6, 4, 5
13, 11, 12
15, 7
3, 2
10, 13, 14
9, 15, 8, 6, 3, 2, 1
11.4637 78 31.4246
7, 15, 9
1, 2, 3, 6, 8, 10, 11
11, 12, 4, 5
8, 6
11, 13, 14
10, 7
11.1169 81 32.0818
14, 13
15, 6
13, 10, 8, 6, 4, 5
9, 15, 7
4, 12
11, 10, 8, 6, 3, 2, 1
11.0238 88 34.1166
14, 13
15, 6
13, 10, 8, 6, 4, 5
9, 15, 7, 10
4, 12
11, 10, 8, 6, 3, 2, 1
10.9788 98 37.0852
14, 13
15, 6
13, 10, 8, 6, 4, 5
9, 15, 7, 10
4, 12, 11
11, 10, 8, 6, 3, 2, 1
10.9338 103 38.5537
14, 13
15, 6
13, 10, 8, 6, 4, 5
9, 15, 7, 10
4, 12, 11, 13
11, 10, 8, 6, 3, 2, 1
10.9242 105 39.1469
14, 13
15, 6
13, 10, 8, 6, 4, 5
9, 15, 7, 10
4, 12, 11, 13, 14
11, 10, 8, 6, 3, 2, 1
10.9146 151 52.9402
12, 4, 6
1, 2, 3, 6, 8, 10
13, 11, 12, 4, 5, 2, 1
3, 2, 5, 4
14, 13, 10, 7, 15, 9
14, 13, 10, 8, 6, 4, 5
11.6082 68 28.5258
15, 7
12, 11, 13, 14
11, 10, 8, 6, 4, 5
1, 2, 3, 6
3, 6
8, 15, 9
11.5087 75 30.5561
15, 7, 10
12, 11, 13, 14
11, 10, 8, 6, 4, 5
1, 2, 3, 6
3, 6
8, 15, 9
11.955 65 27.8685
15, 7
12, 11, 13, 14
11, 10, 8, 6, 4, 5
1, 2, 3
3, 6
8, 15, 9
11.4412 80 32.0089
5, 4
9, 15, 7, 10, 11, 13, 14
1, 2, 3, 6, 8, 10
5, 4, 12
5, 2
4, 6
11.499 76 30.8493
1, 2, 3, 6, 8, 10
10, 11, 12
3, 2, 4
5, 4
15, 7, 10, 13, 14
9, 15
13.3712 63 28.2599
14, 13, 11, 12
11, 10, 7, 15, 8, 6, 3
5, 4
15, 9
1, 2, 3
2, 4
