12.1638 64 27.7146
11.955 65 27.8685
13.3712 63 28.2599
11.955 65 27.8685
11.5922 74 30.3145
11.6082 68 28.5258
11.499 76 30.8493
11.4637 78 31.4246
11.4412 80 32.0089
11.1169 81 32.0818
11.1169 81 32.0818
11.1169 81 32.0818
11.0719 91 35.0504
11.0719 91 35.0504
11.4155 123 44.8909
10.9852 135 48.1897
11.955 65 27.8685
11.1169 81 32.0818
11.955 65 27.8685
11.0238 88 34.1166
11.1169 81 32.0818
11.6082 68 28.5258
11.8555 72 29.8988
11.1169 81 32.0818
11.1169 81 32.0818
11.6243 72 29.737
11.1169 81 32.0818
11.0719 91 35.0504
13.3712 63 28.2599
11.4637 78 31.4246
11.955 65 27.8685
11.1169 81 32.0818
12.1638 64 27.7146
11.4412 80 32.0089
11.4412 80 32.0089
11.1169 81 32.0818
11.316 143 50.8212
11.1169 142 50.3818
11.6179 123 45.0325
11.955 65 27.8685
11.1169 81 32.0818
11.1169 81 32.0818
11.1169 81 32.0818
11.5922 74 30.3145
11.1169 81 32.0818
11.1169 81 32.0818
11.1169 81 32.0818
11.1169 81 32.0818
11.4412 80 32.0089
11.1169 81 32.0818
11.6243 72 29.737
11.955 65 27.8685
11.2004 135 48.3403
11.1169 81 32.0818
10.9949 125 45.1964
11.4412 80 32.0089
11.0719 91 35.0504
11.1169 81 32.0818
11.5922 74 30.3145
12.1638 64 27.7146
11.955 65 27.8685
11.8555 72 29.8988
11.1169 81 32.0818
11.955 65 27.8685
11.0173 98 37.1121
11.955 65 27.8685
11.1169 81 32.0818
11.0719 91 35.0504
11.955 65 27.8685
11.1169 81 32.0818
11.0238 123 44.6166
11.1169 81 32.0818
11.955 65 27.8685
11.4412 80 32.0089
12.1638 64 27.7146
11.1169 81 32.0818
11.5922 74 30.3145
11.1169 81 32.0818
11.499 76 30.8493
11.1169 81 32.0818
11.955 65 27.8685
11.1169 81 32.0818
12.1638 64 27.7146
11.955 65 27.8685
11.955 65 27.8685
11.8105 126 46.0674
11.1169 81 32.0818
11.955 65 27.8685
11.4412 80 32.0089
12.1638 64 27.7146
11.955 65 27.8685
11.1169 81 32.0818
11.8555 72 29.8988
11.1169 81 32.0818
11.1169 81 32.0818
11.6082 68 28.5258
11.1169 81 32.0818
11.499 76 30.8493
12.1638 64 27.7146
11.0173 98 37.1121
11.271 128 46.2897
11.6789 123 45.0752
11.4412 80 32.0089
13.3712 63 28.2599
11.499 76 30.8493
11.4412 80 32.0089
11.5633 128 46.4943
11.1169 81 32.0818
11.955 65 27.8685
11.6082 68 28.5258
11.4637 78 31.4246
11.8555 72 29.8988
12.1638 64 27.7146
11.4637 78 31.4246
11.4412 80 32.0089
11.6082 68 28.5258
11.499 76 30.8493
11.955 65 27.8685
11.5922 74 30.3145
11.149 125 45.3043
11.6082 68 28.5258
11.6082 68 28.5258
11.4412 80 32.0089
11.1169 81 32.0818
12.1638 64 27.7146
11.5922 74 30.3145
11.027 96 36.5189
11.1169 81 32.0818
11.1169 81 32.0818
11.0719 91 35.0504
11.1169 81 32.0818
11.1169 81 32.0818
11.1169 81 32.0818
11.955 65 27.8685
11.0238 88 34.1166
12.1638 64 27.7146
11.1169 81 32.0818
11.0238 88 34.1166
11.1169 81 32.0818
11.1169 81 32.0818
12.1638 64 27.7146
11.955 65 27.8685
12.1638 64 27.7146
12.1638 64 27.7146
11.1169 81 32.0818
11.4412 80 32.0089
11.6082 68 28.5258
12.1638 64 27.7146
11.1169 81 32.0818
11.4412 80 32.0089
