13.3295 63 53.0659
12.1638 64 53.6328
11.6018 67 55.9204
11.4862 69 57.4972
11.3931 74 61.4786
11.3545 76 63.0709
11.3481 81 67.0696
11.2742 83 68.6549
11.2261 84 69.4452
11.1201 89 73.424
11.255 90 74.251
11.1618 92 75.8324
11.1329 94 77.4266
11.1073 95 78.2215
11.0784 97 79.8157
11.0559 99 81.4112
10.921 100 82.1842
10.9114 102 83.7823
10.8664 103 84.5733
10.8568 105 86.1714
11.0976 105 86.2195
11.1105 105 86.2221
11.0784 107 87.8157
10.921 110 90.1842
10.9306 110 90.1861
10.9114 112 91.7823
10.8407 113 92.5681
10.8343 147 119.767
13.3391 112 92.2678
13.6795 98 81.1359
12.7707 89 73.7542
12.1092 105 86.4218
12.5234 96 79.3047
12.3179 101 83.2636
12.7868 79 65.7574
13.5382 95 78.7076
12.7547 84 69.7509
12.0706 89 73.6141
12.2537 86 71.2507
12.6583 88 72.9317
12.0867 101 83.2173
12.7996 104 85.7599
12.4817 99 81.6963
13.6956 103 85.1391
14.5883 94 78.1177
14.0809 102 84.4162
12.2248 92 76.045
11.9358 105 86.3872
12.9345 86 71.3869
13.0051 86 71.401
12.4303 131 107.286
13.3712 88 73.0742
13.079 103 85.0158
14.9383 105 86.9877
13.808 99 81.9616
13.885 76 63.577
12.9859 99 81.7972
13.3455 86 71.4691
