12.1638 64 22.531
11.6885 66 22.5508
11.6179 69 23.0943
11.7399 69 23.1919
11.8812 69 23.3049
11.4252 72 23.5401
11.5504 72 23.6403
11.4252 74 23.9401
11.5761 74 24.0609
11.4573 76 24.3658
11.3899 77 24.5119
11.2871 78 24.6297
11.4444 78 24.7556
11.2582 80 25.0066
11.2935 80 25.0348
11.4027 80 25.1222
11.1233 82 25.2987
11.0944 84 25.6755
11.3256 84 25.8605
11.0366 86 26.0293
11.2614 86 26.2091
11.316 86 26.2528
11.0366 88 26.4293
11.3031 88 26.6425
10.8728 90 26.6983
11.0976 90 26.8781
10.8728 92 27.0983
10.8375 95 27.67
11.2197 94 27.7757
11.255 95 28.004
11.2261 96 28.1809
10.8054 105 29.6443
11.2293 107 30.3834
10.8022 118 32.2417
12.3019 122 34.2415
12.6005 107 31.4804
14.3475 109 33.278
12.5459 96 29.2367
13.4387 102 31.1509
13.2299 89 28.3839
12.2569 99 29.6055
13.5157 95 29.8126
12.9923 85 27.3938
13.4868 96 29.9895
12.8125 95 29.25
13.5254 86 28.0203
12.3982 96 29.1186
13.2813 100 30.625
12.2312 106 30.985
11.7046 100 29.3636
13.3263 105 31.661
13.2235 100 30.5788
13.596 88 28.4768
13.2492 102 30.9994
13.0083 99 30.2067
12.9377 94 29.1502
11.6275 107 30.702
13.3359 67 24.0687
13.7887 86 28.231
12.4014 120 33.9211
12.9698 88 27.9759
12.7996 100 30.2397
13.2653 128 36.2122
13.2171 114 33.3737
