12.1638 64 27.7146
12.1252 67 28.5877
11.9165 69 29.0416
11.878 71 29.6146
11.6243 72 29.737
11.5922 74 30.3145
11.5376 77 31.1763
11.4637 78 31.4246
11.4252 81 32.2976
11.4027 84 33.1819
11.2229 87 33.956
11.1747 89 34.5223
11.1233 95 36.2863
11.1522 99 37.5066
11.0751 102 38.3526
11.0495 106 39.5346
10.9338 139 49.3537
13.6827 78 32.9779
12.6037 103 39.7226
12.3308 82 33.2315
12.4014 100 38.681
13.7469 84 34.8229
13.7437 121 45.9206
13.3487 97 38.4441
13.2299 92 36.861
12.3436 99 38.3405
13.1657 137 50.316
12.3179 98 38.0225
13.9878 106 41.5915
12.9923 99 38.7946
13.6217 101 39.8352
12.8446 93 36.8912
12.8446 121 45.2912
11.7881 93 36.1516
14.1452 91 37.2016
13.0758 115 43.653
12.4753 89 35.4327
12.6455 94 37.0518
14.5401 86 35.9781
13.185 100 39.2295
12.4721 98 38.1304
12.5652 89 35.4956
13.3905 80 33.3733
12.7675 121 45.2373
14.0199 81 34.1139
13.7116 87 35.6981
12.8703 78 32.4092
