12.7836 65 54.5567
12.2922 65 54.4584
11.7559 66 55.1512
11.6724 67 55.9345
11.6724 67 55.9345
11.3064 70 58.2613
11.3064 70 58.2613
11.6949 72 59.939
11.4509 80 66.2902
11.1779 84 69.4356
11.1105 88 72.6221
11.027 90 74.2054
11.027 90 74.2054
11.027 90 74.2054
11.027 90 74.2054
11.422 104 85.4844
11.1779 84 69.4356
12.2922 65 54.4584
11.1105 88 72.6221
11.7559 66 55.1512
11.027 90 74.2054
11.4509 80 66.2902
11.7559 66 55.1512
11.3064 70 58.2613
11.5665 92 75.9133
11.3064 70 58.2613
11.6724 67 55.9345
12.2922 65 54.4584
11.027 90 74.2054
11.4123 74 61.4825
12.2922 65 54.4584
12.7836 65 54.5567
11.499 72 59.8998
11.027 90 74.2054
11.1394 87 71.8279
11.3064 70 58.2613
11.3064 70 58.2613
11.027 90 74.2054
11.422 104 85.4844
11.027 90 74.2054
11.027 90 74.2054
10.9949 98 80.599
11.3064 70 58.2613
11.027 90 74.2054
12.2601 67 56.052
11.027 90 74.2054
11.027 90 74.2054
11.027 90 74.2054
12.2922 65 54.4584
11.499 72 59.8998
11.4894 96 79.0979
11.5344 96 79.1069
12.6198 63 52.924
12.2922 65 54.4584
11.3064 70 58.2613
11.422 104 85.4844
11.3064 70 58.2613
11.6949 72 59.939
12.2922 65 54.4584
11.7559 66 55.1512
11.2614 106 87.0523
11.7527 67 55.9505
11.7559 66 55.1512
11.3064 70 58.2613
12.7836 65 54.5567
11.027 90 74.2054
11.027 90 74.2054
11.3064 70 58.2613
11.6949 72 59.939
11.1105 88 72.6221
12.2922 65 54.4584
11.3064 70 58.2613
11.499 72 59.8998
11.4509 80 66.2902
11.6724 67 55.9345
11.027 90 74.2054
11.3064 70 58.2613
12.2922 65 54.4584
11.6949 72 59.939
11.3064 70 58.2613
11.1779 84 69.4356
11.4509 80 66.2902
11.3064 70 58.2613
11.1779 84 69.4356
11.1779 84 69.4356
11.1105 88 72.6221
11.1779 84 69.4356
11.5344 96 79.1069
11.7559 66 55.1512
11.1105 88 72.6221
11.7559 66 55.1512
12.2922 65 54.4584
11.027 90 74.2054
11.7527 67 55.9505
11.6949 72 59.939
11.5665 92 75.9133
12.6198 63 52.924
12.2922 65 54.4584
11.6403 69 57.5281
11.6949 72 59.939
11.027 90 74.2054
11.2004 75 62.2401
11.027 90 74.2054
11.3064 70 58.2613
10.9949 98 80.599
12.6198 63 52.924
12.2922 65 54.4584
11.7559 66 55.1512
12.2922 65 54.4584
11.1779 84 69.4356
11.6949 72 59.939
11.1105 88 72.6221
12.2922 65 54.4584
11.027 90 74.2054
11.7527 67 55.9505
11.1105 88 72.6221
11.6949 72 59.939
10.9949 98 80.599
11.1779 84 69.4356
11.1105 88 72.6221
11.6949 72 59.939
11.027 90 74.2054
11.027 90 74.2054
11.3064 70 58.2613
12.6198 63 52.924
11.7527 67 55.9505
11.6724 67 55.9345
12.6198 63 52.924
11.1683 82 67.8337
11.1779 84 69.4356
11.6949 72 59.939
11.3064 70 58.2613
11.422 104 85.4844
11.7527 67 55.9505
11.027 90 74.2054
11.027 90 74.2054
12.2601 67 56.052
11.027 90 74.2054
11.027 90 74.2054
11.3064 70 58.2613
11.3064 70 58.2613
11.3064 70 58.2613
12.7836 65 54.5567
11.3064 70 58.2613
12.2922 65 54.4584
11.7527 67 55.9505
12.7836 65 54.5567
11.027 90 74.2054
12.2922 65 54.4584
11.1105 88 72.6221
