11.7913 65 33.0748
13.1047 64 33.4628
11.7913 65 33.0748
11.2357 72 35.5414
11.2004 77 37.5202
11.2036 83 39.9222
11.5344 88 42.1206
11.3545 80 38.8127
11.3931 85 40.8358
11.2004 77 37.5202
11.3963 81 39.2378
11.3963 81 39.2378
12.2473 88 42.5484
11.2325 100 46.7395
10.921 115 52.5526
10.921 115 52.5526
10.9467 134 60.168
11.0816 134 60.2489
11.9647 67 33.9788
11.1715 102 47.5029
11.1908 91 43.1145
12.4014 75 37.4408
10.921 115 52.5526
11.361 83 40.0166
11.2293 99 46.3376
10.9788 127 57.3873
11.1201 140 62.6721
11.2004 77 37.5202
11.2036 83 39.9222
11.5183 93 44.111
11.2004 77 37.5202
11.3963 81 39.2378
11.2036 83 39.9222
11.3288 83 39.9973
11.7913 65 33.0748
10.921 115 52.5526
11.2068 96 45.1241
10.921 115 52.5526
10.921 115 52.5526
11.438 82 39.6628
10.921 115 52.5526
11.2036 83 39.9222
11.3738 95 44.8243
10.921 115 52.5526
11.3353 93 44.0012
11.4509 86 41.2705
11.7913 65 33.0748
10.921 115 52.5526
11.1137 136 61.0682
11.9647 67 33.9788
11.2004 77 37.5202
11.2357 72 35.5414
11.3931 85 40.8358
11.2036 83 39.9222
11.2004 125 56.7202
13.1047 64 33.4628
11.7816 67 33.869
10.921 115 52.5526
11.2004 77 37.5202
11.361 86 41.2166
11.2004 77 37.5202
11.5022 85 40.9013
12.4143 87 42.2486
11.3513 88 42.0108
10.921 115 52.5526
11.2293 99 46.3376
11.4059 77 37.6435
11.3417 89 42.405
11.361 86 41.2166
11.2036 83 39.9222
10.9981 129 58.1988
11.2357 72 35.5414
11.5344 88 42.1206
12.3918 77 38.2351
11.1233 144 64.274
11.2357 72 35.5414
10.921 115 52.5526
11.1201 130 58.6721
10.921 115 52.5526
10.921 115 52.5526
11.1201 132 59.4721
11.5055 81 39.3033
11.7913 65 33.0748
11.2357 72 35.5414
11.361 83 40.0166
11.2004 121 55.1202
11.2004 77 37.5202
11.3577 88 42.0146
11.5344 88 42.1206
11.5022 85 40.9013
10.9692 150 66.5815
11.7913 65 33.0748
11.1137 104 48.2682
11.3963 81 39.2378
11.2293 99 46.3376
11.3834 87 41.6301
13.1047 64 33.4628
11.2004 77 37.5202
10.921 115 52.5526
11.4059 77 37.6435
11.361 86 41.2166
11.5022 86 41.3013
11.3192 85 40.7915
10.921 115 52.5526
11.1201 130 58.6721
11.4059 77 37.6435
11.7913 65 33.0748
10.921 115 52.5526
11.5055 81 39.3033
10.921 115 52.5526
12.4014 75 37.4408
11.2357 72 35.5414
11.7913 65 33.0748
11.4059 77 37.6435
11.3963 81 39.2378
12.5234 81 39.9141
11.2036 83 39.9222
11.316 76 37.1896
11.7913 65 33.0748
11.1201 132 59.4721
10.921 115 52.5526
13.14 67 34.684
10.921 115 52.5526
11.361 86 41.2166
11.3288 83 39.9973
12.3468 83 40.6081
10.921 115 52.5526
11.2614 84 40.3568
11.2004 96 45.1202
11.3288 83 39.9973
10.921 115 52.5526
13.1047 64 33.4628
11.7913 65 33.0748
11.3834 87 41.6301
11.1201 132 59.4721
13.1047 64 33.4628
10.921 115 52.5526
10.921 115 52.5526
11.3706 129 58.4224
11.7913 65 33.0748
11.3963 81 39.2378
11.316 76 37.1896
11.2004 87 41.5202
11.1137 104 48.2682
10.921 115 52.5526
11.2004 77 37.5202
11.2357 72 35.5414
11.2357 72 35.5414
11.1137 136 61.0682
11.2036 83 39.9222
