11.8105 66 22.6484
11.8105 66 22.6484
11.3256 72 23.4605
11.3866 79 24.9093
11.3385 80 25.0708
11.5633 88 26.8506
11.088 101 29.0704
11.377 103 29.7016
11.088 101 29.0704
11.4284 110 31.1427
12.3083 106 31.0466
11.2807 114 31.8245
11.817 112 31.8536
12.3083 106 31.0466
11.2357 120 32.9886
10.9788 127 34.183
11.3866 79 24.9093
12.106 109 31.4848
11.817 112 31.8536
11.377 103 29.7016
11.6917 112 31.7534
11.4027 115 32.1222
11.6917 106 30.5534
11.6917 106 30.5534
10.9981 129 34.5985
12.3083 106 31.0466
11.483 108 30.7864
11.2197 112 31.3757
11.3256 72 23.4605
11.483 108 30.7864
11.2004 129 34.7603
11.5825 70 23.266
11.8105 66 22.6484
11.8426 110 31.4741
11.8105 66 22.6484
11.2197 112 31.3757
11.8105 66 22.6484
11.377 101 29.3016
11.6917 106 30.5534
12.3083 106 31.0466
11.544 102 29.6352
11.088 101 29.0704
11.6917 106 30.5534
11.6917 106 30.5534
11.088 101 29.0704
11.544 102 29.6352
11.544 102 29.6352
12.3597 108 31.4877
11.3385 80 25.0708
11.3385 80 25.0708
11.3256 72 23.4605
11.3256 72 23.4605
11.2004 122 33.3603
12.3179 104 30.6543
12.3083 106 31.0466
11.483 108 30.7864
11.088 101 29.0704
11.6917 106 30.5534
11.6917 106 30.5534
12.3083 106 31.0466
11.377 103 29.7016
12.3083 106 31.0466
12.3083 106 31.0466
11.6917 106 30.5534
11.3385 80 25.0708
11.6917 106 30.5534
11.5633 88 26.8506
11.3385 80 25.0708
11.6917 70 23.3534
11.149 130 34.9192
11.1747 121 33.1398
11.088 101 29.0704
11.666 93 27.9328
12.3083 106 31.0466
11.3256 72 23.4605
11.4284 113 31.7427
11.8105 66 22.6484
11.483 108 30.7864
11.088 101 29.0704
11.4701 83 25.7761
11.2871 106 30.2297
11.088 101 29.0704
11.544 102 29.6352
11.2197 112 31.3757
11.5633 88 26.8506
11.3385 80 25.0708
12.3083 106 31.0466
10.9981 120 32.7985
12.5973 118 33.6778
11.3385 80 25.0708
11.3802 88 26.7042
11.088 101 29.0704
11.2197 115 31.9757
11.7046 131 35.5636
10.982 134 35.5856
11.8105 66 22.6484
11.4284 110 31.1427
11.2421 84 25.7937
11.4123 84 25.9299
11.817 112 31.8536
11.3866 79 24.9093
11.3385 80 25.0708
11.3385 80 25.0708
11.6917 106 30.5534
11.6917 106 30.5534
11.5633 88 26.8506
11.4701 83 25.7761
12.5973 118 33.6778
11.2004 129 34.7603
11.483 108 30.7864
11.3256 72 23.4605
11.817 112 31.8536
11.3385 80 25.0708
12.3597 108 31.4877
11.088 101 29.0704
11.483 108 30.7864
12.3083 112 32.2466
11.3256 72 23.4605
11.3545 86 26.2836
12.106 109 31.4848
11.088 101 29.0704
12.2569 102 30.2055
11.3385 80 25.0708
11.3256 72 23.4605
11.6917 106 30.5534
11.3866 79 24.9093
11.3866 79 24.9093
11.3256 72 23.4605
11.377 101 29.3016
11.0912 106 30.073
11.6917 112 31.7534
11.2807 114 31.8245
11.4284 113 31.7427
11.8105 66 22.6484
11.377 83 25.7016
11.6917 106 30.5534
11.088 101 29.0704
12.3083 106 31.0466
11.088 101 29.0704
11.088 101 29.0704
11.3385 80 25.0708
12.3083 106 31.0466
11.3256 72 23.4605
11.377 101 29.3016
11.3385 80 25.0708
11.483 108 30.7864
11.8105 66 22.6484
11.5825 70 23.266
12.3083 106 31.0466
11.4123 84 25.9299
