13.3359 64 58.9336
12.2922 65 59.7292
12.0225 66 60.6022
12.2922 65 59.7292
12.2601 67 61.526
11.4894 72 65.9489
11.3449 74 67.7345
11.3449 74 67.7345
11.3449 74 67.7345
11.3449 74 67.7345
11.3449 74 67.7345
11.3449 74 67.7345
11.2486 86 78.5249
11.3096 89 81.231
11.7527 67 61.4753
11.3449 74 67.7345
13.3359 65 59.8336
11.7527 67 61.4753
11.2903 76 69.529
11.2486 86 78.5249
11.3449 74 67.7345
11.2486 86 78.5249
11.3449 74 67.7345
11.7527 67 61.4753
11.2486 86 78.5249
10.9499 96 87.495
11.3449 74 67.7345
13.3359 64 58.9336
11.3449 74 67.7345
11.3449 74 67.7345
11.3449 74 67.7345
11.2903 76 69.529
11.3449 74 67.7345
12.0225 66 60.6022
11.3449 74 67.7345
11.3449 74 67.7345
11.3449 74 67.7345
11.6724 67 61.4672
11.4894 72 65.9489
11.2486 86 78.5249
13.3263 70 64.3326
11.3449 74 67.7345
11.3449 74 67.7345
12.2922 65 59.7292
11.2486 86 78.5249
11.2486 86 78.5249
11.3449 74 67.7345
11.3449 74 67.7345
12.0225 66 60.6022
11.3449 74 67.7345
11.3449 74 67.7345
11.3449 74 67.7345
11.4894 72 65.9489
12.2922 65 59.7292
11.2903 76 69.529
12.2922 65 59.7292
13.3359 64 58.9336
11.4894 72 65.9489
12.2601 67 61.526
11.3449 74 67.7345
11.1554 98 89.3155
13.3359 64 58.9336
11.4894 72 65.9489
11.3449 74 67.7345
12.0225 66 60.6022
11.2903 76 69.529
12.2922 65 59.7292
11.3449 74 67.7345
11.2486 86 78.5249
11.3449 74 67.7345
11.4894 72 65.9489
11.1843 88 80.3184
10.9499 96 87.495
13.3712 67 61.6371
13.3359 65 59.8336
11.3449 74 67.7345
11.3449 74 67.7345
11.3449 74 67.7345
11.4894 72 65.9489
11.1747 93 84.8175
12.2601 67 61.526
11.2453 81 74.0245
11.7527 67 61.4753
11.2903 76 69.529
11.3096 89 81.231
13.3359 64 58.9336
11.0462 84 76.7046
11.1843 88 80.3184
11.4894 72 65.9489
12.2922 65 59.7292
11.3449 74 67.7345
12.2922 65 59.7292
10.9499 96 87.495
11.3449 74 67.7345
11.3449 74 67.7345
13.3712 67 61.6371
11.3449 74 67.7345
11.2903 76 69.529
11.3449 74 67.7345
11.3449 74 67.7345
12.0225 66 60.6022
11.3449 74 67.7345
12.2922 65 59.7292
11.3096 89 81.231
11.3449 74 67.7345
12.2922 65 59.7292
11.3449 74 67.7345
11.3449 74 67.7345
11.2903 76 69.529
11.3096 89 81.231
12.2601 67 61.526
12.2922 65 59.7292
11.3449 74 67.7345
11.3449 74 67.7345
11.3449 74 67.7345
11.4894 72 65.9489
11.3449 74 67.7345
11.3449 74 67.7345
11.6724 67 61.4672
11.2486 86 78.5249
11.3449 74 67.7345
11.3449 74 67.7345
11.1618 84 76.7162
11.3449 74 67.7345
11.4894 72 65.9489
11.3449 74 67.7345
11.7527 67 61.4753
11.0462 84 76.7046
11.6724 67 61.4672
11.3449 74 67.7345
12.2601 67 61.526
11.6724 67 61.4672
11.3449 74 67.7345
11.4894 72 65.9489
12.0225 66 60.6022
11.6724 67 61.4672
11.4894 72 65.9489
11.3449 74 67.7345
11.2903 76 69.529
12.0225 66 60.6022
11.4894 72 65.9489
11.0462 84 76.7046
12.2922 65 59.7292
13.3712 67 61.6371
11.3449 74 67.7345
11.2903 76 69.529
12.2922 65 59.7292
11.3096 89 81.231
12.0225 66 60.6022
11.3449 74 67.7345
