12.2922 65 49.1877
12.2922 65 49.1877
11.7527 67 50.4258
11.3256 72 53.7977
11.4348 76 56.6304
11.4509 74 55.2353
11.4348 76 56.6304
11.1779 84 62.1534
11.1715 85 62.8514
11.1779 84 62.1534
11.1105 88 64.9331
11.027 90 66.3081
11.027 90 66.3081
10.9949 98 71.8985
11.027 90 66.3081
11.027 90 66.3081
11.3256 72 53.7977
11.1779 84 62.1534
11.4348 78 58.0304
11.1105 88 64.9331
10.9949 98 71.8985
12.2922 65 49.1877
11.1779 84 62.1534
11.027 90 66.3081
11.1779 84 62.1534
11.027 90 66.3081
11.027 90 66.3081
11.027 90 66.3081
11.1105 88 64.9331
11.027 90 66.3081
11.1394 87 64.2418
11.4509 74 55.2353
11.027 90 66.3081
11.3192 80 59.3958
10.9949 98 71.8985
11.027 90 66.3081
11.027 90 66.3081
11.027 90 66.3081
11.027 90 66.3081
12.2922 65 49.1877
11.4348 76 56.6304
11.027 90 66.3081
11.1779 84 62.1534
11.4348 76 56.6304
11.4348 76 56.6304
11.4348 76 56.6304
11.4348 78 58.0304
11.1779 84 62.1534
10.9949 98 71.8985
11.1105 88 64.9331
11.3256 72 53.7977
11.027 90 66.3081
11.1105 88 64.9331
11.027 90 66.3081
11.1779 84 62.1534
11.3256 72 53.7977
11.1779 84 62.1534
11.4348 78 58.0304
12.2922 65 49.1877
12.2922 65 49.1877
12.2922 65 49.1877
11.1779 84 62.1534
11.4348 76 56.6304
11.027 90 66.3081
11.027 90 66.3081
11.4348 78 58.0304
11.1779 84 62.1534
11.027 90 66.3081
11.7527 67 50.4258
11.4027 78 58.0208
11.027 90 66.3081
11.1715 85 62.8514
11.3256 72 53.7977
11.4348 76 56.6304
11.027 90 66.3081
11.1779 84 62.1534
11.1105 88 64.9331
11.3256 72 53.7977
12.2601 67 50.578
11.1779 84 62.1534
11.027 90 66.3081
11.4348 78 58.0304
11.4348 78 58.0304
11.1779 84 62.1534
12.2922 65 49.1877
10.9949 98 71.8985
11.1105 88 64.9331
11.1715 85 62.8514
11.6724 67 50.4017
11.1105 88 64.9331
11.1105 88 64.9331
11.3256 72 53.7977
11.4348 76 56.6304
12.2922 65 49.1877
10.9467 118 85.884
11.3256 72 53.7977
11.3192 80 59.3958
11.1715 85 62.8514
11.027 90 66.3081
11.1715 85 62.8514
10.9467 108 78.884
11.1105 88 64.9331
12.2922 65 49.1877
11.6724 67 50.4017
11.027 90 66.3081
11.027 90 66.3081
11.027 90 66.3081
11.1779 84 62.1534
11.6724 67 50.4017
10.9949 98 71.8985
11.7527 67 50.4258
10.8857 107 78.1657
11.7527 67 50.4258
11.1715 85 62.8514
11.1779 84 62.1534
11.3256 72 53.7977
11.4509 74 55.2353
11.6724 67 50.4017
11.027 90 66.3081
11.1779 84 62.1534
11.027 90 66.3081
11.4509 74 55.2353
11.1105 88 64.9331
12.2922 65 49.1877
11.4348 76 56.6304
11.1779 84 62.1534
11.3256 72 53.7977
11.027 90 66.3081
11.6724 67 50.4017
11.7527 67 50.4258
11.4348 76 56.6304
12.2922 65 49.1877
11.027 90 66.3081
11.4348 76 56.6304
11.3256 72 53.7977
11.1105 88 64.9331
12.2601 67 50.578
11.027 90 66.3081
11.3256 72 53.7977
11.4348 76 56.6304
11.027 90 66.3081
11.3192 80 59.3958
11.4348 76 56.6304
11.027 90 66.3081
11.027 90 66.3081
11.027 90 66.3081
12.2922 65 49.1877
11.3256 72 53.7977
11.027 90 66.3081
11.027 90 66.3081
