11.8105 66 22.6484
11.6917 70 23.3534
11.3802 71 23.3042
11.3256 72 23.4605
11.3802 71 23.3042
11.3866 78 24.7093
11.1651 88 26.532
11.2582 85 26.0066
11.088 101 29.0704
11.3706 90 27.0965
11.3738 95 28.099
11.3385 95 28.0708
11.6917 106 30.5534
11.483 108 30.7864
11.2197 112 31.3757
11.4284 113 31.7427
11.483 108 30.7864
11.2614 116 32.2091
11.2261 110 30.9809
11.2197 112 31.3757
10.9563 133 35.3651
11.4091 125 34.1273
11.3802 71 23.3042
11.4284 113 31.7427
11.377 101 29.3016
11.6403 120 33.3123
12.3083 112 32.2466
11.3256 72 23.4605
12.3597 108 31.4877
11.4284 110 31.1427
11.8105 66 22.6484
11.088 101 29.0704
11.8105 66 22.6484
11.8105 66 22.6484
12.3083 106 31.0466
11.6917 106 30.5534
11.3802 71 23.3042
11.1651 88 26.532
11.2197 112 31.3757
11.544 102 29.6352
11.2614 116 32.2091
11.483 108 30.7864
11.2614 116 32.2091
11.483 108 30.7864
11.088 101 29.0704
11.2614 116 32.2091
11.2614 116 32.2091
11.4284 113 31.7427
12.2441 92 28.1952
11.3256 83 25.6605
11.3866 78 24.7093
11.2614 116 32.2091
11.3256 83 25.6605
11.088 101 29.0704
12.3083 106 31.0466
12.3019 110 31.8415
11.088 101 29.0704
11.3706 100 29.0965
11.4284 113 31.7427
11.2614 116 32.2091
11.8105 66 22.6484
11.6917 112 31.7534
11.1779 84 25.7423
12.3789 78 25.5031
11.6917 106 30.5534
11.4284 116 32.3427
11.483 108 30.7864
11.817 112 31.8536
11.3256 83 25.6605
11.088 101 29.0704
11.1651 88 26.532
11.8105 66 22.6484
11.8105 66 22.6484
11.8105 66 22.6484
11.2807 114 31.8245
11.088 101 29.0704
12.0835 110 31.6668
11.1779 84 25.7423
11.3256 83 25.6605
11.1651 88 26.532
11.6917 106 30.5534
11.2742 90 27.0194
11.3802 71 23.3042
11.2614 116 32.2091
12.3083 112 32.2466
11.483 108 30.7864
12.5491 87 27.4393
11.271 82 25.4168
11.8105 66 22.6484
11.1651 88 26.532
11.8105 66 22.6484
11.8105 66 22.6484
11.8105 66 22.6484
11.1651 88 26.532
10.9788 127 34.183
11.4091 114 31.9273
11.271 82 25.4168
12.2569 102 30.2055
12.3083 106 31.0466
11.3706 100 29.0965
11.8105 66 22.6484
11.8105 66 22.6484
11.377 101 29.3016
11.1811 131 35.1449
11.4284 116 32.3427
11.422 123 33.7376
11.088 101 29.0704
11.2871 106 30.2297
11.2646 75 24.0117
11.6917 106 30.5534
12.7675 72 24.614
11.2614 116 32.2091
11.3802 71 23.3042
11.3256 72 23.4605
11.2871 106 30.2297
11.4284 110 31.1427
11.483 108 30.7864
11.8105 66 22.6484
11.8105 66 22.6484
11.2197 112 31.3757
11.3802 71 23.3042
11.3802 71 23.3042
11.8234 114 32.2587
11.3866 78 24.7093
11.3256 83 25.6605
11.4284 113 31.7427
11.2807 114 31.8245
11.088 101 29.0704
11.3256 83 25.6605
11.088 101 29.0704
12.0546 117 33.0437
11.088 101 29.0704
11.088 107 30.2704
11.3802 71 23.3042
11.2582 85 26.0066
11.3256 83 25.6605
11.3256 72 23.4605
12.3083 106 31.0466
11.3256 72 23.4605
11.3256 83 25.6605
11.3866 78 24.7093
11.3802 71 23.3042
11.3802 71 23.3042
11.271 82 25.4168
11.3866 78 24.7093
12.3597 108 31.4877
11.3256 72 23.4605
11.4284 119 32.9427
11.377 101 29.3016
11.3256 72 23.4605
