11.6724 67 61.4672
9, 15, 7
12, 11, 10, 8, 6
6, 3, 2, 1
8, 6, 4, 5
8, 15
11, 13, 14
12.2922 65 59.7292
9, 15, 7
12, 11, 10, 8
6, 3, 2, 1
8, 6, 4, 5
8, 15
11, 13, 14
11.6403 69 63.264
9, 15, 7
12, 11, 10, 8, 6
6, 3, 2, 1
8, 6, 4, 5
8, 15, 7
11, 13, 14
11.4894 72 65.9489
9, 15
15, 7, 10, 11, 13
10, 8, 6, 3, 2, 1
13, 14
8, 6, 4, 12
5, 4
13.3359 64 58.9336
3, 2, 1
3, 6, 4, 5
14, 13, 11, 10
15, 8, 6
4, 12
10, 7, 15, 9
11.1908 83 75.8191
5, 4, 6, 8
14, 13, 11
8, 10, 11, 12
10, 8, 6, 3, 2, 1
9, 15, 7, 10
15, 6
11.0462 84 76.7046
5, 4, 6, 8, 10
14, 13, 11
8, 10, 11, 12
10, 8, 6, 3, 2, 1
9, 15, 7
15, 6
10.9467 91 82.9947
5, 4, 6, 8, 10
14, 13, 11
8, 10, 11, 12
10, 8, 6, 3, 2, 1
9, 15, 7, 10
15, 6
11.3449 74 67.7345
5, 4, 6
14, 13, 11
8, 10, 11, 12
10, 8, 6, 3, 2, 1
9, 15, 7
15, 6
11.2903 76 69.529
5, 4, 6, 8
14, 13, 11
8, 10, 11, 12
10, 8, 6, 3, 2, 1
9, 15, 7
15, 6
11.2453 81 74.0245
5, 4, 6
14, 13, 11
8, 10, 11, 12
10, 8, 6, 3, 2, 1
9, 15, 7, 10
15, 6
10.921 106 96.4921
5, 4, 6, 8, 10
14, 13
8, 10, 11, 12, 4
10, 8, 6, 3, 2, 1
9, 15, 7, 10, 13
15, 6
12.0225 66 60.6022
5, 4, 12
1, 2, 3
4, 6, 15, 7
3, 6, 8, 10, 11
15, 9
11, 13, 14
