12.6551 65 38.8276
12.1702 68 40.0851
11.6403 70 40.8202
11.3834 71 41.1917
11.4766 71 41.2383
11.499 72 41.7495
11.3834 74 42.6917
11.4123 74 42.7062
11.332 78 44.666
11.1683 82 46.5841
11.1586 86 48.5793
11.271 90 50.6355
11.2935 91 51.1468
11.2421 93 52.1211
11.1073 96 53.5536
11.0366 99 55.0183
11.0013 101 56.0006
10.9306 104 57.4653
11.2871 112 61.6435
11.2004 121 66.1002
11.2004 122 66.6002
10.9724 125 67.9862
11.2004 125 68.1002
10.9788 127 68.9894
10.982 134 72.491
11.1811 134 72.5906
11.194 135 73.097
10.9274 138 74.4637
10.8857 156 83.4428
13.5446 95 54.2723
12.2376 115 63.6188
12.6166 118 65.3083
13.7084 101 57.3542
13.0116 104 58.5058
12.5845 120 66.2922
13.5671 90 51.7836
12.9024 87 49.9512
12.2537 90 51.1268
12.1317 83 47.5658
13.1368 125 69.0684
11.1618 92 51.5809
12.8446 90 51.4223
13.2267 88 50.6134
13.6731 79 46.3365
13.3584 99 56.1792
11.7367 99 55.3683
11.316 131 71.158
12.7225 108 60.3613
13.124 85 49.062
13.246 91 52.123
13.8947 87 50.4473
12.6744 141 76.8372
11.4348 122 66.7174
12.4464 100 56.2232
12.7258 108 60.3629
14.1676 80 47.0838
13.2107 102 57.6053
14.0681 134 74.034
13.6281 94 53.8141
