13.0405 63 53.0081
12.2922 65 54.4584
11.7559 66 55.1512
11.6724 67 55.9345
11.6403 69 57.5281
11.3256 72 59.8651
11.3192 80 66.2638
11.316 81 67.0632
11.1683 82 67.8337
11.1779 84 69.4356
11.1586 86 71.0317
11.1394 87 71.8279
11.1105 88 72.6221
11.027 90 74.2054
10.9338 97 79.7868
10.9949 98 80.599
10.9788 100 82.1958
10.9306 105 86.1861
10.8857 107 87.7771
10.9467 108 88.5893
10.8825 140 114.176
12.7739 108 88.9548
13.5671 94 77.9134
12.8221 102 84.1644
12.578 117 96.1156
12.8767 100 82.5753
12.4849 96 79.297
12.8125 86 71.3625
12.8349 124 101.767
13.5093 108 89.1019
11.8972 105 86.3794
12.6969 88 72.9394
13.1464 88 73.0293
11.3738 130 106.275
12.7482 129 105.75
11.6435 94 77.5287
13.5671 84 69.9134
11.9839 118 96.7968
12.8574 79 65.7715
13.1946 108 89.0389
13.4836 120 98.6967
13.3744 77 64.2749
13.8144 80 66.7629
13.2845 89 73.8569
11.5344 101 83.1069
13.0951 93 77.019
13.4001 106 87.48
11.9807 106 87.1962
12.8349 103 84.967
13.2107 90 74.6421
13.8818 110 90.7764
