11.3899 69 17.1509
11.3256 72 17.3931
12.7161 68 18.2445
11.316 81 18.2844
13.2685 65 18.4416
11.0398 88 18.7358
11.3224 86 18.7902
11.2903 87 18.8613
11.0206 91 19.0185
11.0077 95 19.4069
10.9274 96 19.4347
10.9082 99 19.7173
10.8953 103 20.1058
10.8889 107 20.5
13.5832 82 20.4249
13.3295 106 22.5965
12.4303 90 20.1873
12.8927 110 22.6035
13.7148 106 22.9434
13.2877 81 20.059
13.657 122 24.4913
13.2299 88 20.7069
13.5478 78 19.9931
12.8863 97 21.2977
11.9583 84 19.1624
12.9794 121 23.7815
12.9313 88 20.4382
12.8542 93 20.8688
13.58 123 24.522
13.5414 102 22.3873
11.5215 95 19.8694
11.8523 96 20.2671
11.7206 114 21.9486
12.7065 100 21.4358
12.3436 113 22.4092
12.2569 84 19.4312
12.6583 101 21.4925
12.7386 100 21.4647
12.3372 127 23.8035
12.9538 90 20.6584
12.957 96 21.2613
13.9043 92 21.7139
13.7052 123 24.6347
12.3532 88 19.9179
