13.0405 63 43.0162
12.5845 65 44.0338
11.5087 66 44.2035
11.5151 66 44.206
11.499 70 46.5996
11.4894 71 47.1958
11.4444 72 47.7778
11.2261 73 48.2904
11.1297 80 52.4519
11.088 87 56.6352
11.088 90 58.4352
11.0784 92 59.6313
10.8728 95 61.3491
11.0784 95 61.4313
10.8728 98 63.1491
10.8632 100 64.3453
10.8343 106 67.9337
10.8247 111 70.9299
10.9403 111 70.9761
10.9949 113 72.1979
10.8182 115 73.3273
10.9467 115 73.3787
10.9499 115 73.38
11.0687 118 75.2275
10.7829 123 78.1132
10.6802 156 97.8721
13.1496 82 54.4599
13.3969 112 72.5588
13.8786 112 72.7514
13.4194 85 56.3678
13.5061 110 71.4024
12.8799 104 67.552
13.0758 91 59.8303
12.4432 99 64.3773
12.3693 110 70.9477
11.7945 101 65.3178
13.6795 97 63.6718
12.8446 91 59.7378
12.2954 116 74.5182
13.3841 92 60.5536
12.35 128 81.74
12.4978 98 63.7991
12.2762 105 67.9105
13.2396 99 64.6958
12.8092 94 61.5237
13.0308 89 58.6123
12.334 105 67.9336
13.4355 95 62.3742
13.3423 103 67.1369
12.4689 100 64.9875
14.0809 81 54.2324
12.3725 80 52.949
13.3584 102 66.5434
12.7418 123 78.8967
12.5202 103 66.8081
14.8934 80 53.9574
