13.0405 63 48.0121
12.2922 65 49.1877
11.7559 66 49.7268
11.6724 67 50.4017
11.6403 69 51.7921
11.3256 72 53.7977
11.3192 80 59.3958
11.316 81 60.0948
11.1683 82 60.7505
11.1779 84 62.1534
11.1586 86 63.5476
11.1394 87 64.2418
11.1105 88 64.9331
11.027 90 66.3081
10.9338 97 71.1802
10.9949 98 71.8985
10.9788 100 73.2936
10.9306 105 76.7792
10.8857 107 78.1657
10.9467 108 78.884
10.8825 140 101.265
12.7739 108 79.4322
13.5671 94 69.8701
12.8221 102 75.2466
12.578 117 85.6734
12.8767 100 73.863
12.4849 96 70.9455
12.8125 86 64.0437
12.8349 124 90.6505
13.5093 108 79.6528
11.8972 105 77.0692
12.6969 88 65.4091
13.1464 88 65.5439
11.3738 130 94.4121
12.7482 129 94.1245
11.6435 94 69.2931
13.5671 84 62.8701
11.9839 118 86.1952
12.8574 79 59.1572
13.1946 108 79.5584
13.4836 120 88.0451
13.3744 77 57.9123
13.8144 80 60.1443
13.2845 89 66.2854
11.5344 101 74.1603
13.0951 93 69.0285
13.4001 106 78.22
11.9807 106 77.7942
12.8349 103 75.9505
13.2107 90 66.9632
13.8818 110 81.1646
