13.1721 64 43.6689
11.5087 66 44.2035
11.5151 66 44.206
13.1785 67 45.4714
11.5151 69 46.006
11.499 70 46.5996
11.4894 71 47.1958
11.4444 72 47.7778
11.3706 73 48.3482
11.316 77 50.7264
11.2871 82 53.7148
11.3353 83 54.3341
11.271 84 54.9084
11.316 87 56.7264
11.2486 89 57.8994
11.194 93 60.2776
11.1073 96 62.0429
10.9306 104 66.7723
13.474 90 59.3896
12.3789 137 87.1516
13.1015 102 66.4406
13.5318 113 73.2127
12.7129 121 77.6852
14.2319 108 70.4927
12.7161 94 61.4865
13.0854 114 73.6342
13.7502 92 60.7001
13.5864 87 57.6346
13.3487 90 59.3395
12.4753 107 69.1901
12.7001 95 62.08
12.5202 96 62.6081
12.9698 129 82.5879
12.5748 106 68.6299
12.6776 107 69.271
12.3051 111 71.522
12.4849 89 58.394
13.3327 80 53.3331
12.8895 119 76.5558
11.8202 109 70.1281
12.1445 95 61.8578
13.9139 89 58.9656
13.0405 116 74.8162
13.0533 101 65.8213
13.8144 100 65.5258
12.4271 94 61.3708
13.5446 110 71.4179
12.3789 100 64.9516
