11.7559 66 28.0292
12.6166 65 28.3316
13.5639 63 28.3947
13.3359 64 28.5351
11.605 69 28.8235
11.2357 72 29.465
11.2004 77 30.9403
11.1618 80 31.8133
11.1297 82 32.3908
11.0687 90 34.7481
10.9467 95 36.1627
10.921 115 42.1447
10.9146 125 45.1402
12.4046 103 39.5832
13.5671 94 37.697
12.3661 92 36.2563
12.7739 90 35.9417
12.4303 83 33.6012
13.4451 80 33.4116
12.1991 107 40.6394
12.9698 103 39.9789
11.2614 94 36.083
13.1111 127 47.2778
12.0289 105 39.9202
13.6924 139 51.2847
12.273 128 46.9911
13.1753 95 37.7227
12.8382 105 40.4867
13.8658 89 36.406
11.9615 93 36.273
13.8369 87 35.7858
13.9814 93 37.687
12.9281 136 49.8497
13.0629 103 40.0441
11.9775 104 39.5843
13.3134 93 37.2194
11.9165 110 41.3416
14.3346 111 43.3342
12.8895 101 39.3227
13.2107 100 39.2475
12.0931 126 46.2652
13.0469 86 34.9328
12.4753 92 36.3327
