12.3468 64 22.6775
11.7784 68 23.0227
11.4123 70 23.1299
11.3802 75 24.1042
11.3802 75 24.1042
11.4091 82 25.5273
11.0206 89 26.6164
11.4091 82 25.5273
11.271 97 28.4168
11.0206 89 26.6164
10.8793 114 31.5034
11.271 97 28.4168
11.0206 89 26.6164
11.271 97 28.4168
11.194 84 25.7552
11.0206 89 26.6164
11.3802 75 24.1042
11.271 97 28.4168
11.4091 82 25.5273
11.4091 82 25.5273
10.9724 99 28.5779
11.4091 82 25.5273
11.4091 82 25.5273
11.0206 89 26.6164
12.3468 64 22.6775
11.7784 68 23.0227
11.3802 75 24.1042
11.3802 75 24.1042
11.0206 89 26.6164
11.0719 99 28.6575
11.4091 82 25.5273
11.0206 89 26.6164
10.9435 92 27.1548
11.0206 89 26.6164
11.4091 82 25.5273
12.3468 64 22.6775
10.8793 114 31.5034
11.0206 89 26.6164
11.271 97 28.4168
11.4091 82 25.5273
11.4091 82 25.5273
11.4123 70 23.1299
11.271 97 28.4168
11.0206 89 26.6164
10.9724 99 28.5779
11.271 97 28.4168
11.3802 75 24.1042
11.0206 89 26.6164
11.4091 82 25.5273
11.0206 89 26.6164
11.0719 99 28.6575
11.0206 89 26.6164
11.271 97 28.4168
11.271 97 28.4168
11.3802 75 24.1042
11.7784 68 23.0227
12.3468 64 22.6775
11.271 97 28.4168
11.0206 89 26.6164
11.0206 89 26.6164
11.4091 82 25.5273
11.4091 82 25.5273
11.4091 82 25.5273
11.4123 70 23.1299
11.3802 75 24.1042
11.4123 70 23.1299
11.0206 89 26.6164
11.4123 70 23.1299
12.3468 64 22.6775
11.4091 82 25.5273
11.4091 82 25.5273
11.0206 89 26.6164
11.4091 82 25.5273
11.271 97 28.4168
11.3802 75 24.1042
11.0206 89 26.6164
11.271 97 28.4168
11.271 97 28.4168
11.3802 75 24.1042
11.3802 75 24.1042
11.0206 89 26.6164
11.4091 82 25.5273
12.3468 64 22.6775
11.0206 89 26.6164
11.0206 89 26.6164
11.271 97 28.4168
11.271 97 28.4168
11.0206 89 26.6164
11.271 97 28.4168
11.271 97 28.4168
11.0206 89 26.6164
11.0206 89 26.6164
11.3802 75 24.1042
11.0206 89 26.6164
11.3802 75 24.1042
11.271 97 28.4168
11.271 97 28.4168
11.271 97 28.4168
11.4123 70 23.1299
12.3468 64 22.6775
11.3802 75 24.1042
11.7784 68 23.0227
11.0206 89 26.6164
11.2807 82 25.4245
11.7784 68 23.0227
12.3468 64 22.6775
11.0206 89 26.6164
11.0206 89 26.6164
12.3468 64 22.6775
11.4123 70 23.1299
12.3468 64 22.6775
10.8793 114 31.5034
11.7784 68 23.0227
11.4091 82 25.5273
12.3468 64 22.6775
12.3468 64 22.6775
11.4091 82 25.5273
11.271 97 28.4168
10.9724 109 30.5779
11.2807 82 25.4245
11.271 97 28.4168
11.271 97 28.4168
11.0206 89 26.6164
11.4091 82 25.5273
11.4091 82 25.5273
11.0206 89 26.6164
11.0206 89 26.6164
11.7784 68 23.0227
11.7784 68 23.0227
12.3468 64 22.6775
11.7784 68 23.0227
11.0206 89 26.6164
11.4123 70 23.1299
10.8793 114 31.5034
11.4123 70 23.1299
11.3802 75 24.1042
11.2421 107 30.3937
12.3468 64 22.6775
11.4091 82 25.5273
11.3802 75 24.1042
11.4123 70 23.1299
11.4091 82 25.5273
11.7784 68 23.0227
11.3802 75 24.1042
11.4123 70 23.1299
11.7784 68 23.0227
11.3802 75 24.1042
11.271 97 28.4168
11.2807 82 25.4245
11.0206 89 26.6164
