12.4753 65 33.4852
11.5151 68 34.1091
11.3128 70 34.7877
11.3128 70 34.7877
11.3802 75 36.8281
11.6275 77 37.7765
11.0206 89 42.2123
11.0206 89 42.2123
10.9724 99 46.1834
10.8793 114 52.1276
11.0206 89 42.2123
11.6275 77 37.7765
11.6275 77 37.7765
11.5215 68 34.1129
11.0206 89 42.2123
11.5215 68 34.1129
11.5215 68 34.1129
11.5215 68 34.1129
11.5215 68 34.1129
11.0206 89 42.2123
11.4284 79 38.457
11.0206 89 42.2123
11.3802 75 36.8281
11.0206 89 42.2123
11.3802 75 36.8281
11.0206 89 42.2123
11.6275 77 37.7765
11.5215 68 34.1129
12.4753 65 33.4852
11.4284 79 38.457
11.0206 89 42.2123
12.4753 65 33.4852
11.0206 89 42.2123
11.0206 89 42.2123
11.0206 89 42.2123
11.3128 70 34.7877
11.5215 71 35.3129
11.5215 68 34.1129
11.6275 77 37.7765
11.3802 75 36.8281
11.0206 89 42.2123
11.5215 68 34.1129
11.0206 89 42.2123
11.5215 68 34.1129
11.0206 89 42.2123
11.0206 89 42.2123
11.6275 77 37.7765
12.4753 65 33.4852
12.4753 65 33.4852
11.0206 89 42.2123
12.4753 65 33.4852
11.0206 89 42.2123
10.8793 114 52.1276
11.3802 75 36.8281
11.4284 79 38.457
11.5215 68 34.1129
11.5215 68 34.1129
11.3128 70 34.7877
11.0206 89 42.2123
11.3802 75 36.8281
11.0206 89 42.2123
11.0206 89 42.2123
11.0206 89 42.2123
11.0206 89 42.2123
11.6275 77 37.7765
11.0206 89 42.2123
12.4753 65 33.4852
11.0206 89 42.2123
11.5215 68 34.1129
11.6275 77 37.7765
11.5215 68 34.1129
12.4753 65 33.4852
10.8793 114 52.1276
11.3802 75 36.8281
11.6275 77 37.7765
11.0206 89 42.2123
11.5215 68 34.1129
11.3128 70 34.7877
12.4753 65 33.4852
11.4926 78 38.0956
11.5183 76 37.311
12.4753 65 33.4852
11.3128 70 34.7877
11.5215 68 34.1129
11.0206 89 42.2123
11.0206 89 42.2123
11.6275 77 37.7765
12.4753 65 33.4852
11.5215 68 34.1129
11.2807 82 39.5684
11.0206 89 42.2123
11.5215 68 34.1129
11.5215 71 35.3129
11.5215 68 34.1129
10.8793 114 52.1276
11.0206 89 42.2123
11.3802 75 36.8281
10.8793 114 52.1276
10.8793 114 52.1276
11.0206 89 42.2123
11.0206 89 42.2123
11.3802 75 36.8281
11.0206 89 42.2123
11.6275 77 37.7765
10.8793 114 52.1276
11.3802 75 36.8281
11.6275 77 37.7765
11.5183 76 37.311
10.9724 99 46.1834
11.6275 77 37.7765
11.0206 89 42.2123
12.4753 65 33.4852
11.4284 79 38.457
10.8793 114 52.1276
11.3802 75 36.8281
11.3128 70 34.7877
12.4753 65 33.4852
11.5215 71 35.3129
11.5215 68 34.1129
11.4284 79 38.457
11.6275 77 37.7765
11.0206 89 42.2123
10.8793 114 52.1276
10.8793 114 52.1276
11.6275 77 37.7765
12.4753 65 33.4852
12.4753 65 33.4852
11.0206 89 42.2123
11.3128 70 34.7877
10.8793 114 52.1276
11.0206 89 42.2123
11.0206 89 42.2123
11.2807 82 39.5684
11.0206 89 42.2123
11.0206 89 42.2123
11.5215 68 34.1129
11.5215 68 34.1129
11.5183 76 37.311
11.0206 89 42.2123
11.3802 75 36.8281
11.0206 89 42.2123
11.6275 77 37.7765
11.3802 75 36.8281
11.6275 77 37.7765
11.0206 89 42.2123
12.4753 65 33.4852
11.0206 89 42.2123
10.9724 99 46.1834
11.5215 71 35.3129
11.5215 71 35.3129
