11.4123 70 17.2711
12.1638 65 17.4474
12.0032 74 18.2029
11.3802 75 17.7422
11.3256 80 18.1931
11.3256 80 18.1931
11.3256 80 18.1931
12.6358 73 18.6723
11.2678 82 18.341
11.3256 80 18.1931
11.0623 96 19.5561
11.4733 89 19.226
11.4733 89 19.226
11.4733 89 19.226
11.4733 91 19.426
11.3256 80 18.1931
11.3802 75 17.7422
11.4733 89 19.226
12.1638 67 17.6474
11.0623 96 19.5561
11.4733 91 19.426
11.3256 80 18.1931
11.3256 80 18.1931
11.3256 80 18.1931
11.3802 75 17.7422
12.1638 65 17.4474
11.3256 80 18.1931
11.3256 80 18.1931
11.4637 93 19.6173
11.878 96 20.2902
11.4123 70 17.2711
11.4733 89 19.226
11.2678 82 18.341
11.3256 80 18.1931
11.316 85 18.6844
11.316 85 18.6844
11.3256 80 18.1931
11.3256 80 18.1931
11.5633 81 18.5069
11.4733 89 19.226
11.3031 91 19.2728
11.0623 96 19.5561
11.4733 89 19.226
11.0623 96 19.5561
11.3256 80 18.1931
11.4284 94 19.6855
11.833 101 20.7497
11.4733 91 19.426
11.3256 80 18.1931
11.4123 70 17.2711
11.3256 80 18.1931
11.4733 89 19.226
11.4123 70 17.2711
11.3256 80 18.1931
11.3256 80 18.1931
11.4733 89 19.226
11.3031 93 19.4728
11.0623 96 19.5561
11.4733 89 19.226
11.4733 91 19.426
12.1638 65 17.4474
11.4733 89 19.226
11.0623 96 19.5561
12.501 73 18.5509
12.6358 73 18.6723
11.3256 80 18.1931
11.3256 80 18.1931
11.4733 89 19.226
11.4123 70 17.2711
12.1638 65 17.4474
12.1638 65 17.4474
11.4123 70 17.2711
11.3802 75 17.7422
11.3031 91 19.2728
11.9968 68 17.5971
11.3031 93 19.4728
11.3256 80 18.1931
11.2678 82 18.341
11.4733 89 19.226
11.9968 68 17.5971
11.4123 70 17.2711
11.4733 91 19.426
11.4733 89 19.226
12.501 73 18.5509
11.3031 91 19.2728
11.4733 89 19.226
11.3802 75 17.7422
11.4733 89 19.226
11.4733 89 19.226
11.4637 93 19.6173
11.3802 75 17.7422
11.2582 96 19.7324
11.9968 68 17.5971
11.3256 80 18.1931
11.3481 83 18.5133
11.316 85 18.6844
12.1638 65 17.4474
11.4123 70 17.2711
11.4733 89 19.226
11.2678 82 18.341
11.3256 80 18.1931
11.3031 91 19.2728
12.1638 65 17.4474
11.3256 80 18.1931
11.3256 80 18.1931
11.3802 75 17.7422
11.3802 75 17.7422
11.3256 80 18.1931
11.3802 75 17.7422
11.2678 82 18.341
11.3256 80 18.1931
11.3802 75 17.7422
11.4123 70 17.2711
11.4733 89 19.226
11.0623 96 19.5561
11.4733 89 19.226
11.3256 80 18.1931
11.2678 82 18.341
11.4733 89 19.226
11.316 82 18.3844
11.3256 80 18.1931
11.2678 82 18.341
11.2678 82 18.341
11.3256 80 18.1931
11.4637 93 19.6173
11.3256 80 18.1931
11.3256 80 18.1931
11.4733 89 19.226
11.2678 82 18.341
12.6358 73 18.6723
11.5633 81 18.5069
11.3256 80 18.1931
12.6358 73 18.6723
11.2678 82 18.341
11.2678 82 18.341
11.3256 80 18.1931
11.3802 75 17.7422
11.3256 80 18.1931
11.3256 80 18.1931
11.3256 80 18.1931
11.3256 80 18.1931
11.4123 70 17.2711
11.316 85 18.6844
11.3256 80 18.1931
11.3256 80 18.1931
11.3256 80 18.1931
11.4733 89 19.226
11.4733 89 19.226
11.3031 91 19.2728
11.2678 82 18.341
