11.6853 65 27.6797
12.6037 64 28.0226
13.1978 63 28.1385
11.5247 80 32.0673
11.3802 75 30.4662
11.3449 79 31.6414
11.3802 75 30.4662
11.1265 84 32.9886
11.1297 87 33.8908
11.7527 80 32.2269
11.2068 85 33.3448
11.3096 94 36.1167
10.8664 114 41.8065
10.8664 114 41.8065
10.8311 123 44.4818
10.8311 123 44.4818
10.8664 116 42.4065
10.8664 116 42.4065
11.4059 83 32.8841
11.1265 84 32.9886
11.6885 90 35.182
11.3449 79 31.6414
11.1265 84 32.9886
10.8664 114 41.8065
10.8664 114 41.8065
11.6885 74 30.382
11.6853 65 27.6797
10.8664 114 41.8065
11.3417 86 33.7392
11.1265 84 32.9886
11.2068 85 33.3448
11.1265 84 32.9886
11.3802 75 30.4662
10.8311 123 44.4818
10.8664 116 42.4065
11.3449 79 31.6414
11.6885 74 30.382
10.8664 114 41.8065
11.1265 84 32.9886
10.8311 123 44.4818
10.8664 114 41.8065
11.4509 92 35.6156
11.6853 65 27.6797
11.4059 83 32.8841
11.6853 65 27.6797
11.5247 80 32.0673
10.8311 123 44.4818
10.8664 114 41.8065
11.3802 75 30.4662
11.3449 79 31.6414
13.1978 63 28.1385
10.8664 114 41.8065
11.2775 96 36.6942
11.1265 84 32.9886
11.1297 87 33.8908
11.3802 75 30.4662
11.4059 83 32.8841
11.1265 84 32.9886
11.6853 65 27.6797
13.1978 63 28.1385
10.8311 123 44.4818
11.2068 85 33.3448
11.1265 84 32.9886
13.1978 63 28.1385
11.3802 75 30.4662
11.1265 84 32.9886
11.3449 79 31.6414
11.1265 84 32.9886
11.6853 65 27.6797
10.8664 114 41.8065
11.6885 74 30.382
10.8311 123 44.4818
11.3802 75 30.4662
12.6037 64 28.0226
11.5247 80 32.0673
11.3802 75 30.4662
13.1978 63 28.1385
11.6853 65 27.6797
10.8664 123 44.5065
11.3802 75 30.4662
11.3449 79 31.6414
10.8311 128 45.9818
10.8311 123 44.4818
10.8311 123 44.4818
11.3802 75 30.4662
11.3802 75 30.4662
11.6853 65 27.6797
10.8664 114 41.8065
10.8664 114 41.8065
11.6853 65 27.6797
10.8664 114 41.8065
11.1265 84 32.9886
11.1297 87 33.8908
11.6853 65 27.6797
11.1265 84 32.9886
11.5825 83 33.0078
11.1265 84 32.9886
10.8664 114 41.8065
11.6853 65 27.6797
11.1008 89 34.4706
11.3802 75 30.4662
12.6037 64 28.0226
13.1978 63 28.1385
11.3802 75 30.4662
13.1978 63 28.1385
11.3449 79 31.6414
11.3096 94 36.1167
13.1978 63 28.1385
11.6885 74 30.382
11.1297 87 33.8908
11.1265 84 32.9886
11.1008 89 34.4706
11.3802 75 30.4662
11.3802 75 30.4662
11.3449 79 31.6414
11.1008 89 34.4706
11.4059 83 32.8841
11.5247 80 32.0673
11.5247 80 32.0673
11.5151 72 29.6606
13.1978 63 28.1385
10.8311 123 44.4818
11.4059 83 32.8841
11.4059 83 32.8841
10.8311 123 44.4818
10.8311 123 44.4818
11.6885 74 30.382
11.3802 75 30.4662
11.1265 84 32.9886
12.6037 64 28.0226
11.2068 85 33.3448
10.8664 114 41.8065
11.6853 65 27.6797
11.3417 86 33.7392
11.6853 65 27.6797
11.6853 65 27.6797
10.8664 114 41.8065
11.7527 80 32.2269
13.1978 63 28.1385
10.8664 114 41.8065
10.8664 114 41.8065
11.1265 84 32.9886
11.3802 75 30.4662
13.1978 63 28.1385
10.8664 114 41.8065
11.1265 84 32.9886
11.4059 83 32.8841
13.1978 63 28.1385
11.5729 96 36.901
11.5729 96 36.901
