11.4123 70 17.2711
12.1638 65 17.4474
12.0771 67 17.5694
11.9968 68 17.5971
11.9454 69 17.6509
11.3802 75 17.7422
12.6262 64 17.7636
11.3256 80 18.1931
11.2229 81 18.2006
11.2229 81 18.2006
11.3256 80 18.1931
11.5215 85 18.8694
11.4733 89 19.226
12.5395 78 19.0855
11.271 97 19.8439
11.271 97 19.8439
11.271 97 19.8439
11.271 97 19.8439
12.1092 67 17.5983
11.4123 70 17.2711
11.4123 70 17.2711
12.0771 67 17.5694
11.3256 80 18.1931
11.3802 75 17.7422
12.0771 67 17.5694
12.1638 67 17.6474
12.1638 67 17.6474
12.1092 67 17.5983
12.1638 65 17.4474
11.271 97 19.8439
11.0559 95 19.4503
11.3802 75 17.7422
11.3256 80 18.1931
11.3256 80 18.1931
11.3802 75 17.7422
11.3256 80 18.1931
12.7996 66 18.1197
11.3256 80 18.1931
10.8504 107 20.4653
12.7996 66 18.1197
11.271 97 19.8439
12.0771 67 17.5694
11.4123 70 17.2711
11.271 97 19.8439
11.3256 80 18.1931
11.2229 81 18.2006
11.3256 80 18.1931
11.271 97 19.8439
11.3256 80 18.1931
11.271 97 19.8439
11.3256 80 18.1931
11.271 97 19.8439
11.4123 70 17.2711
11.4123 70 17.2711
11.3577 87 18.922
12.0771 67 17.5694
11.3256 80 18.1931
12.5395 78 19.0855
11.271 97 19.8439
11.5215 85 18.8694
12.0771 67 17.5694
11.4123 70 17.2711
11.3256 80 18.1931
11.6532 81 18.5879
11.3256 80 18.1931
11.4733 89 19.226
11.3577 87 18.922
12.1092 67 17.5983
12.5395 78 19.0855
12.0385 79 18.7347
12.0771 67 17.5694
11.5215 85 18.8694
11.3577 87 18.922
12.0771 67 17.5694
12.1638 65 17.4474
11.4733 89 19.226
11.4733 89 19.226
11.5215 85 18.8694
12.0771 67 17.5694
11.3256 80 18.1931
11.4123 70 17.2711
11.2229 81 18.2006
11.2229 81 18.2006
11.4123 70 17.2711
12.1638 65 17.4474
11.5215 85 18.8694
11.3256 80 18.1931
11.5215 85 18.8694
11.3256 80 18.1931
11.2229 81 18.2006
12.578 82 19.5202
11.4123 70 17.2711
11.2229 81 18.2006
11.9968 68 17.5971
12.0385 79 18.7347
12.7996 66 18.1197
12.6262 64 17.7636
11.9968 68 17.5971
12.0771 67 17.5694
12.0771 67 17.5694
11.4733 89 19.226
11.9454 69 17.6509
11.9454 69 17.6509
11.271 97 19.8439
12.6262 64 17.7636
12.5395 78 19.0855
12.1638 67 17.6474
12.1638 65 17.4474
11.271 97 19.8439
12.1092 67 17.5983
12.0771 67 17.5694
11.271 97 19.8439
12.1092 67 17.5983
11.5215 85 18.8694
12.7996 66 18.1197
11.3802 75 17.7422
12.9923 79 19.5931
11.2229 81 18.2006
11.3256 80 18.1931
11.5215 85 18.8694
11.3256 80 18.1931
12.0032 74 18.2029
11.5215 85 18.8694
12.6262 64 17.7636
11.271 97 19.8439
12.0032 74 18.2029
11.4733 89 19.226
11.5215 85 18.8694
11.3256 80 18.1931
11.271 97 19.8439
12.1092 67 17.5983
11.3256 80 18.1931
12.1638 65 17.4474
11.2229 81 18.2006
11.271 97 19.8439
11.271 97 19.8439
11.3031 91 19.2728
12.1638 65 17.4474
11.2229 81 18.2006
11.5215 85 18.8694
12.4432 82 19.3988
11.5215 85 18.8694
11.4123 70 17.2711
11.4123 70 17.2711
12.578 82 19.5202
11.271 97 19.8439
11.271 97 19.8439
11.2229 81 18.2006
12.6262 64 17.7636
12.1092 67 17.5983
