699.531
717.169
726.139
726.188
734.205
734.205
734.879
734.879
734.879
734.879
734.879
734.879
734.889
735.21
735.21
735.21
735.21
735.21
735.21
735.21
742.005
742.13
742.13
742.13
742.13
742.13
742.13
742.13
742.13
742.13
742.13
742.13
742.13
742.13
744.574
744.574
744.574
744.574
744.574
744.574
744.574
744.574
744.574
744.574
744.574
744.574
744.574
744.574
744.574
744.574
744.574
744.574
744.574
744.574
744.574
744.574
744.574
744.574
744.574
744.574
744.574
744.751
744.783
744.783
744.783
744.956
744.956
744.956
744.956
744.956
746.617
763.723
763.832
763.832
763.832
763.832
763.832
764.757
764.757
764.757
764.757
764.757
764.757
764.757
764.757
764.757
764.757
764.757
764.757
764.757
764.757
764.757
764.757
764.757
764.757
764.757
771.644
772.897
772.897
772.897
772.897
772.897
772.897
772.897
772.897
772.897
772.897
772.897
772.897
772.897
772.897
772.897
772.897
772.897
772.897
772.897
772.897
772.897
778.292
778.292
778.292
778.292
778.292
778.292
778.292
778.292
778.292
778.292
778.292
778.292
778.292
778.292
778.292
778.292
778.292
778.292
778.292
778.292
778.292
778.292
778.292
778.292
778.292
778.292
778.292
778.292
778.292
778.292
778.292
778.292
778.292
778.292
778.292
778.292
778.292
778.292
778.292
778.292
778.292
778.292
778.292
778.292
778.292
778.292
778.292
778.292
778.292
778.292
778.292
778.292
778.292
778.292
778.292
778.292
778.292
778.292
778.292
778.292
778.292
778.292
778.292
778.292
778.292
778.292
778.292
778.292
778.292
778.292
778.292
778.292
778.292
778.292
778.292
778.292
778.292
778.292
778.292
778.292
778.292
778.292
778.292
778.292
778.292
778.292
778.292
778.292
778.292
778.292
778.292
778.292
778.292
778.292
778.292
778.292
778.292
778.292
778.292
778.292
778.292
778.292
778.292
778.292
778.292
778.292
778.292
778.292
778.292
778.292
778.292
782.242
782.242
782.242
782.242
782.242
782.242
782.242
782.242
782.242
782.242
782.242
782.242
782.242
782.242
782.242
782.242
782.242
782.242
782.242
782.242
782.242
782.242
782.242
782.242
782.242
782.864
782.864
782.864
782.864
782.864
782.864
782.864
782.864
782.864
782.864
782.864
782.864
782.864
782.864
782.864
782.864
782.864
782.864
782.864
782.864
782.864
782.864
782.864
782.864
782.864
782.864
782.864
782.864
782.864
782.864
782.864
782.864
782.864
782.864
782.864
782.864
782.864
782.864
782.864
782.864
782.864
782.864
782.864
782.864
782.864
782.864
782.864
782.864
782.864
782.864
782.864
782.864
782.864
782.864
782.864
782.864
782.864
782.864
782.864
782.864
782.864
782.864
782.864
782.864
782.864
782.864
782.864
782.864
782.864
782.864
782.864
782.864
782.864
782.864
782.864
782.864
782.864
782.864
782.864
782.864
782.864
782.864
782.864
782.864
782.864
782.864
782.864
782.864
782.864
782.864
782.864
782.864
782.864
782.864
782.864
782.864
782.864
782.864
782.864
782.864
782.864
782.864
782.864
782.864
782.864
782.864
782.864
782.864
782.864
782.864
782.864
782.864
782.935
782.935
782.935
782.935
782.935
782.935
782.935
782.935
782.935
782.935
782.935
782.935
782.935
782.935
782.935
782.935
782.935
782.935
782.935
782.935
782.935
782.935
782.935
782.935
782.935
782.935
782.993
782.993
782.993
782.993
782.993
782.993
782.993
782.993
782.993
782.993
782.993
783.051
783.051
783.051
783.051
783.051
783.051
783.051
783.051
783.051
783.051
783.051
783.051
783.051
783.051
783.051
783.051
783.051
783.051
783.051
783.051
783.051
783.051
783.051
783.051
783.051
783.051
783.051
783.051
783.051
783.051
783.051
783.051
783.648
783.648
783.648
783.648
783.648
783.648
783.648
783.648
783.648
783.648
783.648
783.648
783.648
783.648
783.648
783.648
783.648
783.648
783.648
783.648
783.648
783.648
783.648
783.648
783.648
783.648
783.648
783.648
783.648
783.648
784.371
784.371
784.371
784.371
784.371
784.371
784.371
784.371
784.371
784.371
784.371
784.371
784.371
784.371
784.371
784.371
784.371
784.371
784.371
784.371
784.371
784.371
784.371
784.371
784.371
784.371
784.371
785.848
785.848
785.848
785.848
785.848
785.848
785.848
785.848
785.848
785.848
785.848
785.848
785.848
785.848
785.848
785.848
785.848
785.848
785.848
785.848
785.848
785.848
785.848
785.848
785.848
785.848
785.848
785.848
785.848
785.848
785.848
785.848
785.848
785.848
785.848
785.848
785.848
785.848
785.848
785.848
785.848
785.848
785.848
785.848
785.848
785.848
785.848
785.848
785.848
785.848
785.848
785.848
785.848
785.848
785.848
785.848
785.848
785.848
785.848
785.848
785.848
785.848
785.848
785.848
785.848
785.848
785.848
785.848
785.848
785.848
785.848
785.848
785.848
785.848
785.848
785.848
785.848
785.848
785.848
785.848
785.848
785.848
785.848
785.848
785.848
785.848
785.848
785.848
785.848
785.848
785.848
785.848
785.848
785.848
785.848
785.848
785.848
785.848
785.848
785.848
785.848
785.848
785.848
785.848
785.848
785.848
785.848
785.848
785.848
785.848
785.848
785.848
785.848
785.848
785.848
785.848
785.848
785.848
785.848
785.848
785.848
785.848
785.848
785.848
785.848
785.848
785.848
785.848
785.848
785.848
785.848
785.848
785.848
785.848
785.848
785.848
785.848
785.848
785.848
785.848
785.848
785.848
785.848
785.848
785.848
785.848
785.848
785.848
785.848
785.848
785.848
785.848
785.848
785.848
785.848
785.848
785.848
785.848
785.848
785.848
785.848
785.848
785.848
785.848
785.848
785.848
785.848
785.848
785.848
785.848
785.848
785.848
785.848
785.848
785.848
785.848
785.848
785.848
785.848
785.848
785.848
785.848
785.848
785.848
785.848
785.848
785.848
785.848
785.848
785.848
785.848
785.848
785.848
785.848
785.848
785.848
785.848
785.848
785.848
785.848
785.848
785.848
785.848
785.848
785.954
785.954
785.954
785.954
785.954
785.954
785.954
785.954
785.954
785.954
785.954
785.954
785.954
785.954
785.954
785.954
785.954
785.954
785.954
785.954
785.954
785.954
785.954
785.954
785.954
785.954
785.954
785.954
785.954
785.954
785.954
785.954
785.954
785.954
785.954
785.954
785.954
785.954
785.954
785.954
785.954
785.954
785.954
785.954
785.954
785.954
785.954
785.954
785.954
785.954
785.954
785.954
785.954
785.954
785.954
785.954
785.954
785.954
785.954
785.954
785.954
785.954
785.954
785.954
785.954
785.954
785.954
785.954
785.954
785.954
785.954
785.954
785.954
785.954
785.954
785.954
785.954
785.954
785.954
785.954
785.954
785.954
785.954
785.954
785.954
785.954
785.954
785.954
787.081
787.081
787.081
787.081
787.081
787.081
787.081
787.081
787.081
787.081
787.081
787.081
787.081
787.081
787.081
787.081
787.081
787.081
787.081
787.081
787.081
787.081
787.081
787.081
787.081
787.081
787.081
787.081
787.081
787.466
787.466
787.466
787.466
787.466
787.466
787.466
787.466
787.466
787.466
787.466
787.466
787.466
787.466
787.466
787.466
787.466
787.466
787.466
787.466
787.466
787.466
787.466
787.466
787.466
787.466
787.466
787.466
787.466
787.466
787.466
787.466
787.466
787.466
787.466
787.466
787.466
787.466
787.466
787.466
787.466
787.466
787.466
787.466
787.466
787.466
787.466
787.466
787.466
787.466
787.466
787.466
787.466
787.466
787.466
787.466
787.466
787.466
787.466
787.466
787.466
789.319
789.319
789.319
789.319
789.319
789.319
789.383
789.383
789.383
789.383
789.406
789.406
789.406
789.406
789.406
789.406
789.406
789.406
789.406
789.406
789.406
789.406
789.406
789.406
789.406
789.406
789.406
789.406
789.406
789.406
789.406
789.406
790.302
790.302
790.302
790.302
790.344
790.36
790.36
790.36
790.36
790.456
790.456
790.456
790.456
790.456
790.456
790.456
790.456
790.456
790.456
790.456
790.456
790.456
790.456
790.456
790.456
790.556
790.556
790.556
790.556
790.556
790.556
790.556
790.556
805.08
805.08
805.08
805.08
805.08
805.08
805.08
805.08
805.08
805.08
805.08
805.08
805.08
805.08
805.08
805.08
805.08
805.08
805.08
805.08
805.08
805.08
805.08
805.08
805.08
805.08
805.08
805.08
805.08
805.08
805.08
805.08
805.08
805.08
805.08
805.08
805.08
805.08
805.08
805.08
805.08
805.08
805.08
805.08
805.08
805.08
805.08
805.08
805.08
805.08
805.08
805.08
805.08
805.08
805.08
805.08
805.08
805.08
805.08
805.08
805.119
805.119
805.119
805.119
805.119
805.119
805.119
805.119
805.119
805.119
805.119
805.119
805.119
805.119
805.119
805.119
805.119
805.119
805.119
805.119
805.119
805.119
805.119
805.119
805.119
805.119
805.119
805.119
805.119
805.119
805.119
805.119
805.119
805.119
805.119
805.119
805.119
805.119
805.119
805.119
805.119
805.119
805.119
805.119
805.119
808.493
808.493
808.493
808.493
808.493
808.493
808.493
808.493
808.493
808.493
808.493
808.493
808.493
808.493
808.493
808.493
808.493
808.493
808.493
808.493
808.493
808.493
808.493
808.493
808.493
808.493
808.493
808.493
808.493
808.493
808.493
808.493
808.493
808.493
808.493
808.493
808.493
808.493
808.493
808.493
808.493
808.493
808.493
808.493
808.493
808.493
808.493
808.493
808.493
808.493
808.493
808.493
808.493
808.493
808.493
808.493
808.493
808.493
808.493
808.493
808.493
808.493
808.493
808.493
808.493
808.493
808.493
808.493
808.493
808.493
808.493
808.493
808.493
808.493
808.493
808.493
808.493
808.493
808.493
808.493
808.493
808.493
808.493
808.493
808.493
808.493
808.493
808.493
808.493
808.493
808.493
808.493
808.493
808.493
808.493
808.493
808.493
808.493
808.493
808.493
808.493
808.493
808.493
808.493
808.493
808.493
808.493
808.493
808.493
808.493
808.493
808.493
808.493
808.493
808.493
808.493
808.493
808.493
808.493
808.493
808.493
808.493
808.493
808.493
808.493
808.493
808.493
808.493
808.493
808.493
808.493
808.493
808.493
808.493
808.493
808.493
808.493
808.493
808.493
808.493
808.493
808.493
808.493
808.493
808.493
808.493
808.493
808.493
808.493
808.493
808.493
808.493
808.493
808.493
808.493
808.493
808.493
808.493
808.493
808.493
808.493
808.493
808.493
808.493
808.493
808.493
808.493
808.493
808.493
808.493
808.493
808.493
808.493
808.493
808.493
808.493
808.493
808.493
808.493
808.493
808.493
808.493
808.493
808.493
808.493
808.493
808.493
808.493
808.493
808.493
808.493
808.493
808.493
808.493
808.493
808.493
808.493
808.493
808.493
808.493
808.493
808.493
808.493
808.493
808.493
808.493
808.493
808.493
808.493
808.493
808.493
808.493
808.493
808.493
808.493
808.493
808.493
808.493
808.493
808.493
808.493
808.493
808.493
808.493
808.493
808.493
808.493
808.493
808.493
808.493
808.493
808.493
808.493
808.493
808.493
808.493
808.493
808.493
808.493
808.493
808.493
808.493
808.493
808.493
808.493
808.493
808.493
808.493
808.493
808.493
808.493
808.493
808.493
808.493
808.493
808.493
808.493
808.493
808.493
808.493
808.493
808.493
808.493
808.493
808.493
808.493
808.493
808.493
808.493
808.493
808.493
808.493
808.493
808.493
808.493
808.493
808.493
808.493
808.493
808.493
808.493
808.493
808.493
808.493
808.493
808.493
808.493
808.493
808.493
808.493
808.493
808.493
808.493
808.493
808.493
808.493
808.493
808.493
808.493
808.493
808.493
808.493
808.493
808.493
808.493
808.493
808.493
808.493
808.493
808.493
808.493
808.493
808.493
808.493
808.493
808.493
808.493
808.493
808.493
808.493
808.493
808.493
808.493
808.493
808.493
808.493
808.493
808.493
808.493
808.493
808.493
808.493
808.493
808.493
808.493
808.493
808.493
808.493
808.493
808.493
808.493
808.493
808.493
808.493
808.493
808.493
808.493
808.493
808.493
808.493
808.493
808.493
808.493
808.493
808.493
808.493
808.493
808.493
808.493
808.493
808.493
808.493
808.493
808.493
808.493
808.493
808.493
808.493
808.493
808.493
808.493
808.493
808.493
808.493
808.493
808.493
808.493
808.493
808.493
808.493
808.493
808.493
808.493
808.493
808.493
808.493
808.493
808.493
808.493
808.493
808.493
808.493
808.493
808.493
808.493
808.493
808.493
808.493
808.493
808.493
808.493
808.493
808.493
808.493
808.493
808.55
808.55
808.55
808.55
808.55
808.55
808.55
808.55
808.55
808.55
808.55
808.55
808.55
808.55
808.55
808.55
808.55
808.55
808.55
808.55
808.55
808.55
808.55
808.55
808.55
808.55
808.55
808.55
808.55
808.55
808.55
808.55
808.55
808.55
808.55
808.55
808.55
808.55
808.55
808.55
808.55
808.55
808.55
808.55
808.55
808.55
808.55
808.55
808.55
808.55
808.583
808.583
808.583
808.583
808.583
808.583
808.583
808.583
808.583
808.583
808.583
808.583
808.583
808.583
808.583
808.583
808.583
808.583
808.583
808.583
808.583
808.583
808.583
808.583
808.583
808.583
808.583
808.583
808.583
808.583
808.583
808.583
808.583
808.583
811.099
811.099
811.099
811.099
811.099
811.099
811.099
811.099
811.099
811.099
811.099
811.099
811.099
811.099
811.099
811.099
811.099
811.099
811.099
811.099
811.099
811.099
811.099
811.099
811.099
811.099
811.099
811.099
811.099
811.099
811.099
811.446
811.446
811.446
811.446
811.446
811.446
811.446
811.446
811.446
811.446
811.446
811.446
811.446
811.446
811.446
811.446
811.446
811.446
811.446
811.446
811.446
811.446
811.446
811.446
811.446
811.446
811.446
811.446
811.446
811.446
811.446
811.446
811.446
811.446
811.446
811.446
811.446
811.446
811.446
811.446
811.446
811.446
811.446
811.446
811.446
811.446
811.446
811.446
811.446
811.446
811.446
811.446
811.446
811.446
811.446
811.446
811.446
811.446
811.446
811.446
811.446
811.446
811.446
811.446
811.446
811.446
811.446
811.446
811.446
811.446
811.446
811.446
811.446
811.446
811.446
811.446
811.446
811.446
811.446
811.446
811.446
811.446
811.446
811.446
811.446
811.446
811.446
811.446
811.446
811.446
811.446
811.446
811.446
811.446
811.446
811.446
811.446
811.446
811.446
811.446
811.446
811.446
811.446
811.446
811.446
811.446
811.446
811.446
811.446
811.446
811.446
811.446
811.446
811.446
811.446
811.446
811.446
811.446
811.446
811.446
811.446
811.446
811.446
811.446
811.446
811.446
811.446
811.446
811.446
811.446
811.446
811.446
811.446
811.446
811.446
811.446
811.446
811.446
811.446
811.446
811.446
811.446
811.446
811.446
811.446
811.446
811.446
811.446
811.446
811.446
811.446
811.446
811.446
811.446
811.446
811.446
811.446
811.446
811.446
811.446
811.446
811.446
811.446
811.446
811.446
811.446
811.446
811.446
811.446
811.446
811.446
811.446
811.446
811.446
811.446
811.446
811.446
811.446
811.446
811.446
811.446
811.446
811.446
811.446
811.446
811.446
811.446
811.446
811.446
811.446
811.446
811.446
811.446
811.446
811.446
811.446
811.446
811.446
811.446
811.446
811.446
811.446
811.446
811.446
811.446
811.446
811.446
811.446
811.446
811.446
811.446
811.446
811.446
811.446
811.446
811.446
811.446
811.446
811.446
811.446
811.446
811.446
811.446
811.446
811.446
811.446
811.446
811.446
811.446
811.446
811.446
811.446
811.446
811.446
811.446
811.446
811.446
811.446
811.446
811.446
811.446
811.446
811.446
811.446
811.446
811.446
811.446
811.446
811.446
811.446
811.446
811.446
811.446
811.446
811.446
811.446
811.446
811.446
811.446
811.446
811.446
811.446
811.446
811.446
811.446
811.446
811.446
811.446
811.446
811.446
811.446
811.446
811.446
811.446
811.446
811.446
811.446
811.446
811.446
811.446
811.446
811.446
811.446
811.446
811.446
811.446
811.446
811.446
811.446
811.446
811.446
811.446
811.446
811.446
811.446
811.446
811.446
811.446
811.446
811.446
811.446
811.446
811.446
811.446
811.446
811.446
811.446
811.446
811.446
811.446
811.446
811.446
811.446
811.446
811.446
811.446
811.446
811.446
811.446
811.446
811.446
811.446
811.446
811.446
811.446
811.446
811.446
811.446
811.446
811.446
811.446
811.446
811.446
811.446
811.446
811.446
811.446
811.446
811.446
811.581
811.581
811.581
811.581
811.581
811.581
811.581
811.581
811.581
811.581
811.658
811.658
811.658
811.658
811.658
811.658
811.658
811.658
811.658
811.658
811.658
811.658
811.658
811.658
811.658
811.658
811.658
811.658
811.658
811.658
811.658
811.658
811.658
811.658
811.658
811.658
811.658
811.658
811.658
811.658
811.658
811.658
811.658
811.658
811.658
811.658
811.658
811.658
811.658
811.658
811.658
811.658
811.658
811.658
811.658
811.658
811.658
811.658
811.658
811.658
811.658
811.658
811.658
811.658
811.658
811.658
811.658
811.658
811.658
811.658
811.658
811.658
811.658
811.658
811.658
811.658
811.658
811.658
811.658
811.658
811.658
811.658
811.658
811.658
811.658
811.658
811.658
811.658
811.658
811.658
811.658
811.658
811.658
811.658
811.658
811.658
811.658
