11.2807 82 53.7123
6, 4, 5
15, 9
1, 2, 3, 6, 8, 10, 11
3, 2
14, 13, 11, 12
2, 4, 6, 15, 7, 10
11.422 72 47.7688
9, 15, 7, 10
11, 13, 14
1, 2, 3, 6
11, 10, 8, 6, 4, 5
12, 4
3, 2
13.1079 63 43.0432
5, 4, 2, 1
9, 15
7, 10, 11
7, 15, 8, 6, 3, 2
12, 11, 13
13, 14
11.2742 83 54.3097
9, 15, 7, 10, 11, 12
5, 4
1, 2, 3, 6, 8, 10, 13
13, 14
1, 2
4, 6
11.0527 93 60.2211
9, 15, 7, 10, 11, 12
5, 4
1, 2, 3, 6, 8, 10, 13
13, 14
1, 2
4, 6, 8, 10
11.21 85 55.484
9, 15, 7, 10, 11, 12
5, 4
1, 2, 3, 6, 8, 10, 13
13, 14
1, 2
4, 6, 8
11.149 88 57.2596
9, 15, 7, 10, 11, 12
5, 4
1, 2, 3, 6, 8, 10, 13
13, 14
1, 2, 4
4, 6, 8
10.9917 96 61.9967
9, 15, 7, 10, 11, 12
5, 4
1, 2, 3, 6, 8, 10, 13
13, 14
1, 2, 4
4, 6, 8, 10
10.8568 116 73.9427
9, 15, 7, 10, 13, 14
14, 10, 8, 6, 3, 2, 1
9, 15
14, 10, 11, 12
8, 6
11, 10, 8, 6, 4, 5
10.8311 123 78.1324
9, 15, 7, 10, 13
14, 10, 8, 6, 3, 2, 1
9, 15, 7, 10, 11, 12
14, 10
8, 6
11, 10, 8, 6, 4, 5
10.8664 114 72.7466
9, 15, 7, 10, 13
14, 10, 8, 6, 3, 2, 1
9, 15
14, 10, 11, 12
8, 6
11, 10, 8, 6, 4, 5
10.8215 125 79.3286
9, 15, 7, 10, 13, 14
14, 10, 8, 6, 3, 2, 1
9, 15, 7, 10, 11, 12
14, 10
8, 6
11, 10, 8, 6, 4, 5
10.9531 104 66.7812
4, 6, 8, 10, 11, 13
13, 14
6, 15, 9
12, 11, 10, 7, 15, 6, 4
8, 6, 3, 2, 5
1, 2, 3, 6, 8, 10
12.3468 66 44.5387
5, 4, 6
7, 15, 9
15, 8, 10, 11, 12
11, 13, 14
6, 3, 2, 1
15, 6
10.8022 138 87.1209
9, 15, 7, 10, 13
14, 10, 8, 6, 3, 2, 1
9, 15, 7, 10, 11
14, 10, 11, 12, 4
8, 6
11, 10, 8, 6, 4, 5
11.3802 74 48.9521
7, 15, 6, 3
12, 11, 10, 8, 6, 4, 5
8, 15, 9
14, 13
13, 11
15, 6, 3, 2, 1
11.3224 76 50.129
7, 15, 6, 3, 2
12, 11, 10, 8, 6, 4, 5
8, 15, 9
14, 13
13, 11
15, 6, 3, 2, 1
11.2839 79 51.9136
7, 15, 6, 3, 2, 4
12, 11, 10, 8, 6, 4, 5
8, 15, 9
14, 13
13, 11
15, 6, 3, 2, 1
11.5022 68 45.4009
7, 15
12, 11, 10, 8, 6, 4, 5
8, 15, 9
14, 13
13, 11
15, 6, 3, 2, 1
11.438 71 47.1752
7, 15, 6
12, 11, 10, 8, 6, 4, 5
8, 15, 9
14, 13
13, 11
15, 6, 3, 2, 1
10.9852 101 64.9941
13, 11
5, 2
5, 4, 6, 8, 10, 14
10, 7, 15, 9
1, 2, 3, 6, 8, 10, 11
5, 2, 4, 12
