11.2807 82 60.7842
6, 4, 5
15, 9
1, 2, 3, 6, 8, 10, 11
3, 2
14, 13, 11, 12
2, 4, 6, 15, 7, 10
11.3802 75 55.9141
6, 4, 5
15, 9
1, 2, 3, 6, 8, 10, 11
3, 2
14, 13, 11, 12
2, 4, 6, 15, 7
11.1554 91 67.0466
12, 11, 13
15, 7, 10, 8, 6, 4, 5
14, 13
5, 2
1, 2, 3, 6, 8, 10, 13
9, 15
11.422 72 53.8266
9, 15, 7, 10
11, 13, 14
1, 2, 3, 6
11, 10, 8, 6, 4, 5
12, 4
3, 2
11.2261 87 64.2678
9, 15, 7, 10, 11, 12
11, 13, 14
1, 2, 3, 6
11, 10, 8, 6, 4, 5
12, 4
3, 2
11.1618 89 65.6486
7, 15, 6, 4, 5
2, 1
14, 10
13, 11
1, 2, 3, 6, 8, 10
9, 15, 7, 10, 11, 12
12.7803 63 47.9341
5, 4, 2
12, 11
1, 2, 3, 6, 8, 15
15, 7, 10
15, 9
14, 13, 11, 10
12.3565 64 48.5069
12, 4, 2, 3
7, 15, 8
2, 1
3, 6, 8, 10, 11, 13, 14
4, 5
9, 15
11.0784 96 70.5235
13, 10, 11, 12
7, 15
11, 13
14, 10, 8, 6, 4, 5
7, 10, 8, 6, 3, 2, 1
9, 15
11.149 92 67.7447
14, 13, 11
8, 6
14, 13
4, 12, 11, 10, 7, 15, 9
1, 2, 3, 6, 8, 10
2, 5, 4, 6, 8
11.332 80 59.3996
14, 13, 11
8, 6
14, 13
4, 12, 11, 10, 7, 15, 9
1, 2, 3, 6, 8, 10
5, 4
11.1586 90 66.3476
13, 11
8, 6
14, 13
4, 12, 11, 10, 7, 15, 9
1, 2, 3, 6, 8, 10
2, 5, 4, 6, 8
11.1362 95 69.8409
13, 10
8, 6
14, 13
4, 12, 11, 10, 7, 15, 9
1, 2, 3, 6, 8
2, 5, 4, 6, 8, 10
10.9049 100 73.2715
14, 13, 11
8, 6
14, 13
4, 12, 11, 10, 7, 15, 9
1, 2, 3, 6, 8, 10
2, 5, 4, 6, 8, 10
11.6468 65 48.994
10, 11, 13, 14
12, 4, 6
8, 15, 7
4, 5
1, 2, 3, 6, 8, 10
15, 9
10.9146 98 71.8744
13, 11
8, 6
14, 13
4, 12, 11, 10, 7, 15, 9
1, 2, 3, 6, 8, 10
2, 5, 4, 6, 8, 10
