11.2807 82 53.7123
6, 4, 5
15, 9
1, 2, 3, 6, 8, 10, 11
3, 2
14, 13, 11, 12
2, 4, 6, 15, 7, 10
11.3802 75 49.5521
6, 4, 5
15, 9
1, 2, 3, 6, 8, 10, 11
3, 2
14, 13, 11, 12
2, 4, 6, 15, 7
12.6166 67 45.2466
15, 8, 6
1, 2, 3, 6, 4, 12
8, 10, 11
7, 15, 9
5, 2
11, 13, 14
11.422 72 47.7688
9, 15, 7, 10
11, 13, 14
1, 2, 3, 6
11, 10, 8, 6, 4, 5
12, 4
3, 2
13.1079 63 43.0432
5, 4, 2, 1
9, 15
7, 10, 11
7, 15, 8, 6, 3, 2
12, 11, 13
13, 14
13.0758 66 44.8303
5, 4, 2, 1
9, 15
7, 10, 11
7, 15, 8, 6, 3, 2, 4
12, 11, 13
13, 14
11.2742 83 54.3097
9, 15, 7, 10, 11, 12
5, 4
1, 2, 3, 6, 8, 10, 13
13, 14
1, 2
4, 6
11.0527 93 60.2211
9, 15, 7, 10, 11, 12
5, 4
1, 2, 3, 6, 8, 10, 13
13, 14
1, 2
4, 6, 8, 10
11.21 85 55.484
9, 15, 7, 10, 11, 12
5, 4
1, 2, 3, 6, 8, 10, 13
13, 14
1, 2
4, 6, 8
11.149 88 57.2596
9, 15, 7, 10, 11, 12
5, 4
1, 2, 3, 6, 8, 10, 13
13, 14
1, 2, 4
4, 6, 8
10.9917 96 61.9967
9, 15, 7, 10, 11, 12
5, 4
1, 2, 3, 6, 8, 10, 13
13, 14
1, 2, 4
4, 6, 8, 10
10.9595 110 70.3838
4, 6, 8, 10, 11, 13
13, 14
6, 15, 9
4, 12, 11, 10, 7, 15, 6
8, 6, 3, 2, 5
1, 2, 3, 6, 8, 10
11.9037 69 46.1615
1, 2, 3
5, 4, 6, 8, 10, 14
9, 15
13, 11, 12
3, 6, 15, 7
13, 14
10.8568 116 73.9427
9, 15, 7, 10, 13, 14
14, 10, 8, 6, 3, 2, 1
9, 15
14, 10, 11, 12
8, 6
11, 10, 8, 6, 4, 5
10.8311 123 78.1324
9, 15, 7, 10, 13
14, 10, 8, 6, 3, 2, 1
9, 15, 7, 10, 11, 12
14, 10
8, 6
11, 10, 8, 6, 4, 5
10.8664 114 72.7466
9, 15, 7, 10, 13
14, 10, 8, 6, 3, 2, 1
9, 15
14, 10, 11, 12
8, 6
11, 10, 8, 6, 4, 5
10.8215 125 79.3286
9, 15, 7, 10, 13, 14
14, 10, 8, 6, 3, 2, 1
9, 15, 7, 10, 11, 12
14, 10
8, 6
11, 10, 8, 6, 4, 5
