11.2807 82 46.6403
6, 4, 5
15, 9
1, 2, 3, 6, 8, 10, 11
3, 2
14, 13, 11, 12
2, 4, 6, 15, 7, 10
11.3802 75 43.1901
6, 4, 5
15, 9
1, 2, 3, 6, 8, 10, 11
3, 2
14, 13, 11, 12
2, 4, 6, 15, 7
11.5151 72 41.7575
7, 15, 9
10, 11, 12
5, 4, 2
10, 8, 6, 3, 2, 1
13, 14, 10
7, 10
13.5543 63 38.2771
6, 3, 2
6, 8, 15, 7, 10, 11
11, 13, 14
1, 2, 4, 12
9, 15
5, 4
12.6294 66 39.3147
11, 13, 14
10, 7, 15
1, 2, 3, 6
3, 2
9, 15, 8, 6, 4, 5
12, 11, 10
11.2068 87 49.1034
13, 10, 7, 15, 9
11, 12
5, 2
14, 13
11, 10, 8, 6, 4
1, 2, 3, 6, 8, 10
11.3449 79 45.1724
1, 2, 3, 6, 8, 10, 11
1, 2, 4, 5
11, 13, 14
4, 12
3, 2
9, 15, 7, 10
11.0206 89 50.0103
5, 4, 6, 8, 10, 14, 13
12, 11
9, 15, 7, 10
11, 10, 8, 6, 3, 2, 1
2, 3
6, 4
10.9724 99 54.9862
5, 4, 6, 8, 10, 14, 13
12, 11
9, 15, 7, 10
11, 10, 8, 6, 3, 2, 1
2, 3
6, 4, 12
10.8118 114 62.4059
5, 4, 6, 8, 10, 14, 13
12, 11
9, 15, 7, 10
11, 10, 8, 6, 3, 2, 1
2, 3
6, 4, 12, 11, 10
11.7784 68 39.8892
13, 14
1, 2, 3, 6, 15, 7
13, 11, 10, 8, 6
15, 9
12, 4, 5
5, 2
11.7399 70 40.8699
13, 14
1, 2, 3, 6, 15, 7
13, 11, 10, 8, 6
15, 9
12, 4, 5
5, 2, 3
13.3327 64 38.6663
15, 7, 10, 11, 12
4, 6, 3
11, 13, 14
3, 2, 1
9, 15, 8, 6
4, 5
