12.7803 63 47.9341
12.7482 65 49.3245
12.7707 66 50.0312
12.6166 67 50.685
12.061 68 51.2183
12.0353 71 53.3106
12.1124 71 53.3337
11.422 72 53.8266
11.3802 75 55.9141
11.2807 82 60.7842
11.2261 87 64.2678
11.3288 87 64.2987
11.3224 88 64.9967
11.1618 89 65.6486
11.2967 90 66.389
11.3224 90 66.3967
11.1554 91 67.0466
11.3224 92 67.7967
11.1522 95 69.8457
11.3224 95 69.8967
11.1586 96 70.5476
11.0398 101 74.0119
10.9499 109 79.585
12.3757 132 96.1127
13.4515 98 72.6355
12.122 104 76.4366
13.3166 115 84.495
14.6943 120 88.4083
12.2344 86 63.8703
14.4888 70 53.3466
13.7919 87 65.0376
12.1124 97 71.5337
12.5556 121 88.4667
14.2415 101 74.9724
13.2653 96 71.1796
11.7977 145 105.039
12.5491 94 69.5647
12.6776 81 60.5033
13.0629 117 85.8189
12.0803 104 76.4241
12.4817 107 78.6445
12.2505 103 75.7751
13.4547 86 64.2364
11.8619 99 72.8586
12.8703 114 83.6611
12.8285 91 67.5486
12.9859 102 75.2958
12.8092 113 82.9428
12.289 111 81.3867
13.3776 77 57.9133
12.9184 106 78.0755
14.8003 94 70.2401
12.6808 101 74.5042
