11.4123 70 17.2711
12.1638 65 17.4474
11.9968 68 17.5971
12.1092 67 17.5983
11.9454 69 17.6509
11.3802 75 17.7422
11.3256 80 18.1931
11.2229 81 18.2006
11.1683 89 18.9514
11.104 90 18.9936
11.0944 95 19.485
11.0623 96 19.5561
11.0527 99 19.8474
11.0206 100 19.9185
11.0077 101 20.0069
11.0077 104 20.3069
10.8504 107 20.4653
10.7508 126 22.2757
12.0096 99 20.7087
12.9698 96 21.2728
13.5286 82 20.3757
12.6423 118 23.178
14.6782 93 22.5104
12.8606 109 22.4746
12.5973 109 22.2376
12.3854 128 23.9468
13.4611 89 21.015
11.8073 118 22.4266
13.6089 94 21.648
14.0906 72 19.8815
11.8009 128 23.4208
11.6532 95 19.9879
11.5857 139 24.3272
12.562 103 21.6058
13.2042 94 21.2838
13.246 94 21.3214
13.5318 80 20.1786
13.5382 97 21.8844
12.3757 99 21.0382
13.0951 109 22.6856
12.7225 108 22.2503
11.9647 129 23.6682
12.6037 102 21.5434
13.2428 99 21.8185
13.6281 89 21.1653
11.9743 113 22.0769
11.7881 102 20.8092
12.5748 132 24.5173
