12.3468 64 22.6775
11.7784 68 23.0227
11.4123 70 23.1299
11.3802 75 24.1042
11.2807 82 25.4245
11.0206 89 26.6164
10.9724 99 28.5779
10.9499 109 30.5599
10.8118 114 31.4495
10.8793 114 31.5034
10.7893 124 33.4315
13.3423 110 32.6739
12.9698 125 35.3759
12.6808 75 25.1446
12.1124 88 27.2899
12.2826 133 36.4261
13.2235 121 34.7788
12.1895 125 34.7516
12.0064 86 26.8051
13.5093 85 27.8074
13.2299 95 29.5839
13.3391 105 31.6713
12.8189 110 32.2551
13.3198 93 29.2559
12.6936 92 28.5549
14.3828 86 28.7062
13.1496 101 30.7197
13.0854 102 30.8683
13.1079 95 29.4863
11.5954 126 34.4763
13.0083 81 26.6067
12.9891 141 38.5913
12.8446 93 28.8757
13.2331 106 31.7865
11.6018 120 33.2814
12.9184 93 28.9347
12.8414 84 27.0731
11.4091 119 32.9273
12.7418 82 26.5934
10.9435 106 29.9548
12.4207 102 30.3365
