12.3565 64 38.1782
13.4708 63 38.2354
11.9647 67 39.4823
11.7784 68 39.8892
11.7399 70 40.8699
11.5151 72 41.7575
11.4348 73 42.2174
11.3802 75 43.1901
11.3288 77 44.1644
11.2871 81 46.1435
11.2807 82 46.6403
11.1811 85 48.0906
11.0206 89 50.0103
10.9724 99 54.9862
10.9403 104 57.4701
10.86 112 61.43
10.8118 114 62.4059
10.8504 117 63.9252
10.7893 121 65.8947
10.7829 137 73.8915
10.754 144 77.377
10.7508 152 81.3754
13.9396 87 50.4698
11.6885 115 63.3443
11.7816 97 54.3908
12.9216 94 53.4608
13.2974 77 45.1487
11.3288 115 63.1644
12.806 116 64.403
11.271 98 54.6355
12.8992 91 51.9496
11.9904 106 58.9952
12.3854 113 62.6927
12.2954 113 62.6477
13.4547 93 53.2274
13.7726 86 49.8863
13.7759 84 48.8879
12.2344 101 56.6172
14.6718 83 48.8359
12.183 123 67.5915
13.3455 105 59.1728
13.4611 83 48.2306
13.9139 88 50.957
12.6262 101 56.8131
11.9294 135 73.4647
13.0437 100 56.5218
13.0951 90 51.5475
12.2344 90 51.1172
12.684 101 56.842
11.8812 91 51.4406
13.246 106 59.623
12.2087 89 50.6044
