11.4123 70 17.2711
12.1638 65 17.4474
11.9968 68 17.5971
11.3802 75 17.7422
11.3256 80 18.1931
11.2678 82 18.341
11.2582 84 18.5324
11.2486 88 18.9237
11.104 90 18.9936
11.0944 95 19.485
11.0623 96 19.5561
11.0527 99 19.8474
11.043 103 20.2387
11.0077 104 20.3069
10.9981 119 21.7983
11.4348 104 20.6913
12.4913 130 24.2422
11.1875 108 20.8688
12.5556 131 24.4
13.4547 89 21.0092
13.1496 118 23.6347
11.8137 105 21.1324
11.422 86 18.8798
12.3372 121 23.2035
12.8285 96 21.1457
11.8362 107 21.3526
13.4868 80 20.1381
13.5414 81 20.2873
12.5202 97 20.9682
14.7007 102 23.4306
13.6153 87 20.9538
11.7238 101 20.6514
12.3147 115 22.5832
13.2299 99 21.8069
13.5767 115 23.7191
12.5716 113 22.6145
12.1285 92 20.1156
13.0662 95 21.2595
13.3455 83 20.311
12.4496 106 21.8046
13.1079 95 21.2971
13.3166 90 20.985
13.5222 95 21.6699
13.079 99 21.6711
12.5588 111 22.4029
