13.1079 63 43.0432
12.3468 66 44.5387
11.5022 68 45.4009
11.438 71 47.1752
11.422 72 47.7688
11.3802 74 48.9521
11.3224 76 50.129
11.2839 79 51.9136
11.2807 82 53.7123
11.2742 83 54.3097
11.21 85 55.484
11.149 88 57.2596
11.0527 93 60.2211
10.9917 96 61.9967
11.0719 97 62.6288
10.9852 101 64.9941
10.9531 104 66.7812
10.8664 114 72.7466
10.8568 116 73.9427
10.8311 123 78.1324
10.8215 125 79.3286
10.8022 138 87.1209
10.7926 154 96.717
13.3744 88 58.1498
12.1638 111 71.4655
13.8369 82 54.7347
12.2376 99 64.2951
12.1927 121 77.4771
12.5716 90 59.0286
11.4348 99 63.9739
12.3725 110 70.949
13.6313 107 69.6525
13.1464 107 69.4586
12.6069 104 67.4428
13.2299 119 76.692
11.7559 92 59.9024
14.6943 80 53.8777
12.8831 99 64.5532
13.0212 94 61.6085
14.3443 95 62.7377
12.5684 94 61.4274
12.0321 122 78.0128
13.079 102 66.4316
13.0501 104 67.62
13.4515 120 77.3806
12.0482 104 67.2193
13.6891 87 57.6757
12.9698 132 84.3879
12.9923 97 63.3969
13.1914 110 71.2766
12.8863 107 69.3545
12.2922 94 61.3169
12.5427 105 68.0171
