11.6853 65 27.6797
13.5543 63 28.388
11.5151 72 29.6606
11.3802 75 30.4662
11.3449 79 31.6414
11.2807 82 32.4965
11.1265 84 32.9886
11.1008 89 34.4706
10.9852 93 35.5897
10.921 96 36.4447
10.9049 111 40.9335
10.8664 114 41.8065
10.8568 116 42.3997
10.8311 123 44.4818
10.8215 125 45.075
10.7926 154 53.7548
13.885 98 39.1195
13.4001 88 35.7801
11.7303 112 41.8112
12.0899 129 47.1629
12.8349 79 32.6845
13.4772 84 34.634
12.273 103 39.4911
12.3918 88 35.0742
14.2062 85 35.4443
12.1895 106 40.3326
11.7881 117 43.3516
13.2171 99 38.952
12.2184 119 44.2529
12.7707 130 47.9395
13.1818 86 35.0272
14.0649 84 35.0454
12.9473 90 36.0631
12.5074 105 40.2552
13.8882 121 46.0218
13.4387 94 37.6071
13.4194 92 36.9936
13.4098 102 39.9868
12.7803 117 44.0462
13.3905 83 34.2733
12.7097 114 43.0968
11.9004 100 38.3303
13.975 99 39.4825
12.5748 118 44.2024
12.0899 138 49.8629
12.1156 99 38.1809
