12.3565 64 38.1782
13.5543 63 38.2771
11.7784 68 39.8892
11.7399 70 40.8699
11.5151 72 41.7575
11.4348 73 42.2174
11.3802 75 43.1901
11.3288 77 44.1644
11.2871 81 46.1435
11.2807 82 46.6403
11.1811 85 48.0906
11.0206 89 50.0103
10.9724 99 54.9862
10.9403 104 57.4701
10.8118 114 62.4059
10.8793 114 62.4396
10.7893 124 67.3947
10.754 144 77.377
12.4143 119 65.7071
13.6153 90 51.8076
13.6024 102 57.8012
13.7213 88 50.8606
13.1368 93 53.0684
14.4855 118 66.2428
11.9904 145 78.4952
13.4611 92 52.7306
11.4188 124 67.7094
12.7675 107 59.8838
11.7174 106 58.8587
13.5029 90 51.7514
12.2055 116 64.1028
12.5459 126 69.273
13.185 110 61.5925
12.8992 96 54.4496
12.4528 104 58.2264
11.5633 115 63.2816
13.2749 118 65.6374
13.9621 100 56.9811
13.6731 113 63.3365
13.3231 105 59.1615
13.2492 103 58.1246
13.1721 85 49.0861
13.0148 114 63.5074
12.5748 120 66.2874
13.4997 93 53.2498
13.6153 114 63.8076
13.5767 88 50.7884
13.3295 90 51.6647
