13.1079 63 43.0432
13.0758 66 44.8303
12.6166 67 45.2466
12.4464 69 46.3786
12.3468 70 46.9387
11.9294 71 47.3717
11.422 72 47.7688
11.3802 75 49.5521
11.2807 82 53.7123
11.2261 87 56.6904
11.3288 87 56.7315
11.1618 89 57.8647
11.1554 91 59.0622
11.0816 119 75.8326
12.0032 99 64.2013
12.9634 92 60.3854
13.4483 107 69.5793
12.0321 107 69.0128
13.2813 91 59.9125
13.3231 92 60.5292
12.2152 87 57.0861
11.6307 107 68.8523
13.4355 83 55.1742
13.2299 90 59.292
12.9441 92 60.3777
12.456 101 65.5824
13.3359 96 62.9344
12.2858 138 87.7143
13.3166 110 71.3267
13.4387 88 58.1755
13.3359 95 62.3344
13.5382 105 68.4153
13.14 104 67.656
12.6744 124 79.4697
13.5029 97 63.6012
13.7983 105 68.5193
12.6583 105 68.0633
13.1207 86 56.8483
13.8433 85 56.5373
12.8189 89 58.5276
12.9249 112 72.3699
13.5735 137 87.6294
14.8484 80 53.9394
13.6057 110 71.4423
