13.5543 63 53.1109
11.6853 65 54.3371
11.5215 68 56.7043
11.4766 69 57.4953
11.3128 70 58.2626
11.4669 71 59.0934
11.3706 73 60.6741
11.316 74 61.4632
11.3064 76 63.0613
11.2486 78 64.6497
11.2389 80 66.2478
11.1843 81 67.0369
11.1747 83 68.6349
11.1618 89 73.4324
11.1265 92 75.8253
11.0559 98 80.6112
10.9852 101 82.997
10.8953 103 84.5791
10.8536 111 90.9707
10.8728 111 90.9746
10.8343 113 92.5669
10.8343 116 94.9669
10.8247 117 95.7649
10.7636 118 96.5527
10.7604 126 102.952
10.7412 138 112.548
12.0963 103 84.8193
13.5382 105 86.7076
13.3841 103 85.0768
13.6635 93 77.1327
12.6358 93 76.9272
12.6358 110 90.5272
12.7225 124 101.745
12.8863 83 68.9773
13.6956 106 87.5391
12.1156 136 111.223
13.7469 84 69.9494
14.2383 109 90.0477
13.7245 125 102.745
14.1291 110 90.8258
13.2781 105 86.6556
12.79 101 83.358
13.49 93 77.098
13.3616 113 93.0723
13.3327 90 74.6665
11.8908 102 83.9782
13.2556 106 87.4511
13.7437 93 77.1488
13.3102 128 105.062
13.4162 97 80.2832
13.3809 75 62.6762
12.2216 74 61.6443
11.9261 101 83.1852
11.6853 117 95.9371
13.596 96 79.5192
14.6429 98 81.3286
