12.6744 66 34.0046
11.5729 68 34.1437
12.395 64 33.037
11.4733 67 33.684
12.5234 64 33.1141
12.5234 64 33.1141
11.4862 70 34.8917
11.5601 72 35.736
11.3417 80 38.805
11.5601 72 35.736
11.5601 72 35.736
11.4155 89 42.4493
11.4155 89 42.4493
10.921 101 46.9526
11.4059 93 44.0435
11.3256 102 47.5954
11.3963 98 46.0378
11.5665 65 32.9399
11.3417 80 38.805
12.6519 64 33.1911
11.4155 89 42.4493
12.5234 64 33.1141
11.4862 70 34.8917
11.5665 65 32.9399
11.7303 94 44.6382
11.6949 65 33.017
11.5601 72 35.736
12.668 63 32.8008
11.4155 89 42.4493
11.6082 111 51.3649
11.5504 78 38.1303
11.4059 93 44.0435
11.422 98 46.0532
12.1863 66 33.7118
12.395 64 33.037
11.5601 72 35.736
11.5986 68 34.1592
12.668 63 32.8008
11.3417 80 38.805
11.4155 89 42.4493
11.7206 99 46.6324
11.4059 93 44.0435
11.3417 80 38.805
11.5729 68 34.1437
11.7399 98 46.2439
11.5665 65 32.9399
11.3417 80 38.805
11.5986 68 34.1592
11.4155 89 42.4493
11.3385 74 36.4031
11.4862 67 33.6917
11.6949 65 33.017
11.7399 90 43.0439
11.4155 89 42.4493
12.668 63 32.8008
11.8523 99 46.7114
12.395 64 33.037
11.3417 80 38.805
11.3417 80 38.805
11.4316 72 35.659
11.711 100 47.0266
12.1863 66 33.7118
11.3417 80 38.805
11.4316 72 35.659
11.4059 93 44.0435
11.3513 74 36.4108
11.5665 65 32.9399
12.1863 66 33.7118
11.5665 65 32.9399
11.4155 89 42.4493
11.5729 68 34.1437
11.5601 72 35.736
11.5504 78 38.1303
11.4123 77 37.6474
12.1863 66 33.7118
11.4059 93 44.0435
11.7303 94 44.6382
11.5665 65 32.9399
11.377 103 48.0262
10.8921 111 50.9353
11.5119 98 46.1071
11.4059 93 44.0435
11.4059 93 44.0435
11.4155 89 42.4493
12.6744 66 34.0046
11.4059 93 44.0435
12.395 64 33.037
12.395 64 33.037
11.4059 93 44.0435
12.4913 74 37.0948
11.4059 93 44.0435
11.4155 89 42.4493
12.6744 66 34.0046
11.4059 93 44.0435
11.4316 72 35.659
11.4862 67 33.6917
11.3385 74 36.4031
11.4155 89 42.4493
11.4059 93 44.0435
12.668 63 32.8008
12.5234 64 33.1141
12.5234 64 33.1141
12.1863 66 33.7118
12.5234 64 33.1141
11.7399 98 46.2439
11.4316 72 35.659
12.395 64 33.037
12.395 64 33.037
11.5408 70 34.9245
12.1863 66 33.7118
11.5601 72 35.736
12.395 64 33.037
12.6519 64 33.1911
11.4766 70 34.8859
12.5234 64 33.1141
11.4316 72 35.659
12.5234 64 33.1141
11.5504 78 38.1303
11.3256 102 47.5954
11.3417 80 38.805
11.5504 78 38.1303
11.4316 72 35.659
11.4155 89 42.4493
12.3629 74 37.0177
11.5665 65 32.9399
11.5665 65 32.9399
12.1863 66 33.7118
11.3449 96 45.2069
11.7399 90 43.0439
11.5665 65 32.9399
11.3963 98 46.0378
11.3417 80 38.805
11.0366 99 46.222
10.921 101 46.9526
11.4059 93 44.0435
12.5234 64 33.1141
12.1863 66 33.7118
11.5408 70 34.9245
11.5601 72 35.736
12.5234 64 33.1141
11.711 108 50.2266
11.5504 78 38.1303
11.4059 93 44.0435
11.7399 90 43.0439
11.4059 93 44.0435
11.4766 70 34.8859
11.0912 88 41.8547
11.544 70 34.9264
12.395 64 33.037
11.7399 98 46.2439
