11.5087 65 27.5561
11.4155 67 28.0909
13.0019 64 28.3013
11.2807 72 29.4965
11.2807 72 29.4965
11.4284 67 28.0999
11.6243 68 28.537
11.3577 72 29.5504
11.4155 67 28.0909
11.1651 78 31.2155
11.4509 83 32.9156
11.4509 83 32.9156
11.5408 81 32.3785
10.8728 98 37.011
11.3192 106 39.7234
11.2325 108 40.2627
11.0719 127 45.8504
11.3963 87 34.0774
11.2807 72 29.4965
11.4509 70 29.0156
10.8728 98 37.011
13.0019 64 28.3013
11.1875 74 30.0313
13.0019 64 28.3013
11.3963 87 34.0774
11.3577 72 29.5504
11.5087 65 27.5561
11.4155 67 28.0909
11.4155 67 28.0909
11.3577 72 29.5504
11.2807 72 29.4965
11.4284 67 28.0999
11.4155 67 28.0909
10.8728 98 37.011
10.9049 109 40.3335
11.5408 81 32.3785
11.0302 93 35.6211
11.4509 83 32.9156
11.1008 101 38.0706
11.5408 81 32.3785
11.4509 70 29.0156
10.876 133 47.5132
11.3963 87 34.0774
11.5408 81 32.3785
11.6243 68 28.537
11.4284 67 28.0999
11.7013 84 33.3909
11.2807 72 29.4965
11.0013 121 44.0009
10.8728 98 37.011
11.7013 84 33.3909
11.5408 81 32.3785
11.4155 70 28.9909
11.6243 68 28.537
11.3192 106 39.7234
11.1233 80 31.7863
11.4284 67 28.0999
11.4155 70 28.9909
13.0019 64 28.3013
11.0077 100 37.7054
11.3577 72 29.5504
11.4155 67 28.0909
11.4284 67 28.0999
11.2807 72 29.4965
11.3577 72 29.5504
13.0019 64 28.3013
11.4284 67 28.0999
11.2807 72 29.4965
11.1875 74 30.0313
13.0019 64 28.3013
11.4155 70 28.9909
11.2807 72 29.4965
11.4509 83 32.9156
11.1651 78 31.2155
11.0077 100 37.7054
10.8504 126 45.3952
11.1008 101 38.0706
11.2775 98 37.2942
11.2807 72 29.4965
10.8728 98 37.011
11.4509 83 32.9156
11.2807 72 29.4965
11.5087 65 27.5561
11.1233 80 31.7863
11.5087 65 27.5561
11.4155 67 28.0909
11.3577 72 29.5504
11.4155 70 28.9909
11.088 89 34.4616
11.4155 70 28.9909
11.3192 89 34.6234
11.2518 85 33.3762
11.4155 67 28.0909
11.1233 80 31.7863
11.0077 100 37.7054
11.3288 101 38.2302
11.3577 72 29.5504
11.4155 67 28.0909
11.4155 70 28.9909
11.2807 72 29.4965
11.7013 84 33.3909
11.3192 106 39.7234
11.4509 70 29.0156
11.1715 75 30.32
11.3577 72 29.5504
11.3963 87 34.0774
11.1875 74 30.0313
11.1875 74 30.0313
11.3577 72 29.5504
11.2775 98 37.2942
11.4155 67 28.0909
11.1651 78 31.2155
11.4509 83 32.9156
11.4155 67 28.0909
11.3577 72 29.5504
11.2807 72 29.4965
11.3288 101 38.2302
11.1008 101 38.0706
11.7013 84 33.3909
11.5087 65 27.5561
11.2775 98 37.2942
11.7013 84 33.3909
11.4509 83 32.9156
11.2807 72 29.4965
13.0019 64 28.3013
11.1008 101 38.0706
11.5087 65 27.5561
13.0019 64 28.3013
11.4509 70 29.0156
11.5087 65 27.5561
11.4155 70 28.9909
13.0019 64 28.3013
11.4509 70 29.0156
11.4155 67 28.0909
11.1008 101 38.0706
11.3192 106 39.7234
11.4509 70 29.0156
11.7013 84 33.3909
11.4155 70 28.9909
11.4509 70 29.0156
11.5087 65 27.5561
11.5087 65 27.5561
10.8407 131 46.8885
11.5408 81 32.3785
11.5087 65 27.5561
11.0912 108 40.1638
11.1008 101 38.0706
11.1715 75 30.32
11.0077 100 37.7054
11.2775 98 37.2942
