11.9326 65 33.1595
14.4663 64 34.2798
11.7688 72 35.8613
12.5877 65 33.5526
11.3899 77 37.6339
12.4432 71 35.8659
11.2614 84 40.3568
11.2614 84 40.3568
11.6307 84 40.5784
11.438 83 40.0628
11.8073 90 43.0844
11.4316 95 44.859
12.5234 101 47.9141
11.1426 97 45.4855
11.0013 99 46.2008
11.2132 107 49.5279
12 90 43.2
11.6082 100 46.9649
11.772 94 44.6632
11.3995 83 40.0397
12 90 43.2
11.6628 92 43.7977
14.4663 64 34.2798
11.9326 65 33.1595
11.7688 72 35.8613
11.2614 84 40.3568
11.2614 84 40.3568
12.1574 93 44.4944
11.2646 91 43.1588
11.4123 110 50.8474
12.0546 84 40.8328
11.5665 74 36.5399
11.9326 65 33.1595
11.3866 95 44.832
11.4059 101 47.2435
12.1766 87 42.106
12.5877 65 33.5526
11.8073 88 42.2844
11.9326 65 33.1595
11.8266 88 42.296
12.1413 89 42.8848
11.5665 74 36.5399
11.4701 89 42.4821
12.5877 65 33.5526
12.4432 71 35.8659
11.1683 93 43.901
11.7142 93 44.2285
11.2229 88 41.9337
11.3995 83 40.0397
11.8362 96 45.5017
11.3288 95 44.7973
11.7688 72 35.8613
12.4432 71 35.8659
11.2646 93 43.9588
11.9326 65 33.1595
11.2614 84 40.3568
11.9422 98 46.3653
12.4432 71 35.8659
11.9326 65 33.1595
11.5665 74 36.5399
11.3899 77 37.6339
11.5215 95 44.9129
12.3147 97 46.1888
11.3899 75 36.8339
12.106 99 46.8636
11.3931 91 43.2358
11.4123 93 44.0474
11.9968 93 44.3981
11.7688 72 35.8613
11.4123 93 44.0474
11.3931 91 43.2358
12.1766 87 42.106
11.3995 83 40.0397
11.2614 84 40.3568
14.4663 64 34.2798
11.2614 84 40.3568
12.1092 91 43.6655
11.3931 93 44.0358
11.1747 109 50.3048
11.9326 65 33.1595
11.2614 84 40.3568
11.2614 84 40.3568
11.9326 65 33.1595
11.5536 88 42.1322
11.9968 93 44.3981
11.4412 91 43.2647
12 90 43.2
12.0578 99 46.8347
12.5877 65 33.5526
11.3513 105 48.8108
12.851 88 42.9106
11.2614 84 40.3568
11.5344 94 44.5206
11.6532 93 44.1919
11.422 89 42.4532
11.3995 83 40.0397
11.3385 93 44.0031
12.0417 84 40.8251
14.4663 64 34.2798
12.0032 101 47.6019
11.2614 84 40.3568
11.8073 88 42.2844
11.772 94 44.6632
11.3192 87 41.5915
12.8125 90 43.6875
11.422 89 42.4532
11.6403 89 42.5842
12.1252 95 45.2751
11.2614 84 40.3568
11.817 96 45.4902
11.3192 89 42.3915
11.3577 97 45.6146
11.422 87 41.6532
11.3192 87 41.5915
11.2614 84 40.3568
11.6628 92 43.7977
11.2614 84 40.3568
11.7688 72 35.8613
11.4958 73 36.0975
11.8073 90 43.0844
11.2839 97 45.5703
11.9326 65 33.1595
12.1413 91 43.6848
11.3931 91 43.2358
11.2614 84 40.3568
11.2614 84 40.3568
11.422 87 41.6532
11.3899 77 37.6339
11.422 87 41.6532
11.3674 103 48.0204
12.5877 65 33.5526
14.4663 64 34.2798
11.3899 77 37.6339
11.9326 65 33.1595
11.3963 96 45.2378
14.4663 64 34.2798
12.4046 91 43.8428
11.2614 84 40.3568
11.7142 93 44.2285
14.4663 64 34.2798
11.3577 97 45.6146
14.4663 64 34.2798
11.4252 98 46.0551
11.3417 109 50.405
11.817 96 45.4902
11.2646 91 43.1588
11.7688 72 35.8613
12.1317 99 46.879
14.4663 64 34.2798
11.5665 74 36.5399
