14.158 64 49.0474
13.1015 66 50.1304
11.5633 67 50.369
14.3314 66 50.4994
11.3995 69 51.7198
11.377 75 55.9131
11.1426 77 57.2428
11.377 77 57.3131
11.422 79 58.7266
11.0976 82 60.7293
11.4958 82 60.8487
11.3866 83 61.516
11.2582 86 63.5775
11.2646 89 65.6794
11.3064 89 65.6919
11.3481 90 66.4044
11.3706 90 66.4112
11.2486 93 68.4746
11.0141 97 71.2042
11.2036 97 71.2611
11.3417 97 71.3025
11.3706 98 72.0112
11.1651 99 72.6495
11.2518 99 72.6755
11.3288 100 73.3987
10.9788 102 74.6936
11.3064 102 74.7919
10.9435 103 75.383
11.0848 103 75.4254
11.0944 103 75.4283
11.1297 104 76.1389
11.1426 105 76.8428
10.9338 107 78.1802
11.1972 107 78.2592
10.9242 109 79.5773
11.149 111 81.0447
10.8825 116 84.4647
10.8632 127 92.159
10.8343 131 94.9503
11.833 122 88.9499
12.3629 117 85.6089
13.8818 96 71.3645
12.0321 122 89.0096
14.7714 86 64.6314
13.5735 104 76.8721
12.1252 115 84.1376
11.2614 130 94.3784
14.7392 99 73.7218
14.4534 114 84.136
13.4676 88 65.6403
12.2601 83 61.778
13.0437 104 76.7131
13.4066 98 72.622
13.6474 84 62.8942
11.6821 126 91.7046
12.9762 116 85.0929
14.0584 93 69.3175
13.5222 92 68.4566
12.6872 91 67.5062
13.5125 103 76.1538
12.5331 104 76.5599
12.1252 80 59.6376
13.8304 91 67.8491
12.2537 116 84.8761
14.1773 85 63.7532
13.1721 96 71.1516
11.7945 112 81.9383
13.5382 84 62.8615
12.0514 88 65.2154
