14.5787 64 59.0579
13.5254 66 60.7525
13.1721 67 61.6172
13.8626 67 61.6863
14.614 67 61.7614
12.3597 68 62.436
12.2216 70 64.2222
11.5408 71 65.0541
11.589 71 65.0589
11.4766 73 66.8477
11.3802 77 70.438
11.3674 82 74.9367
11.3449 84 76.7345
11.3192 86 78.5319
11.21 87 79.421
11.1394 90 82.1139
11.1362 98 89.3136
11.104 117 106.41
11.0302 118 107.303
12.5588 92 84.0559
12.8895 126 114.689
12.2473 104 94.8247
12.3372 82 75.0337
12.79 114 103.879
12.9762 116 105.698
12.3597 91 83.136
12.9923 78 71.4992
11.8972 101 92.0897
11.6435 118 107.364
13.6602 86 78.766
11.9936 108 98.3994
13.1657 98 89.5166
13.1753 90 82.3175
11.2036 119 108.22
11.9069 119 108.291
12.2087 126 114.621
13.6442 89 81.4644
12.6423 88 80.4642
12.0931 100 91.2093
11.8009 116 105.58
13.3391 92 84.1339
13.0629 111 101.206
13.4772 93 85.0477
14.903 107 97.7903
12.4335 108 98.4434
13.4387 104 94.9439
13.1689 82 75.1169
13.8144 90 82.3814
12.8703 89 81.387
