11.3963 75 49.5585
1, 2, 3, 6, 8, 10
4, 12
7, 15
3, 6, 4, 5
9, 15, 7, 10, 11
14, 13, 11
11.2197 87 56.6879
8, 6, 3, 2, 1
9, 15, 7, 10, 14
2, 4, 12
6, 8, 15, 7
5, 4, 6, 8, 10, 11
11, 13
11.4701 66 44.1881
11, 13
12, 4
7, 15
14, 13
1, 2, 3, 6, 8, 10, 11
9, 15, 6, 4, 5
11.2518 82 53.7007
13, 10, 8, 6, 4, 5
15, 7, 10, 11, 12
15, 9
1, 2, 3, 6, 8
14, 13
11, 13
11.0302 90 58.4121
13, 10, 8, 6, 4, 5
15, 7, 10, 11, 12
15, 9
1, 2, 3, 6, 8, 10
14, 13
10, 11
11.0013 100 64.4005
13, 10, 8, 6, 4, 5
15, 7, 10, 11, 12, 4
15, 9
1, 2, 3, 6, 8, 10
14, 13
10, 11
12.0417 64 43.2167
4, 2, 3, 6, 8, 10, 11
2, 1
7, 15
4, 5
9, 15, 8
14, 13, 11, 12
10.9435 107 68.5774
12, 11, 10, 14, 13
10, 7, 15, 6, 3
12, 4, 5
11, 10, 8, 6, 4
6, 15, 9
1, 2, 3, 6, 8, 10
10.9114 109 69.7645
14, 10, 8, 6, 3, 2, 1
9, 15, 7, 10, 11, 12
15, 9
13, 10, 8, 6, 4, 5
3, 6
7, 10
10.7893 114 72.7157
14, 10, 8, 6, 3, 2, 1
9, 15, 7, 10, 11, 12
15, 9
13, 10, 8, 6, 4, 5
3, 6, 15, 7
7, 10
11.4123 72 47.7649
10, 14, 13
12, 11, 10
9, 15, 7
1, 2, 3, 6, 8, 10
5, 4, 6, 15
3, 6
11.4091 74 48.9636
14, 13, 10
12, 11, 10
9, 15, 7
1, 2, 3, 6, 8, 10
5, 4, 6, 15
3, 6
11.316 76 50.1264
10, 14, 13
12, 11, 10
9, 15, 7, 10
1, 2, 3, 6, 8, 10
5, 4, 6
3, 6
13.0501 63 43.02
12, 11, 10, 7, 15
9, 15
15, 8, 6
2, 4, 5
1, 2, 3, 6
11, 13, 14
