681.674
687.778
691.891
691.891
691.891
691.891
691.891
691.891
708.184
708.184
708.184
719.879
719.924
719.924
719.924
719.924
719.924
719.924
719.924
719.924
719.924
719.924
719.924
719.924
719.924
722.521
723.196
729.567
732.197
732.605
732.605
732.605
732.605
737.538
737.538
742.162
742.162
742.162
742.162
742.162
742.162
742.162
742.162
742.162
745.95
745.95
745.95
745.95
745.95
745.95
745.95
745.95
745.95
745.95
745.95
745.95
745.95
745.95
745.95
745.95
745.95
745.95
745.95
745.95
745.95
745.95
745.95
745.95
745.95
745.95
747.016
747.016
747.016
747.016
747.016
747.016
747.016
747.016
747.016
747.016
747.016
747.016
747.016
747.016
747.202
747.202
747.202
747.202
747.202
747.202
747.202
747.202
747.202
747.202
747.202
747.202
747.202
747.202
747.202
747.241
747.241
747.241
747.241
747.241
747.241
747.241
747.241
747.241
747.241
747.241
747.241
747.241
747.241
747.241
747.241
747.241
747.241
747.241
747.279
748.445
748.445
748.445
748.445
748.445
749.935
750.475
750.475
750.475
750.475
750.475
750.475
750.475
751.852
752.135
754.765
754.765
762.387
762.387
762.387
762.387
762.387
762.387
762.387
762.387
762.387
762.387
762.387
764.815
764.815
764.815
764.815
764.815
764.815
764.815
764.815
764.815
764.815
764.815
764.815
764.815
764.815
764.815
764.815
764.815
764.815
764.815
764.815
764.815
764.815
764.815
773.597
773.597
773.597
773.597
773.661
773.661
773.661
773.661
773.661
773.661
773.661
773.661
773.661
773.661
773.661
774.808
774.808
774.808
774.808
774.808
774.808
774.808
774.808
774.808
774.808
774.808
774.808
774.808
774.808
774.808
774.808
774.808
774.808
774.808
774.808
774.808
774.808
774.808
774.808
774.808
774.808
774.808
774.808
774.808
774.808
774.808
774.808
774.808
774.808
774.808
774.808
774.808
774.808
774.808
774.808
774.808
774.808
774.808
774.808
774.808
774.808
774.808
774.808
774.808
774.808
774.808
774.808
774.808
774.808
774.808
774.808
774.808
774.808
774.808
774.808
774.808
774.808
774.808
774.808
774.808
774.808
774.808
774.808
774.808
774.808
774.808
774.808
774.808
774.808
774.808
774.808
774.808
774.808
774.808
774.808
774.808
774.808
774.808
774.808
774.808
774.808
774.808
774.808
774.808
774.808
774.808
774.808
774.808
774.808
774.808
774.808
774.808
774.808
774.808
774.808
774.808
774.808
774.808
774.808
774.808
774.808
774.808
774.808
774.808
774.808
774.808
774.808
774.808
774.808
774.808
774.808
774.808
774.808
781.102
781.102
781.362
782.467
782.467
782.467
782.467
782.467
782.467
782.467
782.467
782.467
782.467
782.467
782.467
784.085
784.085
784.085
784.085
784.085
784.085
784.085
784.085
784.085
784.085
784.085
784.085
784.085
784.085
784.085
784.085
784.085
784.085
784.085
784.085
784.085
784.085
784.085
784.085
784.085
784.085
784.085
784.085
784.085
784.085
784.085
784.085
784.085
784.085
784.085
784.085
784.085
784.085
784.085
784.085
784.085
784.085
784.085
784.085
784.085
784.085
784.085
784.085
784.085
784.085
784.085
784.085
784.085
784.085
784.085
784.085
784.085
784.085
784.085
784.085
784.085
784.085
784.085
784.085
784.085
784.085
784.085
784.085
784.085
784.085
784.085
784.085
784.085
784.085
784.085
784.085
784.085
784.085
784.085
784.085
784.085
784.085
784.085
784.329
784.329
784.329
784.329
784.329
784.329
784.329
784.329
784.329
784.329
784.329
784.329
784.329
784.329
784.329
784.329
784.329
784.329
784.329
784.329
784.329
784.329
784.329
784.329
784.329
784.329
784.329
784.329
784.329
784.329
784.329
784.329
784.329
784.329
784.329
784.329
784.329
784.329
784.329
784.329
784.329
784.329
784.329
784.329
784.329
784.329
784.329
784.329
784.329
784.329
784.329
784.329
784.329
784.329
784.329
784.329
784.329
784.329
784.329
784.329
784.329
784.329
784.329
784.329
784.329
784.329
784.329
784.329
784.329
784.329
784.329
784.329
784.329
784.329
784.329
784.329
784.329
784.329
784.329
784.329
784.329
784.329
784.329
784.329
784.329
784.329
784.329
784.329
784.329
784.329
784.329
784.329
784.329
784.329
784.329
784.329
784.329
784.329
784.329
784.329
784.329
784.329
784.329
784.329
784.329
784.329
784.329
784.329
784.329
784.329
784.329
784.329
784.329
784.329
784.329
784.329
784.329
784.329
784.329
784.329
784.329
784.329
784.329
784.329
784.329
784.329
784.329
784.329
784.329
784.329
784.329
784.329
784.329
784.329
784.329
784.329
784.329
784.329
784.329
784.329
784.329
784.329
784.329
784.329
784.329
784.329
784.329
784.329
784.329
784.329
784.329
784.329
784.329
784.329
784.329
784.329
784.329
784.329
784.329
784.329
784.329
784.329
784.329
784.329
784.329
784.329
784.329
784.329
784.329
784.329
784.329
784.329
784.329
784.329
784.329
784.329
784.329
784.329
784.329
784.329
784.329
784.329
784.329
784.329
784.329
784.329
784.329
784.329
784.329
784.329
784.329
784.329
784.329
784.329
784.329
784.329
784.329
784.329
784.329
784.329
784.329
784.329
784.329
784.329
784.329
784.329
784.329
784.329
784.329
784.329
784.329
784.329
784.329
784.329
784.329
784.329
784.329
784.329
784.329
784.329
784.329
784.329
784.329
784.329
784.329
784.329
784.329
784.329
784.329
784.329
784.329
784.329
784.329
784.329
784.329
784.329
784.329
784.329
784.329
784.329
784.329
784.329
784.329
784.329
784.329
784.329
784.329
784.329
784.329
784.329
784.329
784.329
784.329
784.329
784.329
784.329
784.329
784.329
784.329
784.329
784.329
784.329
784.329
784.329
784.329
784.329
784.329
784.329
784.329
784.329
784.329
784.329
784.329
784.329
784.329
784.329
784.329
784.329
784.329
784.329
784.329
784.329
784.329
784.329
784.329
784.329
784.329
784.329
784.329
784.329
784.329
784.329
784.329
784.329
784.329
784.329
784.329
784.329
795.903
800.27
800.27
800.27
800.27
800.27
800.527
800.527
800.527
800.527
806.741
806.741
806.741
806.741
806.741
806.741
806.741
806.741
806.741
806.741
806.741
806.741
806.741
806.741
806.741
806.741
806.741
806.741
806.741
806.741
806.741
806.741
806.741
806.741
806.741
806.741
806.812
806.812
806.812
806.812
806.812
806.812
806.812
806.812
806.812
806.812
806.812
806.812
806.812
808.883
809.243
811.096
811.096
811.096
811.096
811.096
811.096
811.096
811.096
811.985
811.985
811.985
811.985
811.985
811.985
811.985
811.985
811.985
811.985
811.985
811.985
811.985
811.985
811.985
811.985
811.985
811.985
811.985
811.985
811.985
811.985
811.985
811.985
811.985
811.985
811.985
811.985
811.985
811.985
811.985
811.985
811.985
811.985
811.985
811.985
811.985
813.295
813.295
817.521
817.521
817.541
817.541
817.541
817.541
817.541
817.541
817.541
817.541
817.541
817.541
817.541
817.541
817.541
817.541
817.541
817.541
817.541
817.57
817.57
817.57
817.57
817.57
817.57
817.57
817.57
817.57
817.57
817.57
817.57
817.57
817.57
817.637
817.637
817.637
817.637
817.637
817.637
817.637
818.466
818.466
818.523
818.523
818.523
818.523
818.523
818.523
818.523
818.523
818.523
818.523
818.523
818.523
818.523
818.523
818.523
818.523
818.523
818.523
818.523
818.523
818.523
818.523
818.523
818.523
818.523
818.523
818.523
818.523
818.523
818.523
818.523
818.523
818.523
818.523
818.523
818.523
818.523
818.523
818.523
818.523
818.523
818.523
818.523
818.523
818.523
818.523
818.523
818.523
818.523
818.523
818.523
818.523
818.523
818.523
818.523
818.523
818.523
818.523
818.523
818.523
818.523
818.523
818.523
818.523
818.523
818.523
818.523
818.523
818.523
818.523
818.523
818.523
818.523
818.523
818.523
818.523
818.523
818.523
818.523
818.523
818.523
818.523
820.967
820.967
820.967
820.967
820.967
820.967
820.967
820.967
820.967
820.967
820.967
820.967
820.967
820.967
820.967
820.967
820.967
820.967
820.967
820.967
820.967
820.967
820.967
820.967
820.967
820.967
820.967
820.967
820.967
820.967
820.967
820.967
820.967
820.967
820.967
820.967
820.967
820.967
820.967
820.967
820.967
820.967
820.967
820.967
820.967
820.967
820.967
820.967
820.967
820.967
820.967
820.967
820.967
820.967
820.98
820.98
820.98
820.98
820.98
820.98
820.98
820.98
820.98
820.98
820.98
820.98
820.98
820.98
820.98
820.98
820.98
820.98
820.98
820.98
820.98
820.98
820.98
820.98
820.98
820.98
820.98
820.98
820.98
820.98
820.98
820.98
820.98
820.98
820.98
820.98
820.98
820.98
820.98
820.98
820.98
820.98
820.98
820.98
820.98
820.98
820.98
820.98
820.98
820.98
820.98
820.98
820.98
820.98
820.98
820.98
820.98
820.98
820.98
820.98
820.98
820.98
820.98
820.98
820.98
820.98
820.98
820.98
820.98
820.98
820.98
820.98
820.98
820.98
820.98
820.98
820.98
820.98
820.98
820.98
820.98
820.98
820.98
820.98
820.98
820.98
820.98
820.98
820.98
820.98
820.98
820.98
820.98
820.98
820.98
820.98
820.98
820.98
820.98
820.98
820.98
820.98
820.98
820.98
820.98
820.98
820.98
820.98
820.98
820.98
820.98
820.98
820.98
820.98
820.98
820.98
820.98
820.98
820.98
820.98
820.98
820.98
820.98
820.98
820.98
820.98
820.98
820.98
820.98
820.98
820.99
820.99
820.99
820.99
820.99
820.99
820.99
820.99
820.99
820.99
820.99
820.99
820.99
820.99
820.99
820.99
820.99
820.99
820.99
820.99
820.99
820.99
820.99
820.99
820.99
820.99
820.99
820.99
820.99
820.99
820.99
820.99
820.99
820.99
820.99
820.99
820.99
820.99
820.99
820.99
820.99
820.99
820.99
820.99
820.99
820.99
820.99
820.99
820.99
820.99
820.99
820.99
820.99
820.99
820.99
820.99
820.99
820.99
820.99
820.99
820.99
820.99
820.99
820.99
820.99
820.99
820.99
820.99
820.99
820.99
820.99
820.99
820.99
820.99
820.99
820.99
820.99
820.99
820.99
820.99
820.99
820.99
820.99
820.99
820.99
820.99
820.99
820.99
820.99
820.99
820.99
820.99
820.99
820.99
820.99
821.446
821.446
821.446
821.446
821.446
821.446
821.446
821.446
821.446
821.446
821.446
821.446
821.446
821.446
821.446
821.446
821.446
821.446
821.446
821.446
821.446
821.446
821.446
821.446
821.446
821.446
821.446
821.446
821.446
821.446
821.446
821.446
821.446
821.446
821.446
821.446
821.446
821.446
821.446
821.446
821.446
821.446
821.446
821.446
821.446
821.446
821.446
821.446
821.446
821.446
821.446
821.446
821.446
821.446
821.446
821.446
821.446
821.446
821.446
821.446
821.446
821.446
821.446
821.446
821.446
821.446
821.446
821.446
821.446
821.446
821.446
821.446
821.446
821.446
821.446
821.446
821.446
821.446
821.446
821.446
821.446
821.446
821.446
821.446
821.446
821.446
821.446
821.446
821.446
821.446
821.446
821.446
821.446
821.446
821.446
821.446
821.446
821.446
821.446
821.446
821.446
821.446
821.446
821.446
821.446
821.446
821.446
821.446
821.446
821.446
821.446
821.446
821.446
821.446
821.446
821.446
821.446
821.446
821.446
821.446
821.446
821.446
821.446
821.446
821.446
821.446
821.446
821.446
821.446
821.446
821.446
821.446
821.446
821.446
821.446
821.446
821.446
821.446
821.446
821.446
821.446
821.446
821.446
821.446
821.446
821.446
821.446
821.446
821.446
821.446
821.446
821.446
821.446
821.446
821.446
821.446
821.446
821.446
821.446
821.446
821.446
821.446
821.446
821.446
821.446
821.446
821.446
821.446
821.446
821.446
821.446
821.446
821.446
821.446
821.446
821.446
821.446
821.446
821.446
821.446
821.446
821.446
821.446
821.446
821.446
821.446
821.446
821.446
821.446
821.446
821.446
821.446
821.446
821.446
821.446
821.446
821.446
821.446
821.446
821.446
821.446
821.446
821.446
821.446
821.446
821.446
821.446
821.446
821.446
821.446
821.446
821.446
821.446
821.446
821.446
821.446
821.446
821.446
821.446
821.446
821.446
821.446
821.446
821.446
821.446
821.446
821.446
821.446
821.446
821.446
821.446
821.446
821.446
821.446
821.446
821.446
821.446
821.446
821.446
821.446
821.446
821.446
821.446
821.446
821.446
821.446
822.178
822.621
822.621
822.621
822.621
822.621
822.64
822.64
822.64
822.64
822.64
822.64
822.64
822.64
822.64
822.64
822.64
822.64
822.64
822.64
822.64
822.64
822.64
822.64
822.64
822.64
822.64
822.64
822.64
822.64
822.64
822.64
822.64
822.64
822.64
822.64
822.64
822.64
822.64
822.64
822.64
822.64
822.64
822.64
822.64
822.64
822.64
822.64
822.64
822.64
822.64
822.64
822.64
822.64
822.64
822.64
822.64
822.64
822.64
822.64
822.64
822.64
822.64
822.64
822.64
822.64
822.64
822.64
822.64
822.64
822.64
822.64
822.64
822.64
822.64
822.64
822.64
822.64
822.64
822.64
822.64
822.64
822.64
822.64
822.64
822.64
822.64
822.64
822.64
822.64
822.64
822.64
822.64
822.64
822.64
822.64
822.64
822.64
822.64
822.64
822.64
822.64
822.64
822.64
822.64
822.64
822.64
822.64
822.64
822.64
822.64
822.64
822.64
822.64
822.64
822.64
822.64
822.64
822.64
822.64
822.64
822.64
822.64
822.64
822.64
822.64
822.64
822.64
822.64
822.64
822.64
822.64
822.64
822.64
822.64
822.64
822.64
822.64
822.64
822.64
822.64
822.64
822.64
822.64
822.64
822.64
822.64
822.64
822.64
822.64
822.64
822.64
822.64
822.64
822.64
822.64
822.64
822.64
822.64
822.64
822.64
822.64
822.64
822.64
822.64
822.64
822.64
822.64
822.64
822.64
822.64
822.64
822.64
822.64
822.64
822.64
822.64
822.64
822.64
822.64
822.64
822.64
822.64
822.64
822.64
822.64
822.64
822.64
822.64
822.64
822.64
822.64
822.64
822.64
822.64
822.64
822.64
822.64
822.64
822.64
822.64
822.64
822.64
822.64
822.64
822.64
822.64
822.64
822.64
822.64
822.64
822.64
822.64
822.64
822.64
822.64
822.64
822.64
822.64
822.64
822.64
822.64
822.64
822.64
822.64
822.64
822.64
822.64
822.64
822.64
822.64
822.64
822.64
822.64
822.64
822.64
822.64
822.64
822.64
822.64
822.64
822.64
822.64
822.64
822.64
822.64
822.64
822.64
822.64
822.64
822.64
822.64
822.64
822.64
822.64
822.64
822.64
822.64
822.64
822.64
822.64
822.64
822.64
822.64
822.64
822.64
822.64
822.64
822.64
822.64
822.64
822.64
822.64
822.64
822.64
822.64
822.64
822.64
822.64
822.64
822.64
822.64
822.64
822.64
822.64
822.64
822.64
822.64
822.64
822.64
822.64
822.64
822.64
822.64
822.64
822.64
822.64
822.64
822.64
822.64
822.64
822.64
822.64
822.64
822.64
822.64
822.64
822.64
822.64
822.64
822.64
822.64
822.64
822.64
822.64
822.64
822.64
822.64
822.64
822.64
822.64
822.64
822.64
822.64
822.64
822.64
822.64
822.64
822.64
822.64
822.64
822.64
822.64
822.64
822.64
822.64
822.64
822.64
822.64
822.64
822.64
822.64
822.64
822.64
822.64
822.64
822.64
822.64
822.64
822.64
822.64
822.64
822.64
822.64
822.64
822.64
822.64
822.64
822.64
822.64
822.64
822.64
822.64
822.64
822.64
822.64
822.64
822.64
822.64
822.64
822.64
822.64
822.64
822.64
822.64
822.64
822.64
822.64
822.64
822.64
822.64
822.64
822.64
822.64
822.64
822.64
822.64
822.64
822.64
822.64
822.64
822.64
822.64
822.64
822.64
822.64
822.64
822.64
822.64
822.64
822.64
822.64
822.64
822.64
822.64
822.64
822.64
822.64
822.64
822.64
822.64
822.64
822.64
822.64
822.64
822.64
822.64
822.64
822.64
822.64
822.64
822.64
822.64
822.64
822.64
822.64
822.64
822.64
822.64
822.64
822.64
822.64
822.64
822.64
822.64
822.64
822.64
822.64
822.64
822.64
822.64
822.64
822.64
822.64
822.64
822.64
822.64
822.64
822.64
822.64
822.64
822.64
822.64
822.64
822.64
822.64
822.64
822.64
822.64
822.64
822.64
822.64
822.64
822.64
822.64
822.64
822.64
822.64
822.64
822.64
822.64
822.64
822.64
822.64
822.64
822.64
822.64
822.64
822.64
822.64
822.64
822.64
822.64
822.64
822.64
822.64
822.64
822.64
822.64
822.64
822.64
822.64
822.64
822.64
822.64
822.64
822.64
822.64
822.64
822.64
822.64
822.64
822.64
822.64
822.64
822.64
822.64
822.64
822.64
822.64
822.64
822.64
822.64
822.64
822.64
822.64
822.64
822.64
822.64
822.64
822.64
822.64
822.64
822.64
822.64
822.64
822.64
822.64
822.64
822.64
822.64
822.64
822.64
822.64
822.64
822.64
822.64
822.64
822.64
822.64
822.64
822.64
822.64
822.64
822.64
822.64
822.64
822.64
822.64
822.64
822.64
822.64
822.64
822.64
