11.4862 67 17.0376
11.4926 70 17.3434
11.4316 72 17.4884
12.4978 64 17.648
12.395 65 17.6555
11.4252 74 17.6827
11.3288 76 17.796
13.4804 63 18.4324
11.3866 82 18.448
11.2614 84 18.5353
11.2229 86 18.7006
11.2197 89 18.9977
11.1651 90 19.0486
11.1265 92 19.2139
11.1008 93 19.2908
11.0045 100 19.904
10.966 102 20.0694
10.9724 102 20.0751
10.9403 103 20.1462
11.1008 103 20.2908
11.0045 106 20.504
11.1362 107 20.7225
11.1618 107 20.7457
11.0045 113 21.204
10.9017 120 21.8116
10.8632 133 23.0769
13.4611 100 22.115
11.8202 118 22.4381
13.429 96 21.6861
11.3899 127 22.9509
12.8831 103 21.8948
12.3404 138 24.9064
11.9069 120 22.7162
11.7816 114 22.0035
13.2781 128 24.7503
13.8176 110 23.4358
13.6988 111 23.4289
12.7482 114 22.8734
12.0064 109 21.7058
13.4162 108 22.8746
13.0918 82 19.9827
13.352 109 22.9168
12.2954 83 19.3659
13.368 88 20.8312
13.4547 100 22.1092
11.5344 139 24.2809
11.5504 121 22.4954
11.7399 104 20.9659
14.797 87 22.0173
11.6146 128 23.2532
13.2364 92 21.1127
13.1047 95 21.2942
13.5318 83 20.4786
11.3834 110 21.2451
14.9833 106 24.085
14.1901 88 21.5711
