13.6024 64 48.8807
11.5697 66 49.6709
11.4252 71 53.1276
11.2486 75 55.8746
11.194 77 57.2582
10.9499 85 62.785
10.921 95 69.7763
10.9114 99 72.5734
10.9403 110 80.2821
10.9017 112 81.6705
12.6037 108 79.3811
13.8818 84 62.9645
13.3166 100 73.995
12.6776 110 80.8033
13.535 125 91.5605
12.0128 122 89.0039
12.8028 99 73.1408
11.5697 112 81.8709
12.3115 107 78.5935
11.6885 106 77.7066
13.0405 124 90.7121
12.8606 97 71.7582
12.0739 78 58.2222
12.6583 95 70.2975
12.4046 101 74.4214
12.35 112 82.105
11.5119 136 98.6536
12.9602 113 82.9881
13.3327 90 66.9998
11.3481 125 90.9044
12.7097 96 71.0129
13.0116 107 78.8035
12.8606 135 98.3582
13.1304 101 74.6391
14.6461 85 63.8938
12.2023 107 78.5607
12.7161 87 64.7148
13.0918 99 73.2275
12.1413 82 61.0424
13.3712 102 75.4114
