12.4978 64 53.6996
12.1156 68 56.8231
12.0514 70 58.4103
11.8523 79 65.5705
11.5215 73 60.7043
11.3931 79 65.4786
13.1368 71 59.4274
11.2036 87 71.8407
11.2036 87 71.8407
11.1811 91 75.0362
11.438 83 68.6876
11.2036 87 71.8407
11.589 85 70.3178
11.438 83 68.6876
10.8889 107 87.7778
12.2505 101 83.2501
11.2421 93 76.6484
11.1811 91 75.0362
10.8889 107 87.7778
11.3866 76 63.0773
11.422 89 73.4844
11.5215 73 60.7043
11.2036 87 71.8407
11.438 85 70.2876
11.5215 73 60.7043
11.1811 91 75.0362
11.2646 93 76.6529
11.8073 88 72.7615
11.5215 73 60.7043
11.2036 87 71.8407
12.0514 70 58.4103
12.1156 68 56.8231
11.3931 91 75.0786
11.1811 91 75.0362
11.1522 105 86.2304
12.1156 68 56.8231
11.3192 89 73.4638
12.1156 68 56.8231
12.4978 64 53.6996
11.1811 91 75.0362
11.3288 95 78.2658
11.8491 71 59.1698
12.0514 70 58.4103
12.4978 64 53.6996
11.4316 95 78.2863
11.1683 101 83.0337
11.4637 96 79.0927
11.8491 71 59.1698
10.8889 107 87.7778
12.4978 64 53.6996
12.79 96 79.358
11.1683 101 83.0337
11.5633 87 71.9127
11.2036 87 71.8407
12.4656 85 70.4931
12.4978 64 53.6996
11.2036 87 71.8407
10.9371 105 86.1874
13.1368 71 59.4274
12.0514 70 58.4103
11.2036 87 71.8407
11.2036 87 71.8407
11.5215 73 60.7043
11.3931 95 78.2786
11.2036 87 71.8407
11.2036 87 71.8407
11.3192 89 73.4638
12.1156 68 56.8231
11.2036 87 71.8407
11.5601 78 64.712
12.1156 68 56.8231
11.3288 95 78.2658
11.2036 87 71.8407
11.8459 73 60.7692
12.1156 68 56.8231
11.2036 87 71.8407
11.2036 87 71.8407
11.1522 101 83.0304
11.3417 84 69.4683
11.3866 76 63.0773
11.4027 99 81.4805
11.3931 79 65.4786
11.1811 91 75.0362
11.1811 91 75.0362
11.8491 71 59.1698
12.4656 85 70.4931
12.4978 64 53.6996
12.0514 70 58.4103
11.3866 76 63.0773
12.79 74 61.758
11.5215 73 60.7043
11.5215 73 60.7043
10.8889 107 87.7778
11.2036 87 71.8407
12.7579 110 90.5516
11.8073 88 72.7615
11.9615 103 84.7923
11.8523 79 65.5705
11.7881 106 87.1576
12.4046 91 75.2809
11.2036 87 71.8407
11.2036 87 71.8407
11.2036 87 71.8407
12.4978 64 53.6996
11.2036 87 71.8407
11.1811 91 75.0362
12.0514 70 58.4103
11.438 83 68.6876
11.3931 79 65.4786
11.2036 87 71.8407
13.1368 71 59.4274
11.1618 95 78.2324
11.3866 76 63.0773
12.4335 76 63.2867
12.0514 70 58.4103
11.2036 87 71.8407
11.2742 99 81.4549
11.438 83 68.6876
11.3288 95 78.2658
12.1156 68 56.8231
11.088 105 86.2176
12.4335 76 63.2867
11.5601 78 64.712
11.5215 73 60.7043
11.5601 78 64.712
11.5215 73 60.7043
12.4978 64 53.6996
11.5215 73 60.7043
11.1394 103 84.6279
12.79 74 61.758
11.2036 87 71.8407
11.2036 87 71.8407
10.8889 107 87.7778
12.0514 70 58.4103
11.8073 90 74.3615
12.2954 95 78.4591
11.8523 79 65.5705
12.1156 68 56.8231
12.4978 64 53.6996
11.2036 87 71.8407
12.4978 64 53.6996
12.79 74 61.758
11.1811 91 75.0362
11.3866 76 63.0773
12.1381 97 80.0276
12.0514 70 58.4103
11.3931 79 65.4786
11.2036 87 71.8407
11.4316 95 78.2863
12.79 74 61.758
