11.5601 66 17.004
11.5601 66 17.004
11.3963 68 17.0566
11.377 75 17.7393
11.1169 84 18.4052
13.3487 65 18.5139
14.3314 66 19.4983
11.6885 79 18.4197
10.9371 108 20.6434
11.2614 110 21.1353
11.4188 89 19.1769
10.9371 108 20.6434
11.2421 107 20.8179
11.5601 66 17.004
11.4188 89 19.1769
11.5601 66 17.004
11.1169 84 18.4052
11.1169 84 18.4052
11.5601 66 17.004
11.3096 103 20.4786
11.377 75 17.7393
11.5601 66 17.004
11.377 77 17.9393
14.3314 66 19.4983
14.158 64 19.1422
11.0366 102 20.1329
14.158 64 19.1422
11.3963 97 19.9566
10.9274 100 19.8347
11.4252 99 20.1827
13.3487 65 18.5139
11.1169 84 18.4052
11.3192 99 20.0873
11.1394 76 17.6254
11.2389 104 20.515
10.9371 108 20.6434
13.3487 65 18.5139
13.3487 65 18.5139
11.1169 84 18.4052
11.4252 99 20.1827
10.9371 108 20.6434
11.1169 84 18.4052
11.1169 84 18.4052
11.5247 81 18.4723
11.5247 81 18.4723
14.3314 66 19.4983
11.2421 107 20.8179
10.9274 100 19.8347
11.5601 66 17.004
11.2389 104 20.515
10.9274 100 19.8347
11.1169 84 18.4052
11.4188 89 19.1769
11.2614 110 21.1353
11.0366 102 20.1329
11.3866 83 18.548
11.5601 66 17.004
14.158 64 19.1422
11.3866 83 18.548
11.2614 110 21.1353
11.3963 68 17.0566
11.1875 103 20.3688
11.5601 66 17.004
11.3963 68 17.0566
11.5601 66 17.004
10.9274 102 20.0347
11.3096 102 20.3786
13.3487 65 18.5139
11.3866 83 18.548
13.3487 65 18.5139
11.3866 83 18.548
11.5601 66 17.004
11.271 109 21.0439
11.0302 103 20.2272
11.3192 99 20.0873
14.3314 66 19.4983
11.1169 84 18.4052
14.1644 67 19.448
11.1169 84 18.4052
14.1644 67 19.448
11.377 75 17.7393
11.5601 66 17.004
11.4188 89 19.1769
11.1394 76 17.6254
11.5601 66 17.004
11.0366 102 20.1329
10.9371 108 20.6434
11.377 75 17.7393
13.3487 65 18.5139
10.9274 100 19.8347
11.5601 66 17.004
11.4701 97 20.0231
11.4188 89 19.1769
13.3487 65 18.5139
11.4188 89 19.1769
11.2614 111 21.2353
11.3866 83 18.548
10.9274 102 20.0347
11.1169 84 18.4052
11.4701 97 20.0231
11.377 77 17.9393
10.9274 100 19.8347
11.2421 107 20.8179
11.5601 66 17.004
11.1169 84 18.4052
11.1875 102 20.2688
10.9274 102 20.0347
10.9274 100 19.8347
11.1169 84 18.4052
11.3963 68 17.0566
13.3487 65 18.5139
11.3192 99 20.0873
11.377 77 17.9393
11.1169 84 18.4052
11.5601 66 17.004
13.3487 65 18.5139
13.3487 65 18.5139
11.0366 102 20.1329
11.4188 89 19.1769
11.4252 100 20.2827
11.3866 91 19.348
11.5601 66 17.004
14.158 64 19.1422
11.2421 107 20.8179
13.3487 65 18.5139
13.3487 65 18.5139
11.1169 84 18.4052
10.9371 108 20.6434
11.377 75 17.7393
11.5601 66 17.004
11.1169 84 18.4052
11.1169 84 18.4052
10.9274 100 19.8347
10.9274 102 20.0347
10.9371 108 20.6434
13.3487 65 18.5139
11.6885 79 18.4197
11.4252 99 20.1827
13.3487 65 18.5139
11.5601 66 17.004
11.3192 99 20.0873
11.361 98 20.0249
11.5601 66 17.004
11.5601 66 17.004
11.1169 84 18.4052
13.3487 65 18.5139
10.9371 108 20.6434
11.1875 102 20.2688
11.1169 84 18.4052
11.6885 79 18.4197
