11.9326 65 33.1595
12.5877 65 33.5526
14.4663 64 34.2798
11.7688 72 35.8613
12.4432 71 35.8659
11.4958 73 36.0975
11.5665 74 36.5399
11.3899 75 36.8339
11.3899 77 37.6339
11.3706 79 38.4224
11.3995 83 40.0397
11.438 83 40.0628
11.2614 84 40.3568
11.3192 87 41.5915
11.422 87 41.6532
11.2229 88 41.9337
11.3192 89 42.3915
11.2036 90 42.7222
11.2646 91 43.1588
11.3931 91 43.2358
11.1683 93 43.901
11.2646 93 43.9588
11.3385 93 44.0031
11.149 95 44.6894
11.3288 95 44.7973
11.3866 95 44.832
11.0013 97 45.4008
11.1426 97 45.4855
11.2839 97 45.5703
11.0013 99 46.2008
10.9917 101 46.995
10.9371 105 48.5622
10.921 107 49.3526
11.2132 107 49.5279
10.9049 109 50.143
11.1747 109 50.3048
10.8664 111 50.9198
10.8407 115 52.5044
13.0212 92 44.6127
12.1863 122 56.1118
13.0373 120 55.8223
13.6763 85 42.2058
12.1028 108 50.4617
12.5556 92 44.3333
12.9216 119 55.353
12.9955 96 46.1973
13.4933 79 39.696
13.3648 99 47.6189
13.0983 112 52.659
12.8574 89 43.3145
13.2042 92 44.7225
12.2119 122 56.1272
13.1304 81 40.2782
13.1561 93 45.0936
12.8285 108 50.8971
12.2987 109 50.9792
13.7566 92 45.0539
11.9261 117 53.9557
13.4997 84 41.6998
12.8606 115 53.7164
12.2987 125 57.3792
13.3038 68 35.1823
14.9159 115 54.9495
11.9004 79 38.7403
13.6506 96 46.5904
12.7675 159 71.2605
13.0244 95 45.8146
12.6519 107 50.3911
