11.21 87 79.421
4, 12
9, 15
12, 11, 10, 7, 15
14, 13
13, 10, 8, 6, 3, 2, 1
8, 6, 4, 5
11.1394 90 82.1139
4, 12
9, 15
12, 11, 10, 7, 15, 6
14, 13
13, 10, 8, 6, 3, 2, 1
8, 6, 4, 5
11.3802 77 70.438
7, 10, 8, 6, 3, 2, 1
11, 13, 14
5, 4
7, 15
12, 11, 10
5, 4, 6, 15, 9
11.0784 94 85.7078
5, 4, 6, 8, 10
1, 2
12, 11, 13
9, 15, 7, 10
10, 11
14, 10, 8, 6, 3, 2, 1
11.9679 67 61.4968
10, 11, 12
13, 14, 10, 8, 6
9, 15, 7
5, 4, 2
8, 15
1, 2, 3, 6
11.0687 96 87.5069
5, 4, 6, 8, 10
1, 2
12, 11, 13, 14
9, 15, 7, 10
10, 11
14, 10, 8, 6, 3, 2, 1
11.3545 78 71.3354
7, 15
9, 15, 6, 3, 2, 1
15, 8
13, 14, 10
7, 10
12, 11, 10, 8, 6, 4, 5
11.3224 80 73.1322
7, 15, 8
9, 15, 6, 3, 2, 1
15, 8
13, 14, 10
7, 10
12, 11, 10, 8, 6, 4, 5
11.4669 69 63.2467
9, 15
5, 4
14, 10
1, 2, 3, 6, 8, 10, 11
13, 14
12, 4, 6, 15, 7
11.4284 73 66.8428
9, 15
5, 4, 6
14, 10
1, 2, 3, 6, 8, 10, 11
13, 14
12, 4, 6, 15, 7
12.7354 63 57.9735
13, 14
9, 15, 8, 6, 3, 2, 1
15, 7, 10
13, 11, 12
11, 10
2, 4, 5
10.8728 98 89.2873
9, 15, 7, 10
3, 2
13, 14, 10, 11, 12
10, 8, 6, 4, 5
11, 10, 8, 6, 3, 2, 1
10, 8
11.7752 68 62.3775
15, 7
1, 2, 3, 6, 8, 10
10, 14, 13, 11, 12
15, 9
5, 4, 2
6, 15
11.3031 86 78.5303
12, 11, 10, 7, 15, 9
14, 13, 10, 8, 6, 4
13, 14
11, 10
15, 8, 6, 3, 2, 1
4, 5
