11.5087 65 27.5561
11.4155 67 28.0909
14.6686 64 29.468
11.2807 72 29.4965
11.1875 74 30.0313
11.4155 67 28.0909
11.4155 70 28.9909
11.4509 70 29.0156
11.3577 72 29.5504
11.4155 70 28.9909
11.7013 84 33.3909
11.3192 89 34.6234
11.4509 83 32.9156
11.0302 93 35.6211
11.2486 95 36.374
11.3192 106 39.7234
11.3192 106 39.7234
10.8504 129 46.2952
11.2807 72 29.4965
11.1233 80 31.7863
11.3192 106 39.7234
11.4509 70 29.0156
11.1233 80 31.7863
11.1265 103 38.6886
11.2871 93 35.801
14.9544 67 30.5681
10.8504 129 46.2952
11.2807 72 29.4965
11.5087 65 27.5561
10.8407 123 44.4885
11.4155 67 28.0909
10.876 133 47.5132
11.5087 65 27.5561
11.4155 67 28.0909
11.4412 75 30.5089
11.0816 120 43.7571
11.4509 83 32.9156
11.7013 84 33.3909
11.2807 72 29.4965
11.5087 65 27.5561
11.2807 72 29.4965
11.4284 67 28.0999
11.6243 68 28.537
11.1233 80 31.7863
11.271 99 37.5897
11.3834 107 40.0684
11.0013 111 41.0009
11.2807 72 29.4965
11.3577 72 29.5504
11.5087 65 27.5561
11.2518 85 33.3762
14.7039 67 30.3927
11.1233 80 31.7863
11.4155 67 28.0909
11.5087 65 27.5561
11.5087 65 27.5561
11.2807 72 29.4965
11.3192 106 39.7234
14.9544 67 30.5681
11.4155 67 28.0909
11.088 89 34.4616
11.1875 74 30.0313
11.1008 101 38.0706
11.5408 81 32.3785
11.3577 72 29.5504
11.3577 72 29.5504
11.3577 72 29.5504
11.5087 65 27.5561
10.8504 130 46.5952
11.2646 97 36.9852
14.9544 67 30.5681
11.5087 65 27.5561
11.5087 65 27.5561
11.6243 68 28.537
11.3577 72 29.5504
11.2775 98 37.2942
11.2807 72 29.4965
11.4284 67 28.0999
11.5087 65 27.5561
11.3577 72 29.5504
11.4155 70 28.9909
11.5408 81 32.3785
11.4509 83 32.9156
11.5408 81 32.3785
11.3963 87 34.0774
11.4509 83 32.9156
11.5408 81 32.3785
11.7013 84 33.3909
11.1233 80 31.7863
11.2646 97 36.9852
11.3963 87 34.0774
11.5087 65 27.5561
11.1265 103 38.6886
11.1233 80 31.7863
11.2871 87 34.001
11.4155 70 28.9909
11.2967 98 37.3077
11.5087 65 27.5561
11.4284 67 28.0999
11.2646 97 36.9852
11.5408 81 32.3785
11.3577 72 29.5504
11.2646 97 36.9852
11.2871 93 35.801
10.8953 109 40.3267
11.2807 72 29.4965
11.4155 67 28.0909
10.8504 123 44.4952
11.4509 83 32.9156
11.6243 68 28.537
11.4155 70 28.9909
11.0655 104 38.9459
11.2967 98 37.3077
11.1265 103 38.6886
11.1233 80 31.7863
11.3577 72 29.5504
11.4509 70 29.0156
11.5087 65 27.5561
11.4155 67 28.0909
11.0912 101 38.0638
11.0302 93 35.6211
11.5408 81 32.3785
11.088 95 36.2616
11.4509 83 32.9156
11.2807 72 29.4965
11.4284 67 28.0999
10.8953 109 40.3267
11.5087 65 27.5561
11.4155 67 28.0909
11.5087 65 27.5561
11.088 89 34.4616
11.0816 128 46.1571
11.1233 80 31.7863
11.1233 80 31.7863
11.7013 84 33.3909
14.6686 64 29.468
11.5408 81 32.3785
11.5087 65 27.5561
10.9563 129 46.3694
11.2807 72 29.4965
11.6243 68 28.537
11.4155 67 28.0909
11.3288 101 38.2302
11.2807 72 29.4965
14.6686 64 29.468
11.4284 67 28.0999
11.3192 89 34.6234
11.4155 70 28.9909
11.2807 72 29.4965
11.4509 83 32.9156
