11.3577 77 17.922
6, 3, 2, 5
5, 4
12, 11, 10, 7, 15, 9
1, 2, 3, 6, 8, 10
11, 13
14, 13
12.0321 64 17.2289
5, 4, 2
7, 15, 8
1, 2, 3, 6
6, 8, 10, 11
9, 15
12, 11, 13, 14
11.2871 78 17.9584
12, 11, 13
11, 10, 8, 6, 3, 2, 1
13, 14
10, 7, 15, 9
11, 10
3, 6, 4, 5
10.9949 110 20.8954
14, 13, 10, 11, 12
7, 15, 9
13, 10, 8, 6, 4, 5
7, 15, 8
14, 10, 8, 6, 3, 2, 1
12, 11
11.149 91 19.1341
2, 4
1, 2, 3, 6, 8, 10, 11
9, 15, 7, 10
5, 4
12, 4, 6, 8, 10, 13, 14
6, 3
11.1105 99 19.8994
2, 4
1, 2, 3, 6, 8, 10, 11
9, 15, 7, 10
5, 4
12, 4, 6, 8, 10, 13, 14
6, 3, 2, 5
11.4252 74 17.6827
12, 11, 10, 14
14, 13
10, 8, 6, 4, 5
9, 15
1, 2, 3, 6, 15, 7
11, 10
11.0784 102 20.1705
7, 15, 9
14, 13, 11
8, 10, 11, 12, 4, 5
12, 4
2, 3, 6, 15, 7
11, 10, 8, 6, 3, 2, 1
11.6179 68 17.2561
7, 15, 9
12, 11, 10, 8, 6, 3
8, 15
6, 4, 5
6, 3, 2, 1
11, 13, 14
11.727 65 17.0543
7, 15, 9
12, 11, 10, 8, 6
8, 15
6, 4, 5
6, 3, 2, 1
11, 13, 14
