12.1895 64 43.2758
12.061 66 44.4244
11.5215 69 46.0086
11.5119 70 46.6048
11.4894 71 47.1958
11.5087 71 47.2035
11.4798 72 47.7919
11.4862 75 49.5945
11.3963 77 50.7585
11.4284 77 50.7714
11.2132 79 51.8853
11.2036 82 53.6814
11.1875 85 55.475
11.1297 88 57.2519
11.1008 90 58.4403
10.9274 94 60.771
10.8632 96 61.9453
11.8137 106 68.3255
11.6885 108 69.4754
11.6179 140 88.6471
13.869 120 77.5476
12.7386 125 80.0954
11.9872 111 71.3949
14.0938 81 54.2375
13.1272 90 59.2509
12.8895 81 53.7558
12.7996 128 81.9198
13.1111 147 93.4445
14.2158 92 60.8863
13.9525 91 60.181
11.4412 106 68.1765
12.8831 124 79.5532
13.2942 92 60.5177
12.4207 102 66.1683
11.9165 142 89.9666
13.1785 105 68.2714
13.7566 93 61.3026
12.2858 88 57.7143
13.2942 94 61.7177
13.5125 95 62.405
13.0373 110 71.2149
13.3295 100 65.3318
15.0411 100 66.0164
12.8895 84 55.5558
13.1529 76 50.8611
12.7097 139 88.4839
11.7784 107 68.9114
