677.023
685.895
687.324
698.525
720.844
720.844
720.844
720.844
724.534
724.534
724.534
724.534
724.534
724.534
724.534
724.534
724.534
724.534
724.534
724.534
724.534
724.534
724.534
724.534
724.534
724.534
727.193
745.304
746.769
746.769
747.559
747.559
747.559
747.559
747.559
747.559
747.559
747.559
747.665
754.746
754.967
754.967
765.612
765.612
765.612
765.612
765.956
765.985
765.985
765.985
765.985
765.985
765.985
765.985
765.985
765.985
765.985
765.985
765.985
765.985
765.985
766.11
766.11
766.225
766.225
766.225
766.225
796.595
796.595
796.595
796.595
796.595
796.595
796.595
796.595
796.595
796.595
796.595
796.595
796.595
796.595
796.595
796.595
796.595
796.595
796.595
796.595
796.595
796.604
796.604
796.604
796.604
796.604
796.604
796.604
796.604
796.604
796.604
796.604
796.604
796.604
796.604
796.604
796.604
796.604
796.604
796.604
796.604
796.604
796.604
796.604
796.604
796.604
796.604
796.604
796.604
796.604
796.604
796.604
796.604
796.604
796.604
796.604
796.604
796.604
796.604
796.604
796.604
796.604
796.604
796.604
796.604
796.604
796.604
796.604
796.604
796.608
796.627
796.755
796.755
797.918
798.027
798.027
798.027
798.027
798.027
798.027
798.027
798.027
798.027
798.027
798.027
798.027
800.498
800.498
800.498
800.498
800.498
800.498
800.498
800.498
800.498
800.498
800.498
800.498
800.498
800.498
800.71
800.71
800.71
800.71
800.71
800.71
800.71
800.71
800.71
800.71
800.71
800.71
800.71
800.71
800.71
800.71
800.71
800.71
800.71
800.71
800.71
804.06
804.06
804.06
804.06
804.06
804.06
804.06
804.06
804.06
804.06
804.06
804.06
804.06
804.06
804.06
804.06
804.06
804.06
804.06
804.06
804.06
804.06
804.06
804.06
804.06
804.06
804.06
804.06
804.06
804.06
804.06
804.06
804.06
804.58
804.58
804.58
804.58
804.58
804.58
804.58
804.58
804.58
804.58
804.58
804.58
804.58
804.58
804.58
804.58
804.58
804.58
804.58
804.58
804.58
804.58
804.58
804.58
804.58
804.58
804.58
804.58
804.58
804.58
804.58
804.58
804.58
804.58
804.58
804.58
804.58
804.58
804.58
804.58
804.58
804.58
804.58
804.58
804.58
804.58
804.58
804.58
804.58
804.58
804.58
804.58
804.58
804.58
804.58
804.58
804.58
804.58
804.58
805.017
805.017
805.017
805.017
805.017
805.017
805.017
805.017
805.017
805.017
805.017
805.017
805.017
805.017
805.017
805.017
805.017
805.017
805.017
805.017
805.017
805.017
805.017
805.017
805.017
805.017
805.017
805.017
805.017
805.017
805.017
805.017
805.017
805.017
805.017
805.017
805.017
805.017
805.017
805.017
805.017
805.017
805.017
805.017
805.017
805.017
805.017
805.017
805.017
805.017
805.017
805.017
805.017
805.017
805.017
805.017
805.017
805.017
805.017
805.017
805.521
806.365
806.455
807.236
807.236
807.236
807.236
807.236
807.236
807.236
807.666
807.666
807.666
807.666
807.666
807.666
807.666
807.666
807.666
807.666
807.666
807.666
807.666
807.666
807.666
807.666
807.666
807.666
807.666
807.666
807.666
807.666
807.666
807.666
807.666
807.666
807.666
807.666
807.666
807.666
807.666
807.666
807.666
807.666
807.666
807.666
807.666
807.666
807.666
807.666
807.666
807.666
807.666
807.666
807.666
807.666
807.666
807.666
807.666
807.666
807.666
807.666
807.666
807.666
807.666
807.666
807.666
807.666
807.666
807.666
807.666
807.666
807.666
807.666
807.666
807.666
807.666
807.666
807.666
808.051
808.051
808.051
808.051
808.051
808.051
808.051
808.051
808.051
808.051
808.051
808.051
808.051
808.051
808.051
808.051
808.051
808.051
808.051
808.051
808.051
808.051
808.051
808.051
808.051
808.051
808.051
808.051
808.051
808.051
808.051
808.051
808.051
808.051
808.051
808.051
808.051
808.051
808.051
808.051
808.051
808.051
808.051
808.051
808.051
808.051
808.051
808.051
808.051
808.051
808.051
808.051
808.051
808.051
808.051
808.051
808.051
808.051
808.051
808.051
808.051
808.051
808.051
808.051
808.051
808.051
808.051
808.051
808.051
808.051
808.051
808.051
808.051
808.051
808.051
808.051
808.051
808.051
808.051
808.051
808.051
808.051
808.051
808.051
808.051
808.051
808.051
808.051
808.051
808.051
808.051
808.148
808.148
808.148
808.148
808.148
808.148
808.148
808.148
808.148
808.148
808.148
808.148
808.148
808.148
808.148
808.148
808.148
808.148
808.148
808.148
808.148
808.148
808.148
808.148
808.148
808.148
808.148
808.148
808.148
808.148
818.485
818.485
818.485
818.485
818.485
818.485
818.485
818.485
818.485
818.485
818.485
818.485
818.485
818.485
818.485
818.485
818.485
818.485
818.485
818.485
818.485
818.485
818.485
818.485
818.485
818.485
818.485
818.485
818.485
818.485
818.485
818.485
818.485
818.485
818.485
818.485
818.485
818.485
818.485
818.485
818.485
818.485
818.485
818.485
818.485
818.485
818.485
818.485
818.485
818.485
818.485
818.485
818.485
818.485
818.485
818.485
818.485
818.485
818.485
818.485
818.485
818.485
818.485
818.485
818.485
818.485
818.485
818.485
818.485
818.485
818.485
818.485
818.485
818.485
818.485
818.485
818.485
818.485
818.485
818.485
818.485
818.485
818.485
818.485
818.485
818.485
818.485
818.485
818.485
818.485
818.485
818.485
818.485
818.485
818.485
818.485
818.485
818.485
818.485
818.485
818.485
818.485
818.485
818.485
818.485
818.485
818.485
818.485
818.485
818.485
818.485
818.485
818.485
818.485
818.485
818.485
818.485
818.485
818.485
818.485
818.485
818.485
818.485
818.485
818.485
818.485
818.485
818.485
818.485
818.485
818.485
818.485
818.485
818.485
818.485
818.485
818.485
818.485
818.485
818.485
818.485
818.485
818.485
818.485
818.485
818.485
818.485
818.485
818.485
818.485
818.485
818.485
818.485
818.485
818.485
818.485
818.485
818.485
818.485
818.485
818.485
818.485
818.485
818.485
818.485
818.485
818.485
818.485
818.485
818.485
818.485
818.485
818.485
818.485
818.485
818.485
818.485
818.485
818.485
818.485
818.485
818.485
818.485
818.485
818.485
818.485
818.485
818.485
818.485
818.485
818.485
818.485
818.485
818.485
818.485
818.485
818.485
818.485
818.485
818.485
818.485
818.485
818.485
818.485
818.485
818.485
818.485
818.485
818.485
818.485
818.485
818.485
818.485
818.485
818.485
818.485
818.485
818.485
818.485
818.485
818.485
818.485
818.485
818.485
818.485
818.485
818.485
818.485
818.485
818.485
818.485
818.485
818.485
818.485
818.485
818.485
818.485
818.485
818.485
818.485
818.485
818.485
818.485
818.485
818.485
818.485
818.485
818.485
818.485
818.485
818.485
818.485
818.485
818.485
818.485
818.485
818.485
818.485
818.485
818.485
818.485
818.485
818.485
818.485
818.485
818.485
818.485
818.485
818.485
818.485
818.485
818.485
818.485
818.485
818.485
818.485
818.485
818.485
818.485
818.485
818.485
818.485
818.485
818.485
818.485
818.485
818.485
818.485
818.485
818.485
818.485
818.485
818.485
818.485
818.485
818.485
818.485
818.485
818.485
818.485
818.485
818.485
818.485
818.485
818.485
818.485
818.485
818.485
818.485
818.485
818.485
818.485
818.485
818.485
818.485
818.485
818.485
818.485
818.485
818.485
818.485
818.485
818.485
818.485
818.485
818.485
818.485
818.485
818.485
818.485
818.485
818.485
818.485
818.485
818.485
818.485
818.485
818.485
818.485
818.485
818.485
818.485
818.485
818.485
818.485
818.485
818.485
818.485
818.485
818.485
818.485
818.485
818.485
818.485
818.485
818.485
818.485
818.485
818.485
818.485
818.485
818.485
818.485
818.485
818.485
818.485
818.485
818.485
818.485
818.485
818.485
818.485
818.485
818.485
818.485
818.485
818.485
818.485
818.485
818.485
818.485
818.485
818.485
818.485
818.485
818.485
818.485
818.485
818.485
818.485
818.485
818.485
818.485
818.485
818.485
818.485
818.485
818.485
818.485
818.485
818.485
818.485
818.485
818.485
818.485
818.485
818.485
818.485
818.485
818.485
818.485
818.485
818.485
818.485
818.485
818.485
818.485
818.485
818.485
818.485
818.485
818.485
818.485
818.485
818.485
818.485
818.485
818.485
818.485
818.485
818.485
818.485
818.485
818.485
818.485
818.485
818.485
818.485
818.485
818.485
818.485
818.485
818.485
818.485
818.485
818.491
818.491
818.491
818.491
818.491
818.491
818.491
818.491
818.491
818.491
818.491
818.491
818.491
818.491
818.491
818.491
818.491
818.491
818.491
818.491
818.491
818.491
818.491
818.491
818.491
818.491
818.491
818.491
818.491
818.491
818.491
818.491
818.491
818.491
818.491
818.491
818.491
818.491
818.491
818.491
818.491
818.491
818.491
818.491
818.491
818.491
818.491
818.491
818.491
818.491
818.491
818.491
818.491
818.491
818.491
818.507
818.507
818.507
818.507
818.507
818.507
818.507
818.507
818.507
818.507
818.507
818.507
818.507
818.507
818.507
818.507
818.507
818.507
818.507
818.507
818.507
818.507
818.507
818.507
818.507
818.507
818.507
818.507
818.507
818.507
818.507
818.507
818.507
818.507
818.507
818.507
818.507
818.507
818.507
818.507
818.507
818.507
818.507
818.507
818.507
818.507
818.507
818.507
818.507
818.507
818.507
818.507
818.507
818.507
818.507
818.507
818.507
818.507
818.507
818.507
818.507
818.507
818.507
818.507
818.507
818.507
818.507
818.507
818.507
818.507
818.507
818.507
818.507
818.507
818.507
818.507
818.507
818.507
818.507
818.507
818.507
818.507
818.507
818.507
818.507
818.507
818.507
818.507
818.507
818.507
818.507
818.507
818.507
818.507
818.507
818.507
818.507
818.507
818.507
818.507
818.507
818.732
818.732
818.732
818.732
818.732
818.732
818.732
818.732
818.732
818.732
818.732
818.732
818.732
818.732
818.732
818.732
818.732
818.732
818.732
818.732
818.732
818.732
818.732
818.732
818.732
818.732
818.732
818.732
818.732
818.732
818.732
818.732
818.732
818.732
818.732
818.732
818.732
818.732
818.732
818.732
818.732
818.732
818.732
818.732
818.732
818.732
818.732
818.732
818.732
818.732
818.732
818.732
818.732
818.732
818.732
818.732
818.732
818.732
818.732
818.732
818.732
818.732
818.732
818.732
818.732
818.732
818.732
818.732
818.732
818.732
818.732
818.732
818.732
818.732
818.732
818.732
818.732
818.732
818.732
818.732
818.732
818.732
818.732
818.732
818.732
818.732
818.732
818.732
818.732
818.732
818.732
818.732
818.732
818.732
818.732
818.732
818.732
818.732
818.732
818.732
818.732
818.732
818.732
818.732
818.732
818.732
818.732
818.732
818.732
818.732
818.732
818.732
818.732
818.732
818.732
818.732
818.732
818.732
818.732
818.732
818.732
818.732
818.732
818.732
818.732
818.732
818.732
818.732
818.732
818.732
818.732
818.732
818.732
818.732
818.732
818.732
818.732
818.732
818.732
818.732
818.732
818.732
818.732
818.732
818.732
818.732
818.732
818.732
818.732
818.732
818.732
818.732
818.732
818.732
818.732
818.732
818.732
818.732
818.732
818.732
818.732
818.732
818.732
818.732
818.732
818.732
818.732
818.732
818.732
818.732
818.732
818.732
818.732
818.732
818.732
818.732
818.732
818.732
818.732
818.732
818.732
818.732
818.732
818.732
818.732
818.732
818.732
818.732
818.732
818.732
818.732
818.732
818.732
818.732
818.732
818.732
818.732
818.732
818.732
818.732
818.732
818.732
818.732
818.732
818.732
818.732
818.732
818.732
818.732
818.732
818.732
818.732
818.732
818.732
818.732
818.732
818.732
818.732
818.732
818.732
818.732
818.732
818.732
818.732
818.732
818.732
818.732
818.732
818.732
818.732
818.732
818.732
818.732
818.732
818.732
818.732
818.732
818.732
818.732
818.732
818.732
818.732
818.732
818.732
818.732
818.732
818.732
818.732
818.732
818.732
818.732
818.732
818.732
818.732
818.732
818.732
818.732
818.732
818.732
818.732
818.732
818.732
818.732
818.732
818.732
818.732
818.732
818.732
818.732
818.732
818.732
818.732
818.732
818.732
818.732
818.732
818.732
818.732
818.732
818.732
818.732
818.732
818.732
818.732
818.732
818.732
818.732
818.732
818.732
818.732
818.732
818.732
818.732
818.732
818.732
818.732
818.732
818.732
818.732
818.732
818.732
818.732
818.732
818.732
818.732
818.732
818.732
818.732
818.732
818.732
818.732
818.732
818.732
818.732
818.732
818.732
818.732
818.732
818.732
818.732
818.732
818.732
818.732
818.732
818.732
818.732
818.732
818.732
818.732
818.732
818.732
818.732
818.732
818.732
818.732
818.732
818.732
818.732
818.732
818.732
818.732
818.732
818.732
818.732
818.732
818.732
818.732
818.732
818.732
818.732
818.732
818.732
818.732
818.732
818.732
818.732
818.732
818.732
818.732
818.732
818.732
818.732
818.732
818.732
818.732
818.732
818.732
818.732
818.732
818.732
818.732
818.732
818.732
818.732
818.732
818.732
818.732
818.732
818.732
818.732
818.732
818.732
818.732
818.732
818.732
818.732
818.732
818.732
818.732
818.732
818.732
818.732
818.732
818.732
818.732
818.732
818.732
818.732
818.732
818.732
818.732
818.732
818.732
818.732
818.732
818.732
818.732
818.732
818.732
818.732
818.732
818.732
818.732
818.732
818.732
818.732
818.732
818.732
818.732
818.732
818.732
818.732
818.732
818.732
818.732
818.732
818.732
818.732
818.732
818.732
818.732
818.732
818.732
818.732
818.732
818.732
818.732
818.732
818.732
818.732
818.732
818.732
818.732
818.732
818.732
818.732
818.732
818.732
818.732
818.732
818.732
818.732
818.732
818.732
818.732
818.732
818.764
818.764
818.764
818.764
818.764
818.764
818.764
818.764
818.764
818.764
818.764
818.764
818.764
818.764
818.764
818.764
818.764
818.764
818.764
818.764
818.764
818.764
818.764
818.764
818.764
818.764
818.764
818.764
818.764
818.764
818.764
818.764
818.764
818.764
818.764
818.764
818.764
818.764
818.764
818.764
818.764
818.764
818.764
818.764
818.764
818.764
818.764
818.764
818.764
818.764
818.764
818.764
818.764
818.764
818.764
818.764
818.764
818.764
818.764
818.764
818.764
818.764
818.764
818.764
818.764
818.764
818.764
818.764
818.764
818.764
818.764
818.764
818.764
818.764
818.764
818.764
818.764
818.764
818.764
818.764
818.764
818.764
818.764
818.764
818.764
818.764
818.764
818.764
818.764
818.764
818.764
818.764
818.764
818.764
818.764
818.764
818.764
818.764
818.764
818.764
818.764
818.764
818.764
818.764
818.764
818.764
818.764
818.764
818.764
818.764
818.764
818.764
818.764
818.764
818.764
818.764
818.764
818.764
818.764
818.764
818.764
818.764
818.764
818.764
818.764
818.764
818.764
818.764
818.764
818.764
818.764
818.764
818.764
818.764
818.764
818.764
818.764
818.764
818.764
818.764
818.764
818.764
818.764
818.764
818.764
818.764
818.764
818.764
818.764
818.764
818.764
818.764
818.764
818.764
818.764
818.764
818.764
818.764
818.764
818.764
818.764
818.764
818.764
818.764
818.764
818.764
819.644
819.644
820.152
820.152
820.152
820.152
820.152
820.152
820.152
820.152
820.152
820.152
820.152
820.152
820.152
820.152
820.152
820.152
820.152
820.152
820.608
820.608
820.608
820.608
820.608
820.608
820.608
820.608
820.608
820.608
820.608
820.608
820.608
820.608
820.608
820.608
820.608
820.608
820.608
820.608
820.608
820.608
820.608
820.608
820.608
820.608
820.608
820.608
820.608
820.608
820.608
820.608
820.608
820.608
820.608
820.608
820.608
820.608
820.608
820.608
820.608
820.608
820.608
820.608
820.608
820.608
820.608
820.608
820.608
820.608
820.608
820.608
820.608
820.608
820.608
820.608
820.608
820.608
820.608
820.608
820.608
820.608
820.608
820.608
820.608
820.608
820.608
820.608
820.608
820.608
820.608
820.608
820.608
820.608
820.608
820.608
820.865
820.865
820.865
820.865
820.865
820.865
820.865
820.865
820.865
820.865
820.865
820.865
820.865
820.865
820.865
820.865
820.865
820.865
820.865
820.865
820.865
820.865
820.865
820.865
820.865
820.865
820.865
820.865
820.865
820.865
820.865
820.865
820.865
820.865
820.865
820.865
820.865
820.865
820.865
820.865
820.865
820.865
820.865
820.865
820.865
820.865
820.865
820.865
820.865
820.865
820.865
820.865
820.865
820.865
820.865
820.865
820.865
820.865
820.865
820.865
820.865
820.865
820.865
820.865
820.865
820.865
820.865
820.865
820.865
820.865
820.865
820.865
820.865
820.865
820.865
820.865
820.865
820.865
820.865
820.865
820.865
820.865
820.865
820.865
820.865
820.865
820.865
820.865
820.865
820.865
820.865
820.865
820.865
820.865
820.865
820.865
820.865
820.865
820.865
820.865
820.865
820.865
820.865
820.865
820.865
820.865
820.865
820.865
820.865
820.865
820.865
820.865
820.865
820.865
820.865
820.865
820.865
820.865
820.865
820.865
820.865
820.865
820.865
820.865
820.865
820.865
820.865
820.865
820.865
820.865
820.865
820.865
820.865
820.865
820.865
820.865
820.865
820.865
820.865
820.865
820.865
