11.5697 66 49.6709
15, 9
11, 10
7, 15, 6, 4
5, 4, 12
14, 13, 11
1, 2, 3, 6, 8, 10
11.4252 71 53.1276
15, 9
11, 10
7, 15, 6, 4
5, 4, 12
14, 13, 11
1, 2, 3, 6, 8, 10, 11
11.1875 93 68.4563
1, 2, 3, 6, 8
9, 15, 7, 10, 14, 13
3, 2, 4
14, 10, 11, 12
10, 8, 6, 4, 5
10, 11
11.1618 95 69.8486
7, 10, 8, 6, 3, 2, 1
9, 15, 7
15, 6
12, 11, 13, 14
7, 10
13, 10, 8, 6, 4, 5
11.0591 102 74.7177
7, 10, 8, 6, 3, 2, 1
9, 15, 7, 10
15, 6
12, 11, 13, 14
7, 10
13, 10, 8, 6, 4, 5
11.4188 79 58.7256
13, 14, 10, 7, 15, 9
10, 8, 6, 3, 2, 1
12, 11, 13, 14
8, 15
3, 2
6, 4, 5
11.3031 80 59.3909
5, 4, 6, 8, 10, 14, 13
5, 2
3, 6, 15, 7
12, 11, 10
15, 9
1, 2, 3, 6, 8
11.2068 87 64.262
5, 4, 6, 8, 10, 14, 13
5, 2
3, 6, 15, 7, 10
12, 11, 10
15, 9
1, 2, 3, 6, 8
