13.1304 63 33.0782
12.8927 64 33.3356
11.377 67 33.6262
12.8927 65 33.7356
11.2775 74 36.3665
11.3385 82 39.6031
11.1972 83 39.9183
11.2999 84 40.38
11.1875 85 40.7125
11.194 87 41.5164
11.1426 88 41.8856
11.0816 89 42.2489
10.8728 98 45.7237
11.0077 100 46.6046
10.8343 114 52.1006
12.3372 115 53.4023
12.5234 95 45.5141
11.8394 107 49.9037
13.4001 83 41.2401
13.352 84 41.6112
13.8818 106 50.7291
12.6487 107 50.3892
12.3115 97 46.1869
12.6647 98 46.7988
13.2107 119 55.5264
12.4721 92 44.2832
12.456 80 39.4736
13.3359 96 46.4015
12.2601 120 55.3561
13.4676 115 54.0805
13.1368 94 45.4821
12.2601 108 50.5561
11.4926 119 54.4956
13.0116 110 51.8069
13.018 94 45.4108
13.5575 110 52.1345
12.8189 94 45.2913
12.2408 107 50.1445
12.6776 100 47.6066
12.0193 116 53.6116
13.5767 96 46.5461
12.501 106 49.9006
11.9968 114 52.7981
11.6403 125 56.9842
13.49 79 39.694
