12.6326 64 48.5898
11.5697 66 49.6709
11.4252 71 53.1276
11.2486 75 55.8746
11.2486 75 55.8746
11.2486 75 55.8746
11.2486 75 55.8746
11.194 77 57.2582
11.0045 107 78.2013
11.6917 102 74.9075
11.1779 134 97.1534
11.9454 108 79.1836
11.2486 75 55.8746
11.2486 75 55.8746
11.0045 107 78.2013
11.194 77 57.2582
11.5697 66 49.6709
11.2486 75 55.8746
11.2486 75 55.8746
11.5697 66 49.6709
11.2486 75 55.8746
11.9454 108 79.1836
11.8715 128 93.1615
11.4605 116 84.6381
11.2486 75 55.8746
11.5697 66 49.6709
11.5697 66 49.6709
11.5697 66 49.6709
11.194 77 57.2582
11.1362 115 83.8409
10.9499 85 62.785
10.9499 85 62.785
11.3096 81 60.0929
11.5697 66 49.6709
11.2807 109 79.6842
11.2486 75 55.8746
11.2486 75 55.8746
11.194 77 57.2582
11.2004 112 81.7601
11.2486 75 55.8746
11.2486 75 55.8746
11.499 130 94.4497
11.4252 71 53.1276
11.194 77 57.2582
11.5697 66 49.6709
11.0045 107 78.2013
12.6326 64 48.5898
11.2486 75 55.8746
11.5697 66 49.6709
11.2486 75 55.8746
11.2486 75 55.8746
11.194 77 57.2582
11.5697 66 49.6709
11.2486 75 55.8746
11.5697 66 49.6709
11.2486 75 55.8746
11.2486 75 55.8746
11.2486 75 55.8746
11.2486 75 55.8746
11.2999 85 62.89
12.1734 119 86.952
12.6326 64 48.5898
11.4252 71 53.1276
11.2486 75 55.8746
11.1779 134 97.1534
12.061 110 80.6183
11.194 77 57.2582
11.2486 75 55.8746
11.2486 75 55.8746
11.4252 71 53.1276
10.921 95 69.7763
10.9499 85 62.785
11.6917 134 97.3075
11.1651 87 64.2495
11.6821 112 81.9046
11.4252 71 53.1276
11.2486 75 55.8746
11.9454 108 79.1836
11.2486 75 55.8746
11.194 77 57.2582
11.4252 71 53.1276
11.0045 107 78.2013
11.2999 85 62.89
11.2486 75 55.8746
12.6326 64 48.5898
11.4701 114 83.241
11.194 77 57.2582
11.4252 71 53.1276
11.6564 128 93.0969
12.6326 64 48.5898
11.9069 104 76.3721
11.9069 104 76.3721
11.7977 113 82.6393
12.1734 119 86.952
11.5697 66 49.6709
12.1638 121 88.3491
10.9499 85 62.785
11.2486 75 55.8746
12.6326 64 48.5898
11.0045 105 76.8013
11.2132 85 62.864
11.194 77 57.2582
11.5697 66 49.6709
11.194 77 57.2582
11.2486 75 55.8746
11.6146 127 92.3844
11.2421 111 81.0726
11.2486 75 55.8746
11.2421 109 79.6726
11.5697 66 49.6709
11.5697 66 49.6709
11.0045 105 76.8013
11.5279 102 74.8584
11.2486 75 55.8746
11.5697 66 49.6709
12.1734 119 86.952
11.2486 75 55.8746
11.2486 75 55.8746
11.955 116 84.7865
11.2486 75 55.8746
11.194 77 57.2582
11.2132 85 62.864
11.5697 66 49.6709
11.2486 75 55.8746
11.2486 75 55.8746
11.5697 66 49.6709
11.5697 66 49.6709
12.6326 64 48.5898
11.2004 112 81.7601
11.5697 66 49.6709
11.194 77 57.2582
11.2486 75 55.8746
11.2486 75 55.8746
11.2486 75 55.8746
10.9884 129 93.5965
11.3577 131 95.1073
10.9499 85 62.785
11.2004 112 81.7601
11.2486 75 55.8746
12.6326 64 48.5898
11.2132 85 62.864
11.2486 75 55.8746
11.0045 105 76.8013
11.194 77 57.2582
12.6326 64 48.5898
11.2132 85 62.864
11.5697 66 49.6709
11.2486 75 55.8746
11.5697 66 49.6709
11.5697 66 49.6709
