13.2235 66 50.1671
14, 13, 11, 10
9, 15, 8, 6, 3, 2
10, 7, 15
12, 4
6, 4
1, 2, 5
11.377 77 57.3131
5, 4
12, 11, 10
10, 8, 6, 3, 2, 1
11, 13, 14
5, 4, 6, 15, 9
7, 15, 6, 4
11.4798 70 52.4439
5, 4
12, 11, 10
10, 8, 6, 3, 2, 1
11, 13, 14
5, 4, 6, 15, 9
7, 15
11.4155 73 54.5247
5, 4
12, 11, 10
10, 8, 6, 3, 2, 1
11, 13, 14
5, 4, 6, 15, 9
7, 15, 6
12.7803 67 50.7341
7, 15
9, 15, 8, 6, 4
6, 3, 2, 1
10, 11, 12
4, 5
7, 10, 14, 13
11.2389 79 58.6717
15, 9
5, 4, 6, 8, 10, 11, 12
15, 7, 10, 14
14, 13
1, 2, 3, 6, 8
4, 5
10.9884 87 64.1965
15, 9
5, 4, 6, 8, 10, 11, 12
15, 7, 10, 14
14, 13
1, 2, 3, 6, 8, 10
4, 5
10.9788 116 84.4936
14, 10
13, 11, 12, 4
13, 10, 8, 6, 3, 2, 1
3, 6
11, 10, 7, 15, 9
7, 10, 8, 6, 4, 5
12.5877 68 51.3763
7, 15
12, 11, 13, 14, 10, 8, 6
9, 15, 8
1, 2
6, 4, 5
2, 3, 6
14.5787 64 49.1736
14, 13, 11, 10
8, 15, 6, 3, 2
5, 4
9, 15
10, 7, 15
1, 2, 4, 12
13.2556 65 49.4767
7, 15
7, 10, 11
5, 2, 1
15, 8, 6, 3, 2, 4, 12
11, 13, 14
9, 15
