13.5286 63 38.2643
12.7258 64 38.3629
11.9422 65 38.4711
11.8298 67 39.4149
11.4605 69 40.2303
11.4509 71 41.2254
11.4188 73 42.2094
11.3481 77 44.1741
11.3192 80 45.6596
11.271 83 47.1355
11.2486 87 49.1243
11.2389 88 49.6195
11.1362 89 50.0681
11.0334 95 53.0167
11.043 95 53.0215
10.9306 97 53.9653
10.8889 107 58.9444
10.7508 134 72.3754
11.5151 108 59.7575
13.0694 87 50.0347
13.5478 110 61.7739
14.0263 88 51.0132
12.9827 97 54.9913
13.7823 89 51.3911
13.5992 85 49.2996
13.0726 87 50.0363
11.9679 88 49.9839
13.1689 74 43.5845
13.0662 99 56.0331
13.2139 122 67.6069
12.3147 110 61.1574
12.957 91 51.9785
13.2556 98 55.6278
12.2633 107 59.6317
12.2087 97 54.6044
12.6069 92 52.3035
12.7932 75 43.8966
11.5986 112 61.7993
14.219 80 47.1095
12.4817 93 52.7408
13.3744 112 62.6872
12.9891 106 59.4945
11.5986 119 65.2993
12.8414 104 58.4207
13.1882 89 51.0941
12.0128 96 54.0064
14.4502 116 65.2251
12.8638 107 59.9319
