14.5787 64 49.1736
13.2556 65 49.4767
13.2235 66 50.1671
12.7803 67 50.7341
12.5877 68 51.3763
11.4798 70 52.4439
11.4155 73 54.5247
11.4798 70 52.4439
11.2389 79 58.6717
11.4091 77 57.3227
11.0077 106 77.5023
11.0077 106 77.5023
11.4798 70 52.4439
11.4091 77 57.3227
11.4798 70 52.4439
14.569 70 53.3707
14.5787 64 49.1736
14.5787 64 49.1736
14.614 67 51.2842
13.2556 65 49.4767
11.4798 70 52.4439
11.4798 70 52.4439
11.0077 106 77.5023
11.0077 106 77.5023
11.4798 70 52.4439
11.4155 73 54.5247
11.4798 70 52.4439
13.2235 66 50.1671
11.0077 106 77.5023
11.2389 79 58.6717
11.0077 106 77.5023
11.4091 77 57.3227
12.7803 67 50.7341
13.2556 65 49.4767
11.0077 106 77.5023
11.4091 77 57.3227
11.0077 106 77.5023
11.0077 106 77.5023
11.4798 70 52.4439
12.5877 68 51.3763
14.5787 64 49.1736
11.4091 77 57.3227
12.5877 68 51.3763
11.4798 70 52.4439
12.5877 68 51.3763
11.0077 106 77.5023
11.2389 79 58.6717
11.2389 79 58.6717
12.5877 68 51.3763
11.0077 106 77.5023
13.2235 66 50.1671
13.2556 65 49.4767
11.4155 73 54.5247
13.2556 65 49.4767
11.0077 106 77.5023
14.5787 64 49.1736
11.4091 77 57.3227
11.4798 70 52.4439
11.4798 70 52.4439
14.5787 64 49.1736
11.4155 73 54.5247
11.4091 77 57.3227
11.4091 77 57.3227
11.0077 106 77.5023
13.2556 65 49.4767
11.0077 106 77.5023
11.4798 70 52.4439
12.5877 68 51.3763
11.2389 79 58.6717
11.0077 106 77.5023
13.2556 65 49.4767
13.2556 65 49.4767
14.5787 64 49.1736
11.4798 70 52.4439
11.0077 106 77.5023
11.4091 77 57.3227
11.4091 77 57.3227
11.4091 77 57.3227
11.4798 70 52.4439
14.569 70 53.3707
11.4798 70 52.4439
11.0077 106 77.5023
11.4798 70 52.4439
11.4798 70 52.4439
13.2556 65 49.4767
11.4798 70 52.4439
11.4798 70 52.4439
13.2556 65 49.4767
12.7803 67 50.7341
12.5877 68 51.3763
13.2556 65 49.4767
11.0077 106 77.5023
12.5877 68 51.3763
13.2139 72 54.3642
11.4091 77 57.3227
11.4798 70 52.4439
11.4798 70 52.4439
12.5877 68 51.3763
13.2139 72 54.3642
13.2139 72 54.3642
11.377 77 57.3131
12.7803 67 50.7341
12.5877 68 51.3763
11.0077 106 77.5023
14.569 70 53.3707
11.377 77 57.3131
11.4091 77 57.3227
13.2556 65 49.4767
12.7803 67 50.7341
11.4798 70 52.4439
11.4798 70 52.4439
13.2588 69 52.2776
11.4798 70 52.4439
11.0077 106 77.5023
11.4798 70 52.4439
11.0077 106 77.5023
12.5877 68 51.3763
11.4798 70 52.4439
11.0077 106 77.5023
11.4798 70 52.4439
13.2556 65 49.4767
11.4798 70 52.4439
11.4798 70 52.4439
11.4798 70 52.4439
11.0077 106 77.5023
11.4091 77 57.3227
12.7803 67 50.7341
11.4798 70 52.4439
12.5877 68 51.3763
11.4798 70 52.4439
11.0077 106 77.5023
11.0077 106 77.5023
13.2556 65 49.4767
11.4155 73 54.5247
12.7803 67 50.7341
13.2139 72 54.3642
13.2235 66 50.1671
11.0077 106 77.5023
11.4155 73 54.5247
11.0077 106 77.5023
11.4091 77 57.3227
14.5787 64 49.1736
14.569 70 53.3707
13.2556 65 49.4767
11.0077 106 77.5023
11.0077 109 79.6023
11.0077 106 77.5023
11.4798 70 52.4439
12.5877 68 51.3763
12.7803 67 50.7341
