12.7354 63 57.9735
11.9679 67 61.4968
11.7752 68 62.3775
11.4669 69 63.2467
11.4284 73 66.8428
11.3802 77 70.438
11.3545 78 71.3354
11.3224 80 73.1322
11.3031 86 78.5303
11.21 87 79.421
11.2068 88 80.3207
11.1394 90 82.1139
11.0784 94 85.7078
11.0687 96 87.5069
10.8728 98 89.2873
10.8343 114 103.683
12.7033 117 106.57
12.2987 98 89.4299
13.0276 105 95.8028
12.7386 97 88.5739
12.4592 97 88.5459
11.6628 94 85.7663
12.5234 134 121.852
13.307 94 85.9307
12.6936 102 93.0694
13.3391 100 91.3339
11.7688 113 102.877
12.7996 106 96.68
12.7001 126 114.67
13.6891 102 93.1689
12.5427 102 93.0543
12.9409 96 87.6941
12.9313 142 129.093
13.9268 87 79.6927
12.9249 87 79.5925
12.9859 105 95.7986
11.8812 100 91.1881
13.4804 100 91.348
13.3841 99 90.4384
11.8362 103 93.8836
13.1368 90 82.3137
13.0083 85 77.8008
13.1272 106 96.7127
11.8523 107 97.4852
12.4303 98 89.443
12.3597 128 116.436
