13.1304 66 34.2782
11.377 67 33.6262
11.377 67 33.6262
11.5857 73 36.1514
11.4059 74 36.4435
11.4541 71 35.2724
11.3385 80 38.8031
11.4155 84 40.4493
11.5857 73 36.1514
11.5665 69 34.5399
11.377 67 33.6262
11.3385 92 43.6031
11.5857 76 37.3514
11.3192 88 41.9915
13.1304 63 33.0782
11.2261 84 40.3356
11.5857 76 37.3514
11.6821 69 34.6092
11.3385 80 38.8031
11.4541 92 43.6724
11.6821 69 34.6092
11.377 67 33.6262
13.1304 66 34.2782
11.3385 84 40.4031
11.377 67 33.6262
11.4059 74 36.4435
11.377 67 33.6262
11.4059 74 36.4435
11.377 67 33.6262
11.377 67 33.6262
11.2775 74 36.3665
11.4059 74 36.4435
11.377 67 33.6262
11.5215 74 36.5129
11.3096 87 41.5857
11.4541 82 39.6724
11.3385 82 39.6031
11.6821 69 34.6092
11.377 67 33.6262
11.4155 84 40.4493
11.3385 80 38.8031
11.2999 84 40.38
11.2999 84 40.38
11.6821 69 34.6092
11.5665 69 34.5399
11.4155 94 44.4493
11.5857 73 36.1514
13.1304 63 33.0782
11.377 67 33.6262
11.377 67 33.6262
11.4541 92 43.6724
11.5215 74 36.5129
11.377 67 33.6262
11.5215 86 41.3129
11.4059 74 36.4435
11.6821 69 34.6092
11.4059 74 36.4435
11.4541 92 43.6724
13.1304 63 33.0782
11.316 85 40.7896
11.377 67 33.6262
11.5857 73 36.1514
11.4541 71 35.2724
11.5665 69 34.5399
13.1304 66 34.2782
11.377 67 33.6262
11.4155 84 40.4493
11.5215 74 36.5129
11.5215 74 36.5129
13.1304 63 33.0782
11.5857 73 36.1514
11.3385 82 39.6031
11.4059 74 36.4435
11.377 67 33.6262
11.3577 89 42.4146
11.4252 102 47.6551
11.377 67 33.6262
11.377 67 33.6262
11.2261 84 40.3356
11.5215 74 36.5129
11.6821 69 34.6092
11.2999 94 44.38
11.377 67 33.6262
11.3385 80 38.8031
11.3385 80 38.8031
11.316 85 40.7896
11.377 67 33.6262
11.5665 69 34.5399
11.3385 80 38.8031
11.377 67 33.6262
11.377 67 33.6262
13.1304 66 34.2782
11.4541 82 39.6724
11.4541 82 39.6724
11.6821 69 34.6092
11.4252 78 38.0551
11.3577 96 45.2146
11.377 67 33.6262
11.377 67 33.6262
11.4059 74 36.4435
11.377 67 33.6262
11.5215 74 36.5129
13.1304 66 34.2782
11.4541 92 43.6724
11.3577 96 45.2146
13.1304 66 34.2782
11.316 85 40.7896
13.1304 66 34.2782
11.377 67 33.6262
11.3385 80 38.8031
11.3385 82 39.6031
11.3385 80 38.8031
11.4252 81 39.2551
11.3385 80 38.8031
11.4059 74 36.4435
11.5215 74 36.5129
11.3385 82 39.6031
11.3577 86 41.2146
11.3385 80 38.8031
11.377 67 33.6262
11.3963 96 45.2378
11.4541 92 43.6724
11.377 67 33.6262
11.5215 74 36.5129
11.5215 74 36.5129
11.4541 71 35.2724
11.377 67 33.6262
11.5857 73 36.1514
11.4155 84 40.4493
11.377 67 33.6262
11.4252 102 47.6551
11.2775 74 36.3665
11.4155 84 40.4493
13.1304 66 34.2782
11.377 67 33.6262
11.3385 80 38.8031
13.1304 63 33.0782
11.3706 94 44.4224
11.3385 80 38.8031
11.377 67 33.6262
11.5215 74 36.5129
11.5857 76 37.3514
13.1304 66 34.2782
11.377 67 33.6262
11.377 67 33.6262
11.4541 82 39.6724
11.3385 80 38.8031
11.4059 74 36.4435
11.2775 74 36.3665
11.5215 74 36.5129
