749.7
759.154
759.906
759.906
759.906
759.906
759.906
760.676
760.676
760.676
760.676
762.24
762.24
762.24
762.24
762.24
762.24
762.24
762.24
762.24
762.24
762.24
762.645
762.645
762.645
762.645
762.645
762.645
762.645
762.645
762.645
762.645
762.645
766.961
766.961
766.961
766.961
767.269
767.269
767.667
767.667
767.667
767.667
767.667
767.992
767.992
767.992
767.992
767.992
767.992
767.992
769.854
769.854
769.854
769.854
772.526
772.757
772.764
772.764
772.764
772.764
772.764
772.764
772.764
772.764
772.764
772.764
772.764
772.921
772.921
772.921
772.921
772.921
772.921
772.921
772.921
772.921
772.921
772.921
772.921
772.921
772.921
772.921
772.921
772.921
772.921
772.921
772.969
772.969
772.969
772.969
772.969
772.969
772.969
772.969
772.969
772.969
772.969
772.969
772.969
772.969
772.969
772.969
772.969
772.969
772.969
772.969
772.969
772.969
786.656
786.656
786.656
786.656
786.656
786.656
786.656
786.656
786.656
786.656
786.656
786.656
786.656
786.656
786.656
786.656
786.656
786.656
787.375
787.375
787.375
787.375
787.375
787.375
787.375
787.375
787.375
787.375
787.375
787.375
787.375
787.375
787.375
787.375
787.375
787.375
787.375
787.375
787.375
787.375
787.375
787.375
787.375
787.375
787.375
787.375
787.375
787.375
787.375
787.375
787.375
787.375
787.375
787.375
787.375
787.375
787.375
787.375
787.375
787.375
787.375
787.375
787.375
787.375
787.375
787.375
787.375
787.375
787.375
787.375
787.375
787.375
787.375
787.375
787.375
787.375
787.375
787.375
787.375
787.375
787.375
787.375
787.375
787.375
787.375
787.375
787.375
787.375
787.375
787.375
787.375
787.375
787.375
787.375
787.375
787.375
787.375
787.375
787.375
787.375
787.375
787.375
787.375
787.375
787.375
787.375
787.375
787.375
787.375
787.375
787.375
787.375
787.375
787.375
788.094
788.094
788.094
788.094
788.094
789.18
789.18
793.935
793.935
793.935
793.935
793.935
793.935
793.935
793.935
793.935
793.935
793.935
793.935
793.935
793.935
793.935
793.935
793.935
793.935
793.935
793.935
793.935
793.935
793.935
793.935
793.935
793.935
793.935
793.935
793.935
793.935
793.935
793.935
793.935
793.935
793.935
793.935
793.935
793.935
793.935
793.935
793.935
793.935
793.935
793.935
793.935
793.935
793.935
793.935
793.935
793.935
793.935
793.935
793.935
793.935
793.935
793.935
793.935
793.935
793.935
793.935
793.935
793.935
793.935
793.935
793.935
793.935
793.935
793.935
793.935
793.935
793.935
793.935
793.935
793.935
794.166
794.166
794.166
794.185
794.185
794.185
794.185
794.185
794.185
794.185
794.185
794.185
794.185
794.185
794.185
794.185
794.185
794.185
794.185
794.185
794.185
794.185
794.185
794.185
794.185
794.185
794.185
794.185
794.185
794.185
794.185
794.185
794.185
794.185
794.185
794.185
794.185
794.185
794.185
794.185
794.185
794.185
794.185
794.185
794.185
794.185
794.185
794.185
794.185
794.185
794.185
794.185
794.185
794.185
794.185
794.185
794.185
794.185
794.185
794.185
794.185
794.185
794.185
794.185
794.185
794.185
794.185
794.185
794.185
794.185
794.185
794.185
794.185
794.185
794.185
794.185
794.185
794.185
794.185
794.185
794.185
794.185
794.185
794.185
794.185
794.185
794.185
794.185
794.185
794.185
794.185
794.185
794.185
794.185
794.185
794.185
794.185
794.185
794.185
794.185
794.185
794.185
794.185
794.185
794.185
794.185
794.185
794.185
794.185
794.185
794.185
794.185
794.185
794.185
794.185
794.185
794.185
794.185
794.185
794.185
794.185
794.185
794.185
794.185
794.185
794.185
794.185
794.185
794.185
794.185
794.185
794.185
794.185
794.185
794.185
794.185
794.185
794.185
794.185
794.185
794.185
794.185
794.185
794.233
794.233
794.233
794.233
794.233
794.233
794.233
794.233
794.233
794.233
794.233
794.233
794.24
794.24
794.24
794.24
794.24
794.24
794.24
794.24
794.24
794.24
794.24
794.24
794.24
794.24
794.24
794.24
794.24
794.24
794.24
794.24
794.24
794.24
794.24
794.24
794.24
794.24
794.24
794.24
794.602
794.602
794.602
794.602
794.602
794.602
794.602
794.602
794.602
794.602
794.602
794.602
794.602
794.602
794.602
794.602
794.602
794.602
794.602
794.602
794.602
794.602
794.602
794.602
794.602
794.602
794.602
794.602
794.602
794.602
794.602
800.951
802.547
802.547
802.547
802.547
802.547
802.547
802.547
802.547
802.547
802.547
802.547
802.547
802.547
802.547
802.547
802.547
802.547
802.547
802.547
802.547
802.547
802.547
802.547
802.547
802.547
802.547
802.547
802.547
802.547
802.547
802.547
802.547
802.547
802.547
802.547
802.547
802.547
802.547
802.547
802.547
802.547
802.547
802.547
802.547
802.547
802.547
802.547
802.547
802.547
802.547
802.547
802.547
802.547
802.547
802.547
802.547
802.547
802.547
802.547
802.547
802.547
802.547
802.547
802.547
802.547
802.547
802.547
802.547
802.547
802.547
802.547
802.547
802.547
802.547
802.547
802.547
802.547
802.547
802.547
802.547
802.547
802.547
802.547
802.547
802.547
802.547
802.547
802.547
802.547
802.547
802.547
802.547
802.547
802.547
802.547
802.547
802.547
802.547
802.547
802.547
802.547
802.547
802.547
802.547
802.547
802.547
802.547
802.547
802.547
802.547
802.547
802.547
802.547
802.547
802.547
802.547
802.547
802.547
802.547
802.547
802.547
802.547
802.547
802.547
802.547
802.547
802.547
802.547
802.547
802.547
802.547
802.547
802.547
802.547
802.547
802.547
802.547
802.547
802.547
802.547
802.547
802.547
802.547
802.547
802.547
802.547
802.547
802.547
802.547
802.547
802.547
802.547
802.547
802.547
802.547
802.547
802.547
802.547
802.547
802.547
802.547
802.547
802.547
802.547
802.547
802.547
802.547
802.547
802.547
802.547
802.547
802.547
802.547
802.547
802.547
802.547
802.547
802.547
802.547
802.547
802.547
802.547
802.547
802.547
802.547
802.547
802.547
802.547
802.547
802.547
802.547
802.547
802.547
802.547
802.547
802.547
802.547
802.547
802.547
802.547
802.547
802.547
802.547
802.547
802.547
802.547
802.547
802.547
802.547
802.547
802.547
802.547
802.547
802.547
802.547
802.547
802.547
802.547
802.547
802.547
802.547
802.547
802.547
802.547
802.547
802.547
802.547
802.547
802.547
802.547
802.547
802.547
802.547
802.547
802.547
802.547
802.547
802.547
802.547
802.547
802.547
802.547
802.547
802.547
802.547
802.547
802.547
802.547
802.547
802.547
802.547
802.547
802.547
802.547
802.547
802.547
802.547
802.547
802.547
802.547
802.547
802.547
802.547
802.547
802.547
802.547
802.547
802.547
802.547
802.547
802.547
802.547
802.547
802.547
802.547
802.547
802.547
802.547
802.547
802.547
802.547
802.547
802.547
802.547
802.547
802.547
802.547
802.547
802.547
802.547
802.547
802.547
802.547
802.547
802.547
802.547
802.547
802.547
802.547
802.547
802.547
802.547
802.547
802.547
802.547
802.547
802.547
802.547
802.547
802.547
802.547
802.547
802.547
802.547
802.547
802.547
802.547
802.547
802.547
802.547
802.547
802.547
802.547
802.547
802.547
802.547
802.547
802.547
802.547
802.547
802.547
802.547
802.547
802.547
802.547
802.547
802.547
802.547
802.547
802.547
802.547
802.547
802.547
802.547
802.547
802.547
802.547
802.547
802.547
802.547
802.547
802.547
802.547
802.547
802.547
802.547
802.547
802.547
802.547
802.547
802.547
802.547
802.547
802.547
802.547
802.547
802.547
802.547
802.547
802.547
802.547
802.547
802.547
802.547
802.547
802.547
802.547
802.547
802.547
802.547
802.547
802.547
802.547
802.547
802.547
802.547
802.547
802.547
802.547
802.547
802.547
802.547
802.547
802.547
802.547
802.547
802.547
802.547
802.547
802.547
802.547
802.547
802.547
802.547
802.547
802.547
802.547
802.547
802.547
802.547
802.547
802.547
802.547
802.547
802.547
802.547
802.547
802.547
802.547
802.547
802.547
802.547
802.547
802.547
802.547
802.547
802.547
802.547
802.547
802.547
802.547
802.547
802.547
802.547
802.547
802.547
802.547
802.547
802.547
802.547
802.547
802.547
802.547
802.547
802.547
802.547
802.547
802.547
802.547
802.547
802.547
802.547
802.547
802.547
802.547
802.547
802.547
802.547
802.547
802.547
802.547
802.547
802.547
802.547
802.547
803.267
803.267
803.267
803.267
803.267
803.267
803.273
803.273
803.273
803.273
803.273
803.273
803.273
803.273
803.273
803.273
803.273
803.273
803.273
803.273
803.273
803.273
803.273
803.273
803.273
803.273
803.273
803.273
803.273
803.273
803.273
803.273
803.273
803.273
803.273
803.273
803.273
803.273
803.273
803.273
803.273
803.273
803.273
803.273
803.273
803.273
803.273
803.273
803.273
803.273
803.273
803.273
803.273
803.273
803.273
803.273
803.273
803.273
803.273
803.273
803.273
803.273
803.273
803.273
803.273
803.273
803.273
803.273
803.273
803.273
803.273
803.273
803.273
803.273
803.273
803.273
803.273
803.273
803.273
803.273
803.273
803.273
803.273
803.273
803.273
803.273
803.273
803.273
803.273
803.273
803.273
803.273
803.273
803.273
803.273
803.273
803.273
803.273
803.273
803.273
803.273
803.273
803.273
803.273
803.273
803.273
803.273
803.273
803.273
803.273
803.273
803.273
803.273
803.273
803.273
803.273
803.273
803.273
803.273
803.273
803.273
803.273
803.273
803.273
803.273
803.273
803.273
803.273
803.273
803.273
803.273
803.273
803.273
803.273
803.273
803.273
803.273
803.273
803.273
803.273
803.273
803.273
803.273
803.273
803.273
803.273
803.273
803.273
803.273
803.273
803.273
803.273
803.273
803.273
803.273
803.273
803.273
803.273
803.273
803.273
803.273
803.273
803.273
803.273
803.273
803.273
803.273
803.273
803.273
803.273
803.273
803.273
803.273
803.273
803.273
803.273
803.273
803.273
803.273
803.273
803.273
803.273
803.273
803.273
803.273
803.273
803.273
803.273
803.273
803.273
804.718
804.731
805.701
805.701
805.701
805.701
805.701
806.343
806.343
806.343
806.343
806.343
806.343
806.343
806.343
806.343
806.343
809.805
809.805
809.805
809.805
809.805
809.805
809.805
809.805
809.805
809.805
809.805
809.805
809.805
809.805
809.805
809.805
809.805
809.805
809.805
809.805
809.805
810.71
810.71
810.71
810.71
810.71
810.71
810.778
810.778
810.778
810.778
810.778
810.778
810.778
810.778
810.778
810.778
810.778
810.778
810.778
810.778
810.778
810.778
810.778
810.778
810.778
810.778
810.778
810.778
810.778
810.778
810.778
810.778
810.778
810.778
810.778
810.778
810.778
810.778
810.778
810.778
810.778
810.778
810.778
810.778
810.778
810.778
810.778
810.778
810.778
810.778
810.778
810.778
810.778
810.778
810.778
810.778
810.778
810.778
810.778
810.778
810.778
810.778
810.778
810.778
810.778
810.778
810.778
810.778
810.778
810.778
810.778
810.778
810.778
810.778
810.778
810.778
810.778
810.778
810.778
810.778
810.778
810.778
810.778
810.778
810.778
810.778
810.778
810.778
810.778
810.778
810.778
810.778
810.778
810.778
810.778
810.778
810.778
810.778
810.778
810.778
810.778
810.778
810.778
810.778
810.778
810.778
810.778
810.778
810.778
810.778
810.778
810.778
810.81
810.81
810.81
810.81
810.81
810.81
810.81
810.81
810.81
810.81
810.81
810.81
810.81
810.81
810.81
810.81
810.81
810.81
810.81
810.81
810.81
810.81
810.81
810.81
810.81
810.81
810.81
810.81
810.81
810.81
810.81
810.81
810.81
810.81
810.81
810.81
810.81
810.81
810.81
810.81
810.81
810.81
810.81
810.81
810.81
810.81
810.81
810.81
810.81
810.81
810.81
810.81
810.81
810.81
810.81
810.81
810.81
810.81
810.81
810.81
810.81
810.81
810.81
810.81
810.81
810.81
810.81
810.81
810.81
810.81
810.81
810.81
810.81
810.81
810.81
810.81
810.81
810.81
810.81
810.81
810.81
810.81
810.81
810.81
810.81
810.81
810.81
810.81
810.81
810.81
810.81
810.81
810.81
810.81
810.81
810.81
810.81
810.81
810.81
810.81
810.81
810.81
810.81
810.81
810.81
810.81
810.81
810.81
810.81
810.81
810.81
810.81
810.81
810.81
810.81
810.81
810.81
810.81
810.81
810.81
810.81
810.81
810.81
810.81
810.81
810.81
810.81
810.81
810.81
810.81
810.81
810.81
810.81
810.81
810.81
810.81
810.81
810.81
810.81
810.81
810.81
810.81
810.81
810.81
810.81
810.81
810.81
810.81
810.81
810.81
810.81
810.81
810.81
810.81
810.81
810.81
810.81
810.81
810.81
810.81
810.81
810.81
810.81
810.81
810.81
810.81
810.81
810.81
810.81
810.81
810.81
810.81
810.81
810.81
810.81
810.81
810.81
810.81
810.81
810.81
810.81
810.81
810.81
810.81
810.81
810.81
810.81
810.81
810.81
810.81
810.81
810.81
810.81
810.81
810.81
810.81
810.81
810.81
810.81
810.81
810.81
810.81
810.81
810.81
810.81
810.81
810.81
810.81
810.81
810.81
810.81
810.81
810.81
810.81
810.81
810.81
810.81
810.81
810.81
810.81
810.81
810.81
810.81
810.81
810.81
810.81
810.81
810.81
810.81
810.81
810.81
810.81
810.81
810.81
810.81
810.81
810.81
810.81
810.81
810.81
810.81
810.81
810.81
810.81
810.81
810.81
810.81
810.81
810.81
810.81
810.81
810.81
810.81
810.81
810.81
810.81
810.81
810.81
810.81
810.81
810.81
810.81
810.81
810.81
810.81
810.81
810.81
810.81
810.81
810.81
810.81
810.81
810.81
810.81
810.81
810.81
810.81
810.81
810.81
810.81
810.81
810.81
810.81
810.81
810.81
810.81
810.81
810.81
810.81
810.81
810.81
810.81
810.81
810.81
810.81
810.81
810.81
810.81
810.81
810.81
810.81
810.81
810.81
810.81
810.81
810.81
810.81
810.81
810.81
810.81
810.81
810.81
811.269
811.269
811.269
811.269
811.269
811.269
811.269
811.269
811.269
811.269
811.269
811.269
811.269
811.269
811.269
811.269
811.269
811.269
811.269
811.269
811.269
811.269
811.269
811.269
811.269
811.269
811.269
811.269
811.269
811.269
811.269
811.269
811.269
811.269
811.269
811.269
811.269
811.269
811.269
811.269
811.269
811.269
811.269
811.269
811.269
811.269
811.269
811.269
811.269
811.269
811.269
811.269
811.269
811.269
811.269
811.269
811.269
811.269
811.269
811.269
811.269
811.269
811.269
813.071
813.071
813.331
813.331
813.331
813.331
813.331
813.331
816.953
817.647
817.685
817.814
817.814
817.814
817.814
817.814
817.814
817.814
817.814
817.814
817.814
817.814
817.814
817.814
817.814
817.814
817.814
817.814
817.814
817.814
817.814
817.814
817.814
817.814
817.814
817.814
817.814
817.814
817.814
817.814
817.814
817.814
817.814
817.814
817.814
817.814
817.814
817.814
817.814
817.814
817.814
817.814
817.814
817.814
817.814
817.814
817.814
817.814
817.814
817.814
817.814
817.814
817.814
817.814
817.814
817.814
817.814
817.814
817.814
817.814
817.814
817.814
817.814
817.814
817.814
817.814
817.814
817.814
817.814
817.814
817.814
817.814
817.814
817.814
817.814
817.814
817.814
817.814
817.814
817.814
817.814
817.814
817.814
817.814
817.814
817.814
817.814
817.814
817.827
817.827
817.827
817.827
817.827
817.827
817.827
817.827
817.827
817.827
817.827
817.827
817.827
817.827
817.827
817.827
817.827
817.827
817.827
817.827
817.827
817.827
817.827
817.827
817.827
817.827
817.827
817.827
817.827
817.827
817.827
817.827
817.827
817.827
817.827
817.827
817.827
817.827
817.827
817.827
817.827
817.827
817.827
817.827
817.827
817.827
817.827
817.827
820.55
820.55
820.55
820.55
820.55
820.55
820.55
820.55
820.55
820.55
820.55
820.55
820.55
820.55
820.55
820.55
820.55
820.55
820.55
820.55
820.55
820.55
820.55
820.55
820.55
820.55
820.55
820.55
820.55
820.55
820.55
820.55
820.55
820.55
820.55
820.55
820.55
820.55
820.55
820.55
820.55
820.55
820.55
820.55
820.55
820.55
820.55
820.55
820.55
820.55
820.55
820.55
820.55
820.55
820.55
820.55
820.55
820.55
820.55
820.55
820.55
820.55
820.55
820.55
820.55
820.55
820.55
820.55
820.55
820.55
820.55
820.55
820.55
820.55
820.55
820.55
820.55
820.55
820.55
820.55
820.55
820.55
820.55
820.55
820.55
820.55
820.55
820.55
820.55
820.55
820.55
820.55
820.55
820.55
820.55
820.55
820.55
820.55
820.55
820.55
820.55
820.55
820.55
820.55
820.55
820.55
820.55
820.55
820.55
820.55
820.55
820.55
820.55
820.55
820.55
820.55
820.55
820.55
820.55
820.55
820.55
820.55
820.55
820.55
820.55
820.55
820.55
820.55
820.55
820.55
820.55
820.55
820.55
820.55
820.55
820.55
820.55
820.55
820.55
820.55
820.55
820.55
820.55
820.55
820.55
820.55
820.55
820.55
820.55
820.55
820.55
820.55
820.55
820.55
820.55
