11.4862 67 22.589
11.4926 70 23.1941
12.729 66 23.3832
13.1689 65 23.5351
11.4412 72 23.553
11.422 75 24.1376
11.4188 76 24.335
11.3706 79 24.8965
11.2614 80 25.0091
11.2518 83 25.6014
11.2197 87 26.3757
11.21 89 26.768
11.088 90 26.8704
11.2389 90 26.9911
11.088 92 27.2704
11.0816 93 27.4653
11.0334 94 27.6267
11.0816 95 27.8653
11.0591 96 28.0473
11.027 97 28.2216
10.9949 102 29.1959
11.0687 102 29.255
10.9692 103 29.3753
10.9531 111 30.9625
10.9403 113 31.3522
10.9338 116 31.9471
10.8632 133 35.2906
13.6667 92 29.3333
14.1066 111 33.4853
12.6744 100 30.1395
13.3616 86 27.8893
12.9666 95 29.3733
13.2942 87 28.0353
12.0289 126 34.8231
12.851 98 29.8808
11.4252 112 31.5401
12.3789 96 29.1031
13.3937 105 31.715
14.0199 100 31.2159
13.2749 100 30.6199
12.5652 102 30.4522
12.6101 131 36.2881
13.6731 97 30.3385
11.4027 134 35.9222
11.8812 119 33.3049
14.28 130 37.424
12.3243 106 31.0595
12.4367 110 31.9494
14.5016 76 26.8013
12.7001 96 29.3601
13.0597 94 29.2478
13.2331 84 27.3865
12.6101 83 26.6881
12.4496 103 30.5597
13.0629 85 27.4504
12.8767 119 34.1013
13.1593 97 29.9274
