11.4316 72 17.4884
12.4978 64 17.648
11.4252 74 17.6827
11.6435 74 17.8792
12.1766 69 17.859
13.4804 64 18.5324
11.6435 74 17.8792
11.5376 84 18.7838
11.3802 84 18.6422
12.4656 76 18.8191
11.5601 79 18.304
11.5633 93 19.7069
11.3385 84 18.6046
11.4862 93 19.6376
11.2807 95 19.6526
13.4804 64 18.5324
11.2614 84 18.5353
11.5633 93 19.7069
12.4978 64 17.648
11.6435 74 17.8792
13.4804 63 18.4324
12.4978 64 17.648
11.3288 76 17.796
11.5376 84 18.7838
11.6435 74 17.8792
11.6435 74 17.8792
11.4316 72 17.4884
12.1766 69 17.859
11.2261 87 18.8035
11.5633 93 19.7069
12.5845 81 19.426
11.4252 74 17.6827
11.3288 76 17.796
11.7688 91 19.6919
11.5633 93 19.7069
11.7688 91 19.6919
11.4252 74 17.6827
11.2518 97 19.8266
12.1766 69 17.859
11.6435 74 17.8792
11.3449 82 18.4104
11.2807 95 19.6526
11.332 81 18.2988
11.2614 84 18.5353
11.6435 74 17.8792
11.3288 76 17.796
11.4316 86 18.8884
13.4804 63 18.4324
11.3385 84 18.6046
11.3288 76 17.796
11.3288 76 17.796
11.2807 95 19.6526
11.3288 76 17.796
11.4862 93 19.6376
11.4862 93 19.6376
11.4284 80 18.2855
12.4978 64 17.648
11.4252 74 17.6827
11.5633 93 19.7069
11.4252 74 17.6827
11.7688 91 19.6919
12.2569 74 18.4312
11.4284 80 18.2855
11.3288 76 17.796
11.5633 93 19.7069
13.4804 63 18.4324
11.4284 80 18.2855
11.4316 72 17.4884
12.4239 78 18.9815
11.7688 91 19.6919
11.6435 74 17.8792
12.1766 69 17.859
12.4978 64 17.648
13.4804 64 18.5324
11.5633 93 19.7069
11.3288 76 17.796
11.6435 74 17.8792
12.4978 64 17.648
12.1766 69 17.859
11.4862 87 19.0376
11.5761 82 18.6185
11.2614 84 18.5353
12.1188 83 19.2069
11.3288 76 17.796
11.2229 95 19.6006
11.4252 74 17.6827
11.4316 72 17.4884
11.6435 74 17.8792
11.4284 80 18.2855
11.5633 93 19.7069
12.2119 76 18.5908
13.4804 63 18.4324
11.4252 74 17.6827
11.4252 74 17.6827
11.2518 97 19.8266
11.2807 95 19.6526
11.3417 90 19.2075
11.6435 74 17.8792
11.4862 93 19.6376
11.3802 84 18.6422
11.4862 87 19.0376
12.1188 83 19.2069
11.5633 93 19.7069
11.4862 93 19.6376
11.4252 74 17.6827
11.6435 74 17.8792
11.7688 91 19.6919
11.6435 74 17.8792
12.1766 69 17.859
11.4252 74 17.6827
12.4978 64 17.648
11.6435 74 17.8792
11.4284 80 18.2855
11.4862 93 19.6376
12.4978 64 17.648
11.4862 93 19.6376
11.4316 72 17.4884
12.4978 64 17.648
14.4374 64 19.3936
11.5601 79 18.304
11.5761 82 18.6185
11.5633 93 19.7069
11.4316 72 17.4884
11.3288 76 17.796
11.4252 74 17.6827
12.1766 69 17.859
11.2807 95 19.6526
11.4252 74 17.6827
11.4862 93 19.6376
11.4862 93 19.6376
11.6435 74 17.8792
11.3834 90 19.2451
11.5601 79 18.304
11.4252 74 17.6827
11.2807 95 19.6526
12.2119 76 18.5908
11.3385 84 18.6046
11.5633 93 19.7069
11.6435 74 17.8792
11.3834 90 19.2451
11.6435 74 17.8792
12.1766 69 17.859
11.2807 95 19.6526
11.5601 79 18.304
11.4316 86 18.8884
12.1766 69 17.859
11.5633 93 19.7069
11.4252 74 17.6827
11.6435 74 17.8792
11.3545 88 19.0191
