13.1914 63 53.0383
12.2794 64 53.6559
11.6179 65 54.3236
11.6082 67 55.9216
11.4798 72 59.896
11.4155 75 62.2831
11.2807 78 64.6561
11.2197 80 66.2439
11.194 86 71.0388
11.1297 88 72.6259
11.1651 88 72.633
11.1008 90 74.2202
10.9274 94 77.3855
10.8632 96 78.9726
11.104 96 79.0208
11.1008 99 81.4202
11.0912 101 83.0182
11.0655 104 85.4131
11.0462 106 87.0093
10.8953 109 89.3791
11.0109 109 89.4022
10.8536 113 92.5707
10.8504 119 97.3701
10.8407 123 100.568
10.966 126 102.993
10.8407 129 105.368
10.8054 131 106.961
10.8504 131 106.97
10.7958 139 113.359
10.7861 162 131.757
13.1207 106 87.4241
14.3507 116 95.6701
13.0405 116 95.4081
12.5331 76 63.3066
13.1336 72 60.2267
12.2665 114 93.6533
12.1124 116 95.2225
12.2697 87 72.0539
12.9955 106 87.3991
11.817 95 78.3634
13.7245 93 77.1449
12.8703 88 72.9741
13.5639 97 80.3128
13.6667 77 64.3333
12.4014 96 79.2803
13.0276 97 80.2055
12.4432 137 112.089
13.5093 98 81.1019
13.2299 92 76.246
12.806 125 102.561
14.7168 87 72.5434
11.4894 134 109.498
13.5767 122 100.315
13.3809 121 99.4762
13.4708 86 71.4942
13.8979 91 75.5796
12.8992 93 76.9798
13.5864 79 65.9173
12.9602 100 82.592
13.2171 114 93.8434
