14.158 64 59.0158
13.3487 65 59.8349
11.4412 66 60.5441
11.3128 68 62.3313
11.2132 74 67.7213
11.3385 74 67.7338
11.4188 95 86.6419
11.4188 95 86.6419
11.1747 97 88.4175
12.6519 93 84.9652
11.5568 114 103.756
14.158 64 59.0158
11.4188 95 86.6419
11.4412 66 60.5441
11.4188 95 86.6419
11.4412 66 60.5441
11.4188 95 86.6419
13.3487 65 59.8349
13.3487 65 59.8349
13.3487 65 59.8349
13.3487 65 59.8349
11.1779 79 72.2178
14.3314 66 60.8331
11.2132 74 67.7213
14.158 64 59.0158
11.2132 74 67.7213
11.3385 74 67.7338
11.4188 95 86.6419
11.4188 95 86.6419
14.158 64 59.0158
11.4188 95 86.6419
11.4412 66 60.5441
14.158 64 59.0158
11.2132 74 67.7213
11.4188 95 86.6419
11.2999 112 101.93
12.411 95 86.7411
11.4188 95 86.6419
14.158 64 59.0158
14.3314 66 60.8331
11.149 110 100.115
11.4412 66 60.5441
14.158 64 59.0158
11.4188 95 86.6419
11.4412 66 60.5441
11.3385 74 67.7338
11.6082 90 82.1608
11.4188 95 86.6419
11.4188 95 86.6419
11.1747 97 88.4175
12.2922 95 86.7292
11.4188 95 86.6419
11.4412 66 60.5441
11.1747 97 88.4175
11.4188 95 86.6419
14.3314 66 60.8331
11.5504 120 109.155
11.4412 66 60.5441
11.4188 95 86.6419
11.4188 95 86.6419
11.4412 66 60.5441
11.3128 68 62.3313
11.4188 95 86.6419
13.3487 65 59.8349
11.4188 95 86.6419
11.4412 66 60.5441
11.4669 97 88.4467
11.4412 66 60.5441
12.3789 94 85.8379
11.4188 95 86.6419
11.4412 66 60.5441
11.1747 97 88.4175
11.4188 95 86.6419
14.3314 66 60.8331
14.158 64 59.0158
11.5376 116 105.554
11.2132 74 67.7213
12.6519 93 84.9652
11.1747 97 88.4175
11.6371 112 101.964
11.2132 74 67.7213
11.2132 74 67.7213
11.2132 74 67.7213
11.4188 95 86.6419
13.3487 65 59.8349
14.158 64 59.0158
11.2132 74 67.7213
12.7868 93 84.9787
14.158 64 59.0158
11.4412 66 60.5441
11.4412 66 60.5441
11.3128 68 62.3313
11.3128 68 62.3313
11.6757 98 89.3676
11.4412 66 60.5441
11.4188 95 86.6419
12.7868 93 84.9787
14.3314 66 60.8331
11.422 118 107.342
11.4188 95 86.6419
11.4188 95 86.6419
13.3487 65 59.8349
13.3487 65 59.8349
11.3128 68 62.3313
11.4412 66 60.5441
11.4412 66 60.5441
11.3128 68 62.3313
11.3385 74 67.7338
11.7303 91 83.073
11.6371 112 101.964
11.2132 74 67.7213
11.3128 68 62.3313
11.3128 68 62.3313
11.1747 97 88.4175
11.4188 95 86.6419
11.4412 66 60.5441
11.4188 95 86.6419
11.4412 66 60.5441
13.3487 65 59.8349
11.4188 95 86.6419
11.3128 68 62.3313
11.3128 68 62.3313
11.499 98 89.3499
11.4188 95 86.6419
11.6371 112 101.964
11.7303 91 83.073
11.3128 68 62.3313
11.4188 95 86.6419
11.6596 98 89.366
14.158 64 59.0158
11.3128 68 62.3313
11.3128 68 62.3313
13.3487 65 59.8349
11.2132 74 67.7213
11.4188 95 86.6419
13.3487 65 59.8349
11.4188 95 86.6419
11.4188 95 86.6419
11.4188 95 86.6419
11.3385 74 67.7338
11.4188 95 86.6419
11.6243 90 82.1624
11.1747 97 88.4175
11.4188 95 86.6419
11.4188 95 86.6419
11.3128 68 62.3313
11.4188 95 86.6419
14.3314 66 60.8331
11.3385 74 67.7338
11.6757 98 89.3676
