11.9422 65 27.8595
12.7258 64 28.108
13.5286 63 28.37
11.3866 68 28.3706
11.9422 65 27.8595
11.3802 71 29.2662
12.4432 71 30.0102
11.3449 82 32.5414
11.3834 82 32.5684
11.3834 86 33.7684
11.2036 87 33.9425
11.2036 87 33.9425
11.1811 91 35.1268
11.2036 87 33.9425
11.1843 90 34.829
12.0771 81 32.754
11.3224 97 37.0257
11.3192 103 38.8234
10.8664 118 43.0065
10.8664 118 43.0065
11.255 119 43.5785
11.3866 68 28.3706
13.5286 63 28.37
11.3513 82 32.5459
11.3866 68 28.3706
11.0719 94 35.9504
11.2036 87 33.9425
11.2036 87 33.9425
13.5286 63 28.37
11.2036 87 33.9425
11.2036 87 33.9425
11.2036 87 33.9425
11.3449 82 32.5414
11.9422 65 27.8595
11.9422 65 27.8595
11.3192 103 38.8234
11.2036 87 33.9425
11.3802 78 31.3662
10.8664 118 43.0065
11.3224 97 37.0257
11.2036 87 33.9425
11.3802 71 29.2662
11.2036 87 33.9425
10.8664 118 43.0065
10.8664 118 43.0065
11.2036 87 33.9425
11.1811 91 35.1268
11.3866 68 28.3706
12.7258 64 28.108
11.5986 80 32.119
11.2036 87 33.9425
12.3854 85 34.1698
11.2036 87 33.9425
12.0771 81 32.754
13.5286 63 28.37
12.7803 87 35.0462
11.3834 74 30.1684
12.7322 87 35.0125
11.3449 82 32.5414
11.2036 87 33.9425
13.5286 63 28.37
10.8664 118 43.0065
11.9422 68 28.7595
11.3802 78 31.3662
13.5286 63 28.37
11.3866 68 28.3706
11.8298 70 29.2809
11.2036 87 33.9425
11.2036 87 33.9425
10.8664 118 43.0065
11.5986 80 32.119
12.7258 64 28.108
13.5286 63 28.37
10.8664 118 43.0065
10.8664 118 43.0065
10.8664 118 43.0065
11.3834 74 30.1684
11.5986 80 32.119
13.5286 63 28.37
11.3802 78 31.3662
10.8664 118 43.0065
11.5247 87 34.1673
11.8298 70 29.2809
11.3834 86 33.7684
11.3449 82 32.5414
11.8298 67 28.3809
11.3866 68 28.3706
11.2036 87 33.9425
11.3192 103 38.8234
11.3513 90 34.9459
12.7258 64 28.108
10.8664 118 43.0065
11.5665 74 30.2965
12.7258 64 28.108
12.4432 71 30.0102
11.5986 80 32.119
11.5665 74 30.2965
11.3834 82 32.5684
11.9422 68 28.7595
10.8664 118 43.0065
11.3449 82 32.5414
11.3449 82 32.5414
10.8664 118 43.0065
11.3802 78 31.3662
11.8298 70 29.2809
11.3192 103 38.8234
11.5665 74 30.2965
11.1811 91 35.1268
11.3866 68 28.3706
11.3449 82 32.5414
11.255 111 41.1785
10.8664 118 43.0065
12.7258 64 28.108
11.3866 68 28.3706
11.3449 82 32.5414
11.5665 74 30.2965
11.3866 68 28.3706
11.3834 74 30.1684
10.8664 118 43.0065
13.5286 63 28.37
11.3224 97 37.0257
10.8664 118 43.0065
10.8664 118 43.0065
11.9422 68 28.7595
12.7258 64 28.108
13.5286 63 28.37
11.5986 80 32.119
11.3802 71 29.2662
11.2036 87 33.9425
11.3449 82 32.5414
12.7258 64 28.108
11.3192 103 38.8234
11.2036 87 33.9425
10.8664 118 43.0065
11.3866 68 28.3706
10.8664 118 43.0065
11.0719 94 35.9504
11.2036 87 33.9425
11.3834 74 30.1684
10.8664 118 43.0065
11.3192 103 38.8234
11.3449 82 32.5414
11.2036 87 33.9425
11.3224 97 37.0257
11.3834 74 30.1684
10.8664 118 43.0065
12.7258 64 28.108
11.1843 90 34.829
11.3449 82 32.5414
10.8664 118 43.0065
