13.4933 64 43.7973
13.7341 65 44.4936
12.5234 66 44.6094
12.1413 67 45.0565
13.9011 66 45.1604
11.7463 70 46.6985
12.1927 70 46.8771
12.334 70 46.9336
11.544 72 47.8176
11.9197 72 47.9679
11.3963 75 49.5585
11.3866 76 50.1547
11.3931 79 51.9572
11.2518 83 54.3007
11.2518 86 56.1007
11.332 86 56.1328
11.2197 87 56.6879
11.1875 93 60.275
11.1169 94 60.8468
11.1073 96 62.0429
11.0912 98 63.2365
11.0366 99 63.8146
11.0366 101 65.0146
11.0462 107 68.6185
11.0173 116 74.0069
10.9049 118 75.162
12.3147 99 64.3259
12.9184 98 63.9674
11.4862 98 63.3945
13.2556 81 53.9023
13.7116 103 67.2847
12.5523 79 52.4209
12.5845 138 87.8338
12.4849 95 61.994
12.7354 87 57.2942
11.9647 114 73.1859
12.4335 111 71.5734
12.4303 104 67.3721
13.49 108 70.196
12.9891 103 66.9956
12.7354 82 54.2942
11.9711 102 65.9884
11.4188 106 68.1675
13.1561 123 79.0624
13.8786 96 63.1514
12.4849 118 75.794
12.957 98 63.9828
14.2897 94 62.1159
13.3102 117 75.5241
13.1657 99 64.6663
12.8414 103 66.9365
11.3674 104 66.947
12.2473 102 66.0989
13.6217 113 73.2487
11.5087 101 65.2035
12.9152 129 82.5661
