12.7418 66 55.3484
12.2794 64 53.6559
11.6179 65 54.3236
11.6179 65 54.3236
11.4798 72 59.896
11.194 75 62.2388
11.194 75 62.2388
11.194 75 62.2388
11.4091 84 69.4818
11.194 86 71.0388
10.9274 94 77.3855
10.9274 94 77.3855
11.3353 93 76.6671
11.1008 99 81.4202
11.2486 95 78.2497
11.2775 98 80.6555
11.2775 98 80.6555
10.8407 136 110.968
11.1265 103 84.6253
12.2794 64 53.6559
11.194 75 62.2388
10.8504 136 110.97
11.2775 98 80.6555
11.1008 101 83.0202
11.1265 103 84.6253
11.3353 93 76.6671
11.4798 72 59.896
11.1008 101 83.0202
11.6179 65 54.3236
11.1779 106 87.0356
11.6179 65 54.3236
12.7418 66 55.3484
10.9274 94 77.3855
11.194 75 62.2388
11.194 86 71.0388
11.4091 84 69.4818
11.194 75 62.2388
11.194 86 71.0388
10.876 133 108.575
11.3353 93 76.6671
11.1008 99 81.4202
10.9274 94 77.3855
11.4091 84 69.4818
11.1008 99 81.4202
12.7354 63 52.9471
10.9274 94 77.3855
11.194 75 62.2388
11.1297 88 72.6259
11.1008 99 81.4202
11.6082 67 55.9216
11.4091 84 69.4818
11.3192 106 87.0638
11.6179 65 54.3236
11.194 75 62.2388
11.0655 104 85.4131
12.7354 63 52.9471
11.6179 65 54.3236
12.7418 66 55.3484
11.3192 106 87.0638
11.4798 72 59.896
11.1265 103 84.6253
10.86 131 106.972
11.6179 65 54.3236
11.1522 91 75.0304
11.4798 72 59.896
10.9274 94 77.3855
11.1008 99 81.4202
11.194 86 71.0388
12.7418 66 55.3484
11.2486 95 78.2497
11.6179 65 54.3236
10.9274 94 77.3855
11.6179 65 54.3236
10.9274 94 77.3855
11.194 75 62.2388
12.7418 66 55.3484
12.7418 66 55.3484
11.3353 93 76.6671
10.9274 94 77.3855
11.3353 93 76.6671
11.1008 101 83.0202
12.7354 63 52.9471
10.9274 94 77.3855
10.8504 126 102.97
11.194 75 62.2388
11.194 75 62.2388
10.8857 131 106.977
11.194 75 62.2388
11.194 75 62.2388
11.3353 93 76.6671
10.9274 94 77.3855
11.6179 65 54.3236
10.9274 94 77.3855
11.1008 99 81.4202
10.9274 94 77.3855
11.0655 104 85.4131
11.4798 72 59.896
11.194 75 62.2388
11.194 75 62.2388
11.6082 67 55.9216
11.0462 106 87.0093
11.4091 84 69.4818
10.8953 109 89.3791
12.2794 64 53.6559
11.1008 101 83.0202
11.6082 67 55.9216
12.2794 64 53.6559
11.2486 95 78.2497
11.1008 101 83.0202
11.3449 86 71.069
11.3449 86 71.069
11.2486 95 78.2497
10.9274 94 77.3855
12.2794 64 53.6559
11.4091 86 71.0818
11.2325 108 88.6465
11.194 75 62.2388
11.4091 84 69.4818
11.6179 65 54.3236
11.2486 95 78.2497
12.2794 64 53.6559
11.0655 104 85.4131
11.2775 98 80.6555
10.9274 94 77.3855
11.194 75 62.2388
11.194 75 62.2388
11.1875 83 68.6375
11.3353 93 76.6671
11.3353 93 76.6671
10.9274 94 77.3855
11.2325 108 88.6465
10.9274 94 77.3855
10.9563 129 105.391
11.1651 88 72.633
11.3449 86 71.069
11.1008 99 81.4202
11.1008 99 81.4202
11.194 86 71.0388
10.9274 94 77.3855
10.9274 94 77.3855
12.7418 66 55.3484
11.0912 109 89.4182
11.6179 65 54.3236
11.1683 94 77.4337
10.8504 139 113.37
11.3353 93 76.6671
11.194 75 62.2388
11.194 75 62.2388
12.2794 64 53.6559
11.3545 94 77.4709
