13.2267 64 38.6134
5, 4, 12
3, 2, 1
3, 6
14, 13, 11
11, 10, 7, 15
9, 15, 8, 6, 4
11.6211 71 41.3105
9, 15, 7
5, 4, 12, 11
1, 2, 3, 6, 8, 10
11, 13
13, 14
4, 6, 15
11.1329 97 54.0665
9, 15, 7, 10, 14, 13
1, 2, 5
1, 2, 3, 6, 8, 10, 11
2, 3
12, 4, 6, 8, 10
7, 15
11.0687 100 55.5344
9, 15, 7, 10, 14, 13
1, 2, 5
1, 2, 3, 6, 8, 10, 11
2, 3
12, 4, 6, 8, 10
7, 15, 6
11.2935 77 44.1468
9, 15
5, 4, 6, 8, 10, 14, 13
15, 7
8, 6, 3, 2, 1
7, 10, 11, 12
8, 15
11.2614 79 45.1307
9, 15
5, 4, 6, 8, 10, 14, 13
15, 7
8, 6, 3, 2, 1
7, 10, 11, 12
8, 15, 7
11.2004 96 53.6002
9, 15, 7, 10, 14, 13
1, 2, 5, 4
1, 2, 3, 6, 8, 10, 11
2, 3
12, 4, 6, 8
7, 15, 6
12.8927 65 38.9464
5, 4, 2
9, 15
8, 10, 11, 13, 14
1, 2, 3, 6
8, 6, 15, 7
11, 12
12.5877 67 39.7938
4, 2
12, 11, 10, 14, 13
5, 4
15, 8, 6, 3, 2, 1
8, 10
7, 15, 9
11.2132 93 52.1066
9, 15, 7, 10, 14, 13
1, 2
14, 10, 8, 6, 4, 5
10, 11, 12
1, 2, 3, 6, 8
7, 15
10.9627 101 55.9814
9, 15, 7, 10, 14, 13
1, 2
14, 10, 8, 6, 4, 5
10, 11, 12
1, 2, 3, 6, 8, 10
7, 15
