11.939 68 17.5451
11.377 75 17.7393
11.9229 71 17.8306
11.3353 77 17.9017
12.5202 67 17.9682
11.1683 80 18.0514
11.271 80 18.1439
11.9775 74 18.1798
12.9441 66 18.2497
13.6089 65 18.748
11.1586 88 18.8428
11.2646 90 19.1381
14.158 64 19.1422
11.2421 94 19.5179
11.1329 97 19.7197
11.0687 100 19.9618
11.0206 104 20.3185
11.0077 108 20.7069
10.982 133 23.1838
12.7707 112 22.6936
12.5812 73 18.6231
13.3616 121 24.1254
12.9281 98 21.4353
12.3115 107 21.7803
12.6134 100 21.352
14.6622 90 22.196
13.018 91 20.8162
12.0353 110 21.8318
12.7868 116 23.1081
12.8703 101 21.6832
12.6326 118 23.1694
13.6121 90 21.2509
12.851 105 22.0659
12.8671 105 22.0803
11.817 120 22.6353
12.4239 119 23.0815
13.1529 93 21.1376
13.7662 84 20.7896
11.9004 109 21.6104
13.0276 132 24.9249
14.4695 152 28.2225
12.3115 106 21.6803
13.5639 110 23.2075
13.2942 103 22.2647
12.5299 81 19.3769
11.8555 106 21.2699
13.3102 97 21.6792
13.0854 103 22.0769
13.0886 82 19.9798
