11.727 65 17.0543
12.0321 64 17.2289
11.6179 68 17.2561
11.4252 74 17.6827
11.3577 77 17.922
11.2871 78 17.9584
11.149 91 19.1341
11.1105 99 19.8994
11.0784 102 20.1705
11.0687 109 20.8619
10.9949 110 20.8954
11.7688 102 20.7919
12.0289 76 18.426
13.4322 109 22.989
12.8317 93 20.8486
12.3083 92 20.2775
12.1798 113 22.2619
14.4053 90 21.9647
13.1818 89 20.7636
11.6596 99 20.3936
12.1381 116 22.5243
11.3738 117 21.9364
12.1381 115 22.4243
13.4933 75 19.6439
12.1413 113 22.2272
13.413 90 21.0717
12.973 89 20.5757
13.6924 84 20.7231
14.7103 88 22.0393
13.2364 91 21.0127
13.4611 85 20.615
13.2556 86 20.5301
12.9345 92 20.841
13.1272 94 21.2145
13.2813 100 21.9532
13.1047 101 21.8942
13.6763 108 23.1087
13.0437 83 20.0393
12.5202 108 22.0682
13.6217 107 22.9595
12.0257 103 21.1231
