11.727 65 17.0543
12.0321 64 17.2289
11.6179 68 17.2561
11.438 70 17.2942
11.4316 73 17.5884
11.4252 74 17.6827
11.316 75 17.6844
11.2871 78 17.9584
11.2614 79 18.0353
11.2582 81 18.2324
11.21 84 18.489
11.1522 86 18.637
11.149 91 19.1341
10.9114 94 19.2202
12.745 101 21.5705
13.8915 96 22.1023
12.4464 88 20.0017
13.2139 91 20.9925
12.4913 99 21.1422
12.8574 93 20.8717
13.0597 71 18.8538
12.4817 112 22.4335
12.3372 140 25.1035
13.3809 109 22.9428
13.0019 93 21.0017
11.8202 114 22.0382
13.1882 102 22.0694
12.3211 112 22.289
12.9987 93 20.9988
12.4689 105 21.722
13.7759 115 23.8983
12.122 114 22.3098
12.2119 110 21.9908
11.5729 113 21.7156
12.7868 92 20.7081
13.0886 91 20.8798
12.7354 107 22.1618
12.0771 124 23.2694
12.3083 131 24.1775
13.3006 97 21.6705
12.562 94 20.7058
14.1162 80 20.7046
12.9923 110 22.6931
12.6358 149 26.2723
