13.124 63 43.0496
13.1143 65 44.2457
11.65 66 44.26
11.5633 67 44.8253
11.4412 68 45.3765
11.3995 69 45.9598
11.3674 74 48.947
11.3417 75 49.5367
11.1843 76 50.0737
11.1426 77 50.657
11.0848 83 54.2339
11.2582 86 56.1033
11.1073 90 58.4429
11.1651 93 60.266
11.0141 97 62.6057
11.0848 97 62.6339
10.9788 102 65.5915
10.9595 105 67.3838
10.9338 107 68.5735
10.9274 110 70.371
10.8825 116 73.953
10.8343 131 82.9337
11.1972 133 84.2789
14.4342 93 61.5737
12.2697 97 63.1079
12.4528 87 57.1811
13.657 103 67.2628
12.6808 100 65.0723
13.5575 121 78.023
12.0353 103 66.6141
11.5986 96 62.2394
11.4509 110 70.5803
12.6712 108 69.8685
14.0135 92 60.8054
13.3198 90 59.3279
11.9037 103 66.5615
11.9904 108 69.5961
13.1111 87 57.4444
12.8606 107 69.3443
12.1285 94 61.2514
12.7386 86 56.6954
13.4965 86 56.9986
14.3314 94 62.1326
11.4027 108 69.3611
13.1143 89 58.6457
12.3019 91 59.5207
12.5042 104 67.4017
12.8189 95 62.1276
12.0706 101 65.4283
13.8433 106 69.1373
13.1272 90 59.2509
12.9152 108 69.9661
