11.5601 66 17.004
11.3963 68 17.0566
11.1394 76 17.6254
11.377 75 17.7393
11.1169 84 18.4052
13.3487 65 18.5139
14.158 64 19.1422
11.088 94 19.3792
10.9274 100 19.8347
10.815 108 20.5335
12.6487 150 26.3838
14.6654 96 22.7988
12.1124 90 19.9012
12.3276 89 19.9948
12.4175 94 20.5757
12.273 123 23.3457
13.14 107 22.526
13.9846 107 23.2861
13.6667 83 20.6
11.9004 113 22.0104
13.8304 87 21.1474
13.2556 100 21.9301
11.9486 110 21.7538
13.0758 95 21.2682
14.4663 74 20.4197
11.9711 88 19.574
11.5087 110 21.3578
12.8092 108 22.3283
14.2511 103 23.126
13.5093 84 20.5584
12.79 103 21.811
12.4945 121 23.3451
13.6153 85 20.7538
13.7502 88 21.1751
12.1927 102 21.1734
13.8048 112 23.6243
12.851 100 21.5659
13.3102 101 22.0792
13.9268 95 22.0341
13.7052 102 22.5347
