12.0867 71 35.652
12, 11, 13
1, 2, 3
14, 13, 10, 8, 6, 4, 5
7, 15
9, 15
3, 6, 15
11.5215 73 36.1129
15, 7, 10, 11, 12
14, 13
6, 3, 2, 1
10, 8, 6, 4, 5
10, 14
9, 15
11.2036 90 42.7222
1, 2, 3, 6, 8
9, 15, 7, 10, 13, 14
12, 11, 10, 8, 6, 4
6, 4, 5
6, 4
13, 11
12.7482 66 34.0489
9, 15, 7, 10
5, 4
12, 11, 13, 14, 10
8, 6, 3, 2, 1
2, 4
8, 15
12.7161 68 34.8297
9, 15, 7, 10
5, 4
12, 11, 13, 14, 10
8, 6, 3, 2, 1
2, 4
8, 15, 7
11.3899 75 36.8339
5, 4
12, 11, 10, 7, 15, 9
10, 8, 6, 3, 2, 1
10, 14, 13
3, 6
4, 2
11.3288 84 40.3973
14, 13
5, 4, 12
1, 2, 3, 6, 8, 10, 11
10, 7, 15, 9
7, 10, 14
5, 4, 6
12.2697 70 35.3619
14, 10, 8, 6, 3, 2, 4
1, 2
6, 15
12, 11, 13, 14
5, 2
9, 15, 7
11.7688 72 35.8613
7, 15
9, 15
6, 8, 10, 11, 13, 14
12, 4, 5, 2
3, 2
7, 15, 6, 3, 2, 1
11.3706 79 38.4224
7, 15, 6, 4, 5
1, 2, 3, 6, 8, 10
14, 13
9, 15
4, 12, 11, 10
10, 14
10.8407 125 56.5044
4, 6, 8, 10, 11, 12
1, 2, 3, 6, 8, 10
1, 2, 5, 4, 6, 8, 10
6, 4
10, 14, 13
9, 15, 7, 10, 8, 6
11.2518 89 42.3511
4, 6, 8, 10, 11, 12
1, 2, 3, 6, 8
1, 2, 5
6, 4
10, 14, 13
9, 15, 7, 10
10.9917 101 46.995
4, 6, 8, 10, 11, 12
1, 2, 3, 6, 8, 10
1, 2, 5, 4
6, 4
10, 14, 13
9, 15, 7, 10
11.0013 97 45.4008
4, 6, 8, 10, 11, 12
1, 2, 3, 6, 8, 10
1, 2, 5
6, 4
10, 14, 13
9, 15, 7, 10
10.8664 111 50.9198
6, 8, 10, 11, 12
1, 2, 3, 6, 8, 10
1, 2, 5, 4, 6, 8, 10
6, 4
10, 14, 13
9, 15, 7, 10
10.921 107 49.3526
4, 6, 8, 10, 11, 12
1, 2, 3, 6, 8, 10
1, 2, 5, 4, 6, 8
6, 4
10, 14, 13
9, 15, 7, 10
10.9371 105 48.5622
4, 6, 8, 10, 11, 12
1, 2, 3, 6, 8, 10
1, 2, 5, 4, 6
6, 4
10, 14, 13
9, 15, 7, 10
