11.2614 84 18.5353
1, 2, 3, 6, 15, 7
12, 11, 10, 8
15, 9
14, 13
14, 10
7, 10, 8, 6, 4, 5
11.3288 76 17.796
1, 2, 3, 6, 15, 7
12, 11, 10
15, 9
14, 13
14, 10
7, 10, 8, 6, 4, 5
11.2229 86 18.7006
1, 2, 3, 6, 15, 7
12, 11, 10, 8, 6
15, 9
14, 13
14, 10
7, 10, 8, 6, 4, 5
11.0655 103 20.259
1, 2, 3, 6, 8, 10
14, 10, 7, 15
9, 15, 8, 10, 11, 12
3, 2
13, 10
10, 8, 6, 4, 5
11.2197 89 18.9977
9, 15, 7
5, 4
1, 2, 3, 6, 8, 10, 11
14, 13, 10
15, 8, 6, 4, 12, 11, 10
8, 6
11.4252 74 17.6827
9, 15, 7
5, 4
1, 2, 3, 6, 8, 10, 11
14, 13, 10
15, 8, 6, 4, 12
8, 6
13.4804 63 18.4324
9, 15
15, 8, 6
15, 7, 10, 11, 12
6, 3, 2
1, 2, 4, 5
11, 13, 14
11.1265 96 19.6139
9, 15, 7, 10
5, 4
1, 2, 3, 6, 8, 10, 11
14, 13, 10
15, 8, 6, 4, 12, 11, 10
8, 6
11.0527 104 20.3474
9, 15, 7, 10
5, 4
1, 2, 3, 6, 8, 10, 11
14, 13, 10
15, 8, 6, 4, 12, 11, 10
8, 6, 4, 5
11.1297 94 19.4168
9, 15, 7, 10
5, 4
1, 2, 3, 6, 8, 10, 11
10, 14, 13
15, 8, 6, 4, 12, 11, 10
8, 6
11.4316 72 17.4884
9, 15, 7
5, 4
1, 2, 3, 6, 8, 10, 11
10, 14, 13
15, 8, 6, 4, 12
8, 6
12.4978 64 17.648
1, 2, 3, 6, 8
9, 15, 7, 10, 11, 13
15, 8
6, 4, 5
4, 12
13, 14
10.9531 111 20.9578
1, 2, 3, 6, 8, 10
14, 10, 7, 15, 9
9, 15, 8, 10, 11, 12
3, 2
13, 10
10, 8, 6, 4, 5
12.1766 69 17.859
1, 2, 4, 5
15, 7
2, 3, 6, 8, 10, 14
14, 13, 11, 12
8, 6
8, 15, 9
