13.1914 63 53.0383
12.2794 64 53.6559
11.6179 65 54.3236
11.6179 65 54.3236
11.4798 72 59.896
11.4798 72 59.896
12.3115 72 60.0623
11.2197 80 66.2439
11.4091 84 69.4818
11.3449 86 71.069
11.1651 88 72.633
10.9274 94 77.3855
10.9274 94 77.3855
11.3353 93 76.6671
11.1008 99 81.4202
11.0655 104 85.4131
11.2325 108 88.6465
11.2775 98 80.6555
11.0816 127 103.816
11.4091 84 69.4818
11.1008 99 81.4202
11.3353 93 76.6671
11.6179 65 54.3236
11.3834 107 87.8767
11.1008 99 81.4202
11.4798 72 59.896
11.2197 80 66.2439
11.4155 75 62.2831
12.2794 64 53.6559
10.966 126 102.993
10.8407 129 105.368
11.6179 65 54.3236
11.2197 80 66.2439
11.0655 104 85.4131
11.2967 98 80.6593
11.1265 103 84.6253
12.3115 72 60.0623
12.2794 64 53.6559
12.2794 64 53.6559
11.2197 80 66.2439
12.2794 64 53.6559
10.9274 94 77.3855
10.8504 131 106.97
11.4188 92 75.8838
11.4798 72 59.896
11.2807 78 64.6561
10.9274 94 77.3855
11.2775 98 80.6555
11.4091 86 71.0818
11.6179 65 54.3236
11.6179 65 54.3236
11.6179 65 54.3236
11.0912 101 83.0182
11.6179 65 54.3236
11.0462 106 87.0093
10.9274 94 77.3855
11.2197 80 66.2439
11.4798 72 59.896
11.3353 93 76.6671
11.1683 94 77.4337
12.2794 64 53.6559
11.4091 84 69.4818
11.4091 84 69.4818
12.3115 72 60.0623
11.4798 72 59.896
11.2197 80 66.2439
11.6179 65 54.3236
11.2197 80 66.2439
12.3115 72 60.0623
12.2794 64 53.6559
11.0655 104 85.4131
11.4798 72 59.896
11.1008 99 81.4202
11.1008 99 81.4202
10.8632 96 78.9726
11.2486 95 78.2497
11.1008 101 83.0202
11.6082 67 55.9216
11.3353 93 76.6671
11.1008 90 74.2202
11.4798 72 59.896
11.3353 93 76.6671
11.1683 94 77.4337
11.2421 103 84.6484
11.0912 101 83.0182
11.2197 80 66.2439
13.4387 68 57.0877
13.3648 65 54.673
11.104 96 79.0208
13.1914 63 53.0383
12.3532 70 58.4706
11.4091 86 71.0818
11.1651 88 72.633
11.0655 104 85.4131
11.2775 98 80.6555
10.9274 94 77.3855
12.2794 64 53.6559
13.3648 65 54.673
13.1914 63 53.0383
11.4798 72 59.896
11.0816 120 98.2163
11.0655 104 85.4131
11.4188 92 75.8838
11.271 99 81.4542
11.2197 80 66.2439
11.1008 101 83.0202
11.194 86 71.0388
11.4798 72 59.896
11.1008 101 83.0202
13.1914 63 53.0383
10.9274 94 77.3855
13.1914 63 53.0383
11.3353 93 76.6671
11.2325 108 88.6465
11.1683 128 104.634
13.4387 68 57.0877
11.4798 72 59.896
11.4155 75 62.2831
13.4387 68 57.0877
11.1008 99 81.4202
11.2807 80 66.2561
11.3353 93 76.6671
11.6179 65 54.3236
11.3353 93 76.6671
13.4387 68 57.0877
13.3648 65 54.673
11.4798 72 59.896
11.2197 80 66.2439
11.1008 107 87.8202
11.6179 65 54.3236
10.9274 94 77.3855
11.2582 112 91.8516
11.1008 99 81.4202
13.3648 65 54.673
11.2197 80 66.2439
11.6179 65 54.3236
10.8953 109 89.3791
11.3353 93 76.6671
11.4798 72 59.896
11.3353 93 76.6671
11.3449 86 71.069
11.3353 93 76.6671
11.1008 99 81.4202
12.2794 64 53.6559
10.9274 94 77.3855
11.3353 93 76.6671
11.2197 80 66.2439
11.1008 99 81.4202
11.0109 109 89.4022
11.3449 86 71.069
