11.7013 65 38.3507
13.2267 64 38.6134
11.8651 67 39.4326
11.7527 68 39.8764
11.894 68 39.947
12.3789 70 41.1895
11.4059 71 41.203
11.2935 77 44.1468
12.3789 76 44.1895
11.2614 79 45.1307
11.4091 79 45.2046
11.3545 85 48.1773
11.4091 85 48.2046
11.3834 87 49.1917
11.4316 87 49.2158
11.3738 89 50.1869
11.2646 90 50.6323
11.3224 91 51.1612
11.255 92 51.6275
11.2132 93 52.1066
11.2004 96 53.6002
11.1329 97 54.0665
11.0687 100 55.5344
10.9627 101 55.9814
11.3545 101 56.1773
11.2646 103 57.1323
10.9242 123 66.9621
10.8632 127 68.9316
12.684 101 56.842
12.3404 102 57.1702
12.8092 92 52.4046
13.368 90 51.684
13.6667 105 59.3333
12.1927 90 51.0963
13.7598 93 53.3799
13.2749 111 62.1374
14.5851 97 55.7925
13.9364 95 54.4682
12.5395 117 64.7698
12.1734 109 60.5867
13.9043 84 48.9522
13.0437 122 67.5218
12.8638 104 58.4319
12.2473 107 59.6236
12.183 118 65.0915
13.7084 81 47.3542
13.6121 119 66.306
13.6924 87 50.3462
12.9216 96 54.4608
13.1111 117 65.0556
12.9987 87 49.9994
12.2344 108 60.1172
13.8915 131 72.4457
13.4001 113 63.2001
12.0546 105 58.5273
11.9936 111 61.4968
11.9229 110 60.9615
13.3841 126 69.692
