677.023
696.281
711.566
711.566
711.868
711.868
711.868
711.868
714.659
714.659
714.659
714.659
714.659
714.659
729.832
729.871
729.871
729.871
729.871
744.177
744.177
744.177
744.177
744.177
744.177
744.177
744.177
744.177
744.177
744.177
744.177
744.177
744.177
744.177
744.177
744.177
744.177
744.177
744.177
744.177
744.177
744.177
744.177
744.177
744.177
752.013
752.013
752.013
752.013
752.013
752.013
752.013
755.481
755.481
755.481
755.481
755.481
755.481
755.481
755.481
755.481
755.481
755.481
755.481
755.481
755.481
755.481
755.481
755.481
755.481
755.481
755.481
755.481
755.481
755.481
755.481
755.481
755.481
779.643
779.643
779.643
779.643
779.643
779.643
779.643
779.643
779.643
779.643
784.086
784.086
784.086
784.086
784.086
784.086
784.086
784.086
784.086
784.086
784.086
784.086
785.165
785.165
785.165
785.165
785.165
785.165
785.165
785.165
785.165
785.165
785.165
785.165
785.165
785.165
785.165
785.165
785.165
785.165
785.165
785.165
785.165
785.165
785.165
785.165
785.165
785.165
785.165
785.165
785.165
785.165
785.165
785.165
785.165
785.165
785.165
785.582
785.582
785.582
785.582
785.582
785.582
785.582
785.582
785.582
785.582
785.582
785.582
785.582
785.582
785.582
785.582
785.582
785.582
785.582
785.582
785.582
785.582
785.582
785.582
785.582
785.582
785.582
785.582
785.582
785.582
785.582
785.582
785.582
785.582
785.582
785.582
785.582
785.582
785.582
785.582
785.582
785.582
785.582
785.582
785.582
785.582
785.582
785.582
785.582
785.582
785.582
785.582
785.582
785.582
785.582
785.582
785.582
785.582
785.965
785.965
785.965
785.965
785.965
785.965
785.965
785.965
785.965
785.965
785.965
785.965
785.965
785.965
785.965
785.965
785.965
785.965
785.965
785.965
785.965
785.965
785.965
785.965
785.965
785.965
785.965
785.965
785.965
785.965
785.965
785.965
785.965
785.965
785.965
785.965
785.965
785.965
785.965
785.965
785.965
785.965
785.965
785.965
785.965
785.965
785.965
785.965
785.965
785.965
785.965
785.965
785.965
785.965
785.965
785.965
785.965
785.965
785.965
785.965
785.965
785.965
785.965
785.965
785.965
785.965
785.965
785.965
785.965
785.965
785.965
785.965
785.965
785.965
785.965
785.965
785.965
785.965
785.965
785.965
785.965
785.965
785.965
785.965
785.965
785.965
785.965
785.965
785.965
785.965
785.965
785.965
785.965
785.965
785.965
785.965
785.965
785.965
785.965
785.965
785.965
785.965
785.965
785.965
785.965
785.965
785.965
785.965
785.965
785.965
785.965
785.965
785.965
785.965
785.965
785.965
785.965
785.965
785.965
785.965
785.965
785.965
785.965
785.965
785.965
785.965
785.965
785.965
785.965
785.965
785.965
785.965
785.965
785.965
785.965
785.965
785.965
785.965
785.965
785.965
785.965
785.965
785.965
785.965
787.005
787.005
787.121
787.121
787.121
787.121
787.121
787.121
787.121
787.121
787.121
787.121
787.121
787.121
787.121
787.121
787.121
787.121
787.121
787.121
787.121
787.121
787.121
787.121
787.121
787.121
787.121
787.121
787.121
787.121
787.121
787.121
787.121
787.121
787.121
787.121
787.121
787.121
787.121
787.121
787.198
787.198
787.198
787.198
787.198
787.198
787.198
787.198
787.198
787.198
787.198
787.198
787.198
787.198
787.198
787.198
787.58
787.58
787.58
787.58
787.58
787.58
787.58
787.58
787.58
787.58
787.58
787.58
787.58
787.58
787.58
787.58
787.58
787.58
787.58
787.58
787.58
787.58
787.58
787.58
787.58
787.58
787.58
787.58
787.58
787.58
787.58
787.58
787.58
787.58
787.58
787.58
787.58
787.58
787.898
787.898
787.898
787.898
787.898
787.898
787.898
787.898
787.898
787.898
787.898
787.898
787.898
787.898
787.898
787.898
787.898
787.898
787.898
787.898
787.898
787.898
787.994
787.994
787.994
787.994
787.994
787.994
787.994
787.994
788.283
788.283
788.283
788.283
792.811
793.402
793.595
793.595
793.73
794.025
794.025
794.025
794.025
794.712
794.712
794.712
794.712
794.712
795.046
795.046
795.046
795.046
795.046
795.329
795.329
795.329
795.329
795.329
795.329
795.329
795.329
795.438
795.438
795.438
795.438
795.438
795.438
795.438
795.438
795.438
795.438
795.438
795.438
795.438
795.438
795.438
795.438
795.438
795.438
795.438
795.438
795.644
795.644
795.644
795.644
795.644
795.644
795.644
795.644
795.644
795.644
795.644
795.644
795.644
795.644
795.644
795.644
795.644
795.644
795.644
795.644
795.644
795.644
795.644
795.644
795.644
795.644
795.644
795.644
795.644
795.644
795.644
795.644
795.644
795.644
795.644
795.644
795.644
795.644
795.644
795.644
795.644
795.644
795.644
795.644
795.644
795.644
795.644
795.644
795.644
795.644
795.644
795.644
795.644
795.644
795.644
795.695
795.695
795.695
795.695
795.695
795.695
795.695
795.695
795.695
795.695
795.695
795.695
795.695
798.568
798.568
798.568
798.568
798.568
798.568
798.568
798.568
798.568
798.568
798.568
798.568
798.568
798.568
798.677
798.677
798.677
798.677
798.677
798.677
798.677
798.677
798.677
798.677
798.677
798.677
798.677
798.709
798.709
798.709
798.709
798.709
798.709
798.76
798.76
798.76
798.76
798.76
798.78
798.78
798.78
798.78
798.78
798.78
798.78
798.78
798.78
798.78
798.78
798.78
798.78
798.78
798.78
798.78
798.78
798.78
798.78
798.78
798.78
798.78
798.78
798.78
798.78
798.78
798.78
798.96
798.96
798.96
798.96
798.96
798.96
798.96
798.96
798.96
798.96
798.96
798.96
798.96
798.96
798.96
798.96
798.96
798.96
798.96
798.96
798.96
798.96
798.96
799.949
800
800
800
800
800
800
800
800
800
800
800
800
800
800
800
800
800
800
800
800
800
800
800
800
800
800
800
800
800
800
800
800
800
800
800
800
800
800
800
800
800
800
800
800
800
800
800
800
800
800
800
800
800
800
800
800
800
800
800
800
800
800
800
800
800
800
800
800
800
800
800
800
800
800
800
800
800
800
800
800
800
800
800
800
800
800
800
800
800
800
800
800
800
800
800
800
800
800.308
800.308
800.308
800.308
800.308
800.308
800.308
800.308
800.308
800.308
800.308
800.308
800.308
800.308
800.308
800.308
800.308
800.308
800.308
800.308
800.308
800.308
800.308
800.308
800.308
800.308
800.308
800.308
800.308
800.308
800.308
800.308
800.308
800.308
800.308
800.308
800.308
800.308
800.308
800.308
800.308
800.308
800.308
800.308
800.308
800.308
800.308
800.308
800.308
800.308
800.308
800.308
800.308
800.308
800.308
800.308
800.308
800.308
800.308
800.308
800.308
800.308
800.308
800.308
800.308
800.308
800.308
800.308
800.308
800.308
800.308
800.308
800.308
800.308
800.308
800.308
800.308
800.308
800.308
800.308
800.308
800.308
800.308
800.308
800.308
800.308
800.308
800.308
800.308
800.308
800.308
800.308
800.308
800.308
800.308
800.308
800.308
800.308
800.308
800.308
800.308
800.308
800.308
800.308
800.308
800.308
800.308
800.308
800.308
800.308
800.308
800.308
800.308
800.308
800.308
800.308
800.308
800.308
800.308
800.308
800.308
800.308
800.308
800.308
800.308
800.308
800.308
800.308
800.308
800.308
800.308
800.308
800.308
800.308
800.308
800.308
800.308
800.308
800.308
800.308
800.308
800.308
800.308
800.308
800.308
800.308
800.308
800.308
800.308
800.308
800.308
800.308
800.308
800.308
800.308
800.308
800.328
800.328
800.328
800.328
800.328
800.328
800.328
800.328
800.328
800.646
800.646
800.646
800.646
800.713
800.713
800.713
800.713
800.713
800.713
800.713
800.713
800.713
800.713
800.713
800.713
800.713
800.713
800.713
800.713
800.713
800.713
800.713
800.713
800.713
800.713
800.713
800.713
800.713
800.713
800.713
800.713
800.713
800.713
800.713
800.713
800.713
800.713
800.713
800.713
800.713
800.713
800.713
800.713
800.713
802.247
802.247
802.247
802.247
802.247
802.247
802.247
802.247
802.247
802.247
802.247
802.247
802.247
802.247
802.247
802.247
802.247
802.247
802.247
802.247
802.247
802.247
802.247
802.247
802.247
802.247
802.247
802.247
802.247
802.247
802.247
802.247
802.247
802.247
802.247
802.247
802.247
802.247
802.247
802.247
802.247
802.247
802.247
802.247
802.247
802.247
802.247
802.247
802.247
802.247
802.247
802.247
802.247
802.247
802.247
802.247
802.247
802.247
802.247
802.247
802.247
802.247
802.247
802.247
802.247
802.247
802.247
802.247
802.247
802.247
802.247
802.247
802.247
802.247
802.247
802.247
802.247
802.247
802.247
802.247
802.247
802.247
802.247
802.247
802.247
802.247
802.247
802.247
802.247
802.247
802.247
802.247
802.247
802.247
802.247
802.247
802.247
802.247
802.247
802.247
802.247
802.247
802.247
802.247
802.247
802.247
802.247
802.247
802.247
802.247
802.247
802.247
802.247
802.247
802.247
802.247
802.247
802.247
802.247
802.247
802.247
802.247
802.247
802.247
802.247
802.247
802.247
802.247
802.247
802.247
802.247
802.247
802.247
802.247
802.247
802.247
802.247
802.247
802.247
802.247
802.247
802.247
802.247
802.247
802.247
802.247
802.247
802.247
802.247
802.247
802.247
802.247
802.247
802.247
802.247
802.247
802.247
802.247
802.247
802.247
802.247
802.247
802.247
802.247
802.247
802.247
802.247
802.247
802.247
802.247
802.247
802.247
802.247
802.247
802.247
802.247
802.247
802.247
802.247
802.247
802.247
802.247
802.247
802.247
802.247
802.247
802.247
802.247
802.247
802.247
802.247
802.247
802.247
802.247
802.247
802.247
802.247
802.247
802.247
802.247
802.247
802.247
802.247
802.247
802.247
802.247
802.247
802.247
802.247
802.247
802.247
802.247
802.247
802.247
802.247
802.247
802.247
802.247
802.247
802.247
802.247
802.247
802.247
802.247
802.247
802.247
802.247
802.247
802.247
802.247
802.247
802.247
802.247
802.247
802.247
802.247
802.247
802.247
802.247
802.247
802.247
802.247
802.247
802.247
802.247
802.247
802.247
802.247
802.247
802.247
802.247
802.247
802.247
802.247
802.247
802.247
802.247
802.247
802.247
802.247
802.247
802.247
802.247
802.247
802.247
802.247
802.247
802.247
802.247
802.247
802.247
802.247
802.247
802.247
802.247
802.247
802.247
802.247
802.247
802.247
802.247
802.247
802.247
802.247
802.247
802.247
802.247
802.247
802.247
802.247
802.247
802.247
802.247
802.247
802.247
802.247
802.247
802.247
802.247
802.247
802.247
802.247
802.247
802.247
802.247
802.247
802.247
802.247
802.247
802.247
802.247
802.247
802.247
802.247
802.247
802.247
802.247
802.247
802.247
802.247
802.247
802.247
802.247
802.247
802.247
802.247
802.247
802.247
802.247
802.247
802.247
802.247
802.247
802.247
802.247
802.247
802.247
802.247
802.247
802.247
802.247
802.247
802.247
802.247
802.247
802.247
802.247
802.247
802.247
805.654
805.654
805.654
805.654
805.654
805.654
805.654
805.654
805.654
805.654
805.654
805.654
805.654
805.654
805.654
805.654
805.654
805.654
805.654
805.654
805.654
805.654
805.654
805.654
805.654
805.654
805.654
805.654
805.654
805.654
805.654
805.654
805.654
805.654
805.654
805.654
805.654
805.654
805.654
805.654
805.654
805.654
805.654
805.654
805.654
805.654
805.654
805.654
805.654
805.654
805.654
805.654
805.654
805.654
805.654
805.654
805.654
805.654
805.654
805.654
805.654
805.654
805.654
805.654
805.654
805.654
805.654
805.654
805.654
805.654
805.654
805.654
805.654
805.654
805.654
805.654
805.654
805.654
805.654
805.654
805.654
805.654
805.654
805.654
805.654
805.654
805.654
805.654
805.654
805.654
805.654
805.654
805.654
805.654
805.654
805.654
805.654
805.654
805.654
805.654
805.654
805.654
805.654
805.654
805.654
805.654
805.654
805.654
805.654
805.654
805.654
805.654
805.654
805.654
805.654
805.654
805.654
805.654
805.654
805.654
805.654
805.654
805.654
805.654
805.654
805.654
805.654
805.654
805.654
805.654
805.654
805.654
805.654
805.654
805.654
805.654
805.654
805.654
805.654
805.654
805.654
805.654
805.654
805.654
805.654
805.654
805.654
805.654
805.654
805.654
805.654
805.654
805.654
805.654
805.654
805.654
805.654
805.654
805.654
805.654
805.654
805.654
805.654
805.654
805.654
805.654
805.654
805.654
805.654
805.654
805.654
805.654
805.654
805.654
805.654
805.654
805.654
805.654
805.654
805.654
805.654
805.654
805.654
805.654
805.654
805.654
805.654
805.654
805.654
805.654
805.654
805.654
805.654
805.654
805.654
805.654
805.654
805.654
805.654
805.654
805.654
805.654
805.654
805.654
805.654
805.654
805.654
805.654
805.654
805.654
805.654
805.654
805.654
805.654
805.654
805.802
805.802
805.802
805.802
805.802
805.802
805.802
805.802
805.802
805.802
805.802
805.802
805.802
805.802
805.802
805.802
805.802
805.802
805.802
805.802
805.802
805.802
805.802
805.802
805.802
805.802
805.802
805.802
805.802
805.802
805.802
805.802
805.802
805.802
805.802
805.802
805.802
805.802
806.135
806.135
806.135
806.135
806.135
806.135
806.135
806.135
806.135
806.135
806.135
806.135
806.135
806.135
806.135
806.135
806.135
806.135
806.135
806.135
806.135
806.135
806.135
806.135
806.135
806.135
806.135
806.135
806.135
806.135
806.135
806.135
806.135
806.135
806.135
806.135
806.135
806.135
806.135
806.135
806.135
806.135
806.135
806.161
806.161
806.161
806.161
806.161
806.161
806.161
806.161
806.161
806.161
806.161
806.161
806.161
806.161
806.161
806.161
806.161
806.161
806.161
806.161
806.161
806.161
806.161
806.161
806.161
806.161
806.161
806.161
806.161
806.161
806.161
806.161
806.161
806.161
806.161
806.161
806.161
806.161
806.161
806.161
806.161
806.161
806.161
806.161
806.161
806.161
806.161
806.161
806.161
806.161
806.161
806.161
806.161
806.161
806.161
806.161
806.161
806.161
806.161
806.161
806.161
806.161
806.161
806.161
806.161
806.161
806.161
806.161
806.161
806.161
806.161
806.161
806.161
806.161
806.161
806.161
806.161
806.161
806.161
806.161
806.161
806.161
806.161
806.161
806.161
806.161
806.161
806.161
806.161
806.161
806.161
806.161
806.161
806.161
806.161
806.161
806.161
806.161
806.161
806.161
806.161
806.161
806.161
806.161
806.213
806.213
806.213
806.213
806.213
806.213
806.213
806.213
806.213
806.213
806.213
806.213
806.213
806.213
806.213
806.213
806.213
806.213
806.213
806.213
806.213
806.213
806.213
806.213
806.213
806.213
806.213
806.213
806.213
806.213
806.213
806.213
806.213
806.213
806.213
806.213
806.213
806.213
806.213
806.213
806.213
806.213
806.213
806.213
806.213
806.213
806.213
806.213
806.213
806.213
806.213
806.213
806.213
806.213
806.213
806.341
806.341
806.341
806.341
806.341
806.341
806.341
806.341
806.341
806.341
806.341
806.341
806.341
806.341
806.341
806.341
806.341
806.341
806.341
806.341
806.341
806.341
806.341
806.341
806.341
806.341
806.341
806.341
806.341
806.341
806.341
806.341
806.341
806.341
806.341
806.341
806.341
806.341
806.341
806.341
806.341
806.341
806.341
806.341
806.341
806.341
806.341
806.341
806.341
806.341
806.341
806.341
806.341
806.341
806.341
806.341
806.341
806.341
806.341
806.341
806.341
806.341
806.341
806.341
806.341
806.341
806.341
806.341
806.341
806.341
806.341
806.341
806.341
806.341
806.341
806.341
806.341
806.341
806.341
806.341
806.341
806.341
806.341
806.341
806.341
806.341
806.341
806.341
806.341
806.341
806.341
806.341
806.341
806.341
806.341
806.341
806.341
806.341
806.341
806.341
806.341
806.341
806.341
806.341
806.341
806.341
806.341
806.341
806.341
806.341
806.341
806.341
806.341
806.341
806.341
806.341
806.341
806.341
806.341
806.341
806.341
806.341
806.341
806.341
806.341
806.341
806.341
806.341
806.341
806.341
806.341
806.341
806.341
806.341
806.341
806.341
806.341
806.341
806.341
806.341
806.341
806.341
806.341
806.341
806.341
806.341
806.341
806.341
806.341
806.341
806.341
806.341
806.341
806.341
806.341
806.341
806.341
806.341
806.341
806.341
806.341
806.341
806.341
806.341
806.341
806.341
807.526
807.526
807.526
807.526
807.526
807.526
807.526
807.526
807.526
807.526
807.526
807.526
807.526
807.526
807.526
807.526
807.526
807.526
807.526
807.526
807.526
807.526
807.526
807.526
807.526
807.526
807.526
807.526
807.526
807.526
807.526
807.526
807.526
807.526
807.526
807.526
807.526
807.526
807.526
807.526
807.526
807.526
807.526
807.526
807.526
807.526
807.526
807.526
807.526
807.526
807.526
807.526
807.526
807.526
