11.4862 67 17.0376
11.3866 68 17.048
11.3802 71 17.3422
12.4978 64 17.648
12.395 65 17.6555
11.3288 76 17.796
11.3064 80 18.1757
13.4804 63 18.4324
11.2614 84 18.5353
11.2229 86 18.7006
11.0912 89 18.8821
11.1651 90 19.0486
11.0623 95 19.4561
11.1362 98 19.8225
11.0045 100 19.904
11.1008 100 19.9908
10.966 102 20.0694
10.9403 103 20.1462
10.9017 105 20.3116
10.8632 133 23.0769
12.1092 139 24.7983
11.6949 111 21.6254
12.9473 104 22.0526
13.6731 104 22.7058
11.5504 98 20.1954
13.1143 100 21.8029
13.5543 118 23.9988
12.4175 120 23.1757
12.061 144 25.2549
13.7309 115 23.8578
12.5588 117 23.0029
14.3507 97 22.6156
14.5851 110 24.1266
12.7418 92 20.6676
12.8189 93 20.837
12.167 122 23.1503
14.5915 121 25.2324
12.4817 101 21.3335
12.7932 110 22.5139
13.7951 99 22.3156
12.4432 115 22.6988
11.9936 110 21.7942
12.7258 107 22.1532
12.8092 107 22.2283
13.3487 84 20.4139
13.3102 113 23.2792
14.2608 99 22.7347
11.4541 106 20.9087
11.9229 98 20.5306
11.9165 97 20.4249
