12.8735 65 28.5114
12.2441 66 28.3708
11.9583 69 29.0708
11.5665 71 29.3965
11.4894 72 29.6426
11.4733 79 31.7313
11.1683 80 31.8178
11.0623 85 33.2436
11.0623 88 34.1436
11.5119 85 33.5583
11.9069 81 32.6348
11.5119 85 33.5583
11.4059 93 35.8841
11.5119 85 33.5583
11.7303 94 36.4112
11.4059 93 35.8841
11.7303 94 36.4112
11.4188 100 37.9931
11.4894 72 29.6426
11.0623 88 34.1436
11.0623 88 34.1436
11.4894 72 29.6426
11.5119 85 33.5583
11.8362 86 34.0854
11.5119 85 33.5583
11.5119 85 33.5583
11.0623 85 33.2436
11.9583 69 29.0708
11.4059 93 35.8841
11.4894 72 29.6426
11.4188 92 35.5931
11.5665 71 29.3965
11.4059 93 35.8841
11.5119 85 33.5583
11.1683 80 31.8178
11.4059 93 35.8841
11.5119 85 33.5583
11.4188 92 35.5931
11.0623 88 34.1436
11.8362 86 34.0854
12.8735 65 28.5114
11.4059 93 35.8841
11.7303 94 36.4112
12.8735 65 28.5114
11.0366 91 35.0256
11.0623 88 34.1436
11.4059 93 35.8841
11.0623 85 33.2436
12.8735 65 28.5114
11.4059 93 35.8841
11.4059 93 35.8841
11.5119 85 33.5583
12.8735 65 28.5114
11.0623 88 34.1436
12.8735 65 28.5114
11.5119 85 33.5583
11.5665 71 29.3965
11.0623 88 34.1436
11.8137 88 34.6696
11.4059 93 35.8841
11.9069 81 32.6348
11.5665 71 29.3965
12.2441 66 28.3708
11.1683 80 31.8178
11.5215 83 32.9651
11.1683 80 31.8178
12.8735 65 28.5114
11.5665 71 29.3965
11.7206 99 37.9044
11.1683 80 31.8178
11.9069 81 32.6348
11.4059 93 35.8841
11.3128 100 37.9189
11.1683 80 31.8178
11.4188 92 35.5931
11.0623 85 33.2436
11.4059 93 35.8841
11.0623 85 33.2436
11.4059 93 35.8841
11.5119 85 33.5583
11.5665 71 29.3965
11.5215 83 32.9651
11.4894 72 29.6426
11.4894 72 29.6426
12.7001 63 27.79
11.9583 69 29.0708
11.4188 92 35.5931
11.9583 69 29.0708
11.0366 91 35.0256
11.5665 71 29.3965
12.8735 65 28.5114
12.2441 66 28.3708
11.1683 80 31.8178
12.8735 65 28.5114
11.0623 85 33.2436
11.7303 94 36.4112
11.1683 80 31.8178
11.0623 85 33.2436
12.8735 65 28.5114
11.5665 71 29.3965
11.4059 93 35.8841
11.0366 91 35.0256
11.3128 100 37.9189
11.5119 85 33.5583
11.7013 104 39.3909
11.5119 85 33.5583
12.8735 65 28.5114
11.5119 85 33.5583
11.4059 93 35.8841
11.8362 86 34.0854
11.4894 72 29.6426
12.2441 66 28.3708
11.4733 79 31.7313
11.1683 80 31.8178
11.4733 79 31.7313
11.5665 71 29.3965
11.8362 86 34.0854
11.3963 98 37.3774
11.4733 79 31.7313
11.7206 109 40.9044
11.9583 69 29.0708
11.4894 72 29.6426
12.7001 63 27.79
11.5119 85 33.5583
11.4894 72 29.6426
11.0623 85 33.2436
11.4733 79 31.7313
11.0623 88 34.1436
11.5119 85 33.5583
11.4733 79 31.7313
11.5119 85 33.5583
11.4733 79 31.7313
11.4059 93 35.8841
11.5119 85 33.5583
11.4059 93 35.8841
11.5119 85 33.5583
12.8735 65 28.5114
11.4059 93 35.8841
11.4894 72 29.6426
10.921 101 37.9447
11.0623 85 33.2436
11.0623 85 33.2436
11.5119 98 37.4583
11.5215 83 32.9651
11.5119 85 33.5583
11.5665 71 29.3965
11.4059 93 35.8841
11.9583 69 29.0708
12.7001 63 27.79
11.377 103 38.8639
