11.2036 90 42.7222
1, 2, 3, 6, 8
9, 15, 7, 10, 13, 14
12, 11, 10, 8, 6, 4
6, 4, 5
6, 4
13, 11
11.3899 75 36.8339
5, 4
12, 11, 10, 7, 15, 9
10, 8, 6, 3, 2, 1
10, 14, 13
3, 6
4, 2
11.7688 72 35.8613
7, 15
9, 15
6, 8, 10, 11, 13, 14
12, 4, 5, 2
3, 2
7, 15, 6, 3, 2, 1
11.3706 79 38.4224
7, 15, 6, 4, 5
1, 2, 3, 6, 8, 10
14, 13
9, 15
4, 12, 11, 10
10, 14
11.0013 97 45.4008
4, 6, 8, 10, 11, 12
1, 2, 3, 6, 8, 10
1, 2, 5
6, 4
10, 14, 13
9, 15, 7, 10
10.8664 111 50.9198
6, 8, 10, 11, 12
1, 2, 3, 6, 8, 10
1, 2, 5, 4, 6, 8, 10
6, 4
10, 14, 13
9, 15, 7, 10
10.921 107 49.3526
4, 6, 8, 10, 11, 12
1, 2, 3, 6, 8, 10
1, 2, 5, 4, 6, 8
6, 4
10, 14, 13
9, 15, 7, 10
10.8407 115 52.5044
4, 6, 8, 10, 11, 12
1, 2, 3, 6, 8, 10
1, 2, 5, 4, 6, 8, 10
6, 4
10, 14, 13
9, 15, 7, 10
11.149 95 44.6894
10, 11, 12
1, 2, 3, 6, 8
1, 2, 5, 4, 6, 8, 10
6, 4
14, 13, 10
9, 15, 7, 10
10.9049 109 50.143
8, 10, 11, 12
1, 2, 3, 6, 8, 10
1, 2, 5, 4, 6, 8, 10
6, 4
10, 14, 13
9, 15, 7, 10
11.4958 73 36.0975
13, 11, 10, 7, 15, 9
1, 2, 3, 6, 8, 10
15, 6, 4
13, 14
5, 4
11, 12
11.1683 93 43.901
10, 11, 12
1, 2, 3, 6, 8, 10
1, 2, 5, 4, 6, 8
6, 4
10, 14, 13
9, 15, 7, 10
11.2229 88 41.9337
11, 12
4, 5
11, 10, 8, 6, 3, 2, 1
2, 3, 6, 15, 7, 10, 14
14, 13
9, 15, 6, 4, 5
11.9326 65 33.1595
6, 3, 2, 1
8, 15, 7
9, 15
4, 12
6, 4, 5
6, 8, 10, 11, 13, 14
10.8375 121 54.9025
6, 8, 10, 11, 12, 4
1, 2, 3, 6, 8, 10
1, 2, 5, 4, 6, 8, 10
6, 4
10, 14, 13
9, 15, 7, 10
11.255 84 40.353
9, 15, 7, 10, 14, 13
4, 12
7, 15, 6
10, 8, 6, 3, 2, 1
4, 5
12, 11, 10
11.9197 68 34.3518
13, 11, 10, 8, 6
1, 2, 3, 6, 15, 9
6, 4
14, 13
5, 4, 12
8, 15, 7
10.9274 101 46.9565
10, 11, 12
1, 2, 3, 6, 8, 10
1, 2, 5, 4, 6, 8, 10
6, 4
10, 14, 13
9, 15, 7, 10
13.2813 64 33.5688
4, 5
4, 12
3, 2, 1
7, 10, 11, 13, 14
7, 15, 8, 6, 4, 2
9, 15
