12.6647 63 37.8324
12.5684 65 38.7842
12.3083 68 40.1541
11.4252 69 40.2126
11.3128 71 41.1564
11.3256 73 42.1628
11.2614 75 43.1307
11.2742 75 43.1371
11.2197 77 44.1098
11.271 77 44.1355
11.2132 78 44.6066
11.2068 79 45.1034
11.1747 82 46.5873
11.2229 82 46.6114
11.0784 83 47.0392
11.088 83 47.044
10.9756 85 47.9878
10.9788 87 48.9894
11.0816 90 50.5408
10.876 92 51.438
10.9531 97 53.9766
10.8728 100 55.4364
10.8471 102 56.4236
10.8343 131 70.9171
10.8279 136 73.4139
13.079 93 53.0395
13.2845 93 53.1423
13.6891 124 68.8446
12.7065 94 53.3532
12.3725 139 75.6863
12.7868 119 65.8934
12.8125 106 59.4062
13.3231 93 53.1615
13.4611 106 59.7306
11.8009 122 66.9005
13.5029 84 48.7514
12.0064 89 50.5032
11.5344 105 58.2672
13.3776 99 56.1888
13.2492 78 45.6246
11.8523 101 56.4261
11.2807 89 50.1403
13.4611 101 57.2306
13.2492 100 56.6246
11.4188 125 68.2094
13.0083 99 56.0042
11.5279 86 48.764
13.1625 96 54.5812
12.7129 86 49.3565
14.0552 93 53.5276
12.7129 92 52.3565
12.6487 109 60.8243
13.034 103 58.017
12.8735 113 62.9367
12.9473 91 51.9737
