655.846
693.806
700.316
700.371
716.832
716.928
717.609
717.93
759.703
760.088
760.088
760.396
763.524
763.524
763.524
763.524
763.524
763.524
763.524
763.524
763.524
763.524
763.524
763.524
763.595
763.595
767.073
767.073
767.073
767.766
767.843
767.843
767.843
769.789
769.789
769.789
769.789
769.789
769.789
769.789
769.789
770.509
770.515
770.515
770.515
770.515
770.515
770.515
770.515
770.515
770.515
770.515
770.515
770.515
770.515
770.515
770.515
770.515
770.515
770.515
770.515
770.515
770.515
770.515
770.515
770.515
770.515
770.515
770.515
770.515
772.057
772.057
772.057
772.057
772.057
772.057
772.057
772.057
772.057
772.057
772.057
772.057
772.057
772.057
772.057
772.057
772.057
772.057
772.057
775.011
775.011
775.011
775.011
775.011
775.011
775.011
775.011
775.011
775.011
775.011
775.011
775.011
775.107
775.107
775.107
775.107
775.107
775.107
775.107
775.107
775.107
775.107
775.107
775.107
775.107
775.107
775.107
775.107
775.107
775.107
775.107
775.107
775.107
775.107
775.107
775.107
775.107
775.184
775.184
775.184
775.184
775.184
775.184
775.184
775.184
775.184
775.184
775.184
775.184
775.184
775.184
775.184
775.184
775.184
775.184
775.184
775.184
775.184
775.184
775.184
775.184
775.184
775.184
775.184
775.184
775.184
775.184
775.184
775.184
775.184
775.184
775.184
775.294
775.294
775.294
775.294
775.294
775.294
775.294
775.294
775.294
775.294
775.294
775.294
775.294
775.294
775.294
775.294
775.294
775.294
775.294
775.294
775.294
775.294
775.294
775.294
775.294
775.294
785.938
785.938
785.938
785.938
785.938
785.938
785.938
785.938
785.938
785.938
785.938
785.938
785.938
785.938
785.938
785.938
785.938
785.938
785.938
785.938
785.938
785.938
785.938
785.938
785.938
785.938
785.938
785.938
789.342
791.985
792.313
792.313
792.313
792.313
792.75
792.75
792.75
792.75
792.75
792.75
792.775
792.775
793.308
793.308
793.308
793.308
793.308
793.308
793.308
793.308
793.308
793.308
793.308
793.308
793.308
793.308
793.308
793.308
793.308
793.308
793.308
793.308
793.36
793.36
793.36
793.36
793.36
793.36
793.36
793.36
793.36
793.36
793.36
793.36
793.36
793.36
793.36
793.36
793.36
793.36
793.36
793.36
793.36
793.36
793.36
793.36
793.36
793.36
793.36
793.36
793.36
793.36
793.36
793.36
793.36
793.36
793.36
793.36
793.36
793.36
793.36
793.36
793.36
793.36
793.36
793.36
793.36
793.36
793.36
793.36
793.36
793.36
793.36
793.36
793.36
793.36
793.36
793.36
793.36
793.36
793.36
793.36
793.36
793.36
793.36
793.36
793.36
793.36
793.36
793.36
793.36
793.36
793.36
793.36
793.36
793.36
793.36
793.36
793.36
793.36
793.36
793.36
793.36
793.36
793.36
793.36
793.36
793.36
793.36
793.649
793.649
793.649
793.649
793.649
793.649
793.649
793.649
793.649
793.649
793.649
793.649
793.649
793.649
793.649
793.649
793.649
793.649
793.649
793.649
793.649
793.649
793.649
793.649
793.649
793.649
793.649
793.649
793.649
793.649
793.649
793.649
793.649
793.649
793.649
793.649
793.649
793.649
793.649
793.649
793.649
793.649
793.649
793.649
793.649
793.649
793.649
793.649
793.649
793.649
793.649
793.649
793.649
793.649
793.649
793.649
793.649
793.649
793.649
793.649
793.649
793.649
793.649
793.649
793.649
793.649
793.649
793.649
793.649
793.649
793.649
793.649
793.649
793.649
793.649
793.649
793.649
793.649
793.649
793.649
793.649
793.649
793.649
793.649
793.649
793.649
793.649
793.649
793.649
793.649
793.649
793.649
793.649
793.649
793.649
793.649
793.649
793.649
793.649
793.649
793.649
793.649
793.649
793.649
793.649
793.649
793.649
793.649
793.649
793.649
793.649
793.649
793.649
793.649
793.649
793.649
793.649
793.649
793.649
793.649
793.649
793.649
793.649
793.649
793.649
793.649
793.649
793.649
793.649
793.649
793.649
793.649
793.649
793.649
793.649
793.649
793.649
793.649
793.649
793.649
793.649
793.649
793.649
793.649
793.649
793.649
793.649
793.649
793.649
793.649
793.649
793.649
793.649
793.649
793.649
793.649
793.649
793.649
793.649
793.649
793.649
793.649
793.649
793.649
793.649
793.649
793.649
793.649
793.649
793.649
793.649
793.649
793.649
793.649
793.649
793.649
793.649
793.649
793.649
793.649
793.649
793.649
793.649
793.649
793.649
793.649
793.649
793.649
793.649
793.649
793.649
793.649
793.649
793.649
793.649
793.649
793.649
793.649
793.649
793.649
793.649
793.649
793.649
793.649
793.649
793.649
793.649
793.649
793.649
793.649
793.649
793.649
793.649
793.649
793.649
793.649
793.649
793.649
793.649
793.649
793.649
793.649
793.649
793.649
793.649
793.649
793.649
793.649
793.649
793.649
793.649
793.649
793.649
793.649
793.649
793.649
793.649
793.649
793.649
793.649
793.649
793.649
793.649
793.649
793.649
793.649
793.649
793.649
793.649
793.649
793.649
793.649
793.649
793.649
810.848
810.974
813.01
813.051
813.051
813.051
813.051
813.051
813.051
813.051
813.051
813.051
813.051
813.051
813.051
813.051
813.051
813.051
813.1
813.1
813.1
813.1
813.1
813.1
813.1
813.1
813.1
813.1
813.1
813.1
813.1
813.1
813.1
813.1
813.1
813.1
813.1
813.1
813.1
813.1
813.1
813.1
813.1
813.1
813.1
813.1
813.1
813.1
813.1
813.1
813.1
813.1
813.1
813.1
813.1
813.1
813.1
813.1
813.1
813.1
813.1
813.1
813.1
813.1
813.1
813.1
813.1
813.1
813.1
813.1
813.1
813.1
813.1
813.1
813.1
813.1
813.305
813.305
813.305
813.305
813.305
813.305
813.305
813.305
813.305
813.305
813.305
813.305
813.305
813.305
813.305
813.305
813.305
813.305
813.305
816.86
816.86
816.86
816.86
816.86
816.86
816.86
816.86
816.86
816.86
816.86
816.86
816.86
816.86
816.86
816.86
816.86
816.86
816.86
816.86
816.86
816.86
816.866
816.866
816.866
816.866
816.866
816.866
816.866
816.866
816.866
816.866
816.866
816.866
816.866
816.866
816.866
816.866
816.866
816.866
816.866
816.866
816.866
816.866
816.866
816.866
816.866
816.866
816.866
816.866
816.866
816.866
816.866
816.866
816.866
816.866
816.866
816.866
816.866
816.866
816.866
816.866
816.866
816.866
816.866
816.866
816.866
816.866
816.866
816.866
816.866
816.866
816.866
816.866
816.866
816.866
816.866
816.866
816.866
816.866
816.866
816.866
816.866
816.866
816.866
816.866
816.866
816.866
816.866
816.866
816.866
816.866
816.866
816.866
816.866
816.866
816.866
816.866
816.866
816.866
816.866
816.866
816.866
816.866
816.866
816.866
816.866
816.866
816.866
816.866
816.866
816.866
816.866
816.866
816.866
816.866
816.866
816.866
816.866
816.866
816.866
816.866
816.866
816.866
816.866
816.866
816.866
816.866
816.866
816.866
816.866
816.866
816.866
816.866
816.866
816.866
816.866
816.866
816.866
816.866
816.866
816.866
816.866
816.866
816.866
816.866
816.866
816.866
816.866
816.866
816.866
816.866
816.866
816.866
816.866
816.866
816.866
816.866
816.866
816.866
816.866
816.866
816.866
816.866
816.866
816.866
816.866
816.866
816.866
816.866
816.866
816.866
816.866
816.866
816.866
816.866
816.866
816.866
816.866
816.866
816.866
816.866
816.866
816.866
816.866
816.866
816.866
816.866
816.866
816.866
816.866
816.866
816.866
816.866
816.866
816.866
816.866
816.866
816.866
816.866
816.866
816.866
816.866
816.866
816.866
816.866
816.866
816.866
816.866
816.866
816.866
816.866
816.866
816.866
816.866
816.866
816.866
816.866
816.866
816.866
816.866
816.866
816.866
816.866
816.866
816.866
816.866
816.866
816.866
816.866
816.866
816.866
816.866
816.866
816.866
816.866
816.866
816.866
816.866
816.866
816.866
816.866
816.866
816.866
816.866
816.866
816.866
816.866
816.866
816.866
816.866
816.866
816.866
816.866
816.866
816.866
816.866
816.866
816.866
816.866
816.866
816.866
816.866
816.866
816.866
816.866
816.866
816.866
816.866
816.866
816.866
816.866
816.866
816.866
816.866
816.866
816.866
816.866
816.866
816.866
816.866
816.866
816.866
816.866
816.866
816.866
816.866
816.866
816.866
816.866
816.866
816.866
816.866
816.866
816.866
816.866
816.866
816.866
816.866
816.866
816.866
816.866
816.866
816.866
816.866
816.866
816.866
816.866
816.866
816.866
816.866
816.866
816.866
816.866
816.866
816.866
816.866
816.866
816.866
816.866
816.866
816.866
816.866
816.866
816.866
816.866
816.866
816.866
816.866
816.866
816.866
816.866
816.866
816.866
816.866
816.866
816.866
816.866
816.866
816.866
816.866
816.866
816.866
816.866
816.866
816.866
816.866
816.866
816.866
816.866
816.866
816.866
816.866
816.866
816.866
816.866
816.866
816.866
816.866
816.866
816.866
816.866
816.866
816.866
816.866
816.866
816.866
816.866
816.866
816.866
816.866
816.866
816.866
816.866
816.866
816.866
816.866
816.866
816.866
816.866
816.866
816.866
816.866
816.866
816.866
816.866
816.866
816.866
816.866
816.866
816.866
816.866
816.866
816.866
816.866
816.866
816.866
816.866
816.866
816.866
816.866
816.866
816.866
816.866
816.866
816.866
816.866
816.866
816.866
816.866
816.866
816.866
816.866
816.866
816.866
816.866
816.866
816.866
816.866
816.866
816.866
816.866
816.866
816.866
816.866
816.866
816.866
816.866
816.866
816.866
816.866
816.866
816.866
816.866
816.866
816.866
816.866
816.866
816.866
816.866
816.866
816.866
816.866
816.866
816.866
816.866
816.866
816.866
816.866
816.866
816.866
816.866
816.866
816.866
816.866
816.866
816.866
816.866
816.866
816.866
816.866
816.866
816.866
816.866
816.866
816.866
816.866
816.866
816.866
816.866
816.866
816.866
816.866
816.866
816.866
816.866
816.866
816.866
816.866
816.866
816.866
816.866
816.866
816.866
816.866
816.866
816.866
816.866
816.866
816.866
816.866
816.866
816.866
816.866
816.866
816.866
816.866
816.866
816.866
816.866
816.866
816.866
816.866
816.866
816.866
816.866
816.866
816.866
816.866
816.866
816.866
816.866
816.866
816.866
816.866
816.866
816.866
816.866
816.866
816.866
816.866
816.866
816.866
816.866
816.866
816.866
816.866
816.866
816.866
816.866
816.866
816.866
816.866
816.866
816.866
816.866
816.866
816.866
816.866
816.866
816.866
816.866
816.866
816.866
816.866
816.866
816.866
816.866
816.866
816.866
816.866
816.866
816.866
816.866
816.866
816.866
816.866
816.866
816.866
816.866
816.866
816.866
816.866
816.866
816.866
816.866
816.866
816.866
816.866
816.866
816.866
816.866
816.866
816.866
816.866
816.866
816.866
816.866
816.866
816.866
816.866
816.866
816.866
816.866
816.866
816.866
816.866
816.866
816.866
816.866
816.866
816.866
816.866
816.866
816.866
816.866
816.866
816.866
816.866
816.866
816.866
816.866
816.866
816.866
816.866
816.866
816.866
816.866
816.866
816.866
816.866
816.866
816.866
816.866
816.866
816.866
816.866
816.866
816.866
816.866
816.866
816.866
816.866
816.866
816.866
816.866
816.866
816.866
816.866
816.866
816.866
816.866
816.866
816.866
816.866
816.866
816.866
816.866
816.866
816.866
816.866
816.866
816.866
816.866
816.866
816.866
816.866
816.866
816.866
816.866
816.866
816.866
816.866
816.866
816.866
816.866
816.866
816.866
816.866
816.866
816.866
816.866
816.866
816.866
816.866
816.866
816.866
816.866
816.866
816.866
816.866
816.866
816.866
816.866
816.866
816.866
816.866
816.866
816.866
816.866
816.866
816.866
816.866
816.866
816.866
816.866
816.866
816.866
816.866
816.866
816.866
816.866
816.866
816.866
816.866
816.866
816.866
816.866
816.866
816.866
816.866
816.866
816.866
816.866
816.866
816.866
816.866
816.866
816.866
816.866
816.866
816.866
816.866
816.866
816.866
816.866
816.866
816.866
816.866
816.866
816.866
816.866
816.866
816.866
816.866
816.866
816.866
816.866
816.866
816.866
816.866
816.866
816.866
816.866
816.866
816.866
816.866
816.866
816.866
816.866
816.866
816.866
816.866
816.866
816.866
816.866
816.866
816.866
816.866
816.866
816.866
816.866
816.866
816.866
816.866
816.866
816.866
816.866
816.866
816.866
816.866
816.866
816.866
816.866
816.866
816.866
816.866
816.866
816.866
816.866
816.866
816.866
816.866
816.866
816.866
816.866
816.866
816.866
816.866
816.866
816.866
816.866
816.866
816.866
816.866
816.866
816.866
816.866
816.866
816.866
816.866
816.866
816.866
816.866
816.866
816.866
816.866
816.866
816.866
816.866
816.866
816.866
816.866
816.866
816.866
816.866
816.866
816.866
816.866
816.866
816.866
816.866
816.866
816.866
816.866
816.866
816.866
816.866
816.866
816.866
816.866
816.866
816.866
816.866
816.866
816.866
816.866
816.866
816.866
816.866
816.866
816.866
816.866
816.866
816.866
816.866
816.866
816.866
816.866
816.866
816.866
816.866
816.866
816.866
816.866
816.866
816.866
816.866
816.866
816.866
816.866
816.866
816.866
816.866
816.866
816.866
816.866
816.866
816.866
816.866
816.866
816.866
816.866
816.866
816.866
816.866
816.866
816.866
816.866
816.866
816.866
816.866
816.866
816.866
816.866
816.866
816.866
816.866
816.866
816.866
816.866
816.866
816.866
816.866
816.866
816.866
816.866
816.866
816.866
816.866
816.866
816.866
816.866
816.866
816.866
816.866
816.866
816.866
816.866
816.866
816.866
816.866
816.866
816.866
816.866
816.866
816.866
816.866
816.866
816.866
816.866
816.866
816.866
816.866
816.866
816.866
816.866
816.866
816.866
816.866
816.866
816.866
816.866
816.866
816.866
816.866
816.866
816.866
816.866
816.866
816.866
816.866
816.866
816.866
816.866
816.866
816.866
816.866
816.866
816.866
816.866
816.866
816.866
816.866
816.866
816.866
816.866
816.866
816.866
816.866
816.866
816.866
816.866
816.866
816.866
816.866
816.866
816.866
816.866
816.866
816.866
816.866
816.866
816.866
816.866
816.866
816.866
816.866
816.866
816.866
816.866
816.866
816.866
816.866
816.866
816.866
816.866
816.866
816.866
816.866
816.866
816.866
816.866
816.866
816.866
816.866
816.866
816.866
816.866
816.866
816.866
816.866
816.866
816.866
816.866
816.866
816.866
816.866
816.866
816.866
816.866
816.866
816.866
816.866
816.866
816.866
816.866
816.866
816.866
816.866
816.866
816.866
816.866
816.866
816.866
816.866
816.866
816.866
816.866
816.866
816.866
816.866
816.866
816.866
816.866
816.866
816.866
816.866
816.866
816.866
816.866
816.866
816.866
816.866
816.866
816.866
816.866
816.866
816.866
816.866
816.866
816.866
816.866
816.866
816.866
816.866
816.866
816.866
816.866
816.866
816.866
816.866
816.866
816.866
816.866
816.866
816.866
816.866
816.866
816.866
816.866
816.866
816.866
816.866
816.866
816.866
816.866
816.866
816.866
816.866
816.866
816.866
816.866
816.866
816.866
816.866
816.866
816.866
816.866
816.866
816.866
816.866
816.866
816.866
816.866
816.866
816.866
816.866
816.866
816.866
816.866
816.866
816.866
816.866
816.866
816.866
816.866
816.866
816.866
816.866
816.866
816.866
816.866
816.866
816.866
816.866
816.866
816.866
816.866
816.866
816.866
816.866
816.866
816.866
816.866
816.866
816.866
816.866
816.866
816.866
816.866
816.866
816.866
816.866
816.866
816.866
816.866
816.866
816.866
816.866
816.866
816.866
816.866
816.866
816.866
816.866
816.866
816.866
816.866
816.866
816.866
816.866
816.866
816.866
816.866
816.866
816.866
816.866
816.866
816.866
816.866
816.866
816.866
816.866
816.866
816.866
816.866
816.866
816.866
816.866
816.866
816.866
816.866
816.866
816.866
816.866
816.866
816.866
816.866
816.866
816.866
816.866
816.866
816.866
816.866
816.866
816.866
816.866
816.866
816.866
816.866
816.866
816.866
816.866
816.866
816.866
816.866
816.866
816.866
816.866
816.866
816.866
816.866
816.866
816.866
816.866
816.866
816.866
816.866
816.866
816.866
816.866
816.866
816.866
816.866
816.866
816.866
816.866
816.866
816.866
816.866
816.866
816.866
816.866
816.866
816.866
816.866
816.866
816.866
816.866
816.866
816.866
816.866
816.866
816.866
816.866
816.866
816.866
816.866
816.866
816.866
816.866
816.866
816.866
816.866
816.866
816.866
816.866
816.866
816.866
816.866
816.866
816.866
816.866
816.866
816.866
816.866
816.866
816.866
816.866
816.866
816.866
816.866
816.866
816.866
816.866
816.866
816.866
816.866
816.866
816.866
816.866
816.866
816.866
816.866
816.866
816.866
816.866
816.866
816.866
816.866
816.866
816.866
816.866
816.866
816.866
816.866
816.866
816.866
816.866
816.866
816.866
816.866
816.866
816.866
816.866
816.866
816.866
816.866
816.866
816.866
816.866
816.866
816.866
816.866
816.866
816.866
816.866
816.866
816.866
816.866
816.866
816.866
816.866
816.866
816.866
816.866
816.866
816.866
816.866
816.866
816.866
816.866
816.866
