12.6647 63 52.9329
12.5716 65 54.5143
11.6211 72 59.9242
11.7367 73 60.7473
11.6211 69 57.5242
12.4753 67 56.0951
11.5793 74 61.5159
11.1586 84 69.4317
11.1586 84 69.4317
11.2903 84 69.4581
11.3834 87 71.8767
11.4155 76 63.0831
11.2903 84 69.4581
12.5716 65 54.5143
12.5716 65 54.5143
12.4753 67 56.0951
11.8202 75 62.364
12.5716 65 54.5143
12.5716 65 54.5143
11.6146 66 55.1229
12.6647 63 52.9329
12.4753 67 56.0951
11.5793 74 61.5159
12.5716 65 54.5143
11.8202 75 62.364
11.7945 71 59.1589
11.5793 74 61.5159
11.7945 71 59.1589
11.5793 74 61.5159
11.6211 69 57.5242
11.4155 76 63.0831
11.5793 74 61.5159
11.5793 74 61.5159
12.6647 63 52.9329
11.6146 66 55.1229
12.6647 63 52.9329
11.5793 74 61.5159
11.1747 91 75.0349
11.4155 76 63.0831
12.5716 65 54.5143
12.5716 65 54.5143
11.6211 72 59.9242
11.7945 71 59.1589
12.5716 65 54.5143
12.5716 65 54.5143
12.8285 65 54.5657
11.7078 94 77.5416
11.6211 69 57.5242
12.5716 65 54.5143
12.8285 65 54.5657
11.2903 84 69.4581
11.5793 74 61.5159
11.2903 84 69.4581
11.1586 84 69.4317
11.7945 71 59.1589
12.6647 63 52.9329
11.7367 73 60.7473
11.5793 74 61.5159
11.9679 80 66.3936
11.6146 66 55.1229
12.4753 67 56.0951
11.3834 89 73.4767
11.2903 84 69.4581
12.4753 67 56.0951
12.5716 65 54.5143
12.4753 67 56.0951
12.4753 67 56.0951
12.5716 65 54.5143
12.8285 65 54.5657
12.5716 65 54.5143
11.8202 75 62.364
11.5793 74 61.5159
11.5793 74 61.5159
11.6146 66 55.1229
12.6647 63 52.9329
12.6647 63 52.9329
11.8202 75 62.364
11.5472 90 74.3094
11.5793 74 61.5159
11.5793 74 61.5159
12.8285 65 54.5657
11.5793 74 61.5159
11.5793 74 61.5159
12.8285 65 54.5657
11.6146 66 55.1229
11.5793 74 61.5159
11.5793 74 61.5159
11.3834 90 74.2767
11.3834 87 71.8767
11.5793 74 61.5159
12.6647 63 52.9329
11.4155 76 63.0831
11.5793 74 61.5159
12.5716 65 54.5143
12.6647 63 52.9329
12.5716 65 54.5143
11.5793 74 61.5159
11.5793 74 61.5159
11.8202 75 62.364
11.3834 92 75.8767
11.5793 74 61.5159
11.6211 72 59.9242
11.1554 92 75.8311
11.4155 76 63.0831
11.5793 74 61.5159
11.3834 87 71.8767
11.3834 87 71.8767
11.6146 66 55.1229
12.5716 65 54.5143
11.6146 66 55.1229
11.4155 76 63.0831
12.5716 65 54.5143
11.5729 71 59.1146
11.5793 74 61.5159
11.4155 76 63.0831
11.2903 84 69.4581
11.2903 84 69.4581
12.8285 65 54.5657
11.5793 74 61.5159
11.5793 74 61.5159
12.5716 65 54.5143
11.5793 74 61.5159
11.8202 75 62.364
12.5716 65 54.5143
11.2903 84 69.4581
11.4155 76 63.0831
11.6211 69 57.5242
11.7945 71 59.1589
12.4753 67 56.0951
11.2903 84 69.4581
11.4155 76 63.0831
11.7945 71 59.1589
12.5716 65 54.5143
11.5793 74 61.5159
11.3834 90 74.2767
12.6647 63 52.9329
12.7065 80 66.5413
11.4155 76 63.0831
12.5716 65 54.5143
12.8285 65 54.5657
11.6146 66 55.1229
11.4155 76 63.0831
11.2903 84 69.4581
11.4155 76 63.0831
11.8202 75 62.364
12.4753 67 56.0951
11.2903 84 69.4581
11.6211 69 57.5242
12.5716 65 54.5143
11.7945 71 59.1589
