12.9184 64 28.2429
12.6872 66 28.6811
13.0918 66 28.9643
12.2601 68 28.9821
11.9775 69 29.0843
11.6917 71 29.4842
11.5729 72 29.701
11.4316 74 30.2021
11.422 77 31.0954
11.2903 80 31.9032
11.4284 80 31.9999
11.3096 83 32.8167
11.361 87 34.0527
11.255 88 34.2785
11.2421 90 34.8695
11.2068 98 37.2448
11.088 104 38.9616
11.2164 105 39.3515
11.0655 106 39.5459
11.0495 110 40.7346
10.9306 133 47.5514
12.045 109 41.1315
13.3423 102 39.9396
12.6005 103 39.7204
13.6506 101 39.8554
13.5575 95 37.9902
12.1477 106 40.3034
12.8317 102 39.5822
12.0739 118 43.8517
12.3372 89 35.336
13.1368 92 36.7958
12.4978 85 34.2484
13.2781 115 43.7947
13.2524 81 33.5767
12.745 84 34.1215
12.2055 90 35.5439
13.8465 87 35.7925
13.0951 103 40.0665
13.3198 105 40.8239
12.806 138 50.3642
12.8157 108 41.371
12.5299 114 42.9709
13.0758 90 36.1531
13.4387 96 38.2071
12.5716 112 42.4001
13.3231 84 34.5261
13.3873 113 43.2711
13.8048 89 36.3633
12.9345 113 42.9541
13.3295 90 36.3306
13.8947 112 43.3263
