12.0321 64 17.2289
11.7945 69 17.515
11.7945 69 17.515
11.6821 71 17.6139
11.6146 74 17.8532
11.6821 71 17.6139
13.1464 63 18.1318
11.5022 76 17.952
11.3064 84 18.5757
11.2999 87 18.8699
11.589 88 19.2301
11.2999 87 18.8699
11.1683 104 20.4514
11.1683 106 20.6514
11.0206 116 21.5185
11.0141 108 20.7127
11.3706 100 20.2335
12.6615 101 21.4954
11.7945 69 17.515
11.3931 98 20.0538
11.1747 94 19.4572
11.7945 69 17.515
11.5665 71 17.5098
11.7945 69 17.515
13.1464 63 18.1318
11.7945 69 17.515
11.3931 98 20.0538
11.1747 104 20.4572
11.3064 84 18.5757
13.1464 63 18.1318
11.5665 71 17.5098
12.3789 76 18.741
11.1747 94 19.4572
11.5022 76 17.952
11.5601 99 20.304
11.1747 110 21.0572
11.6821 71 17.6139
11.2967 100 20.1671
13.1464 63 18.1318
11.1747 112 21.2572
11.2999 87 18.8699
13.1464 63 18.1318
11.2999 87 18.8699
12.0321 64 17.2289
11.1747 110 21.0572
11.0944 109 20.885
11.1747 112 21.2572
12.2055 66 17.585
11.2999 87 18.8699
11.4252 99 20.1827
11.3931 98 20.0538
11.5665 71 17.5098
11.4252 109 21.1827
11.4252 99 20.1827
13.1464 63 18.1318
11.6821 71 17.6139
12.0321 64 17.2289
11.7945 69 17.515
11.0077 111 21.0069
12.3789 76 18.741
13.1464 63 18.1318
11.7945 69 17.515
11.0077 111 21.0069
11.3706 100 20.2335
11.589 88 19.2301
11.1683 106 20.6514
11.589 88 19.2301
11.2999 87 18.8699
11.1683 104 20.4514
11.1747 110 21.0572
11.6821 71 17.6139
11.5665 71 17.5098
11.6821 71 17.6139
11.1747 104 20.4572
11.7945 69 17.515
11.3931 98 20.0538
11.1747 104 20.4572
11.7945 69 17.515
12.4913 106 21.8422
11.6821 71 17.6139
12.3308 93 20.3977
11.1747 110 21.0572
11.4541 73 17.6087
11.2967 100 20.1671
11.1265 91 19.1139
11.2999 87 18.8699
11.7945 69 17.515
11.2999 87 18.8699
11.1747 110 21.0572
12.6615 101 21.4954
12.6615 101 21.4954
11.7945 69 17.515
11.4252 99 20.1827
11.1683 104 20.4514
12.2055 66 17.585
11.2999 87 18.8699
12.3789 76 18.741
11.3064 84 18.5757
12.2055 66 17.585
12.0321 64 17.2289
11.5665 71 17.5098
11.7945 69 17.515
11.7945 69 17.515
12.5395 72 18.4855
11.1747 104 20.4572
13.1464 63 18.1318
11.6821 71 17.6139
11.5022 76 17.952
11.4059 80 18.2653
12.0321 64 17.2289
11.2486 95 19.6237
11.5665 71 17.5098
11.1747 112 21.2572
12.2055 66 17.585
12.2055 66 17.585
11.5665 71 17.5098
11.2999 87 18.8699
11.7945 69 17.515
11.1683 104 20.4514
11.7945 69 17.515
11.5665 71 17.5098
11.1747 110 21.0572
11.7945 69 17.515
12.0321 64 17.2289
11.3064 84 18.5757
12.3308 103 21.3977
11.3064 84 18.5757
11.1747 102 20.2572
11.3064 84 18.5757
13.1464 63 18.1318
11.1747 102 20.2572
11.2999 87 18.8699
11.3064 84 18.5757
11.1683 104 20.4514
12.0321 64 17.2289
11.6821 71 17.6139
11.5665 71 17.5098
11.7945 69 17.515
11.2999 87 18.8699
11.3064 84 18.5757
11.7945 69 17.515
11.6146 74 17.8532
11.1747 102 20.2572
11.1683 106 20.6514
11.7945 69 17.515
11.1747 102 20.2572
11.7945 69 17.515
11.2999 87 18.8699
11.1747 104 20.4572
11.1747 110 21.0572
