11.2903 80 31.9032
11, 10, 13, 14
7, 15, 6, 4, 5
6, 8
12, 11, 10
7, 15, 9
1, 2, 3, 6, 8, 10
11.4316 74 30.2021
7, 15
14, 13
1, 2, 3, 6, 8, 10, 11
13, 11, 12, 4, 5
15, 9
7, 15, 6
12.6872 66 28.6811
14, 13, 11, 10
10, 7, 15, 9
5, 4, 6, 8, 15
1, 2, 3, 6
11, 12
2, 3
11.422 77 31.0954
14, 10, 7, 15, 9
5, 4, 2
1, 2, 3, 6, 8, 10
10, 11, 12
7, 15
13, 11
11.2132 85 33.3493
8, 6
5, 4
9, 15, 7, 10, 13, 14
6, 3
7, 15, 6, 3, 2, 1
12, 11, 10, 8, 6, 4
11.0655 89 34.4459
8, 6
5, 4
9, 15, 7, 10, 13, 14
6, 3
7, 15, 6, 3, 2, 1
12, 11, 10, 8, 6, 4, 5
11.0109 108 40.1076
9, 15, 7, 10, 13
1, 2, 3, 6, 8, 10, 11
10, 8, 6, 4
1, 2
14, 10, 11, 12
3, 2, 5
11.027 104 38.9189
9, 15, 7, 10, 13
1, 2, 3, 6, 8, 10, 11
10, 8, 6, 4
1, 2
14, 10, 11, 12
5, 4
10.9499 116 42.4649
15, 9
15, 6, 8, 10, 11, 12
15, 7, 10, 14
13, 10, 8, 6, 3, 2, 1
5, 4, 6, 8, 10
7, 10, 11
11.5055 68 28.4538
14, 13, 11, 12
11, 10, 8, 6, 4, 5
1, 2, 3, 6
7, 15, 9
2, 3
15, 6
12.8574 64 28.2002
15, 8, 6, 3, 2
14, 13
9, 15, 7, 10, 11, 12
2, 1
5, 4, 6
13, 11
10.9724 111 40.9807
9, 15, 7, 10, 13
1, 2, 3, 6, 8, 10, 11
10, 8, 6, 4
1, 2
14, 10, 11, 12
5, 4, 6, 3
10.9049 120 43.6335
7, 15
4, 12
7, 10, 8, 6, 3, 2, 1
14, 13, 11, 10, 7, 15, 9
2, 5, 4, 6, 8, 10
13, 10, 11, 12
