12.0514 69 57.6103
11, 10, 7, 15
10, 8, 6, 3, 2, 4, 12
9, 15
1, 2
5, 4
11, 13, 14
11.4155 76 63.0831
11, 10, 8, 6, 4
5, 2
9, 15, 7, 10
14, 13, 11, 12
13, 14
1, 2, 3, 6, 8
11.4059 78 64.6812
11, 10, 8, 6, 4, 5
5, 2
9, 15, 7, 10
14, 13, 11, 12
13, 14
1, 2, 3, 6
11.1586 84 69.4317
11, 10, 8, 6, 4
5, 2
9, 15, 7, 10
14, 13, 11, 12
13, 14
1, 2, 3, 6, 8, 10
11.2421 80 66.2484
11, 10, 8, 6, 4, 5
5, 2
9, 15, 7, 10
14, 13, 11, 12
13, 14
1, 2, 3, 6, 8
10.9852 88 72.597
11, 10, 8, 6, 4, 5
5, 2
9, 15, 7, 10
14, 13, 11, 12
13, 14
1, 2, 3, 6, 8, 10
11.3931 79 65.4786
14, 13
14, 10, 8, 6, 3, 2, 1
6, 4, 12, 11, 10
4, 5
6, 15
7, 15, 9
12.6647 63 52.9329
5, 4, 2
4, 12
9, 15
1, 2, 3, 6, 8
8, 15, 7, 10, 11
11, 13, 14
11.5729 71 59.1146
5, 4, 2
4, 12
9, 15
1, 2, 3, 6, 8, 10
8, 15, 7, 10, 11
11, 13, 14
12.4399 66 55.288
2, 3
1, 2, 4, 5
4, 6, 8, 10, 11, 12
6, 15, 9
11, 13, 14
7, 15
