12.5845 63 42.8338
12.5588 65 44.0235
11.7784 67 44.9114
11.4252 69 45.9701
11.4252 69 45.9701
11.3449 75 49.538
11.4252 69 45.9701
11.2742 77 50.7097
11.2197 79 51.8879
11.3449 75 49.538
11.5729 75 49.6292
11.5729 75 49.6292
11.4091 79 51.9636
11.5633 80 52.6253
11.4091 85 55.5637
11.5183 90 58.6073
11.3256 104 66.9303
11.1651 81 53.066
11.2197 79 51.8879
11.4252 69 45.9701
11.3449 75 49.538
11.5536 73 48.4215
11.4091 79 51.9636
11.5729 75 49.6292
11.2742 77 50.7097
11.5633 80 52.6253
11.5729 75 49.6292
11.1073 85 55.4429
12.5845 63 42.8338
11.4252 69 45.9701
12.5845 63 42.8338
11.4252 69 45.9701
11.4252 69 45.9701
11.5729 75 49.6292
11.5729 75 49.6292
11.5729 75 49.6292
11.3288 77 50.7315
11.4252 69 45.9701
11.3449 75 49.538
11.4252 69 45.9701
11.7784 67 44.9114
11.9679 70 46.7872
11.4252 69 45.9701
11.2742 77 50.7097
11.7784 67 44.9114
12.5845 63 42.8338
11.5729 75 49.6292
11.5536 73 48.4215
11.4252 69 45.9701
11.4252 69 45.9701
11.2742 77 50.7097
11.3288 77 50.7315
11.5633 80 52.6253
12.5845 63 42.8338
12.5845 63 42.8338
11.4252 69 45.9701
11.4252 69 45.9701
11.5729 75 49.6292
11.2742 77 50.7097
11.2742 77 50.7097
10.9435 89 57.7774
11.3288 77 50.7315
11.4252 69 45.9701
11.3288 77 50.7315
11.5729 75 49.6292
12.5845 63 42.8338
11.4252 69 45.9701
11.5729 75 49.6292
11.3288 77 50.7315
11.4252 69 45.9701
12.5845 63 42.8338
11.3288 77 50.7315
11.2197 79 51.8879
11.2742 77 50.7097
11.4252 69 45.9701
11.5729 75 49.6292
11.3192 82 53.7277
11.0527 100 64.4211
11.5729 75 49.6292
11.5536 73 48.4215
11.9711 70 46.7884
12.5845 63 42.8338
11.5729 75 49.6292
11.4252 69 45.9701
11.5729 75 49.6292
11.3288 77 50.7315
12.5845 63 42.8338
11.4894 100 64.5958
11.2742 77 50.7097
11.2197 79 51.8879
11.4252 69 45.9701
11.4091 79 51.9636
11.4252 69 45.9701
11.9711 70 46.7884
11.5729 75 49.6292
11.2742 77 50.7097
11.7784 67 44.9114
11.2197 79 51.8879
12.5845 63 42.8338
11.3288 77 50.7315
11.5729 75 49.6292
11.9711 70 46.7884
12.5845 63 42.8338
11.7784 67 44.9114
12.5845 63 42.8338
11.3288 77 50.7315
11.4252 69 45.9701
11.3256 76 50.1303
11.4252 69 45.9701
11.4894 100 64.5958
11.9711 70 46.7884
11.4091 79 51.9636
11.2197 79 51.8879
11.1651 81 53.066
11.4252 69 45.9701
12.5845 63 42.8338
12.5845 63 42.8338
11.5729 75 49.6292
12.5588 65 44.0235
11.1554 86 56.0622
11.5729 75 49.6292
11.1651 81 53.066
11.5633 80 52.6253
11.2197 79 51.8879
12.5845 63 42.8338
11.4091 79 51.9636
11.7431 100 64.6972
11.3288 77 50.7315
11.4252 69 45.9701
11.2197 79 51.8879
11.2742 77 50.7097
12.5845 63 42.8338
12.5845 63 42.8338
11.3545 94 60.9418
11.4091 79 51.9636
11.8073 75 49.7229
11.3288 77 50.7315
11.4252 69 45.9701
11.2742 92 59.7097
11.3192 82 53.7277
11.3288 77 50.7315
11.5536 73 48.4215
11.5729 75 49.6292
11.4252 69 45.9701
11.4252 69 45.9701
11.5536 73 48.4215
11.4091 85 55.5637
11.2742 77 50.7097
11.2197 79 51.8879
11.4252 69 45.9701
