12.5845 63 57.9584
12.5845 63 57.9584
11.4252 69 63.2425
11.4252 69 63.2425
11.9679 70 64.1968
11.4252 69 63.2425
11.2742 77 70.4274
11.2197 79 72.222
11.5536 73 66.8554
11.5729 75 68.6573
11.5729 75 68.6573
11.5729 75 68.6573
11.5633 80 73.1563
11.4091 79 72.2409
11.3288 77 70.4329
11.7752 89 81.2775
11.9679 70 64.1968
11.4252 69 63.2425
11.4091 79 72.2409
11.4252 69 63.2425
11.5536 73 66.8554
12.5588 65 59.7559
11.3288 77 70.4329
11.4091 79 72.2409
11.5633 80 73.1563
12.5845 63 57.9584
11.2742 77 70.4274
11.4252 69 63.2425
11.2742 77 70.4274
11.5729 75 68.6573
11.5729 75 68.6573
11.5729 75 68.6573
11.2742 92 83.9274
11.5729 75 68.6573
11.4252 69 63.2425
12.5845 63 57.9584
11.5729 75 68.6573
11.5633 80 73.1563
12.5845 63 57.9584
11.4252 69 63.2425
11.2742 77 70.4274
11.4252 69 63.2425
11.4091 85 77.6409
12.5845 63 57.9584
11.3545 94 85.7355
11.4252 69 63.2425
11.4252 69 63.2425
11.4252 69 63.2425
11.2742 77 70.4274
11.3288 77 70.4329
11.2742 77 70.4274
11.5729 75 68.6573
11.2871 106 96.5287
12.5845 63 57.9584
11.4252 69 63.2425
11.5729 75 68.6573
11.4252 69 63.2425
11.5729 75 68.6573
11.3192 82 74.9319
11.5536 73 66.8554
11.4252 69 63.2425
11.5729 75 68.6573
11.4252 69 63.2425
11.4252 69 63.2425
11.9679 70 64.1968
11.5536 73 66.8554
11.3449 75 68.6345
11.4091 79 72.2409
11.2742 77 70.4274
11.5536 73 66.8554
12.5845 63 57.9584
11.7848 84 76.7785
11.2742 77 70.4274
11.1651 81 74.0165
11.1073 85 77.6107
11.4252 69 63.2425
12.5845 63 57.9584
12.5845 63 57.9584
11.3931 78 71.3393
11.2742 77 70.4274
11.5633 80 73.1563
11.3288 77 70.4329
12.5845 63 57.9584
11.3288 77 70.4329
11.3995 90 82.1399
11.4155 71 65.0415
11.8073 75 68.6807
12.5588 65 59.7559
11.4091 79 72.2409
11.2197 79 72.222
11.4091 79 72.2409
12.5845 63 57.9584
12.5845 63 57.9584
11.1073 85 77.6107
11.4252 69 63.2425
11.4252 69 63.2425
11.9679 70 64.1968
11.2197 79 72.222
11.4252 69 63.2425
11.5729 75 68.6573
11.5729 75 68.6573
11.4252 69 63.2425
11.3449 75 68.6345
12.5845 63 57.9584
12.5845 63 57.9584
11.2742 77 70.4274
11.2197 79 72.222
12.5588 65 59.7559
11.2197 79 72.222
11.3995 90 82.1399
11.2197 79 72.222
11.4252 69 63.2425
11.4091 79 72.2409
11.5536 73 66.8554
11.4252 69 63.2425
11.3288 77 70.4329
11.3288 77 70.4329
11.5729 75 68.6573
11.3288 77 70.4329
11.5536 73 66.8554
12.5845 63 57.9584
11.2197 79 72.222
11.4091 79 72.2409
11.4252 69 63.2425
11.4252 69 63.2425
11.3288 77 70.4329
11.2197 79 72.222
11.2197 79 72.222
11.4252 69 63.2425
11.5729 75 68.6573
11.4252 69 63.2425
11.3288 77 70.4329
11.8234 82 74.9823
11.3288 77 70.4329
11.7688 97 88.4769
11.5633 80 73.1563
12.5588 65 59.7559
11.2742 77 70.4274
11.3995 90 82.1399
11.5536 73 66.8554
11.2742 77 70.4274
11.2742 77 70.4274
11.1651 87 79.4165
11.5536 73 66.8554
11.5633 80 73.1563
11.1554 92 83.9155
12.5845 63 57.9584
11.5729 75 68.6573
11.4091 79 72.2409
11.7688 97 88.4769
