12.5845 63 52.9169
12.5588 65 54.5118
11.4252 69 57.485
11.4252 69 57.485
11.9679 70 58.3936
11.3256 76 63.0651
11.2742 77 63.8549
11.2197 79 65.4439
11.3449 75 62.269
11.5729 75 62.3146
11.1073 85 70.2215
11.3288 77 63.8658
11.1073 85 70.2215
11.8234 82 67.9647
11.5183 90 74.3037
11.4894 100 82.2979
12.5845 63 52.9169
11.4252 69 57.485
11.2742 77 63.8549
11.3288 77 63.8658
12.5845 63 52.9169
11.2742 77 63.8549
11.5536 73 60.7107
11.5536 73 60.7107
11.5536 73 60.7107
11.4252 69 57.485
11.2197 79 65.4439
11.2197 79 65.4439
12.5588 65 54.5118
11.3995 84 69.4799
11.5729 75 62.3146
11.3192 82 67.8638
11.4252 69 57.485
11.4252 69 57.485
11.5536 73 60.7107
11.4252 69 57.485
11.2197 79 65.4439
11.1554 86 71.0311
11.4252 69 57.485
11.5536 73 60.7107
11.4252 69 57.485
11.4252 69 57.485
11.9679 70 58.3936
11.8234 82 67.9647
11.4252 69 57.485
11.2197 79 65.4439
11.4155 71 59.0831
11.4252 69 57.485
11.5729 75 62.3146
11.4091 79 65.4818
12.5845 63 52.9169
11.3288 77 63.8658
11.3545 100 82.2709
11.5536 73 60.7107
11.2871 104 85.4574
11.2197 79 65.4439
11.5729 75 62.3146
11.2742 77 63.8549
11.7688 97 79.9538
11.3288 77 63.8658
11.9679 70 58.3936
11.5729 75 62.3146
11.5729 75 62.3146
11.5729 75 62.3146
11.3288 77 63.8658
11.3995 90 74.2799
11.5633 80 66.3127
11.4252 69 57.485
11.5183 90 74.3037
11.4252 69 57.485
11.4091 79 65.4818
12.5845 63 52.9169
11.5536 73 60.7107
11.4252 69 57.485
11.2742 92 75.8549
11.5729 75 62.3146
11.5729 75 62.3146
11.4252 69 57.485
11.1073 85 70.2215
11.4155 71 59.0831
11.5729 75 62.3146
11.4091 79 65.4818
11.1073 85 70.2215
11.4091 79 65.4818
11.2197 79 65.4439
11.3288 77 63.8658
11.4252 69 57.485
12.5845 63 52.9169
11.4252 69 57.485
12.5588 65 54.5118
11.7848 84 69.557
11.5536 73 60.7107
11.5729 75 62.3146
11.3449 75 62.269
11.4252 69 57.485
11.8073 75 62.3615
11.2197 79 65.4439
11.4091 79 65.4818
11.4091 79 65.4818
11.4252 69 57.485
12.5845 63 52.9169
11.3288 77 63.8658
11.2742 77 63.8549
11.4252 69 57.485
11.3192 82 67.8638
11.4252 69 57.485
11.4091 79 65.4818
11.2197 79 65.4439
11.2197 79 65.4439
11.7848 84 69.557
11.5729 75 62.3146
11.4252 69 57.485
11.3288 77 63.8658
11.3288 77 63.8658
11.1073 85 70.2215
11.4252 69 57.485
11.2742 77 63.8549
12.5845 63 52.9169
11.9679 70 58.3936
11.5729 75 62.3146
11.4252 69 57.485
12.5845 63 52.9169
11.4252 69 57.485
11.5633 80 66.3127
11.5729 75 62.3146
11.5536 73 60.7107
11.4252 69 57.485
12.5845 63 52.9169
11.4252 69 57.485
11.4252 69 57.485
11.4252 69 57.485
11.4252 69 57.485
11.3545 94 77.4709
11.3288 77 63.8658
11.5536 73 60.7107
11.3288 77 63.8658
12.5845 63 52.9169
11.2742 77 63.8549
11.5536 73 60.7107
11.5729 75 62.3146
11.4252 69 57.485
11.5633 80 66.3127
11.3288 77 63.8658
11.3545 94 77.4709
11.2197 79 65.4439
11.3288 77 63.8658
12.5845 63 52.9169
11.3288 77 63.8658
11.5729 75 62.3146
11.4252 69 57.485
