12.5845 63 32.7507
11.939 64 32.7634
11.4252 69 34.4551
11.4252 69 34.4551
11.9679 70 35.1807
11.4252 69 34.4551
11.5536 73 36.1322
11.5536 73 36.1322
11.9743 86 41.5846
10.982 106 48.9892
11.1329 106 49.0798
10.982 106 48.9892
11.4252 69 34.4551
11.5536 73 36.1322
11.7335 89 42.6401
11.939 64 32.7634
11.9229 80 39.1538
11.5697 91 43.3418
11.1651 94 44.299
11.9454 67 33.9672
12.5845 63 32.7507
11.4252 69 34.4551
10.982 106 48.9892
11.4252 69 34.4551
11.3449 75 36.8069
11.4252 69 34.4551
11.5536 73 36.1322
11.4252 69 34.4551
11.9679 70 35.1807
11.4252 69 34.4551
11.4252 69 34.4551
11.5536 73 36.1322
11.4252 69 34.4551
11.4252 69 34.4551
11.3256 76 37.1954
11.1651 94 44.299
11.4252 69 34.4551
11.1329 106 49.0798
11.9679 70 35.1807
12.5845 63 32.7507
12.5845 63 32.7507
11.3449 75 36.8069
10.982 106 48.9892
12.5845 63 32.7507
11.4252 69 34.4551
11.4252 69 34.4551
11.9454 67 33.9672
11.1329 106 49.0798
11.4252 69 34.4551
11.1329 106 49.0798
10.982 106 48.9892
11.939 64 32.7634
11.4252 69 34.4551
11.5536 73 36.1322
11.9679 70 35.1807
11.5536 73 36.1322
10.982 106 48.9892
10.982 106 48.9892
11.5087 83 40.1052
12.5845 63 32.7507
11.4252 69 34.4551
10.982 106 48.9892
11.3931 78 38.0358
11.5536 73 36.1322
11.4252 69 34.4551
10.982 106 48.9892
11.939 64 32.7634
11.4252 69 34.4551
11.7335 89 42.6401
11.4252 69 34.4551
11.4252 69 34.4551
10.982 106 48.9892
11.939 64 32.7634
12.5845 63 32.7507
10.982 106 48.9892
11.4252 69 34.4551
11.4252 69 34.4551
10.982 106 48.9892
10.982 106 48.9892
11.1651 94 44.299
11.7335 89 42.6401
11.5536 73 36.1322
11.1651 94 44.299
11.1651 94 44.299
10.982 106 48.9892
11.9454 67 33.9672
11.9679 70 35.1807
11.3449 75 36.8069
10.982 106 48.9892
11.9454 67 33.9672
11.8073 75 37.0844
11.9454 67 33.9672
10.982 106 48.9892
11.1329 106 49.0798
11.4252 69 34.4551
10.982 106 48.9892
10.982 106 48.9892
11.9679 70 35.1807
12.5845 63 32.7507
11.3449 75 36.8069
10.982 106 48.9892
11.939 64 32.7634
12.5845 63 32.7507
11.1651 94 44.299
11.9454 67 33.9672
12.3436 84 41.0062
11.1329 106 49.0798
11.5536 73 36.1322
11.5536 73 36.1322
11.3449 75 36.8069
11.4252 69 34.4551
11.9454 67 33.9672
11.4155 71 35.2493
11.1329 106 49.0798
10.982 106 48.9892
12.5845 63 32.7507
10.982 106 48.9892
11.4252 69 34.4551
11.9229 80 39.1538
11.5536 73 36.1322
11.939 64 32.7634
12.5845 63 32.7507
11.3256 76 37.1954
11.939 64 32.7634
12.5845 63 32.7507
10.982 106 48.9892
10.982 106 48.9892
11.5536 73 36.1322
11.4252 69 34.4551
10.982 106 48.9892
10.982 106 48.9892
11.1329 106 49.0798
10.982 106 48.9892
11.1329 106 49.0798
11.1651 94 44.299
12.5845 63 32.7507
11.4252 69 34.4551
11.4252 69 34.4551
11.4252 69 34.4551
12.5845 63 32.7507
12.5845 63 32.7507
11.4252 69 34.4551
11.1329 106 49.0798
11.4252 69 34.4551
11.5536 73 36.1322
11.7335 89 42.6401
11.9454 67 33.9672
12.5845 63 32.7507
10.982 106 48.9892
11.9743 86 41.5846
