12.5845 63 32.7507
11.939 64 32.7634
11.377 68 34.0262
11.377 68 34.0262
11.5536 73 36.1322
11.4766 76 37.2859
11.0013 88 41.8008
11.271 91 43.1626
11.4477 94 44.4686
11.5215 83 40.1129
11.3706 91 43.2224
11.3545 105 48.8127
11.2742 121 55.1646
11.9454 67 33.9672
12.5845 63 32.7507
12.5845 63 32.7507
12.5845 63 32.7507
11.2582 85 40.7549
11.0013 88 41.8008
11.0013 88 41.8008
11.0013 88 41.8008
11.0013 88 41.8008
11.5215 83 40.1129
11.0013 88 41.8008
11.5215 83 40.1129
11.0013 88 41.8008
11.377 68 34.0262
11.2742 86 41.1646
11.0013 98 45.8008
12.5845 63 32.7507
11.939 64 32.7634
11.6917 81 39.415
11.271 91 43.1626
11.3449 75 36.8069
11.6917 81 39.415
11.9454 67 33.9672
11.6757 103 48.2054
11.377 68 34.0262
11.1683 117 53.501
11.9454 67 33.9672
11.3064 78 37.9838
11.0976 113 51.8586
11.939 64 32.7634
11.5954 85 40.9572
11.377 68 34.0262
11.377 68 34.0262
11.6468 116 53.3881
11.3931 78 38.0358
11.332 124 56.3992
11.0591 94 44.2355
11.3706 91 43.2224
11.5857 87 41.7514
11.5536 73 36.1322
11.0013 88 41.8008
11.377 68 34.0262
11.9454 67 33.9672
11.377 68 34.0262
11.2197 101 47.1318
11.2582 85 40.7549
11.7046 109 50.6227
11.271 91 43.1626
11.6596 89 42.5958
11.4766 76 37.2859
11.6917 81 39.415
11.939 64 32.7634
11.939 64 32.7634
12.0417 87 42.025
11.9454 67 33.9672
11.5215 83 40.1129
11.5215 83 40.1129
11.377 68 34.0262
11.9454 67 33.9672
11.4701 91 43.2821
11.4766 76 37.2859
11.3545 105 48.8127
12.0739 120 55.2443
11.3064 78 37.9838
12.5845 63 32.7507
11.377 68 34.0262
11.4605 94 44.4763
11.6468 116 53.3881
12.5845 63 32.7507
11.6917 81 39.415
11.377 68 34.0262
11.4701 91 43.2821
12.5845 63 32.7507
11.4766 76 37.2859
11.3128 88 41.9877
11.3288 116 53.1973
11.939 64 32.7634
11.7078 91 43.4247
11.0013 88 41.8008
12.5845 63 32.7507
11.3064 78 37.9838
11.377 68 34.0262
11.377 68 34.0262
11.0013 88 41.8008
11.9454 67 33.9672
11.5536 73 36.1322
11.377 68 34.0262
11.4541 89 42.4725
11.0559 86 41.0335
11.3449 75 36.8069
11.3064 78 37.9838
11.377 68 34.0262
11.5536 73 36.1322
11.0013 88 41.8008
11.939 64 32.7634
11.0013 88 41.8008
11.3256 93 43.9954
11.3545 99 46.4127
11.3449 75 36.8069
12.5845 63 32.7507
11.5954 85 40.9572
11.5215 83 40.1129
11.5215 83 40.1129
11.4091 98 46.0455
11.939 64 32.7634
11.422 87 41.6532
11.361 89 42.4166
11.3449 75 36.8069
11.0013 88 41.8008
11.0013 88 41.8008
11.5536 73 36.1322
11.2646 103 47.9588
11.5215 83 40.1129
11.2742 86 41.1646
11.0013 88 41.8008
12.0996 130 59.2597
11.9454 67 33.9672
11.0013 88 41.8008
11.5954 85 40.9572
11.3899 122 55.6339
11.377 68 34.0262
11.0013 88 41.8008
11.377 68 34.0262
11.4477 94 44.4686
11.377 68 34.0262
11.3449 75 36.8069
11.377 68 34.0262
12.5845 63 32.7507
11.8073 75 37.0844
11.0013 88 41.8008
11.377 68 34.0262
11.6468 116 53.3881
11.377 68 34.0262
12.1188 118 54.4713
11.3545 99 46.4127
11.5536 73 36.1322
11.5215 83 40.1129
