697.651
698.114
704.874
704.874
713.033
713.033
734.368
734.368
734.368
734.368
734.368
734.368
734.368
734.525
734.525
746.443
746.443
749.15
749.15
749.15
749.15
749.15
754.635
754.635
754.635
754.635
754.635
755.508
755.598
764.737
764.737
768.206
768.206
768.206
768.206
768.206
768.206
768.206
768.206
768.206
768.206
768.206
768.206
768.206
768.206
768.206
768.206
768.206
768.206
768.206
768.292
768.292
768.292
768.292
768.292
768.292
768.292
768.292
768.292
768.292
768.292
768.292
768.292
768.292
769.628
769.628
775.466
775.466
775.466
775.466
775.466
775.466
775.466
775.466
775.466
775.466
775.466
775.466
775.466
775.466
775.765
775.765
775.765
775.765
775.765
775.765
775.765
775.765
775.765
775.765
775.765
775.765
775.765
775.765
775.765
775.765
775.765
775.765
775.765
775.765
775.765
775.765
775.765
775.778
775.945
775.964
775.964
775.964
775.964
775.964
775.983
775.983
775.983
775.983
775.983
775.983
775.983
775.983
775.983
776.516
776.587
776.587
777.785
778.697
778.697
778.697
778.697
778.697
778.697
778.697
778.697
778.697
778.697
778.697
778.697
778.697
778.697
778.697
778.697
778.697
778.697
779.082
779.082
779.082
779.082
779.082
779.082
779.082
779.082
779.082
779.082
779.082
779.082
779.082
779.082
779.082
779.082
779.082
779.082
779.082
779.082
779.082
779.082
779.082
779.082
779.082
779.082
779.082
779.082
779.082
779.082
779.082
779.082
779.082
779.082
779.082
779.082
779.082
779.082
779.082
779.082
779.082
779.082
779.082
779.082
779.082
779.082
779.082
779.082
779.082
779.082
779.082
779.082
779.082
779.082
779.082
779.082
779.082
779.082
779.082
779.082
779.082
779.082
779.082
779.082
779.082
779.082
779.082
779.082
779.082
779.082
779.082
779.082
779.082
779.082
779.082
779.082
779.082
779.082
779.082
779.082
779.082
779.082
779.082
779.082
779.082
779.082
779.082
779.082
779.082
779.082
779.082
779.082
779.082
779.082
780.755
782.207
782.207
782.207
782.207
782.207
782.207
782.207
782.207
782.207
782.207
782.207
782.207
782.207
782.207
782.207
782.207
782.207
782.207
782.207
782.207
782.207
782.207
782.207
782.207
782.207
782.207
782.207
782.207
782.207
782.207
782.207
782.207
782.207
782.207
782.207
782.207
782.207
782.207
782.207
782.207
782.207
782.207
782.207
782.207
782.207
782.207
782.207
782.207
782.207
782.207
782.207
782.207
782.207
782.207
782.207
782.207
782.207
782.207
782.207
782.207
782.207
782.207
782.207
782.207
782.207
782.207
782.207
782.207
782.207
782.207
782.207
782.207
782.207
782.207
782.207
797.666
797.666
797.666
797.666
797.666
797.666
797.666
797.666
797.666
797.666
797.666
797.666
797.666
797.666
797.666
797.666
797.666
797.666
797.666
797.666
797.666
797.666
797.666
797.666
797.666
797.666
797.666
797.666
797.666
797.666
797.666
797.666
797.666
797.666
797.666
797.666
797.666
797.666
797.666
797.666
797.666
797.666
797.666
797.666
797.666
797.666
797.666
797.666
797.666
797.666
797.666
797.666
797.666
797.666
797.666
797.666
797.666
797.666
797.666
797.666
797.666
797.666
797.666
797.666
797.666
797.666
797.666
797.666
797.666
797.666
797.666
797.666
797.666
797.666
797.666
797.666
797.666
797.666
797.666
797.666
797.666
797.666
797.666
797.666
797.666
797.666
797.666
797.666
797.666
797.666
797.666
797.666
797.666
797.666
797.666
797.666
797.666
797.666
797.666
797.666
797.666
797.666
797.666
797.666
797.666
797.666
797.666
797.666
797.666
797.666
797.666
797.666
797.666
797.666
797.666
797.666
797.666
797.666
797.666
797.666
797.666
797.666
797.666
797.666
797.666
797.666
797.666
797.666
797.666
797.666
797.666
797.666
797.666
797.666
797.666
797.666
797.666
797.666
797.666
797.666
797.666
797.666
797.666
797.666
797.666
797.666
797.666
797.666
797.666
797.666
797.666
797.666
797.666
797.666
797.666
797.666
797.666
797.666
797.666
797.666
797.666
797.666
797.666
797.666
797.666
797.666
797.666
797.666
797.666
797.666
797.666
797.666
797.666
797.666
797.666
797.666
797.666
797.666
797.666
797.666
797.666
797.666
797.666
797.666
797.666
797.666
797.666
797.666
797.666
797.666
797.666
797.666
797.666
797.666
797.666
797.666
797.666
797.666
797.666
797.666
797.666
797.666
797.666
797.666
797.666
797.666
797.666
797.666
797.666
797.666
797.666
797.666
797.666
797.666
797.666
797.666
797.666
797.666
797.666
797.666
797.666
797.666
797.666
797.666
797.666
797.666
797.666
797.666
797.666
797.666
797.666
797.666
797.666
797.666
797.666
797.666
797.666
797.666
797.666
797.666
797.666
797.666
797.666
797.666
797.666
797.666
797.666
797.666
797.666
797.666
797.666
797.666
797.666
797.666
797.666
797.666
797.666
797.666
797.666
797.666
797.666
797.666
797.666
797.666
797.666
797.666
797.666
797.666
797.666
797.666
797.666
797.666
797.666
797.666
797.666
797.666
797.666
797.666
797.666
797.666
797.666
797.666
797.666
797.666
797.666
797.666
797.666
797.666
797.666
797.666
797.666
797.666
797.666
797.666
797.666
797.666
797.666
797.666
797.666
797.666
797.666
797.666
797.666
797.666
797.666
797.666
797.666
797.666
797.666
797.666
797.666
797.666
798.09
803.035
803.035
803.035
803.035
803.035
803.035
803.035
803.035
803.035
803.035
803.035
803.035
803.035
803.035
803.035
803.035
803.035
803.035
803.035
803.035
803.035
803.035
803.035
803.035
803.035
803.035
803.035
803.035
803.035
803.035
803.035
803.035
803.035
803.035
803.035
803.035
803.035
803.035
803.035
803.035
803.035
803.035
803.035
803.035
803.035
803.035
803.035
803.035
803.035
803.035
803.035
803.035
803.035
803.035
803.035
803.035
803.035
803.035
803.035
803.035
803.035
803.035
803.035
803.035
803.035
803.035
803.035
803.035
803.035
803.035
803.035
803.035
803.035
803.035
803.035
803.035
803.035
803.035
803.035
803.035
803.035
803.035
803.035
803.035
803.035
803.035
803.035
803.035
803.035
803.035
803.035
803.035
803.035
803.035
803.035
803.035
803.035
803.035
803.035
803.035
803.035
803.035
803.035
803.035
803.035
803.035
803.035
803.035
803.035
803.035
803.035
803.035
803.035
803.035
803.035
803.035
803.035
803.035
803.035
803.035
803.035
803.035
803.035
803.035
803.035
803.035
803.035
803.035
803.035
803.035
803.035
803.035
803.035
803.035
803.035
803.035
803.035
803.035
803.035
803.035
803.035
803.035
803.035
803.035
803.035
803.035
803.035
803.035
803.035
803.035
803.035
803.035
803.035
803.035
803.035
803.035
803.035
803.035
803.035
803.035
803.035
803.035
803.035
803.035
803.035
803.035
803.035
803.035
803.035
803.035
803.035
803.035
803.035
803.035
803.035
803.035
803.035
803.035
803.035
803.035
803.035
803.035
803.035
803.035
803.035
803.035
803.035
803.035
803.035
803.035
803.035
803.035
803.035
803.035
803.035
803.035
803.035
803.035
803.035
803.035
803.035
803.035
803.035
803.035
803.035
803.035
803.035
803.035
803.035
803.035
803.035
803.035
803.035
803.035
803.035
803.035
803.035
803.035
803.035
803.035
803.035
803.035
803.035
803.035
803.035
803.035
803.035
803.035
803.035
803.035
803.035
803.035
803.09
803.09
803.09
803.09
803.09
803.09
803.09
803.09
803.09
803.09
803.09
803.09
803.09
803.09
803.09
803.09
803.09
803.09
803.09
803.09
803.09
803.09
803.09
803.09
803.09
803.09
803.09
803.09
803.09
803.09
803.09
803.09
803.283
803.283
803.283
803.283
803.283
803.283
803.283
803.283
803.283
803.283
803.283
803.283
803.283
803.283
803.283
803.283
803.283
803.283
803.283
803.283
803.283
803.283
803.283
803.283
803.283
803.283
803.283
803.283
803.283
803.283
803.283
803.283
803.283
803.283
803.283
803.283
803.283
803.283
803.283
803.283
803.283
803.283
803.283
803.283
803.283
803.283
803.283
803.283
803.283
803.283
803.283
803.283
803.283
803.283
803.283
803.283
803.283
803.283
803.283
803.283
803.283
803.283
803.283
803.283
803.283
803.283
803.283
803.283
803.283
803.283
803.283
803.283
803.283
803.283
803.283
803.283
803.283
803.283
803.283
803.283
803.283
803.283
803.283
803.283
803.283
803.283
803.283
803.283
803.283
803.283
803.283
803.283
803.283
803.283
803.283
803.283
803.283
803.283
803.283
803.283
803.283
803.283
803.283
803.283
803.283
803.283
803.283
803.283
803.283
803.283
803.283
803.283
803.283
803.283
803.283
803.283
803.283
803.283
803.283
803.283
803.283
803.283
803.283
803.283
803.283
803.283
803.283
803.283
803.283
803.283
803.283
803.283
803.283
803.283
803.283
803.283
803.283
803.283
803.283
803.283
803.283
803.283
803.283
803.283
803.283
803.283
803.283
803.283
803.283
803.283
803.283
803.283
803.283
803.283
803.283
803.283
803.283
803.283
803.283
803.283
803.283
803.283
803.283
803.283
803.283
803.283
803.283
803.283
803.283
803.283
803.283
803.283
803.283
803.283
803.283
803.283
803.283
803.283
803.283
803.283
803.283
803.283
803.283
803.283
803.283
803.283
803.283
803.283
803.283
803.283
803.283
803.283
803.283
803.283
803.283
803.283
803.283
803.283
803.283
803.283
803.283
803.283
803.283
803.283
803.283
803.283
803.283
803.283
803.283
803.283
803.283
803.283
803.283
803.283
803.283
803.283
803.283
803.283
803.283
803.283
803.283
803.283
803.283
803.283
803.283
803.283
803.283
803.283
803.283
803.283
803.283
803.283
803.283
803.283
803.283
803.283
803.283
803.283
803.283
803.283
803.283
803.283
803.283
803.283
803.283
803.283
803.283
803.283
803.283
803.283
803.283
803.283
803.283
803.283
803.283
803.283
803.283
803.283
803.283
803.283
803.283
803.283
803.283
803.283
803.283
803.283
803.283
803.283
803.283
803.283
803.283
803.283
803.283
803.283
803.283
803.283
803.283
803.283
803.283
803.283
803.283
803.283
803.283
803.283
803.283
803.283
803.283
803.283
803.283
803.283
803.283
803.283
803.283
803.283
803.283
803.321
803.321
805.242
805.242
805.242
805.242
805.242
805.242
805.242
805.242
805.242
805.242
805.242
805.242
805.242
805.242
805.242
805.242
805.242
805.242
805.242
805.408
805.408
805.408
805.408
805.408
805.408
805.408
805.408
805.408
805.408
805.408
805.408
805.408
805.408
805.408
805.408
805.408
805.408
805.665
805.665
805.665
805.665
805.665
805.665
805.665
805.665
805.665
805.665
805.665
805.665
805.665
805.665
805.665
805.665
805.665
805.665
805.665
805.665
805.665
805.665
805.665
805.665
805.665
805.665
805.665
805.665
805.665
805.665
805.665
805.665
805.665
805.665
805.665
805.665
805.665
805.665
805.665
805.665
805.665
805.665
805.665
805.665
805.665
805.665
805.665
805.665
805.665
805.665
805.665
805.665
805.665
805.665
805.665
805.665
805.665
805.665
805.665
805.665
805.665
805.665
805.665
805.665
805.665
805.665
805.665
805.665
805.665
805.665
805.665
805.665
805.665
805.665
805.665
805.665
805.665
805.665
805.665
805.665
805.665
805.665
805.665
805.665
805.665
805.665
805.665
805.665
805.665
805.665
805.665
805.665
805.665
805.665
805.665
805.665
805.665
805.665
805.665
805.665
805.665
805.665
805.665
805.665
805.665
805.665
805.665
805.665
805.665
805.665
805.665
805.665
805.665
805.665
805.665
805.665
805.665
805.665
805.665
805.665
805.665
805.665
805.665
805.665
805.665
805.665
805.665
805.665
805.665
805.665
805.665
805.665
805.665
805.665
805.665
805.665
805.665
805.665
805.665
805.665
805.665
805.665
805.665
805.665
805.665
805.665
805.665
805.665
805.665
805.665
805.665
805.665
805.665
805.665
805.665
805.665
805.665
805.665
805.665
805.665
805.665
805.665
805.665
805.665
805.665
805.665
805.665
805.665
805.665
805.665
805.665
805.665
805.665
805.665
805.665
805.665
805.665
805.665
805.665
805.665
805.665
805.665
805.665
805.665
805.665
805.665
805.665
805.665
805.665
805.665
805.665
805.665
805.665
805.665
805.665
805.665
805.665
805.665
805.665
805.665
805.665
805.665
805.665
805.665
805.665
805.665
805.665
805.665
805.665
805.665
805.665
805.665
805.665
805.665
805.665
805.665
805.665
805.665
805.665
805.665
805.665
805.665
805.665
805.665
805.665
805.665
805.665
805.665
805.665
805.665
805.665
805.665
805.665
805.665
805.665
805.665
805.665
805.665
805.665
805.665
805.665
805.665
805.665
805.665
805.665
805.665
805.665
805.665
805.665
805.665
805.665
805.665
805.665
805.665
805.665
805.665
805.665
805.665
805.665
805.665
805.665
805.665
805.665
805.665
805.665
805.665
805.665
805.665
805.665
805.665
805.665
805.665
805.665
805.665
805.665
805.665
805.665
805.665
805.665
805.665
805.665
805.665
805.665
805.665
805.665
805.665
805.665
805.665
805.665
805.665
805.665
805.665
805.665
805.665
805.665
805.665
805.665
805.665
805.665
805.665
805.665
805.665
805.665
805.665
805.665
805.665
805.665
805.665
805.665
805.665
805.665
805.665
805.665
805.665
805.665
805.665
805.665
805.665
805.665
805.665
805.665
805.665
805.665
805.665
805.665
805.665
805.665
805.665
805.665
805.665
805.665
805.665
805.665
805.665
805.665
805.665
805.665
805.665
805.665
805.665
805.665
805.665
805.665
805.665
805.665
805.665
805.665
805.665
805.665
805.665
805.665
805.665
805.665
805.665
805.665
805.665
805.665
805.665
805.665
805.665
805.665
805.665
805.665
805.665
805.665
805.665
805.665
805.665
805.665
805.665
805.665
805.665
805.665
805.665
805.665
805.665
805.665
805.665
805.665
805.665
805.665
805.665
805.665
805.665
805.665
805.665
805.665
805.665
805.665
805.665
805.665
805.665
805.665
805.665
805.665
805.665
805.665
805.665
805.665
805.665
805.665
805.665
805.665
805.665
805.665
805.665
805.665
805.665
805.665
805.665
805.665
805.665
805.665
805.665
805.665
805.665
805.665
805.665
805.665
805.665
805.665
805.665
805.665
805.665
805.665
805.665
805.665
805.665
805.665
805.665
805.665
805.665
805.665
805.665
805.665
805.665
805.665
805.665
805.665
805.665
805.665
805.665
805.665
805.665
805.665
805.665
805.665
805.665
805.665
805.665
805.665
805.665
805.665
805.665
805.665
805.665
805.665
805.665
805.665
805.665
806.645
806.645
806.645
806.645
806.645
806.645
806.645
806.645
806.645
806.645
806.645
806.645
806.645
806.645
806.645
806.645
806.645
806.645
806.645
806.645
806.645
806.645
806.645
806.645
806.645
806.645
806.645
806.645
806.645
806.645
806.645
806.645
806.645
806.645
806.645
806.645
806.645
806.645
806.645
806.645
806.645
806.645
806.645
806.645
806.645
806.645
807.525
807.525
807.525
810.094
810.094
810.094
810.094
810.196
810.196
810.196
810.669
810.669
811.443
812.416
812.724
812.724
812.724
812.724
812.724
812.762
812.762
812.762
812.762
812.762
812.762
812.762
813.408
813.408
813.408
813.408
813.408
813.408
813.408
813.408
813.408
813.408
813.408
813.408
813.408
813.408
813.408
813.408
813.408
813.408
813.408
813.408
813.408
813.408
813.408
813.408
813.408
813.408
813.408
813.408
813.408
813.408
813.408
813.408
813.408
813.408
813.408
813.408
813.408
813.408
813.408
813.408
813.408
813.408
813.408
813.408
813.408
813.408
813.408
813.408
813.408
813.408
813.408
813.408
813.408
813.408
813.408
813.408
813.408
813.408
813.408
813.408
813.408
813.408
813.408
813.408
813.408
813.408
813.408
813.408
813.408
813.408
813.726
813.726
813.726
813.726
813.726
813.726
813.726
813.726
813.726
813.726
813.726
813.726
813.726
813.726
813.726
813.726
813.726
813.726
813.726
813.726
813.726
813.726
813.726
813.726
814.034
814.034
814.034
814.034
814.034
814.034
814.034
814.034
814.034
814.034
814.034
814.034
814.034
814.034
814.034
814.034
814.034
814.034
814.034
814.034
814.034
814.034
814.034
814.034
814.034
814.034
814.034
814.034
814.034
814.034
814.034
814.034
814.034
814.034
814.034
814.034
814.034
814.034
814.034
814.034
814.034
814.034
814.034
814.034
814.034
814.034
814.034
814.034
814.034
814.034
814.034
814.034
814.034
814.034
814.034
814.034
814.034
814.034
814.034
814.034
814.034
814.034
814.034
814.034
814.034
814.034
814.034
814.034
814.034
814.034
814.034
814.034
814.034
814.034
814.034
814.034
814.034
814.034
814.034
814.034
814.034
814.034
814.034
814.034
814.034
814.034
814.034
814.034
814.034
814.034
814.034
814.034
814.034
814.034
814.034
814.034
814.034
814.034
814.034
814.034
814.034
814.034
814.034
814.034
814.034
814.034
814.034
814.034
814.034
814.034
814.034
814.034
814.034
814.034
814.034
814.034
814.034
814.034
814.034
814.034
814.034
814.034
814.034
814.034
814.034
814.034
814.034
814.034
814.034
814.034
814.034
814.034
814.034
814.034
814.034
814.034
814.034
814.034
814.034
814.034
814.034
814.034
814.034
814.034
814.034
814.034
814.034
814.034
814.034
814.034
814.034
814.034
