701.505
701.505
701.505
702.507
702.507
727.664
727.664
727.664
727.671
731.055
732.388
733.197
733.197
733.332
733.351
733.351
733.351
740.184
740.762
740.762
740.813
740.916
740.974
740.974
742.005
742.005
742.743
744.557
744.943
745.707
745.707
745.771
745.771
745.771
745.82
746.099
746.099
746.189
746.189
746.189
746.189
746.189
746.266
746.632
746.632
747.088
747.088
747.088
747.088
747.088
747.088
747.088
747.088
747.088
747.088
747.088
747.088
747.088
747.088
747.088
747.088
750.007
750.007
750.007
750.007
750.007
750.007
750.007
750.007
750.007
750.007
750.007
750.007
750.007
750.007
750.007
750.007
750.007
750.007
750.007
750.007
750.007
750.007
750.007
750.007
750.007
750.007
750.007
750.007
750.187
750.187
751.163
757.08
757.08
757.08
757.08
757.08
757.08
757.08
757.08
757.08
757.08
757.08
757.08
757.08
757.08
757.08
757.08
757.08
757.08
757.08
757.08
757.08
757.08
757.08
757.08
757.08
757.08
759.035
761.225
761.335
762.086
762.086
762.086
762.086
762.086
762.086
762.086
762.086
762.086
762.086
762.086
762.086
762.086
762.086
762.086
762.086
762.086
762.086
762.086
762.086
762.086
762.086
762.086
762.086
762.086
762.086
762.086
762.086
762.086
762.086
762.086
762.086
762.086
762.086
762.086
762.086
762.086
762.086
762.086
762.086
763.769
763.769
763.769
763.769
763.769
763.769
763.769
763.769
763.769
763.769
763.769
765.317
765.317
765.317
765.317
765.317
765.317
765.317
765.317
765.317
765.317
765.317
765.317
765.317
765.317
765.317
765.317
765.317
765.317
765.317
765.317
765.317
765.317
765.317
765.317
765.317
765.317
765.317
765.317
765.317
765.317
765.317
765.317
765.317
765.317
765.994
765.994
765.994
765.994
765.994
765.994
765.994
765.994
765.994
765.994
765.994
765.994
780.718
780.718
780.718
780.718
780.718
780.718
780.718
780.718
780.718
780.718
780.718
780.718
780.718
780.718
780.718
783.955
787.783
787.783
787.783
787.783
787.783
787.783
787.783
787.783
787.783
787.783
787.783
787.783
787.783
787.783
787.783
787.783
787.783
787.783
787.783
787.783
787.783
787.783
787.783
787.783
787.783
787.783
787.783
787.783
787.783
787.783
787.783
787.783
787.783
787.783
787.783
787.783
787.783
787.783
787.783
787.783
787.783
787.783
787.783
787.783
787.783
787.783
787.783
787.783
787.783
787.783
787.783
787.783
787.783
787.783
787.783
787.783
787.783
787.783
787.783
787.783
787.783
787.783
787.783
787.783
787.783
787.783
787.783
787.783
787.783
787.783
787.783
787.783
787.783
787.783
793.226
793.66
796.81
796.858
796.858
796.858
796.858
796.858
796.858
796.858
796.858
796.858
796.945
796.945
796.945
796.945
796.945
796.945
796.945
796.945
796.945
796.945
796.945
796.945
796.945
796.945
796.945
796.945
796.945
796.945
796.945
796.945
796.945
796.945
796.945
796.945
796.945
796.945
796.945
796.945
796.945
796.945
796.945
796.945
796.945
796.945
796.945
796.945
796.945
796.945
796.945
796.945
796.945
796.945
796.945
796.945
796.945
796.945
797.908
797.908
797.908
797.908
797.908
797.908
797.908
797.908
797.908
797.908
797.908
797.908
797.908
797.908
797.908
797.908
797.908
797.908
797.908
797.908
797.908
797.908
797.908
797.908
797.908
797.908
797.908
797.908
797.908
797.908
797.908
797.908
797.908
797.908
797.908
797.908
797.908
797.908
797.908
797.908
797.908
797.908
797.908
797.908
797.908
797.908
797.908
797.908
797.908
797.908
797.908
797.908
797.908
797.908
797.908
797.908
797.908
797.908
797.908
797.908
797.908
797.908
797.908
797.908
797.908
797.908
797.908
797.908
797.908
797.908
797.908
797.908
797.908
797.908
797.908
797.908
797.908
797.908
797.908
797.908
797.908
797.908
797.908
797.908
797.908
797.908
797.908
797.908
797.908
797.908
797.908
797.908
797.908
797.908
797.908
797.908
797.908
797.908
797.908
797.908
797.908
797.908
797.908
797.908
797.908
797.908
797.908
797.908
797.908
797.908
797.908
797.908
797.908
797.908
797.908
797.908
797.908
797.908
797.908
797.908
797.908
797.908
797.908
797.908
797.908
797.908
797.908
797.908
797.908
797.908
797.908
797.908
797.908
797.908
797.908
797.908
797.908
797.908
797.908
797.908
797.908
797.908
797.908
797.908
797.908
797.908
797.908
797.908
797.908
797.908
797.908
797.908
797.908
797.908
797.908
797.908
797.908
797.908
797.908
797.908
797.908
797.908
797.908
797.908
797.908
797.908
797.908
797.908
797.908
797.908
797.908
797.908
797.908
797.908
797.908
797.908
797.908
797.908
797.908
797.908
797.908
797.908
797.908
797.908
797.908
797.908
797.908
797.908
797.908
797.908
797.908
797.908
797.908
797.908
797.908
797.908
797.908
797.908
797.908
797.908
797.908
797.908
797.908
797.908
797.908
797.908
797.908
797.908
797.908
797.908
797.908
797.908
797.908
797.908
797.908
797.908
797.908
797.908
797.908
797.908
797.908
797.908
797.908
797.908
797.908
797.908
797.908
797.908
797.908
797.908
797.908
797.908
797.908
797.908
797.908
797.908
797.908
797.908
797.908
797.908
797.908
797.908
797.908
797.908
797.908
797.908
797.908
797.908
797.908
797.908
797.908
797.908
797.908
797.908
797.908
797.908
797.908
797.908
797.908
797.908
797.908
797.908
797.908
797.908
797.908
797.908
797.908
797.908
797.908
797.908
797.908
797.908
797.908
797.908
797.908
797.908
797.908
797.908
797.908
797.908
797.908
797.908
797.908
797.908
797.908
797.908
797.908
797.908
797.908
797.908
797.908
797.908
797.908
797.908
797.908
797.908
797.908
797.908
797.908
797.908
797.908
797.908
797.908
797.908
797.908
797.908
797.908
797.908
797.908
797.908
797.908
797.908
797.908
797.908
797.908
797.908
797.908
797.908
797.908
797.908
797.908
797.908
797.908
797.908
797.908
797.908
797.908
797.908
797.908
797.908
797.908
797.908
797.908
797.908
797.908
797.908
797.908
797.908
797.908
797.908
797.908
797.908
797.908
797.908
797.908
797.908
797.908
797.908
797.908
797.908
797.908
797.908
797.908
797.908
797.908
797.908
797.908
797.908
797.908
797.908
797.908
797.908
797.908
797.908
797.908
797.908
797.908
797.908
797.908
797.908
797.908
797.908
797.908
797.908
797.908
797.908
797.908
797.908
797.908
797.908
797.908
797.908
797.908
797.908
797.908
797.908
797.908
797.908
797.908
797.908
797.908
797.908
797.908
797.908
797.908
797.908
797.908
797.908
797.908
797.908
797.908
797.908
797.908
797.908
797.908
797.908
797.908
797.908
797.908
797.908
797.908
797.908
797.908
797.908
797.908
797.908
797.908
797.908
797.908
797.908
797.908
797.908
797.908
797.908
797.908
797.908
797.908
797.908
797.908
797.908
797.908
797.908
797.908
797.908
797.908
797.908
797.908
797.908
797.908
797.908
797.908
797.908
797.908
797.908
797.908
797.908
797.908
797.908
797.908
797.908
797.908
797.908
797.908
797.908
797.908
797.908
797.908
797.908
797.908
797.908
797.908
797.908
797.908
797.908
797.908
797.908
797.908
797.908
797.908
797.908
797.908
797.908
797.908
797.908
797.908
797.908
797.908
797.908
797.908
797.908
797.908
797.908
797.908
797.908
797.908
797.908
797.908
797.908
797.908
797.908
797.908
797.908
797.908
797.908
797.908
797.908
797.908
797.908
797.908
797.908
797.908
797.908
797.908
797.908
797.908
797.908
797.908
797.908
797.908
797.908
797.908
797.908
797.908
797.908
797.908
797.908
797.908
797.908
797.908
797.908
797.908
797.908
797.908
797.908
797.908
797.908
797.908
797.908
797.908
797.908
797.908
797.908
797.908
797.908
797.908
797.908
797.908
797.908
797.908
797.908
797.908
797.908
797.908
797.908
797.908
797.908
797.908
797.908
797.908
797.908
797.908
797.908
797.908
797.908
797.908
797.908
797.908
797.908
797.908
797.908
797.908
797.908
797.908
797.908
797.908
797.908
797.908
797.908
797.908
797.908
797.908
797.908
797.908
797.908
797.908
797.908
797.908
797.908
797.908
797.908
797.908
797.908
797.908
797.908
797.908
797.908
797.908
797.908
797.908
797.908
797.908
797.908
797.908
797.908
797.908
797.908
797.908
797.908
797.908
797.908
797.908
797.908
797.908
797.908
797.908
797.908
797.908
797.908
797.908
797.908
797.908
797.908
797.908
797.908
797.908
797.908
797.908
797.908
797.908
797.908
797.908
797.908
797.908
797.908
797.908
797.908
797.908
797.908
797.908
797.908
797.908
797.908
797.908
797.908
797.908
797.908
797.908
797.908
797.908
797.908
797.908
797.908
797.908
797.908
797.908
797.908
797.908
797.908
797.908
797.908
797.908
797.908
797.908
797.908
797.908
797.908
797.908
797.908
797.908
797.908
797.908
797.908
797.908
797.908
797.908
797.908
797.908
797.908
797.908
797.908
797.908
797.908
797.908
797.908
797.908
797.908
797.908
797.908
797.908
797.908
797.908
797.908
797.908
797.908
797.908
797.908
797.908
797.908
797.908
797.908
797.908
797.908
797.908
797.908
797.908
797.908
797.908
797.908
797.908
797.908
797.908
797.908
797.908
797.908
797.908
797.908
797.908
797.908
797.908
797.908
797.908
797.908
797.908
797.908
797.908
797.908
797.908
797.908
797.908
797.908
797.908
797.908
797.908
797.908
797.908
797.908
797.908
797.908
797.908
797.908
797.908
797.908
797.908
797.908
797.908
797.908
797.908
797.908
797.908
797.908
797.908
797.908
797.908
797.908
797.908
797.908
797.908
797.908
797.908
797.908
797.908
797.972
797.972
797.972
797.972
797.972
797.972
797.972
797.972
797.972
797.972
797.972
797.972
797.972
797.972
797.972
797.972
797.972
797.972
797.972
797.972
797.972
797.972
797.972
797.972
797.972
797.972
797.972
797.972
797.972
797.972
797.972
797.972
797.972
797.972
797.972
797.972
797.972
797.972
797.972
797.972
797.972
797.972
797.972
797.972
797.972
797.972
797.972
797.972
797.972
797.972
797.972
797.972
797.972
797.972
797.972
797.972
797.972
797.972
797.972
797.972
797.972
797.972
797.972
797.972
797.972
797.972
797.972
797.972
797.972
797.972
797.972
797.972
797.972
797.972
797.972
797.972
797.972
797.972
797.972
797.972
797.972
797.972
797.972
797.972
797.972
797.972
797.972
797.972
797.972
797.972
797.972
797.972
797.972
797.972
797.972
797.972
797.972
797.972
797.972
797.972
797.972
797.972
797.972
797.972
797.972
797.972
797.972
797.972
797.972
797.972
797.972
797.972
797.972
797.972
797.972
797.972
797.972
797.972
797.972
797.972
797.972
797.972
797.972
797.972
797.972
797.972
797.972
797.972
797.972
797.972
797.972
797.972
797.972
797.972
797.972
797.972
797.972
797.972
797.972
797.972
797.972
797.972
797.972
797.972
797.972
797.972
797.972
797.972
797.972
797.972
797.972
797.972
797.972
797.972
797.972
797.972
797.972
797.972
797.972
797.972
797.972
797.972
797.972
797.972
797.972
797.972
797.972
797.972
797.972
797.972
797.972
797.972
797.972
797.972
797.972
797.972
797.972
797.972
797.972
797.972
797.972
797.972
797.972
797.972
797.972
797.972
797.972
797.972
797.972
797.972
797.972
797.972
797.972
797.972
797.972
797.972
797.972
797.972
797.972
797.972
797.972
797.972
797.972
797.972
797.972
797.972
797.972
797.972
797.972
797.972
797.972
797.972
797.972
797.972
797.972
797.972
797.972
797.972
797.972
797.972
797.972
797.972
797.972
797.972
797.972
797.972
797.972
797.972
797.972
797.972
797.972
797.972
797.972
797.972
797.972
797.972
797.972
797.972
797.972
797.972
797.972
797.972
797.972
797.972
797.972
797.972
797.972
797.972
797.972
797.972
797.972
797.972
797.972
797.972
797.972
797.972
797.972
797.972
797.972
797.972
797.972
797.972
797.972
797.972
797.972
797.972
797.972
797.972
797.972
799.745
799.764
799.764
799.764
799.764
799.764
799.764
801.595
801.595
801.595
801.595
801.595
801.595
801.595
801.595
802.169
802.253
802.253
802.253
802.253
802.253
802.253
802.253
802.253
802.253
802.253
802.253
802.253
802.253
802.253
802.253
802.253
802.253
802.253
802.253
802.253
802.253
802.924
802.924
802.924
802.924
802.924
802.924
803.053
803.053
803.053
803.053
803.053
803.053
803.053
803.053
803.053
803.053
803.053
803.053
803.053
803.053
803.053
803.053
803.053
803.053
803.053
803.053
803.053
803.053
803.053
803.053
803.053
803.053
803.053
803.053
803.053
803.053
803.053
803.053
803.053
803.053
803.053
803.053
803.053
803.053
803.053
803.053
803.053
803.053
803.053
803.053
803.053
803.053
803.053
803.053
803.053
803.053
803.053
803.053
803.053
803.053
803.053
803.053
803.053
803.053
803.053
803.053
803.053
803.053
803.053
803.053
803.053
803.053
803.053
803.053
803.053
803.053
803.053
803.053
803.053
803.053
803.053
803.053
803.053
803.053
803.053
803.053
803.053
803.053
803.053
803.053
803.053
803.053
803.053
803.053
803.053
803.053
803.053
803.053
803.053
803.053
803.053
803.053
803.053
803.053
803.053
803.053
803.053
803.053
803.053
803.053
803.053
803.053
803.053
803.053
803.053
803.053
803.053
803.053
803.053
803.053
803.053
803.053
803.053
803.053
803.053
803.053
803.053
803.053
803.053
803.053
803.053
803.053
803.053
803.053
803.053
803.053
803.053
803.053
803.053
803.053
803.053
803.053
803.053
803.053
803.053
803.053
803.053
803.053
803.053
803.053
803.053
803.053
803.053
803.053
803.053
803.053
803.053
803.053
803.053
803.053
803.053
803.053
803.053
803.053
803.053
803.053
803.053
803.053
803.053
803.053
803.053
803.053
803.053
803.053
803.053
803.053
803.053
803.053
803.053
803.053
803.053
803.053
803.053
803.053
803.053
803.053
803.053
803.053
803.053
803.053
803.053
803.053
803.053
803.053
803.053
803.053
803.053
803.053
803.053
803.053
803.053
803.053
803.053
803.053
803.053
803.053
803.053
803.053
803.053
803.053
803.053
803.053
803.053
803.053
803.053
803.053
803.053
803.053
803.053
803.053
803.053
803.053
803.053
803.053
803.053
803.053
803.053
803.053
803.053
803.053
803.053
803.053
803.053
803.053
803.053
803.053
803.053
803.053
803.053
803.053
803.053
803.053
803.053
803.053
803.053
803.053
803.053
803.053
803.053
803.053
803.053
803.053
803.053
803.053
803.053
803.053
803.053
803.053
803.053
803.053
803.053
803.053
803.053
803.053
803.053
803.053
803.053
803.053
803.053
803.053
803.053
803.053
803.053
803.053
803.053
803.053
803.053
803.053
803.053
803.053
803.053
803.053
803.053
803.053
803.053
803.053
803.053
803.053
803.053
803.053
803.053
803.053
803.053
803.053
803.053
803.053
803.053
803.053
803.053
803.053
803.053
803.053
803.053
803.053
803.053
803.053
803.053
803.053
803.053
803.053
803.053
803.053
803.053
803.053
803.053
803.053
803.053
803.053
803.053
803.053
803.053
803.053
803.053
803.053
803.053
803.053
803.053
803.053
803.053
803.053
803.053
803.053
803.053
803.053
803.053
803.053
803.053
803.053
803.053
803.053
803.053
803.053
803.053
803.053
803.053
803.053
803.053
803.053
803.053
803.053
803.053
803.053
803.053
803.053
803.053
803.053
803.053
803.053
803.053
803.053
803.053
803.053
803.053
803.053
803.053
803.053
803.053
803.053
803.053
803.053
803.053
803.053
803.053
803.053
803.053
803.053
803.053
803.053
803.053
803.053
803.053
803.053
803.053
803.053
803.053
803.053
803.053
803.053
803.053
803.053
803.053
803.053
803.053
803.053
803.053
803.053
803.053
803.053
803.053
803.053
803.053
803.053
803.053
803.053
803.053
803.053
803.053
803.053
803.053
803.053
803.053
803.053
803.053
803.053
803.053
803.053
803.053
803.053
803.053
803.053
803.053
803.053
803.053
803.053
803.053
803.053
803.053
803.053
803.053
803.053
803.053
803.053
803.053
803.053
803.053
803.053
803.053
803.053
803.053
803.053
803.117
803.117
803.117
803.117
803.117
803.117
803.117
803.117
803.117
803.117
803.117
803.117
803.117
803.117
803.117
803.117
803.117
803.117
803.117
803.117
803.117
803.117
803.117
803.117
803.117
803.117
803.117
803.117
803.117
803.117
803.117
803.117
803.117
803.117
803.117
803.117
803.117
803.117
803.117
803.117
803.117
803.117
803.117
803.117
803.117
803.117
803.117
803.117
803.117
803.117
803.117
803.117
803.117
803.117
803.117
803.117
803.117
803.117
803.117
803.117
803.117
803.117
803.117
803.117
803.117
803.117
803.117
803.117
803.117
803.117
803.117
803.117
803.117
803.117
803.117
803.117
803.117
803.117
803.117
803.117
803.117
803.117
803.117
803.117
803.117
803.117
803.117
803.117
803.117
803.117
803.117
803.117
803.117
803.117
803.117
803.117
803.117
803.117
803.117
803.117
803.117
803.117
803.117
803.117
803.117
803.117
803.117
803.117
803.117
803.117
803.117
803.117
803.117
803.117
803.117
803.117
803.117
803.117
803.117
803.117
803.117
803.117
803.117
803.117
803.117
803.117
803.117
803.117
803.117
803.117
803.117
803.117
803.117
803.117
803.117
803.117
803.117
