12.5845 63 22.6676
11, 10, 7, 15, 9
11, 13
12, 4, 5
4, 2
13, 14
15, 8, 6, 3, 2, 1
12.5588 65 23.047
11, 10, 7, 15, 9
11, 13
12, 4, 5
4, 2, 3
13, 14
15, 8, 6, 3, 2, 1
11.2807 87 26.4245
7, 15, 6
6, 8
9, 15, 7, 10, 14, 13
8, 10, 11, 12
10, 8, 6, 3, 2, 1
5, 4, 2
11.2229 90 26.9783
7, 15, 6, 3
6, 8
9, 15, 7, 10, 14, 13
8, 10, 11, 12
10, 8, 6, 3, 2, 1
5, 4, 2
11.3931 81 25.3145
5, 4
1, 2, 3, 6, 8, 10, 11
9, 15, 7, 10, 13, 14
8, 6
3, 2, 4, 12
3, 6
11.2967 85 26.0374
5, 4, 6
1, 2, 3, 6, 8, 10, 11
9, 15, 7, 10, 13, 14
8, 6
3, 2, 4, 12
3, 6
10.8536 118 32.2829
9, 15, 7, 10
1, 2, 4, 5
1, 2, 3, 6, 8, 10, 11
10, 7, 15, 6
13, 14, 10, 7
4, 6, 8, 10, 11, 12
11.0719 94 27.6575
9, 15, 7
1, 2, 4, 5
1, 2, 3, 6, 8, 10
10, 7
13, 14, 10
4, 6, 8, 10, 11, 12
11.4605 80 25.1684
9, 15, 7
1, 2, 4, 5
1, 2, 3, 6, 8, 10
10, 7
13, 14, 10
10, 11, 12
10.9114 114 31.5291
9, 15, 7, 10
1, 2, 4, 5
1, 2, 3, 6, 8, 10
10, 7, 15, 6
14, 10, 13
4, 6, 8, 10, 11, 12
11.2646 89 26.8117
9, 15
1, 2, 4, 5
1, 2, 3, 6, 8
10, 7, 15, 6
13, 14, 10
4, 6, 8, 10, 11, 12
11.0141 97 28.2113
9, 15
1, 2, 4, 5
1, 2, 3, 6, 8, 10
10, 7, 15, 6
13, 14, 10
4, 6, 8, 10, 11, 12
10.9917 99 28.5933
9, 15, 7
1, 2, 4, 5
1, 2, 3, 6, 8, 10
10, 7, 15, 6
13, 14, 10
4, 6, 8, 10, 11, 12
10.982 101 28.9856
9, 15, 7, 10
1, 2, 4, 5
1, 2, 3, 6, 8, 10
10, 7
13, 14, 10
4, 6, 8, 10, 11, 12
11.2132 93 27.5706
9, 15, 7
1, 2, 4, 5
1, 2, 3, 6, 8
10, 7, 15, 6
10, 13, 14
4, 6, 8, 10, 11, 12
11.544 70 23.2352
9, 15
1, 2, 3, 6, 8, 10
15, 7, 10
4, 12
5, 4, 6
10, 11, 13, 14
10.9371 108 30.3496
9, 15, 7, 10
1, 2, 4, 5
1, 2, 3, 6, 8, 10, 11
10, 7
10, 13, 14
4, 6, 8, 10, 11, 12
11.3642 83 25.6913
9, 15
1, 2, 4, 5
1, 2, 3, 6, 8, 10
10, 7, 15, 6
13, 14, 10
10, 11, 12
11.7784 67 22.8227
12, 4, 6
10, 11, 13, 14
15, 7
9, 15, 8
10, 8, 6, 3, 2, 1
5, 2
