12.5845 63 32.7507
11, 10, 7, 15, 9
11, 13
12, 4, 5
4, 2
13, 14
15, 8, 6, 3, 2, 1
11.4252 69 34.4551
4, 6, 15, 7
14, 13, 11
4, 2
9, 15
5, 4, 12
1, 2, 3, 6, 8, 10, 11
11.4155 71 35.2493
4, 6, 15, 7
14, 13, 11
4, 2
9, 15, 8
5, 4, 12
1, 2, 3, 6, 8, 10, 11
11.3256 76 37.1954
4, 6, 15, 7, 10
14, 13, 11
4, 2
9, 15
5, 4, 12
1, 2, 3, 6, 8, 10, 11
11.3449 75 36.8069
11, 10, 7, 15, 9
1, 2, 3, 6, 8
14, 13, 11
2, 4
12, 11
5, 4, 6, 8, 10
11.1394 90 42.6836
11, 10, 7, 15, 9
1, 2, 3, 6, 8
14, 13, 11, 12
2, 4
12, 11, 10
5, 4, 6, 8, 10
11.1843 80 38.7106
11, 10, 7, 15, 9
1, 2, 3, 6, 8
14, 13, 11
2, 4
12, 11, 10
5, 4, 6, 8, 10
11.1201 104 48.2721
3, 2, 5, 4, 6, 15, 7
1, 2, 3, 6, 8, 10, 11
9, 15
3, 6
13, 14
14, 10, 8, 6, 4, 12, 11
11.939 64 32.7634
2, 4, 5
15, 7
9, 15, 8
14, 13, 11
1, 2, 3, 6
6, 8, 10, 11, 12
10.982 106 48.9892
9, 15, 7, 10, 13
10, 8
10, 14
7, 10, 8, 6, 4, 5
10, 8, 6, 3, 2, 1
12, 11, 10
