12.5845 63 42.8338
11, 10, 7, 15, 9
11, 13
12, 4, 5
4, 2
13, 14
15, 8, 6, 3, 2, 1
12.5588 65 44.0235
11, 10, 7, 15, 9
11, 13
12, 4, 5
4, 2, 3
13, 14
15, 8, 6, 3, 2, 1
11.4252 69 45.9701
4, 6, 15, 7
14, 13, 11
4, 2
9, 15
5, 4, 12
1, 2, 3, 6, 8, 10, 11
11.4155 71 47.1662
4, 6, 15, 7
14, 13, 11
4, 2
9, 15, 8
5, 4, 12
1, 2, 3, 6, 8, 10, 11
11.3256 76 50.1303
4, 6, 15, 7, 10
14, 13, 11
4, 2
9, 15
5, 4, 12
1, 2, 3, 6, 8, 10, 11
11.2197 79 51.8879
3, 2
13, 14
12, 11, 10, 7, 15, 9
8, 6
5, 4, 6
13, 10, 8, 6, 3, 2, 1
11.2742 77 50.7097
4, 6
13, 14
12, 11, 10, 7, 15, 9
8, 6
5, 4
13, 10, 8, 6, 3, 2, 1
11.3449 75 49.538
11, 10, 7, 15, 9
1, 2, 3, 6, 8
14, 13, 11
2, 4
12, 11
5, 4, 6, 8, 10
11.1843 80 52.4737
11, 10, 7, 15, 9
1, 2, 3, 6, 8
14, 13, 11
2, 4
12, 11, 10
5, 4, 6, 8, 10
11.1651 81 53.066
1, 2, 3, 6, 8
14, 13
12, 11, 10, 7, 15, 9
10, 8, 6, 4, 5
10, 13
4, 5
11.1073 85 55.4429
1, 2, 3, 6, 8, 10
14, 13
12, 11, 10, 7, 15, 9
10, 8, 6, 4
10, 13
4, 5
10.9435 89 57.7774
1, 2, 3, 6, 8, 10
14, 13
12, 11, 10, 7, 15, 9
10, 8, 6, 4, 5
10, 13
4, 5
10.9338 94 60.7735
1, 2, 3, 6, 8, 10
14, 13, 11
12, 11, 10, 7, 15, 9
10, 8, 6, 4, 5
10, 13
4, 5
11.7784 67 44.9114
12, 4, 6
10, 11, 13, 14
15, 7
9, 15, 8
10, 8, 6, 3, 2, 1
5, 2
10.8889 104 66.7556
1, 2, 3, 6, 8, 10
14, 13, 11, 12
12, 11, 10, 7, 15, 9
10, 8, 6, 4, 5
10, 13
4, 5
10.9049 97 62.562
1, 2, 3, 6, 8, 10
14, 13
12, 11, 10, 7, 15, 9
10, 8, 6, 4, 5, 2, 3
10, 13
4, 5
