12.5845 63 22.6676
11.7784 67 22.8227
12.4624 65 22.9699
11.544 70 23.2352
11.8298 70 23.4638
11.9711 70 23.5769
11.5986 73 23.8789
11.3866 74 23.9093
11.7046 73 23.9636
11.2614 81 25.2091
11.2293 83 25.5834
11.377 85 26.1016
11.3224 86 26.2579
11.3449 86 26.2759
11.2068 87 26.3654
11.2935 88 26.6348
11.1843 89 26.7475
11.2325 93 27.586
11.0719 94 27.6575
11.0944 94 27.6755
11.0944 96 28.0755
11.0141 97 28.2113
10.9917 99 28.5933
11.0141 99 28.6113
11.0495 99 28.6396
10.982 101 28.9856
10.9692 102 29.1753
11.0816 102 29.2653
10.9371 106 29.9496
10.9017 108 30.3214
11.21 108 30.568
11.2518 110 31.0014
10.8536 118 32.2829
13.2524 80 26.6019
12.6037 98 29.683
13.307 81 26.8456
13.1561 107 31.9249
13.1785 78 26.1428
13.2685 79 26.4148
12.8542 105 31.2834
12.1028 95 28.6822
12.8382 97 29.6705
12.1188 131 35.8951
12.8414 83 26.8731
13.3776 98 30.3021
12.5523 100 30.0419
12.6872 79 25.9498
12.2408 116 32.9927
13.8465 88 28.6772
13.808 80 27.0464
13.4547 117 34.1638
13.4772 86 27.9818
12.7739 100 30.2191
13.0244 95 29.4195
13.3102 102 31.0482
12.8767 112 32.7013
13.4804 113 33.3843
13.0212 95 29.417
13.4066 98 30.3252
13.1207 116 33.6966
12.562 116 33.2496
12.8992 96 29.5193
12.8285 123 34.8628
