11.939 64 17.1451
11.7784 67 17.3006
11.9454 67 17.4509
11.2839 74 17.5555
11.271 75 17.6439
11.8298 70 17.6468
11.5536 73 17.6983
11.7142 72 17.7428
11.1843 80 18.0659
11.1779 87 18.7601
11.1875 87 18.7688
11.1394 90 19.0254
11.027 94 19.3243
10.9371 95 19.3434
11.255 93 19.4295
10.921 103 20.1289
10.8471 148 24.5624
13.6378 107 22.974
12.7193 105 21.9474
13.352 107 22.7168
13.018 70 18.7162
12.8831 125 24.0948
13.5478 117 23.8931
13.6988 122 24.5289
12.3821 106 21.7439
11.4509 106 20.9058
13.2877 118 23.759
13.657 76 19.8913
12.4303 77 18.8873
12.9313 90 20.6381
12.228 100 21.0052
12.7964 126 24.1168
12.4753 111 22.3277
13.4676 77 19.8208
11.9839 118 22.5855
13.5125 104 22.5613
11.9037 120 22.7133
14.2543 79 20.7289
12.3404 114 22.5064
12.8735 100 21.5861
12.0514 104 21.2462
12.9794 99 21.5815
13.079 117 23.4711
12.3532 102 21.3179
12.0771 98 20.6694
12.2408 123 23.3168
13.3263 100 21.9936
