12.5845 63 52.9169
12.5588 65 54.5118
11.4252 69 57.485
11.4155 71 59.0831
11.3449 75 62.269
11.3256 76 63.0651
11.2742 77 63.8549
11.3288 77 63.8658
11.2197 79 65.4439
11.1843 80 66.2369
11.1651 81 67.033
11.1073 85 70.2215
11.1554 86 71.0311
10.9435 89 73.3887
10.9338 94 77.3868
10.9049 97 79.781
10.8889 104 85.3778
10.8118 126 102.962
11.9904 109 89.5981
12.6358 116 95.3272
13.6538 91 75.5308
14.4888 107 88.4977
13.3487 118 97.0697
12.9634 100 82.5927
12.7482 97 80.1496
11.9647 134 109.593
13.3038 109 89.8608
13.5511 77 64.3102
12.5074 78 64.9015
12.6037 114 93.7207
12.0771 138 112.815
14.0006 94 78.0001
12.2184 107 88.0437
12.9955 104 85.7991
12.1445 109 89.6289
12.4624 113 92.8925
12.957 85 70.5914
12.7225 98 80.9445
12.8317 124 101.766
12.9473 69 57.7895
13.6827 91 75.5365
11.5761 143 116.715
13.5671 123 101.113
12.8895 95 78.5779
13.9011 92 76.3802
12.0642 112 92.0128
13.6057 104 85.9211
12.2505 106 87.2501
