12.5845 63 42.8338
12.5588 65 44.0235
11.7784 67 44.9114
11.4252 69 45.9701
11.4155 71 47.1662
11.3449 75 49.538
11.3256 76 50.1303
11.2742 77 50.7097
11.2197 79 51.8879
11.1843 80 52.4737
11.1651 81 53.066
11.1073 85 55.4429
10.9435 89 57.7774
10.9338 94 60.7735
10.9049 97 62.562
10.8889 104 66.7556
10.8118 126 79.9247
12.8382 97 63.3353
11.894 105 67.7576
12.9538 106 68.7815
12.6198 127 81.2479
13.429 99 64.7716
12.1991 112 72.0796
13.1304 104 67.6522
12.5267 120 77.0107
13.0019 94 61.6008
11.9775 99 64.191
13.0437 129 82.6175
13.5671 85 56.4268
13.5575 105 68.423
12.2408 121 77.4963
12.0674 94 61.227
12.2697 90 58.9079
12.1188 153 96.6475
12.2152 107 69.0861
11.8715 105 67.7486
13.8593 83 55.3437
12.6005 91 59.6402
12.2152 98 63.6861
13.1657 104 67.6663
12.9184 140 89.1674
11.833 102 65.9332
12.5331 94 61.4132
13.0212 110 71.2085
12.3982 97 63.1593
15.0604 89 59.4241
13.5254 123 79.2102
