12.5845 63 47.8753
12.2601 64 48.478
11.4027 67 50.3208
11.2903 69 51.6871
11.3449 75 55.9035
11.2742 77 57.2823
11.3288 77 57.2986
11.2197 79 58.6659
11.1843 80 59.3553
11.1651 81 60.0495
11.1073 85 62.8322
11.1554 86 63.5466
11.1651 87 64.2495
10.9435 89 65.583
10.9338 94 69.0801
11.1105 96 70.5331
10.9049 97 71.1715
10.8953 102 74.6686
10.8889 104 76.0667
10.8118 126 91.4435
12.2826 90 66.6848
12.7418 92 68.2225
15.2466 107 79.474
12.1541 115 84.1462
12.273 106 77.8819
13.8882 95 70.6665
12.7514 100 73.8254
11.8234 114 83.347
11.8651 106 77.7595
13.9846 91 67.8954
12.4175 130 94.7252
13.079 120 87.9237
13.0726 122 89.3218
13.3198 102 75.396
13.3263 85 63.4979
14.736 83 62.5208
13.3616 101 74.7085
13.2235 85 63.4671
12.1509 88 65.2453
11.8137 104 76.3441
12.8735 104 76.662
12.7932 110 80.838
13.4772 91 67.7432
13.6185 91 67.7856
12.8895 102 75.2669
13.8433 103 76.253
13.0373 86 64.1112
13.7084 92 68.5125
12.3276 118 86.2983
12.4335 86 63.9301
