12.5845 63 52.9169
12.2601 64 53.652
11.4027 67 55.8805
11.2903 69 57.4581
11.3449 75 62.269
11.2742 77 63.8549
11.3288 77 63.8658
11.2197 79 65.4439
11.1843 80 66.2369
11.1651 81 67.033
11.1073 85 70.2215
11.1554 86 71.0311
11.1651 87 71.833
10.9435 89 73.3887
10.9338 94 77.3868
11.1105 96 79.0221
10.9049 97 79.781
10.8953 102 83.7791
10.8889 104 85.3778
10.8118 126 102.962
12.2826 90 74.4565
12.7418 92 76.1484
15.2466 107 88.6493
12.1541 115 94.4308
12.273 106 87.2546
13.8882 95 78.7776
12.7514 100 82.5503
11.8234 114 93.5647
11.8651 106 87.173
13.9846 91 75.5969
12.4175 130 106.483
13.079 120 98.6158
13.0726 122 100.215
13.3198 102 84.264
13.3263 85 70.6653
14.736 83 69.3472
13.3616 101 83.4723
13.2235 85 70.6447
12.1509 88 72.8302
11.8137 104 85.5628
12.8735 104 85.7747
12.7932 110 90.5586
13.4772 91 75.4954
13.6185 91 75.5237
12.8895 102 84.1779
13.8433 103 85.1687
13.0373 86 71.4075
13.7084 92 76.3417
12.3276 118 96.8655
12.4335 86 71.2867
