12.5845 63 37.7922
11.939 64 37.9695
11.9454 67 39.4727
11.4252 69 40.2126
11.4155 71 41.2078
11.6307 73 42.3153
11.4605 75 43.2303
11.3256 76 43.6628
11.2518 77 44.1259
11.21 83 47.105
11.2068 84 47.6034
11.332 84 47.666
11.3224 86 48.6612
11.1554 88 49.5777
11.2935 88 49.6468
11.0719 94 52.536
10.982 101 55.991
10.9756 103 56.9878
10.9435 117 63.9717
11.939 98 54.9695
11.9069 88 49.9534
13.0244 99 56.0122
13.034 80 46.517
12.6872 104 58.3436
13.3905 123 68.1952
12.9827 117 64.9913
13.7983 80 46.8992
12.9056 126 69.4528
12.6101 115 63.8051
12.6808 108 60.3404
13.368 88 50.684
13.0565 93 53.0283
11.4444 126 68.7222
12.3661 81 46.683
13.14 102 57.57
13.2556 104 58.6278
13.6795 103 58.3398
14.4085 101 57.7042
12.8157 119 65.9078
12.5941 95 53.797
14.569 98 56.2845
13.6538 99 56.3269
12.9923 82 47.4961
14.2736 88 51.1368
12.0514 98 55.0257
13.8337 85 49.4168
13.6859 78 45.843
13.5318 84 48.7659
12.8767 89 50.9383
