12.5748 64 22.8599
11.5472 70 23.2378
12.4014 69 23.7211
11.5472 70 23.2378
11.3192 74 23.8554
11.316 80 25.0528
11.3545 79 24.8836
12.2376 78 25.3901
10.9595 89 26.5676
12.4014 69 23.7211
11.5472 70 23.2378
12.7482 66 23.3986
11.5472 70 23.2378
11.316 80 25.0528
11.361 77 24.4888
11.316 80 25.0528
11.3192 74 23.8554
12.4014 69 23.7211
11.3192 74 23.8554
12.4014 69 23.7211
11.3192 74 23.8554
12.5748 64 22.8599
11.316 80 25.0528
11.5472 70 23.2378
11.316 80 25.0528
12.4014 69 23.7211
11.316 80 25.0528
11.5472 70 23.2378
12.4014 69 23.7211
11.5472 70 23.2378
11.5472 70 23.2378
12.0128 76 24.8103
11.5472 70 23.2378
11.3545 79 24.8836
11.5472 70 23.2378
11.5472 70 23.2378
12.0578 71 23.8462
12.4014 69 23.7211
11.9872 78 25.1897
12.0578 71 23.8462
11.3192 74 23.8554
10.9595 89 26.5676
11.361 77 24.4888
11.316 80 25.0528
11.3192 74 23.8554
11.5472 70 23.2378
11.5472 70 23.2378
10.9595 89 26.5676
11.5472 70 23.2378
11.316 80 25.0528
12.5748 64 22.8599
10.9595 89 26.5676
11.3192 74 23.8554
11.5472 70 23.2378
12.5748 64 22.8599
12.5748 64 22.8599
11.316 80 25.0528
11.316 80 25.0528
10.9595 89 26.5676
11.8908 81 25.7127
11.3192 74 23.8554
12.5748 64 22.8599
11.3192 74 23.8554
11.3192 74 23.8554
11.9872 73 24.1897
11.316 80 25.0528
11.316 80 25.0528
11.5472 70 23.2378
12.8478 77 25.6782
11.5472 70 23.2378
12.7482 66 23.3986
11.5472 70 23.2378
12.5748 64 22.8599
11.3192 74 23.8554
11.361 77 24.4888
12.4014 69 23.7211
11.316 80 25.0528
10.9595 89 26.5676
12.5748 64 22.8599
10.9595 89 26.5676
12.4014 69 23.7211
12.7482 66 23.3986
11.9165 75 24.5332
11.3192 74 23.8554
11.5472 70 23.2378
11.316 80 25.0528
11.361 77 24.4888
10.9595 89 26.5676
12.4014 69 23.7211
11.5472 70 23.2378
11.3192 74 23.8554
11.3192 74 23.8554
11.3192 74 23.8554
11.3545 79 24.8836
10.9595 89 26.5676
12.5748 64 22.8599
11.483 73 23.7864
12.4014 69 23.7211
11.483 73 23.7864
10.9595 89 26.5676
11.5472 70 23.2378
11.5472 70 23.2378
12.5748 64 22.8599
11.5472 70 23.2378
11.316 80 25.0528
11.316 80 25.0528
11.3192 74 23.8554
11.5472 70 23.2378
12.4014 69 23.7211
11.3192 74 23.8554
10.9595 89 26.5676
11.3192 74 23.8554
11.3192 74 23.8554
11.3192 74 23.8554
12.7482 66 23.3986
11.316 80 25.0528
11.5472 70 23.2378
11.3192 74 23.8554
12.4014 69 23.7211
11.5472 70 23.2378
10.9595 89 26.5676
11.3192 74 23.8554
11.5472 70 23.2378
11.5472 70 23.2378
11.3192 74 23.8554
11.5472 70 23.2378
11.5472 70 23.2378
11.7367 73 23.9893
11.5472 70 23.2378
11.3192 74 23.8554
11.3192 74 23.8554
12.2376 78 25.3901
11.3192 74 23.8554
11.316 80 25.0528
10.9595 89 26.5676
12.0578 71 23.8462
11.5472 70 23.2378
11.5472 70 23.2378
12.0578 71 23.8462
11.5472 70 23.2378
11.316 80 25.0528
11.361 77 24.4888
11.316 80 25.0528
11.9872 73 24.1897
10.9595 89 26.5676
11.316 80 25.0528
11.5472 70 23.2378
11.9872 78 25.1897
11.5472 70 23.2378
11.316 80 25.0528
