12.6776 64 48.6033
12.5716 68 51.3715
12.5716 68 51.3715
12.0835 69 51.925
11.5536 71 53.1661
11.5376 72 53.8613
11.4701 73 54.541
11.4701 73 54.541
11.4733 78 58.042
12.5973 72 54.1792
11.5151 80 59.4545
12.3821 84 62.5146
11.4669 101 74.1401
12.2152 101 74.3645
11.4733 78 58.042
12.562 74 55.5686
12.0835 72 54.025
11.5376 72 53.8613
11.2742 86 63.5823
12.6776 64 48.6033
11.4701 73 54.541
11.2518 103 75.4755
11.4701 73 54.541
11.5376 72 53.8613
12.5973 72 54.1792
11.3096 93 68.4929
12.0835 69 51.925
11.5697 76 56.6709
11.4701 73 54.541
12.2152 101 74.3645
12.2152 101 74.3645
12.5716 68 51.3715
11.5536 71 53.1661
12.5395 93 68.8618
12.5973 72 54.1792
11.4766 76 56.643
12.3821 84 62.5146
12.501 89 66.0503
11.5536 71 53.1661
12.4046 93 68.8214
12.6776 64 48.6033
11.5151 80 59.4545
11.5376 72 53.8613
11.4701 73 54.541
12.562 74 55.5686
12.0161 100 73.6048
11.4733 78 58.042
12.0835 72 54.025
11.5536 71 53.1661
12.6776 64 48.6033
12.5716 68 51.3715
12.3821 84 62.5146
11.8619 106 77.7586
11.4701 73 54.541
12.6776 64 48.6033
11.4701 73 54.541
12.5716 68 51.3715
12.0835 72 54.025
12.6776 64 48.6033
11.4766 76 56.643
12.5716 68 51.3715
12.6776 64 48.6033
11.9775 76 56.7933
11.5376 72 53.8613
11.6949 74 55.3085
12.0835 72 54.025
12.5395 93 68.8618
11.5376 72 53.8613
12.5716 68 51.3715
12.562 74 55.5686
12.5716 68 51.3715
12.6776 64 48.6033
11.6949 74 55.3085
11.4701 73 54.541
11.4701 73 54.541
11.6949 74 55.3085
11.5376 72 53.8613
11.4284 97 71.3285
11.332 101 74.0996
11.4701 73 54.541
12.5395 93 68.8618
12.6776 64 48.6033
11.5376 72 53.8613
11.9775 76 56.7933
11.5376 72 53.8613
12.0835 69 51.925
12.6776 64 48.6033
11.4701 73 54.541
11.5376 72 53.8613
12.6134 66 49.984
12.6776 64 48.6033
11.4701 73 54.541
12.0739 95 70.1222
11.4766 76 56.643
11.8587 72 53.9576
11.5151 80 59.4545
11.4541 88 65.0362
11.4701 73 54.541
12.5395 93 68.8618
12.3821 84 62.5146
11.4766 76 56.643
12.6776 64 48.6033
12.3821 84 62.5146
12.5716 68 51.3715
11.4701 73 54.541
12.6134 66 49.984
12.5395 93 68.8618
12.5395 93 68.8618
12.0963 101 74.3289
11.5151 80 59.4545
11.5376 72 53.8613
11.5151 80 59.4545
11.4701 73 54.541
11.4766 76 56.643
12.0835 72 54.025
11.6949 74 55.3085
11.6949 74 55.3085
11.5536 71 53.1661
12.0835 69 51.925
12.6134 66 49.984
12.0835 69 51.925
12.5716 68 51.3715
11.5376 72 53.8613
12.5716 68 51.3715
12.5973 72 54.1792
12.6776 64 48.6033
11.5697 76 56.6709
11.3064 75 55.8919
11.4701 73 54.541
11.4701 73 54.541
12.5716 68 51.3715
12.9538 90 66.8861
11.4701 73 54.541
11.4541 88 65.0362
12.6776 64 48.6033
12.6776 64 48.6033
12.501 89 66.0503
11.5697 76 56.6709
11.5697 76 56.6709
12.5973 72 54.1792
12.0835 72 54.025
11.6532 101 74.196
12.562 74 55.5686
11.4733 78 58.042
11.4701 73 54.541
11.4701 73 54.541
11.5536 71 53.1661
12.6776 64 48.6033
11.4766 76 56.643
11.5376 72 53.8613
