13.0662 63 48.0198
12.6776 64 48.6033
11.9711 66 49.7913
11.6179 68 51.0854
11.5536 71 53.1661
11.4733 72 53.842
11.2261 73 54.4678
11.2261 73 54.4678
11.2261 73 54.4678
11.8587 72 53.9576
11.5151 80 59.4545
11.2068 89 65.662
11.2068 89 65.662
11.2582 86 63.5775
11.21 98 71.963
11.6949 74 55.3085
11.2261 73 54.4678
11.2261 73 54.4678
11.2068 89 65.662
11.5697 76 56.6709
12.6776 64 48.6033
11.8587 72 53.9576
11.9711 66 49.7913
13.3102 68 51.5931
11.5376 72 53.8613
13.3102 68 51.5931
11.2261 73 54.4678
11.1972 81 60.0592
11.4155 87 64.3247
11.4155 87 64.3247
11.2261 73 54.4678
11.2261 73 54.4678
12.5973 72 54.1792
11.2197 96 70.5659
11.2261 73 54.4678
11.544 99 72.7632
11.2261 73 54.4678
11.2582 86 63.5775
11.6949 74 55.3085
11.5697 76 56.6709
11.2261 73 54.4678
11.2068 89 65.662
11.4733 72 53.842
11.2068 89 65.662
11.2261 73 54.4678
11.4155 87 64.3247
11.2261 73 54.4678
11.4733 72 53.842
11.5536 71 53.1661
12.5973 72 54.1792
13.3102 68 51.5931
10.9563 97 71.1869
11.5536 71 53.1661
11.5151 80 59.4545
11.2068 89 65.662
11.4733 72 53.842
11.5697 76 56.6709
11.7624 84 62.3287
11.2582 86 63.5775
11.2261 73 54.4678
11.1972 81 60.0592
11.2261 73 54.4678
11.2261 73 54.4678
11.9711 66 49.7913
11.4155 87 64.3247
10.9692 106 77.4907
11.2261 73 54.4678
11.4155 87 64.3247
11.5536 71 53.1661
11.6179 68 51.0854
11.2261 73 54.4678
11.7367 86 63.721
12.6776 64 48.6033
11.6179 68 51.0854
11.8587 72 53.9576
11.2261 73 54.4678
11.2261 73 54.4678
11.1875 76 56.5563
11.3899 97 71.317
11.5536 71 53.1661
11.9711 66 49.7913
11.2261 73 54.4678
12.6776 64 48.6033
11.7367 86 63.721
12.6776 64 48.6033
11.4733 72 53.842
11.6179 68 51.0854
11.8105 71 53.2432
11.9711 66 49.7913
11.2261 73 54.4678
12.6776 64 48.6033
11.9711 66 49.7913
10.9692 106 77.4907
11.2261 73 54.4678
11.5536 71 53.1661
11.6179 68 51.0854
11.2582 86 63.5775
11.422 87 64.3266
11.0591 103 75.4177
11.6179 68 51.0854
11.2261 73 54.4678
11.7367 86 63.721
11.2261 73 54.4678
12.6776 64 48.6033
12.6776 64 48.6033
11.9711 66 49.7913
11.9711 66 49.7913
12.6776 64 48.6033
12.6776 64 48.6033
11.2261 73 54.4678
11.4733 72 53.842
11.8105 71 53.2432
11.2261 73 54.4678
11.2261 73 54.4678
11.1875 76 56.5563
11.2261 73 54.4678
11.2068 89 65.662
11.4155 87 64.3247
11.9711 66 49.7913
11.2261 73 54.4678
11.4733 72 53.842
11.6692 71 53.2008
11.6949 74 55.3085
11.7624 84 62.3287
11.6179 68 51.0854
11.4733 72 53.842
13.0662 63 48.0198
12.6776 64 48.6033
11.5697 76 56.6709
11.2261 73 54.4678
11.7624 84 62.3287
11.5536 71 53.1661
11.5536 71 53.1661
11.5536 71 53.1661
11.4155 87 64.3247
11.2261 73 54.4678
11.2518 89 65.6755
11.2261 73 54.4678
11.2261 73 54.4678
13.3102 68 51.5931
11.0591 104 76.1177
11.4733 72 53.842
11.149 86 63.5447
11.2261 73 54.4678
11.6692 71 53.2008
11.5536 71 53.1661
11.4733 72 53.842
11.1875 76 56.5563
11.2261 73 54.4678
11.2261 73 54.4678
