688.835
701.488
729.908
729.908
729.908
729.908
729.908
729.908
729.908
729.908
729.908
729.908
729.908
729.908
729.908
736.33
736.33
736.33
739.959
739.959
739.959
739.959
739.959
739.959
739.959
739.959
739.959
739.959
739.959
739.959
739.959
739.959
739.959
739.959
739.959
739.959
739.959
739.959
742.29
742.29
742.29
742.29
742.29
742.29
742.29
742.29
742.29
742.29
742.29
742.29
742.29
742.29
742.29
742.29
743.43
743.43
743.479
743.479
743.479
743.479
743.479
743.479
743.479
743.479
743.479
743.479
743.479
743.479
743.479
743.479
743.479
743.479
743.479
743.479
743.479
743.479
743.479
743.479
743.479
743.479
743.479
743.479
743.479
743.479
743.479
743.479
747.315
747.315
747.315
747.315
747.315
747.315
747.315
747.315
747.315
747.315
747.315
747.315
747.315
747.315
747.315
747.315
747.315
747.315
747.315
747.315
747.315
747.315
747.315
748.111
748.111
748.111
748.111
748.111
748.111
748.111
748.111
748.124
748.124
748.124
748.124
748.124
748.124
748.757
748.757
748.757
748.757
748.757
748.757
748.757
748.757
748.757
748.757
748.757
748.757
748.757
748.757
748.757
748.757
748.757
748.757
748.757
748.757
748.757
748.757
748.757
748.757
748.757
748.757
748.757
748.757
748.757
748.757
748.757
748.757
748.757
748.757
748.757
748.757
749.065
749.065
749.065
749.065
749.065
749.065
749.065
749.065
749.065
749.065
749.065
749.065
749.065
749.065
749.065
749.065
749.065
749.065
749.065
749.065
749.065
749.065
749.065
749.065
749.065
749.065
749.065
749.065
749.065
749.065
749.065
749.065
749.065
749.065
754.832
755.584
755.584
755.584
755.584
755.584
755.584
755.584
755.584
755.584
755.584
755.584
755.584
755.584
755.584
755.584
755.584
755.584
755.584
755.584
755.584
755.584
755.584
755.584
755.584
755.584
755.584
755.584
755.584
755.584
755.584
755.584
755.584
755.584
755.584
755.584
755.584
755.584
755.584
755.584
755.584
755.584
755.584
755.584
755.584
755.584
755.584
755.584
755.584
755.584
755.584
755.584
755.584
755.584
755.584
755.584
755.584
755.584
755.584
755.584
755.584
756.457
756.457
756.457
756.457
756.457
756.457
756.457
756.457
756.457
756.457
756.457
756.457
756.457
756.457
756.457
756.457
756.457
756.457
756.457
756.457
756.457
756.457
756.457
756.457
756.457
756.457
756.457
756.457
756.457
756.457
756.457
756.457
756.457
756.457
766.266
766.276
766.276
766.276
766.276
766.276
766.276
766.276
766.276
766.276
766.276
766.276
766.276
766.276
766.276
766.276
766.276
766.276
766.276
766.276
766.276
766.276
766.276
766.276
766.276
766.276
766.276
766.276
766.276
766.276
766.276
766.276
766.276
767.358
767.358
767.358
767.358
767.358
767.358
767.358
767.358
767.358
767.358
767.358
767.358
767.358
767.358
767.358
767.358
767.358
767.358
767.358
767.358
767.358
767.358
767.358
767.358
767.358
767.358
767.358
767.358
767.358
767.358
767.358
767.358
767.358
767.358
767.358
767.358
767.358
767.358
767.358
767.358
767.358
767.358
767.358
767.358
767.358
767.358
767.358
767.358
767.358
767.358
767.358
767.358
767.358
767.358
767.358
767.358
767.358
767.358
767.358
767.358
767.358
767.358
767.358
767.358
767.358
767.358
767.358
767.358
767.358
767.358
767.358
767.907
767.907
767.907
769.477
769.477
769.477
769.477
769.477
769.477
769.477
769.519
769.519
769.583
769.583
769.583
769.583
769.583
776.571
776.571
776.571
793.912
794.969
796.394
797.03
797.46
801.436
801.436
801.571
801.635
801.635
801.635
801.635
801.635
801.699
801.699
801.699
801.699
801.699
801.699
801.699
801.699
801.699
801.699
801.699
801.699
801.699
801.699
801.699
801.699
801.699
801.699
801.699
801.699
801.699
801.699
801.699
801.699
801.699
801.699
801.699
801.699
801.699
801.699
802.184
803.328
803.328
803.328
803.328
803.328
803.328
803.328
803.328
803.328
803.328
803.328
803.328
803.328
803.328
803.328
803.328
803.328
803.328
803.328
803.328
803.328
803.328
803.328
803.328
803.328
803.328
803.328
803.328
803.328
803.328
803.328
803.328
803.328
803.328
803.328
803.328
803.328
803.328
803.328
803.328
803.328
803.328
803.328
803.328
803.328
803.328
803.328
803.328
803.328
803.328
803.328
803.328
803.328
803.328
803.328
803.328
803.328
803.328
803.328
803.328
803.328
803.328
803.328
803.328
803.328
803.328
803.328
803.328
803.328
803.328
803.328
803.328
803.328
803.328
803.328
803.328
803.328
803.328
804.073
804.073
804.073
804.073
804.073
804.073
804.073
804.073
804.073
804.073
804.073
804.073
804.073
804.073
804.073
804.073
804.073
804.073
804.073
804.073
804.073
804.073
804.073
804.073
804.073
804.073
804.073
804.073
804.073
804.073
804.073
804.073
804.073
804.073
804.073
804.073
804.073
804.073
804.073
804.073
804.073
804.073
804.073
804.073
804.073
804.073
804.073
804.073
804.073
804.073
804.073
804.073
804.073
804.073
804.073
804.073
804.073
804.073
804.073
804.073
804.073
804.073
804.073
804.073
804.073
804.073
804.073
804.073
804.073
804.073
804.073
804.073
804.073
804.073
804.073
804.073
804.073
804.073
804.073
804.073
804.073
804.073
804.073
804.073
804.073
804.073
804.073
804.073
804.073
804.073
804.073
804.073
804.073
804.073
804.073
804.073
804.073
804.073
804.073
804.073
804.073
804.073
804.073
804.073
805.415
805.415
805.415
805.415
805.415
805.415
805.415
805.415
805.415
805.415
805.415
805.415
805.415
805.415
805.415
805.415
805.415
805.415
805.415
805.415
805.415
805.415
805.415
805.415
805.415
805.415
805.415
805.415
805.415
805.415
805.415
805.415
805.415
805.415
805.415
805.415
805.415
805.415
805.415
805.415
805.415
805.415
805.415
805.415
805.415
805.415
805.415
805.415
805.415
805.415
805.415
805.415
805.415
805.415
805.415
805.415
805.415
805.415
805.415
805.415
805.415
805.415
805.415
805.415
805.415
805.415
805.415
805.415
805.415
805.415
805.415
805.415
805.415
805.415
805.415
805.415
805.415
805.415
805.415
805.415
805.415
805.415
805.415
805.415
805.415
805.415
805.415
805.415
805.415
805.415
805.415
805.415
805.415
805.415
805.415
805.415
805.415
805.415
805.415
805.415
805.415
805.415
805.415
805.415
805.415
805.415
805.415
805.415
805.415
805.415
805.415
805.415
805.415
805.415
805.415
805.415
805.415
805.415
805.415
805.415
805.415
805.415
805.415
805.415
805.415
805.415
805.415
805.415
805.415
805.415
805.415
805.415
805.415
805.415
805.415
805.415
805.415
805.415
805.415
805.415
805.415
805.415
805.415
805.415
805.415
805.415
805.415
805.415
805.415
805.415
805.415
805.415
805.415
805.415
805.415
805.415
805.415
805.415
805.415
805.415
805.415
805.415
805.415
805.415
805.415
805.415
805.415
805.415
805.415
805.415
805.415
805.415
805.415
805.415
805.415
805.415
805.415
805.415
805.415
805.415
805.415
805.415
805.415
805.415
805.415
805.415
805.415
805.415
805.415
805.415
805.415
805.415
805.415
805.415
805.415
805.415
805.415
805.415
805.415
805.415
805.415
805.415
805.415
805.415
805.415
805.434
805.434
805.434
805.434
805.434
805.434
805.434
805.434
805.434
805.434
805.434
805.434
805.434
805.434
805.434
805.434
806.009
807.939
807.939
807.939
807.939
807.939
807.939
807.939
807.939
807.939
807.939
807.939
807.939
807.939
807.939
807.939
807.939
807.939
807.939
807.939
807.939
807.939
807.939
807.939
807.939
807.939
807.939
807.939
807.939
807.939
807.939
807.939
807.939
807.939
807.939
807.939
807.939
807.939
807.939
807.939
807.939
807.939
807.939
807.939
807.939
807.939
807.939
807.939
807.939
807.939
807.939
807.939
807.939
807.939
807.939
807.939
807.939
807.939
807.939
807.939
807.939
807.939
807.939
807.939
807.939
807.939
807.939
807.939
807.939
807.939
807.939
807.939
807.939
807.939
807.939
807.939
807.939
807.939
807.939
807.939
807.939
807.939
807.939
807.939
807.939
807.939
807.939
807.939
807.939
807.939
807.939
807.939
807.939
807.939
807.939
807.939
807.939
807.939
807.939
807.939
807.939
807.939
807.939
807.939
807.939
807.939
807.939
807.939
807.939
807.939
807.939
807.939
807.939
807.939
807.939
807.939
807.939
807.939
807.939
807.939
807.939
807.939
807.939
807.939
807.939
807.939
807.939
807.939
807.939
807.939
807.939
807.939
807.939
807.939
807.939
807.939
807.939
807.939
807.939
807.939
807.939
807.939
807.939
807.939
807.939
807.939
807.939
807.939
807.939
807.939
807.939
807.939
807.939
807.939
807.939
807.939
807.939
821.224
821.224
821.224
821.224
821.224
821.224
821.224
821.224
821.224
821.224
821.224
821.224
821.224
821.224
821.224
821.224
821.224
821.224
821.224
821.224
821.224
821.224
821.224
821.224
821.224
821.224
821.224
821.224
821.224
821.224
821.224
821.224
821.224
821.224
821.224
821.224
821.224
821.224
821.224
821.224
821.224
821.224
821.224
821.224
821.224
821.224
821.224
821.224
821.224
821.224
821.224
821.224
821.224
821.224
821.224
821.224
821.224
821.224
821.224
821.224
821.224
821.224
821.224
821.224
821.224
821.224
821.224
821.224
821.224
821.224
821.224
821.224
821.224
821.224
821.224
821.224
821.224
821.224
821.224
821.224
821.224
821.224
821.224
821.224
821.224
821.224
821.224
821.224
821.224
821.224
821.224
821.224
821.224
821.224
821.224
821.224
821.224
821.224
821.224
821.224
821.224
821.224
821.224
821.224
821.224
821.224
821.224
821.224
821.224
821.224
821.224
821.224
821.224
821.224
821.224
821.224
821.224
821.224
821.224
821.224
821.224
821.224
821.224
821.224
821.224
821.224
821.224
821.224
821.224
821.224
821.224
821.224
821.224
821.224
821.224
821.224
821.224
821.224
821.224
821.224
821.224
821.224
821.224
821.224
821.224
821.224
821.224
821.224
821.224
821.224
821.224
821.224
821.224
821.224
821.224
821.224
821.224
821.224
821.224
821.224
821.224
821.224
821.224
821.224
821.224
821.224
821.224
821.224
821.224
821.224
821.224
821.224
821.224
821.224
821.224
821.224
821.224
821.224
821.224
821.224
821.224
821.224
821.224
821.224
821.224
821.224
821.224
821.224
821.224
821.224
821.224
821.224
821.224
821.224
821.224
821.224
821.224
821.224
821.224
821.224
821.224
821.224
821.224
821.224
821.224
821.224
821.224
821.224
821.224
821.224
821.224
821.224
821.224
821.224
821.224
821.224
821.224
821.224
821.224
821.224
821.224
821.224
821.224
821.224
821.224
821.224
821.224
821.224
821.224
821.224
821.224
821.224
821.224
821.224
821.224
821.224
821.224
821.224
821.224
821.224
821.224
821.224
821.224
821.224
821.224
821.224
821.224
821.224
821.224
821.224
821.224
821.224
821.224
821.224
821.224
821.224
821.224
821.224
821.224
821.224
821.224
821.224
821.224
821.224
821.224
821.224
821.224
821.224
821.224
821.224
821.224
821.224
821.224
821.224
821.224
821.224
821.224
821.224
821.224
821.224
821.224
821.224
821.224
821.224
821.224
821.224
821.224
821.224
821.224
821.224
821.224
821.224
821.224
821.224
821.224
821.224
821.224
821.224
821.224
821.224
821.224
821.224
821.224
821.224
821.224
821.224
821.224
821.224
821.224
821.224
821.224
821.224
821.224
821.224
821.224
821.224
821.224
821.224
821.224
821.224
821.224
821.224
821.224
821.224
821.224
821.224
821.224
821.224
821.224
821.224
821.224
821.224
821.224
821.224
821.224
821.224
821.224
821.224
821.224
821.224
821.224
821.224
821.224
821.224
821.224
821.224
821.224
821.224
821.224
821.224
821.224
821.224
821.224
821.224
821.224
821.224
821.224
821.224
821.224
821.224
821.224
821.224
821.224
821.224
821.224
821.224
821.224
821.224
821.224
821.224
821.224
821.224
821.224
821.224
821.224
821.224
821.224
821.224
821.224
821.224
821.224
821.224
821.224
821.224
821.224
821.224
821.224
821.224
821.224
821.224
821.224
821.224
821.224
821.224
821.224
821.224
821.224
821.224
821.224
821.224
821.224
821.224
821.224
821.224
821.224
821.224
821.224
821.224
821.224
821.224
821.224
821.224
821.224
821.224
821.224
821.224
821.224
821.224
821.224
821.224
821.224
821.224
821.224
821.224
821.224
821.224
821.224
821.224
821.224
821.224
821.224
821.224
821.224
821.224
821.224
821.224
821.224
821.224
821.224
821.224
821.224
821.224
821.224
821.224
821.224
821.224
821.224
821.224
821.224
821.224
821.224
821.224
821.224
821.224
821.224
821.224
821.224
821.224
821.224
821.224
821.224
821.224
821.224
821.224
821.224
821.224
821.224
821.224
821.224
821.224
821.224
821.224
821.224
821.224
821.224
821.224
821.224
821.224
821.224
821.224
821.224
821.224
821.224
821.224
821.224
821.224
821.224
821.224
821.224
821.224
821.224
821.224
821.224
821.224
821.224
821.224
821.224
821.224
821.224
821.224
821.224
821.224
821.224
821.224
821.224
821.224
821.224
821.224
821.224
821.224
821.224
821.224
821.224
821.224
821.224
821.224
821.224
821.224
821.224
821.224
821.224
821.224
821.224
821.224
821.224
821.224
821.224
821.224
821.224
821.224
821.224
821.224
821.224
821.224
821.224
821.224
821.224
821.224
821.224
821.224
821.224
821.224
821.224
821.224
821.224
821.224
821.224
821.224
821.224
821.224
821.224
821.224
821.224
821.224
821.224
821.224
821.224
821.224
821.224
821.224
821.224
821.224
821.224
821.224
821.224
821.224
821.224
821.224
821.224
821.224
821.224
821.224
821.224
821.224
821.224
821.224
821.224
821.224
821.224
821.224
821.224
821.224
821.224
821.224
821.224
821.224
821.224
821.224
821.224
821.224
821.224
821.224
821.224
821.224
821.224
821.224
821.224
821.224
821.224
821.224
821.224
821.224
821.224
821.224
821.224
821.224
821.224
821.224
821.224
821.224
821.224
821.224
821.224
821.224
821.224
821.224
821.224
821.224
821.224
821.224
821.224
821.224
821.224
821.224
821.224
821.224
821.224
821.224
821.224
821.224
821.224
821.224
821.224
821.224
821.224
821.224
821.224
821.224
821.224
821.224
821.224
821.224
821.224
821.224
821.224
821.224
821.224
821.224
821.224
821.224
821.224
821.224
821.224
821.224
821.224
821.224
821.224
821.224
821.224
821.224
821.224
821.224
821.224
821.224
821.224
821.224
821.224
821.224
821.224
821.224
821.224
821.224
821.224
821.224
821.224
821.224
821.224
821.224
821.224
821.224
821.224
821.224
821.224
821.224
821.224
821.224
821.224
821.224
821.224
821.224
821.224
821.224
821.224
821.224
821.224
821.224
821.224
821.224
821.224
821.224
821.224
821.224
821.224
821.224
821.224
821.224
821.224
821.224
821.224
821.224
821.224
821.224
821.224
821.224
821.224
821.224
821.224
821.224
821.224
821.224
821.224
821.224
821.224
821.224
821.224
821.224
821.224
821.224
821.224
821.224
821.224
821.224
821.224
821.224
821.224
821.224
821.224
821.224
821.224
821.224
821.224
821.224
821.224
821.224
821.224
821.224
821.224
821.224
821.224
821.224
821.224
821.224
821.224
821.224
821.224
821.224
821.224
821.224
821.224
821.224
821.224
821.224
821.224
821.224
821.224
821.224
821.224
821.224
821.224
821.224
821.224
821.224
821.224
821.224
821.224
821.224
821.224
821.224
821.224
821.224
821.224
821.224
821.224
821.224
821.224
821.224
821.224
821.224
821.224
821.224
821.224
821.224
821.224
821.224
821.224
821.224
821.224
821.224
821.224
821.224
821.224
821.224
821.224
821.224
821.224
821.224
821.224
821.224
821.224
821.224
821.224
821.224
821.224
821.224
821.224
821.224
821.224
821.224
821.224
821.224
821.224
821.224
821.224
821.224
821.224
821.224
821.224
821.224
821.224
821.224
821.224
821.224
821.224
821.224
821.224
821.224
821.224
821.224
821.224
821.224
821.224
821.224
821.224
821.224
821.224
821.224
821.224
821.224
821.224
821.224
821.224
821.224
821.224
821.224
821.224
821.224
821.224
821.224
821.224
821.224
821.224
821.224
821.224
821.224
821.224
821.224
821.224
821.224
821.224
821.224
821.224
821.224
821.224
821.224
821.224
821.224
821.224
821.224
821.224
821.224
821.224
821.224
821.224
821.224
821.224
821.224
821.224
821.224
821.224
821.224
821.224
821.224
821.224
821.224
821.224
821.224
821.224
821.224
821.224
821.224
821.224
821.224
821.224
821.224
821.224
821.224
821.224
821.224
821.224
821.224
821.224
821.224
821.224
821.224
821.224
821.224
821.224
821.224
821.224
821.224
821.224
821.224
821.224
821.224
821.224
821.224
821.224
821.224
821.224
821.224
821.224
821.224
821.224
821.224
821.224
821.224
821.224
821.224
821.224
821.224
821.224
821.224
821.224
821.224
821.224
821.224
821.224
821.224
821.224
821.224
821.224
821.224
821.224
821.224
821.224
821.224
821.224
821.224
821.224
821.224
821.224
821.224
821.224
821.224
821.224
821.224
821.224
821.224
821.224
821.224
821.224
821.224
821.224
821.224
821.224
821.224
821.224
821.224
821.224
821.224
821.224
821.224
821.224
821.224
