12.4014 69 23.7211
13, 10, 11, 12
6, 4
1, 2, 3, 6, 8, 15
4, 5
14, 13
10, 7, 15, 9
10.9595 89 26.5676
9, 15, 7
1, 2
12, 11, 10, 8, 6, 4, 5
1, 2, 3, 6, 8, 10, 14
13, 11
15, 8
11.5472 70 23.2378
7, 10, 8, 6, 4, 5
15, 9
7, 15
11, 13, 14
12, 11, 10
6, 3, 2, 1
11.483 73 23.7864
7, 10, 8, 6, 4, 5
15, 9
7, 15, 6
11, 13, 14
12, 11, 10
6, 3, 2, 1
11.3192 74 23.8554
9, 15, 7, 10, 11, 13
8, 6, 4, 5
15, 7
13, 14
1, 2, 3, 6, 8, 10
4, 12
12.5748 64 22.8599
1, 2, 3, 6, 8
8, 15
8, 10, 11, 12
5, 4, 2
11, 13, 14
9, 15, 7
11.2164 80 24.9732
9, 15, 7, 10, 14
14, 13
4, 6, 8, 10, 11, 12
1, 2, 3, 6, 15, 7
5, 4
8, 6
