12.289 70 29.6023
14, 13, 11, 10
10, 8, 6, 3, 2, 4, 12
7, 15
7, 15
6, 8, 15, 9
5, 2, 1
12.6615 69 29.5631
15, 8, 6, 3, 2, 1
9, 15
2, 5, 4, 12
15, 7
11, 13, 14
10, 11, 12
11.5376 72 29.6763
11, 10
4, 5
10, 7, 15, 9
1, 2, 3, 6, 8, 10
12, 11, 13, 14
2, 5
11.3256 73 29.8279
5, 2
5, 4, 6, 8, 10
12, 11, 10
9, 15, 7
14, 13, 11
15, 8, 6, 3, 2, 1
12.2248 71 29.8574
13, 11, 12
15, 9
11, 10, 7
15, 6, 8, 10
14, 13
1, 2, 3, 6, 4, 5
10.9499 88 34.0649
10, 14, 13
7, 10, 11, 12
15, 9
10, 8, 6, 4, 5
1, 2, 3, 6, 8, 10, 11
7, 15
11.3064 75 30.4145
10, 14, 13
7, 10, 11, 12
15, 9
10, 8, 6, 4, 5
1, 2, 3, 6, 8
7, 15
11.0559 83 32.6391
10, 14, 13
7, 10, 11, 12
15, 9
10, 8, 6, 4, 5
1, 2, 3, 6, 8, 10
7, 15
11.2742 77 30.992
10, 14, 13
7, 10, 11, 12
15, 9
10, 8, 6, 4, 5
1, 2, 3, 6, 8
7, 15, 8
11.2453 79 31.5717
14, 13, 10
7, 10, 11, 12
15, 9
10, 8, 6, 4, 5
1, 2, 3, 6, 8
7, 15, 8
11.0238 85 33.2166
10, 14, 13
7, 10, 11, 12
15, 9
10, 8, 6, 4, 5
1, 2, 3, 6, 8, 10
7, 15, 8
10.9178 90 34.6425
10, 14, 13
7, 10, 11, 12
15, 9
10, 8, 6, 4, 5
1, 2, 3, 6, 8, 10, 11
7, 15, 8
12.6969 63 27.7878
14, 13
1, 2, 3, 6, 8, 15
5, 4, 2
4, 12
9, 15, 7
13, 11, 10, 7
