12.2633 69 57.6527
2, 4
9, 15, 7
12, 11, 13, 14
2, 1
14, 10, 8, 6, 3, 2, 5
15, 8
11.2132 87 71.8426
3, 2, 4, 6, 8, 10
9, 15, 7, 10, 11, 13
4, 12
14, 13
2, 5
10, 8, 6, 3, 2, 1
11.0719 97 79.8144
4, 2
9, 15, 7, 10, 8, 6, 4
5, 4
12, 11, 13, 14
1, 2, 5
1, 2, 3, 6, 8, 10, 11
11.3866 77 63.8773
4, 2
9, 15, 7, 10
5, 4
12, 11, 13, 14
1, 2
1, 2, 3, 6, 8, 10, 11
11.1233 91 75.0247
4, 2
9, 15, 7, 10, 8, 6, 4
5, 4
12, 11, 13, 14
1, 2
1, 2, 3, 6, 8, 10, 11
11.0912 93 76.6182
4, 2, 3
9, 15, 7, 10, 8, 6, 4
5, 4
12, 11, 13, 14
1, 2
1, 2, 3, 6, 8, 10, 11
11.0141 113 92.6028
4, 2, 3
9, 15, 7, 10, 8, 6, 4
5, 4
12, 11, 13, 14
1, 2, 5, 4, 12
1, 2, 3, 6, 8, 10, 11
11.1297 90 74.2259
2, 3
9, 15, 7, 10, 8, 6, 4
5, 4
12, 11, 13, 14
1, 2
1, 2, 3, 6, 8, 10, 11
11.2935 83 68.6587
6, 4, 2, 3
9, 15, 7, 10
5, 4
12, 11, 13, 14
1, 2
1, 2, 3, 6, 8, 10, 11
11.332 78 64.6664
6, 4
9, 15, 7, 10
5, 4
12, 11, 13, 14
1, 2
1, 2, 3, 6, 8, 10, 11
11.3256 81 67.0651
6, 4, 2
9, 15, 7, 10
5, 4
12, 11, 13, 14
1, 2
1, 2, 3, 6, 8, 10, 11
11.0784 96 79.0157
2, 3
9, 15, 7, 10, 8, 6, 4
5, 4
12, 11, 13, 14
1, 2, 5
1, 2, 3, 6, 8, 10, 11
13.3616 63 53.0723
2, 4, 12
5, 4
9, 15
14, 13, 11, 10, 7
7, 15, 8, 6, 3
3, 2, 1
11.0398 99 81.408
4, 2, 3
9, 15, 7, 10, 8, 6, 4
5, 4
12, 11, 13, 14
1, 2, 5
1, 2, 3, 6, 8, 10, 11
13.1689 64 53.8338
1, 2, 4, 5
6, 8, 15
9, 15, 7
8, 10, 11, 12
11, 13, 14
6, 3, 2
11.5536 71 59.1107
1, 2, 3, 6, 8, 10
6, 15
7, 15
10, 14, 13, 11, 12
6, 4, 5
7, 15, 9
12.6134 66 55.3227
9, 15, 7, 10, 11
1, 2, 3, 6, 8
8, 15
10, 14, 13
5, 4
2, 4, 12
12.5716 68 56.9143
9, 15, 7, 10, 11
1, 2, 3, 6, 8
8, 15
14, 13, 10
5, 4
2, 4, 12
10.9724 127 103.794
6, 4, 2, 3
9, 15, 7, 10, 8, 6, 4
5, 4
12, 11, 13, 14
1, 2, 5, 4, 12, 11, 10
1, 2, 3, 6, 8, 10
11.4605 76 63.0921
13, 14
10, 7, 15
9, 15
1, 2, 3, 6, 8, 10, 11
4, 5
4, 12, 11, 13
