12.4014 69 23.7211
13, 10, 11, 12
6, 4
1, 2, 3, 6, 8, 15
4, 5
14, 13
10, 7, 15, 9
10.9595 89 26.5676
9, 15, 7
1, 2
12, 11, 10, 8, 6, 4, 5
1, 2, 3, 6, 8, 10, 14
13, 11
15, 8
11.5472 70 23.2378
7, 10, 8, 6, 4, 5
15, 9
7, 15
11, 13, 14
12, 11, 10
6, 3, 2, 1
12.5748 64 22.8599
1, 2, 3, 6, 8
8, 15
8, 10, 11, 12
5, 4, 2
11, 13, 14
9, 15, 7
11.2261 73 23.5809
9, 15, 7
3, 2
12, 11, 10, 8, 6, 4, 5
14, 13, 11
8, 6, 3, 2, 1
3, 6, 15
11.1875 76 24.15
9, 15, 7
3, 2, 4
12, 11, 10, 8, 6, 4, 5
14, 13, 11
8, 6, 3, 2, 1
3, 6, 15
11.1586 84 25.7269
9, 15, 7
3, 2, 4
12, 11, 10, 8, 6, 4, 5
14, 13, 11
8, 6, 3, 2, 1
3, 6, 15, 9
