11.8426 67 33.9056
5, 4, 2
1, 2, 3, 6
10, 14, 13
8, 15
9, 15, 7
6, 8, 10, 11, 12
11.5601 68 34.136
5, 4
1, 2, 3, 6
10, 14, 13
8, 15
9, 15, 7
4, 6, 8, 10, 11, 12
11.3899 70 34.8339
5, 4
1, 2, 3, 6, 8
10, 14, 13
8, 15
9, 15, 7
4, 6, 8, 10, 11, 12
11.3577 72 35.6146
5, 4
1, 2, 3, 6, 8
14, 13, 10
8, 15
9, 15, 7
4, 6, 8, 10, 11, 12
11.3513 75 36.8108
5, 4, 2
1, 2, 3, 6, 8
14, 13, 10
8, 15
9, 15, 7
4, 6, 8, 10, 11, 12
11.0816 90 42.6489
2, 5, 4, 6
1, 2, 3, 6, 8, 10
14, 13, 10
8, 15
9, 15, 7
4, 6, 8, 10, 11, 12
11.1329 81 39.0798
5, 4, 2
1, 2, 3, 6, 8, 10
10, 14, 13
8, 15
9, 15, 7
4, 6, 8, 10, 11, 12
11.1394 78 37.8836
5, 4
1, 2, 3, 6, 8, 10
10, 14, 13
8, 15
9, 15, 7
4, 6, 8, 10, 11, 12
11.1362 80 38.6817
5, 4
1, 2, 3, 6, 8, 10
14, 13, 10
8, 15
9, 15, 7
4, 6, 8, 10, 11, 12
11.1297 83 39.8778
5, 4, 2
1, 2, 3, 6, 8, 10
14, 13, 10
8, 15
9, 15, 7
4, 6, 8, 10, 11, 12
11.0848 88 41.8509
2, 5, 4, 6
1, 2, 3, 6, 8, 10
10, 14, 13
8, 15
9, 15, 7
4, 6, 8, 10, 11, 12
12.6776 64 33.2066
2, 4
7, 15
1, 2, 3, 6, 8
11, 13, 14
12, 11, 10, 8, 15, 9
5, 4
11.2967 77 37.578
15, 9
1, 2, 3, 6, 8, 10
7, 10, 14, 13
8, 15, 7
10, 11, 12
8, 6, 4, 5
10.9274 100 46.5565
13, 14, 10, 11, 12
10, 8, 6, 4, 5
9, 15, 7, 10
11, 10
13, 10, 8, 6, 3, 2, 1
14, 13
10.9242 108 49.7545
13, 14, 10, 11, 12
10, 8, 6, 4, 5
9, 15, 7, 10, 14
11, 10
13, 10, 8, 6, 3, 2, 1
14, 13
