12.6776 64 33.2066
11.8426 67 33.9056
11.5601 68 34.136
12.5941 67 34.3565
11.8394 69 34.7037
12.0161 69 34.8096
11.3899 70 34.8339
12.1285 69 34.8771
11.5568 70 34.9341
11.3577 72 35.6146
11.3834 73 36.0301
11.5504 73 36.1303
11.3674 74 36.4204
11.3513 75 36.8108
11.3931 75 36.8358
11.3899 76 37.2339
11.2967 77 37.578
11.361 77 37.6166
11.1394 78 37.8836
11.3577 78 38.0146
11.1362 80 38.6817
11.1329 81 39.0798
11.3513 81 39.2108
11.1297 83 39.8778
11.1394 85 40.6836
11.1362 86 41.0817
11.1426 86 41.0856
11.0848 88 41.8509
11.1362 89 42.2817
11.0816 90 42.6489
11.3545 90 42.8127
11.3513 96 45.2108
11.2807 102 47.5684
11.0302 106 49.0181
11.0013 111 51.0008
10.9274 132 59.3565
13.5992 95 46.1595
13.718 100 48.2308
13.0308 125 57.8185
13.5896 85 42.1538
12.7996 95 45.6798
13.9525 96 46.7715
13.352 99 47.6112
13.3969 117 54.8382
12.5299 99 47.1179
13.1336 85 41.8802
11.5954 114 52.5572
12.7547 99 47.2528
13.5832 77 38.9499
13.1143 95 45.8686
13.124 129 59.4744
12.8703 97 46.5222
12.3918 89 43.0351
13.1175 101 48.2705
12.395 102 48.237
14.0617 93 45.637
11.8619 96 45.5172
13.185 107 50.711
12.8028 149 67.2817
13.2556 84 41.5534
12.3243 106 49.7946
13.7084 101 48.625
11.4252 112 51.6551
12.8221 90 43.6933
12.9505 98 46.9703
12.183 94 44.9098
