12.6776 64 48.6033
12.6134 66 49.984
12.5716 68 51.3715
12.0835 69 51.925
11.5536 71 53.1661
11.5376 72 53.8613
11.8587 72 53.9576
11.4701 73 54.541
11.3064 75 55.8919
11.4766 76 56.643
11.4733 78 58.042
11.2742 80 59.3823
11.149 86 63.5447
11.2742 86 63.5823
11.4541 88 65.0362
11.1426 89 65.6428
11.3096 93 68.4929
11.4284 97 71.3285
11.0495 101 74.0148
11.332 101 74.0996
11.4669 101 74.1401
11.2518 103 75.4755
11.0013 111 81.0004
10.9274 132 95.6782
12.0674 126 91.8202
13.9846 79 59.4954
12.2184 95 70.1655
13.2042 106 78.1613
13.2171 87 64.8651
12.228 128 93.2684
13.3744 106 78.2123
11.9711 92 67.9913
12.3019 94 69.4906
12.9249 83 61.9775
13.7405 108 79.7222
12.5941 101 74.4782
12.8831 105 77.3649
12.4143 102 75.1243
13.0244 91 67.6073
11.9422 111 81.2827
12.4399 108 79.332
12.1606 123 89.7482
12.5074 86 63.9522
12.5395 116 84.9618
12.5556 115 84.2667
12.639 101 74.4917
13.3841 95 70.5152
11.833 86 63.7499
12.5909 89 66.0773
12.851 81 60.5553
14.3314 101 74.9994
13.4547 98 72.6364
14.4053 96 71.5216
12.1895 101 74.3568
