13.0662 63 58.0066
12.9891 64 58.8989
12.6326 65 59.7633
12.5459 67 61.5546
12.1285 69 63.3128
11.5472 70 64.1547
11.483 73 66.8483
11.2967 77 70.4297
11.544 77 70.4544
11.4188 79 72.2419
11.21 81 74.021
11.4958 83 75.8496
11.2486 85 77.6249
11.4155 87 79.4416
10.9917 88 80.2992
10.982 90 82.0982
10.9563 97 88.3956
10.9499 105 95.595
10.9371 109 99.1937
10.9242 133 120.792
10.8985 150 136.09
13.6442 103 94.0644
13.4451 93 85.0445
13.4162 110 100.342
11.4509 129 117.245
11.8651 116 105.587
13.7726 83 76.0773
12.2665 96 87.6266
12.8189 89 81.3819
13.0148 109 99.4015
13.1785 96 87.7178
13.6249 102 93.1625
12.5877 99 90.3588
13.3712 104 94.9371
13.4451 106 96.7445
13.7919 104 94.9792
12.5267 105 95.7527
12.395 101 92.1395
12.6647 151 137.166
12.5684 118 107.457
12.7996 105 95.78
13.0373 103 94.0037
14.0841 74 68.0084
11.8651 96 87.5865
12.4335 101 92.1433
12.639 96 87.6639
12.2794 121 110.128
13.2845 88 80.5285
12.7514 148 134.475
11.8298 94 85.783
13.4965 96 87.7496
