13.5767 63 38.2884
12.6134 66 39.3067
11.9518 67 39.4759
11.6179 68 39.8089
11.5472 70 40.7736
11.3256 73 42.1628
11.3064 75 43.1532
11.2293 76 43.6146
11.0559 83 47.0279
11.0238 85 48.0119
11.0238 87 49.0119
10.9499 88 49.475
10.9178 90 50.4589
10.9499 90 50.475
10.9114 99 54.9557
10.8985 143 76.9493
13.9589 86 49.9794
12.684 87 49.842
13.1336 91 52.0668
12.7643 99 55.8821
12.4303 88 50.2152
11.9936 102 56.9968
12.7547 108 60.3773
11.9743 125 68.4872
12.0771 109 60.5385
13.2877 110 61.6439
12.1766 142 77.0883
12.6519 84 48.3259
13.1689 87 50.0845
13.0437 132 72.5218
14.9319 88 51.466
13.8882 78 45.9441
13.2749 85 49.1374
13.8818 117 65.4409
12.8542 109 60.9271
13.1047 96 54.5523
14.0617 97 55.5308
13.2556 91 52.1278
13.0822 98 55.5411
13.0918 89 51.0459
12.5973 114 63.2987
12.4143 81 46.7071
12.5042 89 50.7521
13.429 84 48.7145
13.8497 107 60.4249
13.2364 109 61.1182
