13.018 63 53.0036
12.6134 66 55.3227
11.8362 67 55.9672
11.939 67 55.9878
11.8298 70 58.366
11.5536 71 59.1107
11.5472 75 62.3094
11.4605 76 63.0921
11.3866 77 63.8773
11.332 78 64.6664
11.3256 81 67.0651
11.2935 83 68.6587
11.3256 84 69.4651
11.3031 85 70.2606
11.2132 87 71.8426
11.1297 90 74.2259
11.1233 91 75.0247
11.0912 93 76.6182
11.0784 96 79.0157
11.0719 97 79.8144
11.0398 99 81.408
11.0141 113 92.6028
10.9981 121 98.9996
10.9852 124 101.397
10.9724 127 103.794
10.8536 131 106.971
12.6487 111 91.3297
12.5845 103 84.9169
13.1561 109 89.8312
12.9152 85 70.583
11.2389 106 87.0478
12.8125 80 66.5625
12.7482 95 78.5496
14.6236 85 70.9247
13.2781 101 83.4556
12.2055 144 117.641
12.5748 96 79.315
12.3404 96 79.2681
13.4965 82 68.2993
12.623 82 68.1246
13.8915 94 77.9783
11.9133 100 82.3827
13.7791 109 89.9558
12.9634 94 77.7927
13.3359 132 108.267
11.6082 109 89.5217
12.4239 117 96.0848
11.377 111 91.0754
13.2492 110 90.6498
13.6474 87 72.3295
12.1991 104 85.6398
13.3584 94 77.8717
14.7136 72 60.5427
13.9525 86 71.5905
13.6249 116 95.525
13.3809 103 85.0762
