11.2742 77 17.8468
13, 14, 10, 8, 6, 4, 5
7, 15, 9
10, 11, 12
8, 15
15, 8, 6, 3, 2, 1
4, 2, 3
11.3064 75 17.6757
13, 14, 10, 8, 6, 4, 5
7, 15, 9
10, 11, 12
8, 15
15, 8, 6, 3, 2, 1
4, 2
12.1638 67 17.6474
7, 15
14, 13, 11, 10
9, 15
2, 3, 6, 8, 10
8, 15
1, 2, 5, 4, 12
11.0462 86 18.5416
14, 13
7, 15, 8, 6, 4, 5
9, 15, 7, 10, 11, 12
11, 10, 8, 6, 3, 2, 1
8, 6
14, 10
11.0366 91 19.0329
14, 13, 11
7, 15, 8, 6, 4, 5
9, 15, 7, 10, 11, 12
11, 10, 8, 6, 3, 2, 1
8, 6
14, 10
11.0173 96 19.5156
14, 13
7, 15, 8, 6, 4, 5
9, 15, 7, 10, 11, 12, 4
11, 10, 8, 6, 3, 2, 1
8, 6
14, 10
11.1586 84 18.4428
9, 15, 7
10, 8, 6, 4, 5
14, 13, 11, 12, 4
10, 8, 6, 3, 2, 1
7, 15
7, 15, 8
11.1201 85 18.5081
9, 15, 7
10, 8, 6, 4, 5
14, 13, 11, 12, 4
10, 8, 6, 3, 2, 1
7, 15
7, 15, 6
11.3802 71 17.3422
12, 11, 10, 8, 6, 4, 5
9, 15
1, 2, 3, 6
3, 6, 15, 7
6, 8
11, 13, 14
11.6211 68 17.259
12, 11, 10, 8, 6, 4, 5
9, 15
1, 2, 3
3, 6, 15, 7
6, 8
11, 13, 14
11.1908 82 18.2717
9, 15, 7
10, 8, 6, 4, 5
14, 13, 11, 12, 4
10, 8, 6, 3, 2, 1
7, 15
15, 8
10.876 99 19.6884
5, 4, 6, 8, 10, 11, 12
14, 13
9, 15
9, 15
9, 15, 7, 10, 14
1, 2, 3, 6, 8, 10
10.8311 104 20.148
5, 4, 6, 8, 10, 11, 12
14, 13
9, 15
9, 15
9, 15, 7, 10, 14
1, 2, 3, 6, 8, 10, 11
13.0597 64 18.1538
6, 8, 15, 7, 10
15, 9
12, 11, 13, 14
1, 2, 3, 6
6, 4, 5
10, 11
12.7547 66 18.0792
7, 15, 8, 6, 3, 2, 1
5, 4, 12
15, 9
8, 10
3, 2, 4
14, 13, 11, 10
