12.851 66 60.6851
11.3385 67 61.4338
11.3385 67 61.4338
11.2935 77 70.4293
11.4252 86 78.5425
11.3288 88 80.3329
11.3288 90 82.1329
11.3385 67 61.4338
11.3288 88 80.3329
11.3385 67 61.4338
11.3385 67 61.4338
11.3288 88 80.3329
11.3385 67 61.4338
11.4252 86 78.5425
11.2389 74 67.7239
11.3385 67 61.4338
11.2421 90 82.1242
11.3385 67 61.4338
12.851 66 60.6851
11.3385 67 61.4338
11.3385 67 61.4338
11.0013 98 89.3001
11.3385 67 61.4338
11.2164 88 80.3216
11.3385 67 61.4338
12.851 66 60.6851
12.6872 64 58.8687
11.2421 92 83.9242
11.4252 84 76.7425
11.4252 86 78.5425
11.3385 67 61.4338
11.0013 98 89.3001
11.3385 67 61.4338
11.3385 67 61.4338
12.6872 64 58.8687
11.3385 67 61.4338
11.3385 67 61.4338
11.3385 67 61.4338
11.3385 67 61.4338
12.851 66 60.6851
11.3385 67 61.4338
11.4252 84 76.7425
11.3385 67 61.4338
11.3385 67 61.4338
12.6872 64 58.8687
11.3385 67 61.4338
11.3385 67 61.4338
11.4252 84 76.7425
11.3192 90 82.1319
11.3385 67 61.4338
12.851 66 60.6851
12.6872 64 58.8687
11.3385 67 61.4338
11.3385 67 61.4338
11.4252 86 78.5425
11.3385 67 61.4338
12.851 66 60.6851
11.3385 67 61.4338
12.851 66 60.6851
11.4252 86 78.5425
11.3288 90 82.1329
11.0013 98 89.3001
11.3385 67 61.4338
12.6872 64 58.8687
11.3385 67 61.4338
11.4252 86 78.5425
12.6872 64 58.8687
11.3385 67 61.4338
11.4252 86 78.5425
11.2935 77 70.4293
11.3385 67 61.4338
11.4252 86 78.5425
11.2421 90 82.1242
11.3385 67 61.4338
11.4252 84 76.7425
11.4252 86 78.5425
11.0013 98 89.3001
11.2164 88 80.3216
11.3385 67 61.4338
11.2935 77 70.4293
10.9017 103 93.7902
11.3385 67 61.4338
11.4252 86 78.5425
11.4252 84 76.7425
11.3385 67 61.4338
11.3385 67 61.4338
11.4252 86 78.5425
11.3385 67 61.4338
11.4252 86 78.5425
11.4252 86 78.5425
11.0013 98 89.3001
11.3385 67 61.4338
11.4252 86 78.5425
12.6872 64 58.8687
11.3385 67 61.4338
11.4252 84 76.7425
11.3385 67 61.4338
12.6872 64 58.8687
11.3385 67 61.4338
11.2421 90 82.1242
11.3385 67 61.4338
12.851 66 60.6851
11.3385 67 61.4338
12.851 66 60.6851
11.3385 67 61.4338
11.3288 88 80.3329
11.4252 86 78.5425
11.3385 67 61.4338
11.3385 67 61.4338
11.4252 84 76.7425
11.3931 88 80.3393
11.3385 67 61.4338
11.2421 90 82.1242
11.3385 67 61.4338
11.4252 86 78.5425
11.0013 98 89.3001
11.3385 67 61.4338
11.3385 67 61.4338
11.3385 67 61.4338
11.4252 84 76.7425
11.4252 86 78.5425
11.4252 86 78.5425
11.3288 90 82.1329
11.2421 90 82.1242
11.4252 86 78.5425
10.9017 103 93.7902
11.4252 86 78.5425
11.4252 86 78.5425
11.4252 86 78.5425
11.3385 67 61.4338
11.3385 67 61.4338
11.0013 98 89.3001
11.3385 67 61.4338
11.3385 67 61.4338
11.3385 67 61.4338
11.4252 84 76.7425
11.3385 67 61.4338
11.0013 98 89.3001
11.3385 67 61.4338
11.4252 86 78.5425
11.4252 86 78.5425
11.3288 88 80.3329
11.2389 74 67.7239
11.2389 74 67.7239
12.851 66 60.6851
11.3385 67 61.4338
11.3385 67 61.4338
11.3385 67 61.4338
12.6872 64 58.8687
11.3385 67 61.4338
