11.4123 71 23.3299
15, 6, 4, 5
9, 15, 7
1, 2, 3, 6, 8, 10
7, 15
13, 14, 10
10, 11, 12
11.2807 80 25.0245
15, 6, 4, 5
9, 15, 7, 10, 11, 13
1, 2, 3, 6, 8, 10
7, 15
13, 14
10, 11, 12
11.5247 69 23.0198
15, 6, 4, 5
9, 15
1, 2, 3, 6, 8, 10
7, 15
13, 14, 10
10, 11, 12
11.2486 85 25.9988
15, 6, 4, 5
9, 15, 7, 10, 11
1, 2, 3, 6, 8, 10
7, 15, 8
13, 14, 10
10, 11, 12
11.3064 72 23.4451
14, 13, 11
1, 2, 3, 6, 8, 10
14, 13
9, 15, 7, 10
6, 4, 5
12, 11, 10
11.2614 82 25.4091
14, 13, 11, 12
1, 2, 3, 6, 8, 10
14, 13
9, 15, 7, 10
6, 4, 5
12, 11, 10
12.0739 64 22.4591
2, 4, 5
2, 3, 6, 8, 10, 11
12, 11, 13, 14
8, 15, 9
15, 7
2, 1
11.043 90 26.8344
9, 15
7, 10, 8, 6, 3, 2, 1
7, 15
13, 14
7, 10, 11, 12
14, 10, 8, 6, 4, 5
11.2197 88 26.5757
4, 5
12, 11, 10, 13, 14
9, 15, 7, 10
11, 10, 8, 6, 3, 2, 1
2, 4, 6
11, 10
11.0013 98 28.401
11, 13
4, 12, 11, 10, 7
2, 3
5, 4, 6, 8, 10
7, 15, 9
14, 10, 8, 6, 3, 2, 1
10.9017 103 29.3214
11, 13
4, 12, 11, 10, 7
2, 3
5, 4, 6, 8, 10, 11
7, 15, 9
14, 10, 8, 6, 3, 2, 1
10.9917 100 28.7933
11, 13, 14
4, 12, 11, 10, 7
2, 3
5, 4, 6, 8, 10
7, 15, 9
14, 10, 8, 6, 3, 2, 1
10.8921 105 29.7137
11, 13, 14
4, 12, 11, 10, 7
2, 3
5, 4, 6, 8, 10, 11
7, 15, 9
14, 10, 8, 6, 3, 2, 1
10.9692 102 29.1753
11, 13
4, 12, 11, 10, 7, 15, 8
2, 3
5, 4, 6, 8, 10
7, 15, 9
14, 10, 8, 6, 3, 2, 1
10.86 121 32.888
9, 15, 7, 10, 11
14, 13
11, 13, 10, 8, 6, 4, 5
5, 2
13, 10, 8, 6, 3, 2, 1
15, 8, 10, 11, 12
10.8696 107 30.0957
11, 13
4, 12, 11, 10, 7, 15, 8
2, 3
5, 4, 6, 8, 10, 11
7, 15, 9
14, 10, 8, 6, 3, 2, 1
10.8504 126 33.8803
9, 15, 7, 10, 11
14, 13, 11
11, 13, 10, 8, 6, 4, 5
5, 2
13, 10, 8, 6, 3, 2, 1
15, 8, 10, 11, 12
10.8311 131 34.8649
9, 15, 7, 10, 11
14, 13
11, 13, 10, 8, 6, 4, 5
5, 2
13, 10, 8, 6, 3, 2, 1
15, 8, 10, 11, 12, 4
