11.7206 69 46.0882
1, 2, 3, 6, 8, 10
10, 11, 13, 14
7, 15
9, 15, 8
12, 4, 5, 2
3, 2
11.194 97 62.6776
13, 14, 10
15, 8, 6, 3, 2, 1
7, 10, 11, 12
10, 8, 6, 4, 5
11, 10, 7, 15, 9
1, 2
11.1651 99 63.866
10, 13, 14
15, 8, 6, 3, 2, 1
7, 10, 11, 12
10, 8, 6, 4, 5
11, 10, 7, 15, 9
1, 2
10.9114 118 75.1646
4, 12, 11, 10, 7, 15, 9
11, 13
7, 10, 8, 6, 3, 2, 1
1, 2
7, 10, 14
10, 8, 6, 4, 5
11.1105 101 65.0442
13, 10, 8, 6, 3, 2, 1
9, 15, 7, 10, 11, 12
7, 10
14, 10
7, 15, 6, 4, 5
2, 1
11.4541 75 49.5816
9, 15
10, 7, 15, 6, 4
1, 2, 3, 6, 8, 10, 11
13, 14
2, 5
13, 11, 12
11.3288 78 51.3315
9, 15
10, 14, 13
1, 2, 3, 6, 8, 10
8, 15
5, 4
4, 6, 15, 7, 10, 11, 12
12.0739 64 43.2295
2, 4, 5
2, 3, 6, 8, 10, 11
12, 11, 13, 14
8, 15, 9
15, 7
2, 1
11.3834 76 50.1534
4, 12
12, 11
4, 5
14, 13, 11
11, 10, 8, 6, 3, 2, 1
9, 15, 7, 10
11.2229 81 53.0891
4, 12
12, 11, 10
4, 5
14, 13, 11
11, 10, 8, 6, 3, 2, 1
9, 15, 7, 10
