689.226
716.082
716.082
718.324
719.351
721.651
726.358
727.916
729.862
729.862
729.862
729.862
729.862
729.862
729.862
729.862
729.862
729.862
729.862
729.862
729.862
729.862
729.862
729.862
729.862
729.862
729.862
742.554
742.554
742.554
742.554
742.554
743.248
743.248
743.248
743.248
743.248
743.248
743.248
743.248
743.248
743.248
743.248
743.248
743.248
744.195
747.513
753.99
756.164
756.218
756.315
756.372
756.372
756.372
756.372
757.06
757.06
757.06
757.06
757.06
766.167
766.167
766.167
766.167
766.167
766.167
766.167
766.167
766.167
766.167
766.167
766.167
766.167
766.167
766.167
766.167
766.167
766.167
766.167
766.167
766.167
766.167
766.167
766.167
766.167
766.167
766.167
766.167
766.167
766.167
766.167
766.167
766.167
766.167
766.167
766.167
766.167
766.167
766.167
766.167
766.167
766.167
766.167
766.167
766.167
766.167
766.167
766.167
766.167
766.167
766.167
766.173
766.173
766.173
766.173
766.173
766.173
766.173
766.173
766.173
766.173
766.173
766.173
766.173
766.173
766.173
766.173
770.197
772.092
773.238
773.466
773.466
773.466
773.466
773.466
773.466
773.466
773.466
773.466
773.466
773.466
773.466
773.466
773.466
773.466
773.466
773.466
773.466
773.466
773.466
773.466
773.466
773.466
773.466
773.466
773.466
773.466
773.466
773.466
773.466
773.466
773.466
773.466
773.466
773.466
773.466
773.466
773.466
773.466
773.466
773.466
773.466
773.466
773.466
773.466
773.466
773.466
773.466
773.466
773.466
773.466
773.466
773.466
773.466
773.466
773.466
773.466
773.466
773.466
773.466
773.466
773.466
773.466
773.466
773.466
773.466
773.466
773.466
773.466
773.466
773.466
773.951
774.009
774.009
774.009
774.009
774.009
774.009
774.009
774.009
774.009
774.009
774.009
774.009
774.009
774.009
774.009
774.009
774.009
774.009
774.009
774.009
774.009
774.009
774.009
774.009
774.009
774.009
774.009
774.009
774.009
774.009
774.009
774.009
774.009
774.009
774.009
774.009
774.009
774.009
774.009
774.009
774.009
784.209
784.209
784.209
784.209
784.209
784.209
784.209
784.209
784.209
784.209
784.209
784.209
784.209
784.209
784.209
784.209
784.209
784.209
784.209
784.209
784.209
784.209
784.209
784.209
784.209
787.32
787.32
787.32
787.32
787.32
787.32
787.32
787.32
787.32
787.32
787.32
787.32
787.32
787.32
787.32
787.32
787.32
789.382
798.419
802.658
802.658
802.658
802.658
802.658
802.658
802.658
802.658
802.658
802.658
802.658
802.658
802.658
802.658
802.658
802.658
802.658
802.658
802.658
802.658
802.658
802.658
802.658
802.658
802.658
802.658
802.658
802.658
802.658
802.658
802.658
802.658
802.658
802.658
802.658
802.658
802.658
802.658
802.658
802.658
802.658
802.658
802.658
802.658
802.658
802.658
802.658
802.658
802.658
802.658
802.658
802.658
802.658
802.658
802.658
802.658
802.658
802.658
802.658
802.658
802.658
802.658
802.658
802.658
802.658
802.658
802.658
802.658
802.658
802.658
802.658
802.658
802.658
802.658
802.658
802.658
802.658
802.658
802.658
802.658
802.658
802.658
802.658
802.658
802.658
802.658
802.658
802.658
802.658
802.658
802.658
802.658
802.658
802.658
802.658
802.658
802.658
802.658
802.658
802.658
802.658
802.658
802.658
802.658
802.658
802.658
802.658
802.658
802.658
802.658
802.658
802.658
802.658
802.658
802.658
802.658
802.658
802.658
802.658
802.658
802.658
802.658
802.658
802.658
802.658
802.658
802.658
802.658
802.658
802.658
802.658
802.658
802.658
802.658
802.658
802.658
802.658
802.658
802.658
802.658
802.658
802.658
802.658
802.658
802.658
802.658
802.658
802.658
802.658
802.658
802.658
802.658
802.658
802.658
802.658
802.658
802.658
802.658
802.658
802.658
802.658
802.658
802.658
802.658
802.658
802.658
802.658
802.658
802.658
802.658
802.658
802.658
802.658
802.658
802.658
802.658
802.658
802.658
802.658
802.658
802.658
802.658
802.658
802.658
802.658
802.658
802.658
802.658
802.658
802.658
802.658
802.658
802.658
802.658
802.658
802.658
802.658
802.658
802.658
802.658
802.658
802.658
802.658
802.658
802.658
802.658
802.658
802.658
802.658
802.658
802.658
802.658
802.658
802.658
802.658
802.658
802.658
802.658
802.658
802.658
802.658
802.658
802.658
802.658
802.658
802.658
802.658
802.658
802.658
802.658
802.658
802.658
802.658
802.658
802.658
802.658
802.658
802.658
802.658
802.658
802.658
802.658
802.658
802.658
802.658
802.658
802.658
802.658
802.658
802.658
802.658
802.658
802.658
802.658
802.658
802.658
802.658
802.658
802.658
802.658
802.658
802.658
802.658
802.658
802.658
802.658
802.658
802.658
802.658
802.658
802.658
802.658
802.658
802.658
802.658
802.658
802.658
802.658
802.658
802.658
802.658
802.658
802.658
802.658
802.658
802.658
802.658
802.658
802.658
802.658
802.658
802.658
802.658
802.658
802.658
802.658
802.658
802.658
802.658
802.658
802.658
802.658
802.658
802.658
802.658
802.658
802.658
802.658
802.658
802.658
802.658
802.658
802.658
802.658
802.658
802.658
802.658
802.658
802.658
802.658
802.658
802.658
802.658
802.658
802.658
802.658
802.658
802.658
802.658
802.658
802.658
802.658
802.658
802.658
802.658
802.658
802.658
802.658
802.658
802.658
802.658
802.658
802.658
802.658
802.658
802.658
802.658
802.658
802.658
802.658
802.658
802.658
802.658
802.658
802.658
802.658
802.658
802.658
802.658
802.658
802.658
802.658
802.658
802.658
802.658
802.658
802.658
802.658
802.658
802.658
802.658
802.658
802.658
802.658
802.658
802.658
802.658
802.658
802.658
802.658
802.658
802.658
802.658
802.658
802.658
802.658
802.658
802.658
802.658
802.658
802.658
802.658
802.658
802.658
802.658
802.658
802.658
802.658
802.658
802.658
802.658
802.658
802.658
802.658
802.658
802.658
802.658
802.658
802.658
802.658
802.658
802.658
802.658
802.658
802.658
802.658
802.658
802.658
802.658
802.658
802.658
802.658
802.658
802.658
802.658
802.658
802.658
802.658
802.658
802.658
802.658
802.658
802.658
802.658
802.658
802.658
802.658
802.658
802.658
802.658
802.658
802.658
802.658
802.658
802.658
802.658
802.658
802.658
802.658
802.658
802.658
802.658
802.658
802.658
802.658
802.658
802.658
802.658
802.658
802.658
802.658
802.658
802.658
802.658
802.658
802.658
802.658
802.658
802.658
802.658
802.658
802.658
802.658
802.658
802.658
802.658
802.658
802.658
802.658
802.658
802.658
802.715
803.127
803.127
803.127
803.127
803.127
803.127
803.127
803.127
803.127
803.127
803.127
803.127
803.127
803.127
803.127
803.127
803.127
803.127
803.127
803.127
803.127
803.127
803.127
803.127
803.127
803.127
803.127
803.127
803.127
803.127
803.127
803.127
803.127
803.127
803.127
803.127
803.127
803.127
803.127
803.127
803.127
803.127
803.127
803.127
803.127
803.127
803.127
803.127
803.127
803.127
803.127
803.127
803.127
803.127
803.127
803.127
803.127
803.127
803.127
803.127
803.127
803.127
803.127
803.127
803.127
803.127
803.127
803.127
803.127
803.127
803.127
803.127
803.127
803.127
803.127
803.127
803.127
803.127
803.127
803.127
803.127
803.127
803.127
803.127
803.127
803.127
803.127
803.127
803.127
803.127
803.127
803.127
803.127
803.127
803.127
803.127
803.127
803.127
803.127
803.127
803.127
803.127
803.127
803.127
803.127
803.127
803.127
803.127
803.127
803.127
803.127
803.127
803.127
803.127
803.127
803.127
803.127
803.127
803.127
803.127
803.127
803.127
803.127
803.127
803.127
803.127
803.127
803.127
803.127
803.127
803.127
803.127
803.127
803.127
803.127
803.127
803.127
803.127
803.127
803.127
803.127
803.127
803.127
803.127
804.825
804.825
804.825
804.825
804.825
804.825
804.825
804.825
804.825
804.825
804.825
804.825
804.825
804.825
804.825
804.825
805.962
805.962
805.962
805.962
805.962
805.962
805.962
805.962
805.962
805.962
805.962
805.962
805.962
805.962
805.962
805.962
805.962
805.962
805.962
805.962
805.962
805.962
805.962
805.962
805.962
805.962
805.962
805.962
805.962
805.962
805.962
805.962
805.962
805.962
805.962
805.962
805.962
805.962
805.962
805.962
805.962
805.962
805.962
805.962
805.962
805.962
805.962
805.962
805.962
805.962
805.962
806.01
806.01
806.01
806.01
806.01
806.01
806.01
806.01
806.01
806.01
806.01
806.01
806.01
806.01
806.01
806.01
806.01
806.01
806.01
806.01
806.01
806.01
806.01
806.01
806.01
806.01
806.01
806.01
806.01
806.01
806.01
806.033
806.033
806.033
806.033
806.033
806.033
806.033
806.033
806.033
806.033
806.033
806.033
806.033
806.033
806.033
806.033
806.033
806.033
806.033
806.033
806.033
806.033
806.033
806.033
806.033
806.033
806.033
806.033
806.033
806.033
806.033
806.033
806.033
806.033
806.033
806.033
806.033
806.033
806.033
806.033
806.033
806.033
806.033
806.033
806.033
806.033
806.033
806.033
806.033
806.033
806.033
806.033
806.033
806.033
806.033
806.033
806.033
806.033
806.033
806.033
806.033
806.033
806.033
806.033
806.033
806.033
806.033
806.033
806.033
806.033
806.033
806.033
806.033
806.033
806.033
806.033
806.033
806.033
806.033
806.033
806.033
806.033
806.033
806.033
806.033
806.033
806.033
806.033
806.033
806.033
806.033
806.033
806.033
806.033
806.033
806.033
806.033
806.033
806.033
806.033
806.033
806.033
806.033
806.033
806.033
806.033
806.033
806.033
806.033
806.033
806.033
806.033
806.033
806.033
806.033
806.033
806.033
806.033
806.033
806.033
806.033
806.033
806.033
806.033
806.033
806.033
806.033
806.033
806.033
806.033
806.033
806.033
806.033
806.033
806.033
806.033
806.033
806.033
806.033
806.033
806.033
806.033
806.033
806.033
806.033
806.033
809.372
809.372
809.372
809.372
809.372
809.687
809.687
809.687
809.687
809.687
809.687
809.687
809.687
809.687
809.687
809.687
809.687
809.687
809.687
809.687
809.687
809.687
809.687
809.687
809.687
809.687
809.687
809.687
809.687
809.687
809.687
809.687
809.687
809.687
809.687
809.687
809.687
809.687
809.687
809.687
809.687
809.687
809.687
809.687
809.687
809.687
809.687
809.687
809.687
809.687
809.687
809.687
809.687
809.687
809.687
809.687
809.687
809.687
809.687
809.687
809.687
809.687
809.687
809.687
809.687
809.687
809.687
809.687
809.687
809.687
809.687
809.687
809.687
809.687
810.641
810.641
810.641
810.641
810.641
810.641
810.641
810.641
810.641
810.641
810.641
810.641
810.641
810.641
810.641
810.641
810.641
810.641
810.641
810.641
810.641
810.641
810.641
810.641
810.641
810.641
810.641
810.641
810.641
810.641
810.641
810.641
810.641
810.641
810.641
810.641
810.641
810.641
810.641
810.641
810.641
810.641
810.641
810.641
810.641
810.641
810.641
810.641
810.641
810.641
810.641
810.641
810.641
810.641
810.641
810.641
810.641
810.641
810.641
810.641
810.641
810.641
810.641
810.641
810.641
810.641
810.641
812.452
812.452
812.452
812.452
812.452
812.452
812.452
812.452
812.452
812.452
812.452
812.452
812.452
812.452
812.452
812.452
812.452
812.452
812.452
812.452
812.452
812.452
812.452
812.452
812.452
812.452
812.452
812.452
812.452
812.452
812.452
812.452
812.452
812.452
812.452
812.452
812.452
812.452
812.452
812.452
812.452
812.452
812.452
812.452
812.452
812.452
812.452
812.452
812.452
812.452
812.452
812.452
812.452
812.452
812.452
812.452
812.452
812.452
812.452
812.452
812.452
812.452
812.452
812.452
812.452
812.452
812.452
812.452
812.452
812.452
812.452
812.452
812.452
812.452
812.452
812.452
812.452
812.452
812.452
812.452
812.452
812.452
812.452
812.452
812.452
812.452
812.452
812.452
812.452
812.452
812.452
812.452
812.452
812.452
812.452
812.452
812.452
812.452
812.452
812.452
812.452
812.452
812.452
812.452
812.452
812.452
812.452
812.452
812.452
812.452
812.452
812.452
812.452
812.452
812.452
812.452
812.452
812.452
812.452
812.452
812.452
812.452
812.452
812.452
812.452
812.452
812.452
812.452
812.452
812.452
812.452
812.452
812.452
812.452
812.452
812.452
812.452
812.452
812.452
812.452
812.452
812.452
812.452
812.452
812.452
812.452
812.452
812.452
812.452
812.452
812.452
812.452
812.452
812.452
812.452
812.452
812.452
812.452
812.452
812.452
812.452
812.452
812.452
812.452
812.452
812.452
812.452
812.452
812.452
812.452
812.452
812.452
812.452
812.452
812.452
812.452
812.452
812.452
812.452
812.452
812.452
812.452
812.452
812.452
812.452
812.452
812.452
812.452
812.452
812.452
812.452
812.452
812.452
812.452
812.452
812.452
812.452
812.452
812.452
812.452
812.452
812.452
812.452
812.452
812.452
812.452
812.452
812.452
812.452
812.452
812.452
812.452
812.452
812.452
812.452
812.452
812.452
812.452
812.452
812.452
812.452
812.452
812.452
812.452
812.452
812.452
812.452
812.452
812.452
812.452
812.452
812.452
812.452
812.452
812.452
812.452
812.452
812.452
812.452
812.452
812.452
812.452
812.452
812.452
812.452
812.452
812.452
812.452
812.452
812.452
812.452
812.452
812.452
812.452
812.452
812.452
812.452
812.452
812.452
812.452
812.452
812.452
812.452
812.452
812.452
812.452
812.452
812.452
812.452
812.452
812.452
812.452
812.452
812.452
812.452
812.452
812.452
812.452
812.452
812.452
812.452
812.452
812.452
812.452
812.452
812.452
812.452
812.452
812.452
812.452
812.452
812.452
812.452
812.452
812.452
812.452
812.452
812.452
812.452
812.452
812.452
812.452
812.452
812.452
812.452
812.452
812.452
812.452
812.452
812.452
812.452
812.452
812.452
812.452
812.452
812.452
812.452
812.452
812.452
812.452
812.452
812.452
812.452
812.452
812.452
812.452
812.452
812.452
812.452
812.452
812.452
812.452
812.452
812.452
812.452
812.452
812.452
812.452
812.452
812.452
812.452
812.452
812.452
812.452
812.452
812.452
812.452
812.452
812.452
812.452
812.452
812.452
812.452
812.452
812.452
812.452
812.452
812.452
812.452
812.452
812.452
812.452
812.452
812.452
812.452
812.452
812.452
812.452
812.452
812.452
812.452
812.452
812.452
812.452
812.452
812.452
812.452
812.452
812.452
812.452
812.452
812.452
812.452
812.452
812.452
812.452
812.452
812.452
812.452
812.452
812.452
812.452
812.452
812.452
812.452
812.452
812.452
812.452
812.452
812.452
812.452
812.452
812.452
812.452
812.452
812.452
812.452
812.452
812.452
812.452
812.452
812.452
812.452
812.452
812.452
812.452
812.452
812.452
812.452
812.452
812.452
812.452
812.452
812.452
812.452
812.452
812.452
812.452
812.452
812.452
812.452
812.452
812.452
812.452
812.452
812.452
812.452
812.452
812.452
812.452
812.452
812.452
812.452
812.452
812.452
812.452
812.452
812.452
812.452
812.452
812.452
812.452
812.452
812.452
812.452
812.452
812.452
812.452
812.452
812.452
812.452
812.452
812.452
812.452
812.452
812.452
812.452
812.452
812.452
812.452
812.452
812.452
812.452
812.452
812.452
812.452
812.452
812.452
812.452
812.452
812.452
812.452
812.452
812.452
812.452
812.452
812.452
812.452
812.452
812.452
812.452
812.452
812.452
812.452
812.452
812.452
812.452
812.452
812.452
812.452
812.452
812.452
812.452
812.452
812.452
812.452
812.452
812.452
812.452
812.452
812.452
812.452
812.452
812.452
812.452
812.452
812.452
812.452
812.452
812.452
812.452
812.452
812.452
812.452
812.452
812.452
812.452
812.452
812.452
812.452
812.452
812.452
812.452
812.452
812.452
812.452
812.452
812.452
812.452
812.452
812.452
812.452
812.452
812.452
812.452
812.452
812.452
812.452
812.452
812.452
812.452
812.452
812.452
812.452
812.452
812.452
812.452
812.452
812.452
812.452
812.452
812.452
812.452
812.452
812.452
812.452
812.452
812.452
812.452
812.452
812.452
812.452
812.452
812.452
812.452
812.452
812.452
812.452
812.452
812.452
812.452
812.452
812.452
812.452
812.452
812.452
812.452
812.452
812.452
812.452
812.452
812.452
812.452
812.452
812.452
812.452
812.452
812.452
812.452
812.452
812.452
812.452
812.452
812.452
812.452
812.452
812.452
812.452
812.452
812.452
812.452
812.452
812.452
812.452
812.452
812.452
812.452
812.452
812.452
812.452
812.452
812.452
812.452
812.452
812.452
812.452
812.452
812.452
812.452
812.452
812.452
812.452
812.452
812.452
812.452
812.452
812.452
812.452
812.452
812.452
812.452
812.452
812.452
812.452
812.452
812.452
812.452
812.452
812.452
812.452
812.452
812.452
812.452
812.452
812.452
812.452
812.452
812.452
812.452
812.452
812.452
812.452
812.452
812.452
812.452
812.452
812.452
812.452
812.452
812.452
812.452
812.452
812.452
812.452
812.452
812.452
812.452
812.452
812.452
812.452
812.452
812.452
812.452
812.452
812.452
812.452
812.452
812.452
812.452
812.452
812.452
812.452
812.452
812.452
812.452
812.452
812.452
812.452
812.452
812.452
812.452
812.452
