12.167 65 38.5835
12.3308 67 39.6654
11.9872 68 39.9936
12.2184 68 40.1092
12.3597 68 40.1798
11.9807 69 40.4904
12.1606 70 41.0803
11.7303 71 41.3651
11.5665 72 41.7832
11.3096 75 43.1548
11.6211 75 43.3105
11.4412 78 44.7206
11.2261 80 45.613
11.2261 82 46.613
11.194 84 47.597
11.1875 88 49.5938
11.21 88 49.605
11.2197 88 49.6098
11.1747 90 50.5873
11.1554 92 51.5777
11.0334 94 52.5167
11.0173 98 54.5087
10.9917 109 59.9958
10.9114 118 64.4557
13.2492 105 59.1246
12.7386 106 59.3693
13.1721 94 53.5861
13.7855 92 52.8927
12.1638 92 52.0819
13.1689 98 55.5845
13.2074 90 51.6037
12.639 92 52.3195
13.0148 88 50.5074
12.4689 97 54.7344
13.5093 90 51.7547
13.6442 96 54.8221
12.9249 119 65.9624
12.6744 121 66.8372
12.4271 92 52.2136
13.185 94 53.5925
13.0822 82 47.5411
12.6808 117 64.8404
13.4483 91 52.2241
13.1689 101 57.0845
12.4689 95 53.7344
12.7225 88 50.3613
12.3308 112 62.1654
12.6744 76 44.3372
13.6153 84 48.8076
13.0886 101 57.0443
12.5491 127 69.7746
12.9538 117 64.9769
12.3757 102 57.1879
13.1496 122 67.5748
