12.167 65 38.5835
12.3308 67 39.6654
12.2184 68 40.1092
12.3597 68 40.1798
11.5665 72 41.7832
11.6211 75 43.3105
11.727 75 43.3635
11.3577 77 44.1789
11.5761 78 44.7881
11.5311 79 45.2656
11.2389 80 45.6195
11.3642 80 45.6821
11.3834 81 46.1917
11.2453 83 47.1227
11.255 86 48.6275
11.2229 91 51.1114
11.0334 94 52.5167
10.9114 118 64.4557
13.2331 90 51.6166
13.0148 103 58.0074
11.3674 121 66.1837
12.1317 106 59.0658
13.5029 99 56.2514
12.7322 128 70.3661
12.668 86 49.334
13.5029 95 54.2514
13.262 98 55.631
11.8908 112 61.9454
13.7759 95 54.3879
12.2087 98 55.1044
11.9711 88 49.9855
13.1657 96 54.5829
14.1034 94 54.0517
12.3019 105 58.6509
13.5864 83 48.2932
14.0552 120 67.0276
12.8092 97 54.9046
14.8645 104 59.4322
13.8112 86 49.9056
11.8266 117 64.4133
12.4528 100 56.2264
12.6712 86 49.3356
13.2074 101 57.1037
12.9987 96 54.4994
12.4656 101 56.7328
13.3134 84 48.6567
12.7739 98 55.387
14.0039 105 59.5019
