11.5022 65 27.5516
12.0739 64 27.6517
11.3385 67 28.0369
11.2261 69 28.5583
11.0816 75 30.2571
10.9692 77 30.7784
11.0687 113 41.6481
10.921 142 50.2447
11.8555 123 45.1988
13.079 105 40.6553
12.9184 102 39.6429
12.8317 106 40.7822
12.395 114 42.8765
13.0629 103 40.0441
12.4143 118 44.09
12.4817 113 42.6372
13.0373 98 38.5261
11.6853 122 44.7797
14.9672 96 39.2771
12.7129 108 41.299
12.8253 81 33.2777
12.8767 118 44.4137
12.5652 105 40.2956
12.3372 116 43.436
12.0128 88 34.809
13.0758 92 36.7531
13.2107 114 43.4475
12.2344 90 35.5641
12.7225 92 36.5058
13.8626 115 44.2038
13.0501 89 35.8351
13.6859 128 47.9802
13.763 98 39.0341
13.8176 101 39.9723
13.5318 91 36.7723
13.9107 109 42.4375
11.4701 105 39.5291
13.5671 101 39.797
