12.6872 64 53.7374
12.6583 67 56.1317
11.5279 69 57.5056
11.5215 77 63.9043
11.5279 72 59.9056
11.3834 81 67.0767
11.5215 77 63.9043
11.5215 80 66.3043
11.3834 81 67.0767
11.3834 81 67.0767
11.377 95 78.2754
11.6275 90 74.3255
11.6082 88 72.7216
11.5279 69 57.5056
11.4059 92 75.8812
11.5215 80 66.3043
11.5279 69 57.5056
11.5279 69 57.5056
11.9615 72 59.9923
11.377 95 78.2754
12.851 66 55.3702
11.5215 77 63.9043
11.3834 81 67.0767
12.578 86 71.3156
12.851 66 55.3702
12.3789 88 72.8758
12.6872 64 53.7374
11.5215 80 66.3043
11.5215 77 63.9043
11.5215 77 63.9043
12.6872 64 53.7374
11.377 95 78.2754
11.5215 77 63.9043
11.5215 77 63.9043
11.5215 80 66.3043
11.3834 81 67.0767
11.3834 81 67.0767
12.6872 64 53.7374
11.5215 80 66.3043
12.6583 67 56.1317
12.851 66 55.3702
11.5215 80 66.3043
12.6872 64 53.7374
11.3834 81 67.0767
11.3834 81 67.0767
12.3821 85 70.4764
11.5279 69 57.5056
11.6082 89 73.5217
11.5215 77 63.9043
11.5215 80 66.3043
11.6275 90 74.3255
11.3834 81 67.0767
12.6583 67 56.1317
11.3834 81 67.0767
11.5215 80 66.3043
12.6583 67 56.1317
11.3834 81 67.0767
11.3834 81 67.0767
11.377 95 78.2754
11.5215 77 63.9043
12.6583 67 56.1317
11.377 95 78.2754
11.5215 77 63.9043
11.5215 77 63.9043
11.5215 77 63.9043
11.6082 89 73.5217
11.5215 77 63.9043
11.3834 81 67.0767
11.499 90 74.2998
12.3821 85 70.4764
11.499 90 74.2998
12.6583 67 56.1317
11.5215 77 63.9043
12.5556 80 66.5111
11.3834 81 67.0767
11.3834 81 67.0767
12.851 66 55.3702
12.851 66 55.3702
11.5215 77 63.9043
11.3834 81 67.0767
11.3834 81 67.0767
11.5215 77 63.9043
11.499 90 74.2998
11.6275 90 74.3255
12.578 86 71.3156
11.5119 82 67.9024
12.0899 82 68.018
11.3834 81 67.0767
11.5215 77 63.9043
11.3834 81 67.0767
11.5279 72 59.9056
11.6917 71 59.1383
11.5215 77 63.9043
11.5215 80 66.3043
12.3789 88 72.8758
12.578 86 71.3156
11.3834 81 67.0767
11.9615 72 59.9923
11.3834 81 67.0767
11.5215 77 63.9043
11.5215 77 63.9043
11.3834 81 67.0767
11.5215 77 63.9043
11.6082 88 72.7216
11.3834 81 67.0767
11.3834 81 67.0767
11.9615 72 59.9923
11.499 90 74.2998
11.3834 81 67.0767
11.3834 81 67.0767
11.5215 77 63.9043
11.5215 77 63.9043
12.6872 64 53.7374
11.5215 77 63.9043
11.6917 71 59.1383
12.6583 67 56.1317
11.377 95 78.2754
11.5215 77 63.9043
12.6872 64 53.7374
11.5279 72 59.9056
11.5279 72 59.9056
11.5279 72 59.9056
11.3834 81 67.0767
11.6275 90 74.3255
11.3834 81 67.0767
11.377 95 78.2754
11.377 95 78.2754
11.5215 77 63.9043
12.6583 67 56.1317
11.5215 77 63.9043
11.3834 81 67.0767
11.5215 77 63.9043
11.5215 77 63.9043
11.3834 81 67.0767
11.3834 81 67.0767
12.6583 67 56.1317
11.6275 90 74.3255
11.499 90 74.2998
12.578 86 71.3156
11.5215 80 66.3043
11.3834 81 67.0767
11.5215 77 63.9043
11.6082 89 73.5217
11.3834 81 67.0767
11.3834 81 67.0767
11.5279 69 57.5056
11.6082 89 73.5217
11.3834 81 67.0767
11.3834 81 67.0767
11.499 90 74.2998
