12.0739 64 43.2295
12.0803 67 45.0321
11.7206 69 46.0882
12.4014 70 46.9606
11.772 72 47.9088
11.9133 72 47.9653
12.3597 72 48.1439
11.4541 75 49.5816
11.3834 76 50.1534
11.3288 78 51.3315
11.2229 81 53.0891
11.4027 83 54.3611
11.3385 86 56.1354
11.194 97 62.6776
11.1651 99 63.866
11.1105 101 65.0442
11.1073 109 69.8429
11.3963 110 70.5585
10.9114 118 75.1646
12.1959 81 53.4784
12.4881 90 58.9953
11.5151 108 69.406
13.6346 115 74.4538
14.1997 97 63.8799
11.6628 73 48.4651
13.7919 92 60.7168
12.3886 108 69.7554
12.4496 99 64.3798
13.5639 91 60.0256
13.1946 85 56.2778
13.8048 95 62.5219
12.9955 112 72.3982
14.219 107 69.8876
11.5279 127 80.8112
12.4271 90 58.9708
12.5877 115 74.0351
11.8619 120 76.7448
13.2171 124 79.6868
13.3648 96 62.9459
13.201 113 73.0804
13.0244 91 59.8098
12.9762 111 71.7905
12.1381 96 62.4552
12.8542 101 65.7417
12.7225 108 69.889
13.9204 90 59.5681
13.3487 96 62.9395
13.0726 107 69.429
12.1638 98 63.6655
