11.6211 68 17.259
11.3802 71 17.3422
12.1638 67 17.6474
11.3064 75 17.6757
11.2742 77 17.8468
13.0886 64 18.1798
12.8735 66 18.1861
11.1908 82 18.2717
11.271 82 18.3439
11.2325 83 18.4092
11.1586 84 18.4428
11.1201 85 18.5081
11.0462 86 18.5416
11.0366 91 19.0329
11.0173 96 19.5156
10.9852 99 19.7867
11.6628 111 21.5965
12.6615 86 19.9954
12.1798 123 23.2619
12.3886 133 24.4497
11.6981 102 20.7283
13.1047 103 22.0942
12.0417 105 21.3376
13.6988 95 21.8289
13.3487 89 20.9139
12.8285 119 23.4457
12.0931 126 23.4838
12.3629 95 20.6266
14.4406 90 21.9965
12.4014 109 22.0613
12.4689 106 21.822
14.2062 98 22.5855
13.14 104 22.226
13.657 87 20.9913
12.2473 88 19.8225
12.3083 110 22.0775
13.2331 86 20.5098
12.3661 101 21.2295
11.9679 91 19.8711
14.1259 96 22.3133
11.9615 113 22.0653
12.9538 102 21.8584
13.4676 130 25.1208
13.9621 90 21.5659
13.5286 100 22.1757
12.5716 108 22.1145
