12.0739 64 27.6517
2, 4, 5
2, 3, 6, 8, 10, 11
12, 11, 13, 14
8, 15, 9
15, 7
2, 1
11.3385 67 28.0369
7, 15
12, 11, 10, 8, 6, 4, 5
9, 15
11, 13, 14
1, 2, 3, 6, 8
15, 8
11.2261 69 28.5583
7, 15
12, 11, 10, 8, 6, 4, 5
9, 15, 7
11, 13, 14
1, 2, 3, 6, 8
15, 8
11.0816 75 30.2571
7, 15
12, 11, 10, 8, 6, 4, 5
9, 15
11, 13, 14
1, 2, 3, 6, 8, 10
15, 8
10.9692 77 30.7784
7, 15
12, 11, 10, 8, 6, 4, 5
9, 15, 7
11, 13, 14
1, 2, 3, 6, 8, 10
15, 8
11.5022 65 27.5516
7, 15
12, 11, 10, 8, 6, 4, 5
9, 15
11, 13, 14
1, 2, 3, 6
15, 8
