11.6211 68 17.259
11.6211 68 17.259
12.1638 67 17.6474
11.3064 75 17.6757
11.2742 77 17.8468
12.79 69 18.411
13.0597 64 18.1538
11.3031 80 18.1728
11.271 82 18.3439
11.2325 83 18.4092
11.0462 86 18.5416
11.0462 86 18.5416
11.0462 86 18.5416
11.2967 89 19.0671
11.2967 89 19.0671
11.2967 89 19.0671
11.0462 86 18.5416
11.1297 91 19.1168
11.3031 80 18.1728
13.0597 64 18.1538
11.3031 80 18.1728
11.3834 91 19.3451
11.2967 89 19.0671
11.3064 75 17.6757
11.3031 80 18.1728
11.3096 97 19.8786
11.3064 75 17.6757
11.271 82 18.3439
10.8889 107 20.5
11.2325 83 18.4092
11.0462 86 18.5416
11.6211 68 17.259
11.2325 83 18.4092
11.3802 71 17.3422
11.271 82 18.3439
11.2742 77 17.8468
11.271 82 18.3439
11.2325 83 18.4092
11.2325 83 18.4092
11.1008 93 19.2908
11.2967 89 19.0671
11.2325 83 18.4092
11.3064 75 17.6757
11.0462 86 18.5416
11.3064 75 17.6757
11.0462 86 18.5416
11.3834 91 19.3451
11.1265 91 19.1139
11.0462 86 18.5416
13.0597 64 18.1538
11.3064 75 17.6757
12.2152 70 17.9936
12.745 72 18.6705
12.1702 73 18.2532
13.0597 64 18.1538
11.0462 86 18.5416
12.1702 73 18.2532
11.0462 86 18.5416
12.7547 66 18.0792
11.3802 71 17.3422
11.3064 75 17.6757
11.3802 71 17.3422
12.1702 73 18.2532
11.2967 89 19.0671
12.1638 67 17.6474
11.0366 91 19.0329
11.3802 71 17.3422
11.0462 86 18.5416
11.3064 75 17.6757
11.0462 86 18.5416
11.2325 83 18.4092
11.6211 68 17.259
11.3064 75 17.6757
11.0462 86 18.5416
11.0462 86 18.5416
13.0597 64 18.1538
11.271 82 18.3439
11.0462 86 18.5416
11.3064 75 17.6757
12.1702 73 18.2532
11.6211 68 17.259
11.271 82 18.3439
11.3064 75 17.6757
13.0597 64 18.1538
11.0462 86 18.5416
11.0462 86 18.5416
11.3064 75 17.6757
11.2967 89 19.0671
12.7547 66 18.0792
11.271 82 18.3439
11.2967 89 19.0671
11.2325 83 18.4092
11.2325 83 18.4092
11.3802 71 17.3422
13.0597 64 18.1538
11.0462 86 18.5416
11.0462 86 18.5416
11.3031 80 18.1728
12.79 69 18.411
11.6211 68 17.259
11.6211 68 17.259
11.2967 89 19.0671
11.6211 68 17.259
11.3064 75 17.6757
11.0462 86 18.5416
11.2967 89 19.0671
11.0462 86 18.5416
11.3064 75 17.6757
11.2325 83 18.4092
11.1297 91 19.1168
13.0597 64 18.1538
11.0462 86 18.5416
11.1586 84 18.4428
11.0462 86 18.5416
11.6211 68 17.259
11.3064 75 17.6757
12.745 72 18.6705
11.3064 75 17.6757
11.6211 68 17.259
11.0462 86 18.5416
11.0462 86 18.5416
11.1265 91 19.1139
11.3064 75 17.6757
12.7547 66 18.0792
11.1843 93 19.3659
11.2325 83 18.4092
11.6211 68 17.259
11.0462 86 18.5416
11.6211 68 17.259
12.745 72 18.6705
11.0462 86 18.5416
11.6211 68 17.259
11.3064 75 17.6757
11.0462 86 18.5416
12.79 69 18.411
11.6211 68 17.259
11.0462 86 18.5416
11.6211 68 17.259
11.3064 75 17.6757
11.3064 75 17.6757
11.6211 68 17.259
11.2325 83 18.4092
11.2967 89 19.0671
11.271 82 18.3439
11.3064 75 17.6757
11.1265 91 19.1139
11.0462 86 18.5416
11.2325 83 18.4092
12.1638 67 17.6474
11.0462 86 18.5416
