11.6211 68 17.259
11.6211 68 17.259
12.1638 67 17.6474
11.3064 75 17.6757
11.3064 75 17.6757
13.0597 64 18.1538
12.8735 66 18.1861
11.3031 80 18.1728
11.271 82 18.3439
11.2325 83 18.4092
11.0462 86 18.5416
11.0462 86 18.5416
11.0173 96 19.5156
11.1265 91 19.1139
11.2967 89 19.0671
11.1843 93 19.3659
11.6211 68 17.259
11.0462 86 18.5416
13.0597 64 18.1538
11.0462 86 18.5416
11.0462 86 18.5416
11.0462 86 18.5416
11.0462 86 18.5416
11.3064 75 17.6757
11.2325 83 18.4092
11.271 82 18.3439
11.1201 85 18.5081
11.3031 80 18.1728
11.0366 91 19.0329
11.6211 68 17.259
12.2152 70 17.9936
11.0462 86 18.5416
11.104 99 19.8936
11.3064 75 17.6757
11.2967 89 19.0671
13.0597 64 18.1538
11.2967 89 19.0671
11.271 82 18.3439
11.271 82 18.3439
11.2967 89 19.0671
11.3064 75 17.6757
11.3064 75 17.6757
11.3031 80 18.1728
11.3802 71 17.3422
11.3031 80 18.1728
11.0462 86 18.5416
11.3802 71 17.3422
11.3031 80 18.1728
11.1586 84 18.4428
12.8735 66 18.1861
11.3064 75 17.6757
12.1638 67 17.6474
12.1638 67 17.6474
11.2967 89 19.0671
11.3031 80 18.1728
11.0462 86 18.5416
13.0597 64 18.1538
11.6211 68 17.259
12.1638 67 17.6474
11.6211 68 17.259
11.6211 68 17.259
11.3064 75 17.6757
11.0462 86 18.5416
11.3096 97 19.8786
11.2325 83 18.4092
11.0462 86 18.5416
11.2742 77 17.8468
11.3031 80 18.1728
12.1638 67 17.6474
11.0462 86 18.5416
13.0597 64 18.1538
13.0597 64 18.1538
11.6211 68 17.259
11.0462 86 18.5416
11.1908 82 18.2717
11.3031 80 18.1728
11.271 82 18.3439
11.1586 84 18.4428
11.1297 91 19.1168
11.6211 68 17.259
11.1843 93 19.3659
12.1702 73 18.2532
11.3064 75 17.6757
11.6211 68 17.259
10.8793 101 19.8913
11.0462 86 18.5416
11.0462 86 18.5416
13.0597 64 18.1538
11.0462 86 18.5416
11.2967 89 19.0671
12.8735 66 18.1861
11.0462 86 18.5416
11.3064 75 17.6757
12.2152 70 17.9936
11.2325 83 18.4092
11.0462 86 18.5416
11.0462 86 18.5416
11.2967 89 19.0671
11.3064 75 17.6757
11.1843 93 19.3659
11.2325 83 18.4092
11.271 82 18.3439
11.3064 75 17.6757
11.2325 83 18.4092
13.0597 64 18.1538
11.0462 86 18.5416
11.3802 71 17.3422
11.2967 89 19.0671
11.3064 75 17.6757
11.6211 68 17.259
11.1265 91 19.1139
11.3064 75 17.6757
12.1638 67 17.6474
11.6211 68 17.259
11.3064 75 17.6757
11.6211 68 17.259
11.0462 86 18.5416
11.6211 68 17.259
12.8735 66 18.1861
13.0597 64 18.1538
11.1265 91 19.1139
11.0462 86 18.5416
11.3096 97 19.8786
11.3802 71 17.3422
11.1843 93 19.3659
11.271 82 18.3439
11.2967 89 19.0671
11.0462 86 18.5416
13.0597 64 18.1538
11.3802 71 17.3422
11.0462 86 18.5416
10.876 99 19.6884
11.2325 83 18.4092
11.3096 97 19.8786
11.3031 80 18.1728
11.2967 89 19.0671
11.0462 86 18.5416
11.271 82 18.3439
11.0462 86 18.5416
11.1265 91 19.1139
11.271 82 18.3439
11.0462 86 18.5416
11.6211 68 17.259
11.0462 86 18.5416
11.0462 86 18.5416
13.0597 64 18.1538
11.0462 86 18.5416
12.8735 66 18.1861
13.0597 64 18.1538
12.1702 73 18.2532
