12.167 65 38.5835
5, 4, 2
10, 8, 6, 15, 9
1, 2, 3, 6
4, 12
15, 7
10, 11, 13, 14
11.5665 72 41.7832
9, 15, 7, 10
7, 15
10, 8, 6, 4, 5
4, 12
14, 13, 11, 10
6, 3, 2, 1
10.9114 118 64.4557
4, 12, 11, 10, 7, 15, 9
11, 13
7, 10, 8, 6, 3, 2, 1
1, 2
7, 10, 14
10, 8, 6, 4, 5
11.0334 94 52.5167
5, 4, 6, 8, 10, 11
8, 15
12, 11
1, 2, 3, 6, 8, 10
14, 13, 10, 7, 15, 9
10, 7
11.7303 71 41.3651
5, 4, 6, 15
1, 2, 3, 6, 8, 10
15, 9
12, 11, 13, 14
10, 7
10, 11
11.9872 68 39.9936
12, 11, 10
13, 14, 10, 8, 6, 3, 2
2, 1
7, 15, 9
5, 4, 2
15, 6
11.1747 90 50.5873
4, 5
12, 11, 10, 13, 14
9, 15, 7, 10
11, 10, 8, 6, 3, 2, 1
2, 4, 6, 8
13, 11
11.0173 98 54.5087
4, 5
12, 11, 10, 13, 14
9, 15, 7, 10
11, 10, 8, 6, 3, 2, 1
2, 4, 6, 8, 10
13, 11
11.3096 75 43.1548
5, 4, 6, 8, 10
14, 13
13, 11, 12
4, 2
9, 15, 7, 10, 11
8, 6, 3, 2, 1
11.2261 80 45.613
10, 8, 6, 4, 5
13, 14, 10, 7, 15, 9
7, 15
10, 11, 12
1, 2, 3, 6, 8
6, 3
11.194 84 47.597
10, 8, 6, 4, 5
13, 14, 10, 7, 15, 9
7, 15
10, 11, 12
1, 2, 3, 6, 8, 15, 7
6, 3
11.1875 88 49.5938
10, 8, 6, 4, 5, 2, 3
13, 14, 10, 7, 15, 9
7, 15
10, 11, 12
1, 2, 3, 6, 8
6, 3
11.9807 69 40.4904
7, 15, 6, 8, 10, 11
4, 5
13, 14, 10
9, 15
1, 2, 3, 6, 4
11, 12
11.1618 92 51.5809
9, 15, 7, 10, 11
11, 13
12, 4
14, 10, 8, 6, 3, 2, 1
5, 2, 3, 6, 15, 7
5, 4, 6
