689.226
716.185
729.534
730.437
734.483
734.483
734.483
736.644
737.325
737.325
737.325
737.325
737.325
737.325
737.405
737.405
737.405
737.405
737.405
737.405
737.405
737.405
737.405
737.405
737.405
737.405
737.405
737.405
737.405
737.405
737.405
749.319
749.319
749.319
749.319
749.319
749.319
749.319
749.319
749.319
749.319
749.319
749.319
749.319
749.319
749.319
749.319
749.319
749.319
749.319
749.319
749.319
749.319
749.319
749.319
749.319
749.319
749.319
749.319
749.319
749.319
749.319
749.319
749.319
749.319
749.319
749.319
749.319
749.319
749.319
749.319
749.319
749.319
749.319
749.319
749.319
749.319
749.319
750.333
750.333
750.333
750.333
750.333
750.333
750.333
750.333
750.333
750.333
750.333
750.333
750.333
750.333
750.333
750.333
750.333
750.333
760.911
760.911
760.911
760.911
760.911
760.911
760.911
760.911
760.911
760.911
760.911
760.911
760.911
760.911
760.911
760.911
760.911
760.911
760.911
760.911
760.911
760.911
760.911
760.911
760.911
760.911
760.911
760.911
760.911
760.911
760.911
760.911
760.911
760.911
760.911
760.911
760.911
760.911
760.911
760.911
760.911
760.911
760.911
760.911
760.911
760.911
760.911
760.911
760.911
760.911
760.911
760.911
760.911
760.911
760.911
760.911
760.911
760.911
760.911
760.911
760.911
760.911
760.911
760.911
760.911
760.911
760.911
760.911
760.911
760.911
760.911
760.911
760.911
760.911
760.911
760.911
760.911
760.911
760.911
760.911
760.911
760.911
760.911
760.911
760.911
760.911
760.911
760.911
760.911
760.911
760.911
760.911
760.911
760.911
760.911
760.911
760.911
760.911
760.911
760.911
760.911
760.911
760.911
760.911
760.911
760.911
760.911
760.911
760.911
760.911
760.911
760.911
760.911
760.911
760.911
760.911
760.911
760.911
760.911
760.911
760.911
760.911
760.911
760.911
760.911
760.911
760.911
760.911
760.911
760.911
760.911
760.911
760.911
760.911
760.911
760.911
760.911
760.911
760.911
760.911
760.911
760.911
760.911
760.911
760.911
760.911
760.911
760.911
760.911
760.911
760.911
760.911
760.911
760.911
760.911
760.911
760.911
760.911
760.911
760.911
760.911
760.911
760.911
760.911
760.911
760.911
760.911
760.911
760.911
760.911
760.911
760.911
760.911
760.911
760.911
760.911
760.911
760.911
760.911
760.911
760.911
760.911
760.911
760.911
760.911
760.911
760.911
760.911
760.911
760.911
760.911
760.911
760.979
760.979
760.979
760.979
760.979
760.979
760.979
760.979
760.979
760.979
760.979
760.979
760.979
760.979
760.979
760.979
760.979
760.979
760.979
760.979
760.979
760.979
760.979
760.979
760.979
760.979
760.979
760.979
760.979
760.979
760.979
760.979
760.979
760.979
760.979
760.979
760.979
760.979
760.979
760.979
760.979
760.979
760.979
760.979
760.979
769.745
774.337
774.337
774.337
774.353
774.353
774.353
774.353
774.353
774.353
774.353
774.353
774.353
774.353
774.353
774.369
774.369
774.369
774.369
774.369
774.369
774.369
774.369
774.369
774.369
774.369
774.369
774.369
774.369
774.369
774.369
774.369
774.369
774.369
774.369
774.369
774.369
774.369
774.369
774.369
774.369
774.369
774.369
774.369
774.369
774.369
774.369
774.369
774.369
774.369
774.369
774.369
774.369
774.369
774.369
774.369
774.906
774.906
774.906
775.047
775.182
775.182
775.182
775.182
775.182
775.182
775.182
775.182
775.182
775.182
775.182
775.182
777.648
777.648
777.648
777.648
777.648
777.648
777.648
777.648
777.648
778.891
778.891
778.891
778.891
778.891
778.891
778.891
778.891
778.891
778.891
778.891
778.891
778.891
778.891
778.891
778.891
778.891
778.891
778.891
778.891
778.891
778.891
778.891
778.891
778.891
778.891
778.891
778.891
778.891
778.891
781.563
781.563
781.563
781.563
781.563
781.563
781.563
781.563
781.563
781.746
781.746
781.746
781.746
781.746
781.746
781.746
781.746
781.746
781.746
781.746
781.746
781.746
781.746
781.746
781.746
781.746
781.746
781.746
781.746
781.746
781.746
781.746
781.746
781.746
781.746
781.746
781.746
781.746
781.746
781.746
781.746
781.746
781.746
781.746
781.746
781.746
781.746
781.746
781.746
781.746
781.746
781.746
781.746
781.746
781.746
781.746
781.746
781.746
781.746
781.746
781.746
781.746
781.746
781.746
781.746
781.746
781.746
781.746
781.746
781.746
781.746
781.746
781.746
781.746
781.746
781.746
781.746
781.746
781.746
781.746
781.746
781.746
781.746
782.073
782.073
782.073
782.073
782.073
782.073
782.073
782.073
782.073
782.073
782.073
782.073
782.073
782.073
782.073
782.073
782.073
782.073
782.073
782.073
782.073
782.073
782.073
782.073
782.073
782.073
782.073
782.073
782.073
782.073
782.073
782.073
782.073
782.073
782.073
782.073
782.073
782.073
782.073
782.073
782.073
782.073
782.073
782.073
782.073
782.073
782.073
782.073
782.073
782.073
782.073
782.073
782.073
782.073
782.073
782.073
782.073
782.073
782.073
782.073
782.073
782.073
782.073
782.073
782.073
782.073
782.073
782.073
782.073
782.073
782.073
782.073
782.073
782.073
782.073
782.073
782.073
782.073
782.073
782.073
782.073
782.073
782.073
782.073
782.073
782.073
782.073
782.073
782.073
782.073
782.073
782.073
782.073
782.073
782.073
782.073
782.073
782.073
782.073
782.073
782.073
782.073
782.073
782.073
782.073
782.073
782.073
782.073
782.073
782.073
782.073
782.073
782.073
782.073
782.073
782.073
782.073
782.073
782.073
782.073
782.073
782.073
782.073
782.073
782.073
782.073
782.073
782.073
782.073
782.073
782.073
782.073
782.073
782.073
782.073
782.073
782.073
782.073
782.073
782.073
782.073
782.073
782.073
782.073
782.073
782.073
782.073
782.073
782.073
782.073
782.073
782.073
782.073
782.073
782.073
782.073
783.534
783.939
783.939
785.882
786.02
786.02
786.02
786.02
786.02
786.02
786.02
786.02
786.02
786.02
787.166
787.539
787.539
787.539
787.539
787.539
787.539
787.539
787.539
787.539
787.539
787.539
787.539
787.539
787.539
787.539
787.539
787.539
787.539
787.539
787.539
787.539
787.539
787.539
787.539
787.539
787.539
787.539
787.539
787.539
787.539
787.539
787.539
787.539
787.539
787.539
787.539
787.539
787.587
787.587
787.587
787.587
787.587
788.078
788.078
788.078
788.078
788.078
788.078
788.078
788.078
788.078
788.078
788.078
788.078
788.078
788.078
788.078
788.078
788.078
788.078
788.078
788.078
788.078
788.078
788.078
788.078
788.078
788.078
788.078
788.078
788.078
788.078
788.078
788.078
788.078
788.078
788.078
788.078
788.078
788.078
788.078
788.078
788.078
788.078
788.078
788.078
788.078
788.078
788.078
788.078
788.184
788.249
788.335
788.335
788.335
788.335
788.335
788.377
788.377
788.377
788.377
788.377
788.377
788.377
788.377
788.416
788.416
788.416
788.416
788.416
788.416
788.416
788.416
788.416
788.416
788.416
788.416
788.416
788.416
788.416
788.416
788.416
788.416
788.416
788.416
788.416
788.416
788.416
788.416
788.416
788.416
788.416
788.416
788.416
788.416
788.416
788.416
788.416
788.416
788.416
788.416
788.416
788.416
788.416
788.416
788.416
788.416
788.416
788.416
788.416
788.416
788.416
788.416
788.416
788.416
788.416
788.416
788.416
788.416
788.416
788.416
788.416
789.861
790.593
790.593
790.593
790.593
790.593
790.593
790.593
790.593
790.673
790.673
790.673
793.152
793.152
793.152
793.152
793.152
793.152
793.152
793.152
793.152
793.152
793.152
793.152
793.152
793.152
793.152
793.152
793.152
793.152
793.152
793.152
793.152
793.152
793.152
793.152
793.152
793.152
793.152
793.152
793.152
793.152
793.152
793.152
793.152
793.152
793.152
793.152
793.152
793.152
793.152
793.152
793.152
793.152
793.152
793.152
793.152
793.152
793.152
793.152
793.152
793.152
793.152
793.152
793.152
793.152
793.152
793.152
793.152
793.152
793.152
793.152
793.152
793.152
793.152
793.152
793.152
793.152
793.152
793.152
793.152
793.152
793.152
793.152
793.152
793.152
793.152
793.152
793.152
793.152
793.152
793.152
793.152
793.152
793.152
793.152
793.152
793.152
793.152
793.152
793.152
793.152
793.152
793.152
793.152
793.152
793.152
793.152
793.152
793.152
793.152
793.152
793.152
793.152
793.152
793.152
793.152
793.152
793.152
793.152
793.152
793.152
793.152
793.152
793.152
793.152
793.152
793.152
793.152
793.152
793.152
793.152
793.152
793.152
793.152
793.152
793.152
793.152
793.152
793.152
793.152
793.152
793.152
793.152
793.152
793.152
793.152
793.152
793.152
793.152
793.152
793.152
793.152
793.152
793.152
793.152
793.152
793.152
793.152
793.152
793.152
793.152
793.152
793.152
793.152
793.152
793.152
793.152
793.152
793.152
793.152
793.152
793.152
793.152
793.152
793.152
793.152
793.152
793.152
793.152
793.152
793.152
793.152
793.152
793.152
793.152
793.152
793.152
793.152
793.152
793.152
793.152
793.152
793.152
793.152
793.152
793.152
793.152
793.152
793.152
793.152
793.152
793.152
793.152
793.152
793.152
793.152
793.152
793.152
793.152
793.152
793.152
793.152
793.152
793.152
793.152
793.152
793.152
793.152
793.152
793.152
793.152
793.152
793.152
793.152
793.152
793.152
793.152
793.152
793.152
793.152
793.152
793.152
804.52
806.505
806.505
806.909
806.909
806.909
806.909
806.909
806.909
806.909
806.909
806.909
806.909
806.909
806.909
806.909
806.909
806.909
806.909
806.909
806.909
806.909
810.538
810.538
810.538
810.538
810.538
810.538
810.538
810.538
811.877
811.961
811.961
811.961
811.961
811.961
811.961
812.349
812.349
812.349
812.349
812.349
812.349
812.349
812.349
812.349
812.349
812.349
812.349
812.349
812.349
812.349
812.349
812.349
812.349
812.349
812.349
812.349
812.349
812.349
812.349
812.349
812.349
812.349
812.349
812.349
812.349
812.349
812.349
812.349
812.349
812.349
812.349
812.349
812.349
812.349
812.349
812.349
812.349
812.349
812.349
812.349
812.349
812.349
812.349
812.349
812.349
812.349
812.349
812.349
812.349
812.349
812.349
812.349
812.349
812.349
812.349
812.349
812.349
812.349
812.349
812.349
812.349
812.349
812.349
812.349
812.349
812.349
812.349
812.349
812.349
812.349
812.349
812.349
812.349
812.349
812.349
812.349
812.349
812.349
812.349
812.349
812.349
812.349
812.349
812.349
812.349
812.349
812.349
812.349
812.349
812.349
812.349
812.349
812.349
812.349
812.349
812.349
812.349
812.349
812.349
812.349
812.349
812.349
812.349
812.349
812.349
812.349
812.349
812.349
812.349
812.349
812.349
812.349
812.349
812.349
812.349
812.349
812.349
812.349
812.349
812.349
812.349
812.349
812.349
812.349
812.349
812.349
812.349
812.349
812.349
812.349
812.349
812.349
812.349
812.349
812.349
812.349
812.349
812.349
812.349
812.349
812.349
812.349
812.349
812.349
812.349
812.349
812.349
812.349
812.349
812.349
812.349
812.349
812.349
812.349
812.349
812.349
812.349
812.349
812.349
812.349
812.349
812.349
812.349
812.349
812.349
812.349
812.349
812.349
812.349
812.349
812.349
812.349
812.349
812.349
812.349
812.349
812.349
812.349
812.349
812.349
812.349
812.349
812.349
812.349
812.349
812.349
812.349
812.349
812.349
812.349
812.349
812.349
812.349
812.349
812.349
812.349
812.349
812.349
812.349
812.349
812.349
812.349
812.349
812.349
812.349
812.349
812.349
812.349
812.349
812.349
812.349
812.349
812.349
812.349
812.349
812.349
812.349
812.349
812.349
812.349
812.349
812.349
812.349
812.349
812.349
812.349
812.349
812.349
812.349
812.349
812.349
812.349
812.349
812.349
812.349
812.349
812.349
812.349
812.349
812.349
812.349
812.349
812.349
812.349
812.349
812.349
812.349
812.349
812.349
812.349
812.349
812.349
812.349
812.349
812.349
812.349
812.349
812.349
812.349
812.349
812.349
812.349
812.349
812.349
812.349
812.349
812.349
812.349
812.349
812.349
812.349
812.349
812.349
812.349
812.349
812.349
812.349
812.349
812.349
812.349
812.349
812.349
812.349
812.349
812.349
812.349
812.349
812.349
812.349
812.349
812.349
812.349
812.349
812.349
812.349
812.349
812.349
812.349
812.349
812.349
812.349
812.349
812.349
812.407
812.407
812.407
812.407
812.407
812.407
812.407
812.407
812.407
812.407
812.407
812.407
812.407
812.407
812.407
812.407
812.407
812.407
812.407
812.407
812.407
812.407
812.407
812.407
812.407
812.407
812.407
812.407
812.407
812.407
812.407
812.407
812.407
812.407
812.407
812.407
812.407
812.407
812.407
812.407
812.407
812.407
812.407
812.407
812.407
812.407
812.407
812.407
812.407
812.407
812.407
812.407
812.407
812.407
812.407
812.407
812.407
812.407
812.407
812.407
812.407
812.407
812.407
812.407
812.407
812.407
812.407
812.407
812.407
812.407
812.407
812.407
812.407
812.407
812.407
812.407
812.407
812.407
812.407
812.407
812.407
812.407
812.407
812.407
812.407
812.407
812.407
812.407
812.407
812.407
812.407
812.407
812.407
812.407
812.407
812.407
812.407
812.407
812.407
812.407
812.407
812.407
812.407
812.407
812.407
812.407
812.407
812.407
812.407
812.407
812.407
812.407
812.407
812.407
812.407
812.407
812.407
812.407
812.407
812.407
812.407
812.407
812.407
812.407
812.407
812.407
812.407
812.407
812.407
812.407
812.407
812.407
812.407
812.407
812.407
812.407
812.407
812.407
812.407
812.407
812.407
812.407
812.407
812.407
812.407
812.407
812.407
812.407
812.407
812.407
812.407
812.407
812.407
812.407
812.407
812.407
812.407
812.407
812.407
812.407
812.407
812.407
812.407
812.407
812.407
812.407
812.407
812.407
812.407
812.407
812.407
812.407
812.407
812.407
812.407
812.407
812.407
812.407
812.407
812.407
812.407
812.407
812.407
812.407
812.407
812.407
812.407
812.407
812.407
812.407
812.407
812.407
812.407
812.407
812.407
812.407
812.407
812.407
812.407
812.407
812.407
812.407
812.407
812.407
812.407
812.407
812.407
812.407
812.407
812.407
812.407
812.407
812.407
812.407
812.407
812.407
812.407
812.407
812.407
812.407
812.407
812.407
812.407
812.407
812.407
812.407
812.407
812.407
812.407
812.407
812.407
812.407
812.407
812.407
812.407
812.407
812.407
812.407
812.407
812.407
812.407
812.407
812.407
812.407
812.407
812.407
812.407
812.407
812.407
812.407
812.407
812.407
812.407
812.407
812.407
812.407
812.407
812.407
812.407
812.407
812.407
812.407
812.407
812.407
812.407
812.407
812.407
812.407
812.407
812.407
812.407
812.407
812.407
812.407
812.407
812.407
812.407
812.407
812.407
812.407
812.407
812.407
812.407
812.407
812.407
812.407
812.407
812.407
812.407
812.407
812.407
812.407
812.407
812.407
812.407
812.407
812.407
812.407
812.407
812.407
812.407
812.407
812.407
812.407
812.407
812.407
812.407
812.407
812.407
812.407
812.407
812.407
812.407
812.407
812.407
812.407
812.407
812.407
812.407
812.407
812.407
812.407
812.407
812.407
812.407
812.407
812.407
812.407
812.407
812.407
812.407
812.407
812.407
812.407
812.407
812.407
812.407
812.407
812.407
812.407
812.407
812.407
812.407
812.407
812.407
812.407
812.407
812.407
812.407
812.407
812.407
812.407
812.407
812.407
812.407
812.407
812.407
812.407
812.407
812.407
812.407
812.407
812.407
812.407
812.407
812.407
812.407
812.407
812.407
812.407
812.407
812.407
812.407
812.407
812.407
812.407
812.407
812.407
812.407
812.407
812.407
812.407
812.407
812.407
812.407
812.407
812.407
812.407
812.407
812.407
812.407
812.407
812.407
812.407
812.407
812.407
812.407
812.407
812.407
812.407
812.407
812.407
812.407
812.407
812.407
812.407
812.407
812.407
812.407
812.407
812.407
812.407
812.407
812.407
812.407
812.407
812.407
812.407
812.407
812.407
812.407
812.407
812.407
812.407
812.407
812.407
812.407
812.407
812.407
812.407
812.407
812.407
812.407
812.407
812.407
812.407
812.407
812.407
812.407
812.407
812.407
812.407
812.407
812.407
812.407
812.407
812.407
812.407
812.407
812.407
812.407
812.407
812.407
812.407
812.407
812.407
812.407
812.407
812.407
812.407
812.407
812.407
812.407
812.407
812.407
812.407
812.407
812.407
812.407
812.407
812.407
812.407
812.407
812.407
812.407
812.407
812.407
812.407
812.407
812.407
812.407
812.407
812.407
812.407
812.407
812.407
812.526
812.526
812.526
812.526
812.526
812.526
812.526
812.526
812.526
812.526
812.526
812.526
812.526
812.526
812.526
812.526
812.526
812.526
812.526
812.526
812.526
812.526
812.526
812.526
812.526
812.526
812.526
812.526
812.526
812.526
812.526
812.526
812.526
812.526
812.526
812.526
812.526
812.526
812.526
812.526
812.526
812.526
812.526
812.526
812.526
812.526
812.526
812.526
812.526
812.526
812.526
812.526
812.526
812.526
812.526
812.526
812.526
812.526
812.526
812.526
812.526
812.526
812.526
812.526
812.526
812.526
812.526
812.526
812.526
812.526
812.526
812.526
812.526
812.526
812.526
812.526
