12.8285 67 34.4971
11.6692 68 34.2015
12.6551 67 34.3931
11.6339 73 36.1803
11.3192 73 35.9915
11.4766 76 37.2859
11.3031 80 38.7819
11.271 82 39.5626
11.2325 83 39.9395
11.0559 89 42.2335
11.043 90 42.6258
11.2325 83 39.9395
11.6532 82 39.7919
11.8908 73 36.3345
12.8285 67 34.4971
11.6532 82 39.7919
11.043 90 42.6258
12.6647 65 33.5988
12.6647 65 33.5988
11.4766 76 37.2859
11.3192 73 35.9915
11.3031 80 38.7819
11.0559 89 42.2335
11.3192 73 35.9915
11.4477 84 40.4686
11.271 82 39.5626
11.043 90 42.6258
11.6692 68 34.2015
11.5793 70 34.9476
11.6692 68 34.2015
11.6692 68 34.2015
11.6692 68 34.2015
11.2325 83 39.9395
11.4188 88 42.0513
11.6692 68 34.2015
11.4766 76 37.2859
12.6647 65 33.5988
12.6647 65 33.5988
11.3031 80 38.7819
11.271 82 39.5626
11.7399 73 36.2439
11.5793 70 34.9476
11.7399 73 36.2439
11.271 82 39.5626
11.2325 83 39.9395
11.5793 70 34.9476
11.2325 83 39.9395
11.2325 83 39.9395
11.2325 83 39.9395
11.4188 88 42.0513
12.6647 65 33.5988
11.6692 68 34.2015
11.3031 80 38.7819
11.6532 82 39.7919
11.4766 76 37.2859
11.271 82 39.5626
11.2325 83 39.9395
12.8189 69 35.2913
11.043 90 42.6258
11.1201 85 40.6721
11.5793 70 34.9476
11.2325 83 39.9395
11.6692 68 34.2015
12.6647 65 33.5988
11.043 90 42.6258
12.8189 69 35.2913
11.4766 76 37.2859
11.6692 68 34.2015
11.2678 78 37.9607
12.6647 65 33.5988
11.2325 83 39.9395
11.043 90 42.6258
11.3192 73 35.9915
11.6692 68 34.2015
11.3192 73 35.9915
11.6532 82 39.7919
11.3031 80 38.7819
11.6692 68 34.2015
11.0559 89 42.2335
11.6692 68 34.2015
11.6692 68 34.2015
11.4188 88 42.0513
11.3192 73 35.9915
11.0559 89 42.2335
11.0559 89 42.2335
11.0559 89 42.2335
11.5793 70 34.9476
11.3031 80 38.7819
12.8285 67 34.4971
12.8189 69 35.2913
11.8908 73 36.3345
11.4766 76 37.2859
11.6692 68 34.2015
11.3031 80 38.7819
11.8908 73 36.3345
12.6647 65 33.5988
11.0559 89 42.2335
11.6532 82 39.7919
12.8189 69 35.2913
11.5793 70 34.9476
12.6647 65 33.5988
11.6532 82 39.7919
12.6647 65 33.5988
11.3192 73 35.9915
12.6551 67 34.3931
11.3192 73 35.9915
11.8908 73 36.3345
11.0559 89 42.2335
11.271 82 39.5626
12.8189 69 35.2913
11.6532 82 39.7919
11.2325 83 39.9395
11.6692 68 34.2015
11.3192 73 35.9915
11.3031 80 38.7819
11.6532 82 39.7919
12.6551 67 34.3931
11.0559 89 42.2335
11.8908 73 36.3345
11.4766 76 37.2859
11.6692 68 34.2015
11.6532 82 39.7919
11.043 90 42.6258
12.6551 67 34.3931
11.3031 80 38.7819
11.8908 73 36.3345
12.6551 67 34.3931
11.3192 73 35.9915
11.3192 73 35.9915
11.3031 80 38.7819
11.271 82 39.5626
11.3192 73 35.9915
11.2325 83 39.9395
11.0559 89 42.2335
11.043 90 42.6258
11.043 90 42.6258
12.6647 65 33.5988
11.6339 73 36.1803
11.2325 83 39.9395
11.0559 89 42.2335
11.271 82 39.5626
11.043 90 42.6258
11.271 82 39.5626
11.2325 83 39.9395
11.5793 70 34.9476
12.6647 65 33.5988
11.0559 89 42.2335
11.2678 78 37.9607
11.2132 90 42.7279
11.5793 70 34.9476
