12.5877 64 38.2938
12.5909 64 38.2954
11.7752 67 39.3876
11.7752 67 39.3876
11.5825 71 41.2913
11.4316 72 41.7158
11.422 74 42.711
11.5825 71 41.2913
11.4027 77 44.2013
11.4027 77 44.2013
11.0077 81 46.0039
11.0077 81 46.0039
10.8632 87 48.9316
11.0077 81 46.0039
11.0687 87 49.0344
11.1362 83 47.0681
11.5825 71 41.2913
11.4027 77 44.2013
11.4027 77 44.2013
11.0077 81 46.0039
11.0077 81 46.0039
11.422 74 42.711
10.8632 87 48.9316
11.0077 81 46.0039
11.0077 81 46.0039
11.4316 72 41.7158
11.3481 79 45.1741
11.422 74 42.711
11.7752 67 39.3876
11.4027 77 44.2013
11.4027 77 44.2013
11.4027 77 44.2013
10.8632 87 48.9316
12.5909 64 38.2954
10.8632 87 48.9316
11.4027 77 44.2013
11.5825 71 41.2913
10.8632 87 48.9316
11.4316 72 41.7158
11.4027 77 44.2013
12.5909 64 38.2954
11.3481 79 45.1741
11.5825 71 41.2913
11.7752 67 39.3876
11.4027 77 44.2013
11.7752 67 39.3876
10.8632 87 48.9316
10.8632 87 48.9316
12.5877 64 38.2938
11.4027 77 44.2013
11.4316 72 41.7158
11.0077 81 46.0039
10.9692 92 51.4846
11.9165 71 41.4583
11.5825 71 41.2913
11.4027 77 44.2013
11.4027 77 44.2013
11.7752 67 39.3876
11.3577 91 51.1789
11.0077 81 46.0039
12.5877 64 38.2938
11.4701 73 42.2351
11.7752 67 39.3876
10.8632 87 48.9316
11.4027 77 44.2013
10.9692 92 51.4846
11.5825 71 41.2913
11.3192 89 50.1596
11.3481 79 45.1741
11.4027 77 44.2013
11.5825 71 41.2913
10.9692 92 51.4846
11.4027 77 44.2013
11.0077 81 46.0039
11.7752 67 39.3876
12.5877 64 38.2938
11.0077 81 46.0039
12.5909 64 38.2954
10.8632 87 48.9316
10.8632 87 48.9316
11.4027 77 44.2013
11.7752 67 39.3876
11.5825 71 41.2913
11.4027 77 44.2013
11.4316 72 41.7158
11.0077 81 46.0039
12.5909 64 38.2954
10.8632 95 52.9316
11.0077 81 46.0039
12.5877 64 38.2938
11.0077 81 46.0039
10.8632 87 48.9316
11.5279 73 42.264
10.8632 87 48.9316
11.4027 77 44.2013
11.0398 97 54.0199
10.8632 87 48.9316
11.0687 87 49.0344
11.3674 87 49.1837
11.0077 81 46.0039
11.5825 71 41.2913
11.4316 72 41.7158
11.0077 81 46.0039
10.8536 92 51.4268
12.5877 64 38.2938
11.0077 81 46.0039
11.2132 91 51.1066
11.0077 81 46.0039
11.0687 87 49.0344
10.8632 87 48.9316
11.0077 81 46.0039
11.4027 77 44.2013
11.0398 97 54.0199
12.2601 66 39.1301
12.5877 64 38.2938
11.4316 72 41.7158
10.8632 87 48.9316
12.5909 64 38.2954
11.4316 72 41.7158
11.4027 77 44.2013
12.5909 64 38.2954
11.3192 89 50.1596
11.4316 72 41.7158
11.4027 77 44.2013
10.8632 87 48.9316
11.3577 91 51.1789
11.5825 71 41.2913
11.4027 77 44.2013
10.8632 87 48.9316
11.4316 72 41.7158
11.5825 71 41.2913
11.4316 72 41.7158
11.0077 81 46.0039
11.0687 87 49.0344
11.5825 71 41.2913
11.0077 81 46.0039
10.8632 87 48.9316
11.5825 71 41.2913
11.5825 71 41.2913
11.0077 81 46.0039
12.5877 64 38.2938
12.2601 66 39.1301
11.5825 71 41.2913
11.2132 91 51.1066
11.7752 67 39.3876
11.5825 71 41.2913
11.5825 71 41.2913
11.3481 79 45.1741
11.4316 72 41.7158
11.4027 77 44.2013
