12.5909 64 33.1545
12.5909 64 33.1545
11.4477 71 35.2686
12.5909 64 33.1545
11.4477 71 35.2686
11.6757 74 36.6054
11.1265 85 40.6759
11.1265 85 40.6759
11.1297 88 41.8778
11.1297 90 42.6778
11.6757 74 36.6054
11.1265 85 40.6759
11.0751 90 42.6451
11.1297 88 41.8778
11.1201 95 44.6721
11.1265 85 40.6759
11.1265 85 40.6759
12.5909 64 33.1545
11.6757 74 36.6054
11.6757 74 36.6054
11.1265 85 40.6759
11.1265 85 40.6759
12.5909 64 33.1545
11.6757 74 36.6054
11.4477 71 35.2686
11.3481 78 38.0089
12.2601 66 33.7561
12.2601 66 33.7561
11.1297 88 41.8778
12.2601 66 33.7561
11.6757 74 36.6054
11.1265 85 40.6759
11.4477 71 35.2686
11.1297 90 42.6778
12.5909 64 33.1545
11.1265 85 40.6759
11.1297 88 41.8778
11.1265 85 40.6759
12.5909 64 33.1545
12.2601 66 33.7561
11.4477 71 35.2686
11.1265 85 40.6759
12.5909 64 33.1545
12.5909 64 33.1545
11.1265 85 40.6759
11.4477 71 35.2686
11.1297 88 41.8778
12.5909 64 33.1545
11.4477 71 35.2686
11.4477 71 35.2686
12.5909 64 33.1545
12.5909 64 33.1545
12.5909 64 33.1545
12.2601 66 33.7561
11.6757 74 36.6054
11.1265 85 40.6759
11.1297 88 41.8778
11.1265 85 40.6759
12.2601 66 33.7561
12.5909 64 33.1545
12.5909 64 33.1545
11.1265 85 40.6759
11.1265 85 40.6759
11.1265 85 40.6759
11.6757 74 36.6054
11.1265 85 40.6759
11.4477 71 35.2686
11.6757 74 36.6054
11.6757 74 36.6054
11.4477 71 35.2686
11.1297 88 41.8778
11.1297 90 42.6778
11.4477 71 35.2686
12.5909 64 33.1545
12.5909 64 33.1545
12.5909 64 33.1545
12.2601 66 33.7561
11.4477 71 35.2686
11.6757 74 36.6054
11.1265 85 40.6759
11.1297 88 41.8778
11.6757 74 36.6054
11.1265 85 40.6759
11.4477 71 35.2686
12.5909 64 33.1545
11.6757 74 36.6054
12.5909 64 33.1545
11.4477 71 35.2686
12.2601 66 33.7561
12.2601 66 33.7561
11.4477 71 35.2686
11.6757 74 36.6054
11.1297 88 41.8778
11.1297 88 41.8778
12.2601 66 33.7561
11.4477 71 35.2686
11.1297 88 41.8778
11.1297 88 41.8778
12.5909 64 33.1545
12.2601 66 33.7561
12.5909 64 33.1545
12.5909 64 33.1545
11.6757 74 36.6054
11.1297 88 41.8778
12.2601 66 33.7561
11.1297 88 41.8778
11.1297 88 41.8778
11.1265 85 40.6759
11.4477 71 35.2686
11.1265 85 40.6759
11.1265 85 40.6759
12.5909 64 33.1545
12.2601 66 33.7561
11.1265 85 40.6759
11.1297 88 41.8778
11.4477 71 35.2686
12.2601 66 33.7561
11.1297 88 41.8778
11.1265 85 40.6759
11.1297 88 41.8778
11.4477 71 35.2686
11.1297 88 41.8778
11.6757 74 36.6054
12.2601 66 33.7561
11.1297 88 41.8778
12.5909 64 33.1545
11.1297 88 41.8778
11.1297 88 41.8778
11.1297 90 42.6778
11.1297 88 41.8778
11.4477 71 35.2686
11.6757 74 36.6054
12.5909 64 33.1545
11.1265 85 40.6759
12.5909 64 33.1545
11.6757 74 36.6054
11.1265 85 40.6759
12.5909 64 33.1545
11.4477 71 35.2686
12.2601 66 33.7561
11.1297 90 42.6778
12.5909 64 33.1545
11.6757 74 36.6054
12.5909 64 33.1545
11.1297 88 41.8778
12.5909 64 33.1545
11.1265 85 40.6759
12.5909 64 33.1545
12.2601 66 33.7561
11.4252 74 36.4551
