12.5909 64 43.4364
12.5909 64 43.4364
12.2441 68 45.6976
11.8234 72 47.9294
11.4252 74 48.9701
11.2903 74 48.9161
11.2999 77 50.72
11.2999 77 50.72
11.377 81 53.1508
11.2646 81 53.1058
11.3064 87 56.7225
11.2229 97 62.6891
11.438 83 54.3752
11.2293 105 67.4917
12.5973 105 68.0389
11.2903 82 53.7161
11.2999 77 50.72
13.1882 116 74.8753
11.4348 79 51.9739
11.2999 77 50.72
12.5909 64 43.4364
11.4766 81 53.1906
11.8234 72 47.9294
12.3757 85 55.9503
11.2999 77 50.72
12.5909 64 43.4364
11.1008 79 51.8403
12.2601 66 44.504
11.4252 74 48.9701
12.5909 64 43.4364
11.2999 77 50.72
11.8234 72 47.9294
12.2441 68 45.6976
11.4766 81 53.1906
11.4348 79 51.9739
11.438 83 54.3752
11.2999 77 50.72
11.2999 77 50.72
12.0706 88 57.6283
12.2441 68 45.6976
11.422 83 54.3688
11.5504 83 54.4202
12.334 89 58.3336
11.666 91 59.2664
12.2441 68 45.6976
11.2999 77 50.72
12.5909 64 43.4364
11.4348 79 51.9739
11.2999 77 50.72
11.5215 86 56.2086
12.5909 64 43.4364
11.1008 79 51.8403
12.5909 64 43.4364
11.8234 72 47.9294
12.2601 66 44.504
11.65 89 58.06
12.2441 68 45.6976
11.1008 79 51.8403
11.4766 81 53.1906
12.5909 64 43.4364
11.1008 79 51.8403
12.2441 68 45.6976
11.2903 74 48.9161
11.2903 82 53.7161
11.5504 83 54.4202
12.1285 97 63.0514
11.1265 76 50.0506
11.8234 72 47.9294
11.2999 77 50.72
12.5909 64 43.4364
11.2903 74 48.9161
12.5909 64 43.4364
11.3064 87 56.7225
12.2601 66 44.504
13.1657 133 85.0663
11.3064 87 56.7225
11.1008 79 51.8403
12.5909 64 43.4364
11.1008 79 51.8403
12.1124 100 64.845
11.4348 79 51.9739
12.5909 64 43.4364
11.2903 74 48.9161
11.422 83 54.3688
11.2903 74 48.9161
11.4252 74 48.9701
11.1008 79 51.8403
11.2903 74 48.9161
11.4252 83 54.3701
11.8234 72 47.9294
11.2999 79 51.92
12.2441 68 45.6976
11.8234 72 47.9294
11.361 85 55.5444
11.2999 77 50.72
12.7065 105 68.0826
11.3064 87 56.7225
11.3064 87 56.7225
12.2441 68 45.6976
12.2441 68 45.6976
11.0334 95 61.4134
11.2999 77 50.72
11.4252 74 48.9701
11.2999 77 50.72
11.2903 74 48.9161
12.5909 64 43.4364
12.5909 64 43.4364
11.0334 95 61.4134
12.5909 64 43.4364
11.4348 79 51.9739
11.2614 83 54.3046
12.0803 83 54.6321
11.3064 87 56.7225
12.5909 64 43.4364
11.2999 77 50.72
11.8234 72 47.9294
12.5909 64 43.4364
11.2614 83 54.3046
11.4252 84 54.9701
11.3866 101 65.1547
11.422 83 54.3688
12.2441 68 45.6976
12.2537 115 73.9015
12.5909 64 43.4364
12.5909 64 43.4364
12.5909 64 43.4364
12.5909 64 43.4364
11.2357 81 53.0943
12.2441 68 45.6976
12.5909 64 43.4364
12.517 109 70.4068
11.361 85 55.5444
11.2903 74 48.9161
11.8234 72 47.9294
12.2441 68 45.6976
11.4348 79 51.9739
12.5909 64 43.4364
11.2999 77 50.72
11.4252 74 48.9701
12.5909 64 43.4364
12.5909 64 43.4364
12.5909 64 43.4364
11.361 85 55.5444
11.499 81 53.1996
12.5909 64 43.4364
12.2441 68 45.6976
12.5909 64 43.4364
11.8234 72 47.9294
11.4252 83 54.3701
11.1297 79 51.8519
