710.57
729.154
741.572
748.974
749.19
749.324
751.319
751.319
753.92
753.952
753.952
753.958
753.958
754.003
754.003
754.003
754.003
754.003
754.003
754.003
754.003
754.003
754.003
754.003
754.003
754.003
754.003
754.003
754.003
754.003
754.003
754.003
754.003
754.003
754.003
754.003
754.003
756.277
756.277
756.277
756.277
756.534
756.534
756.534
756.534
756.534
756.534
756.534
756.534
756.534
758.146
758.146
771.364
771.364
772.147
772.147
772.147
772.147
772.147
772.147
772.147
772.182
772.182
772.234
772.263
772.263
772.263
772.263
772.375
772.375
772.375
772.375
772.375
772.375
772.375
772.375
772.375
772.375
772.375
772.446
772.446
772.446
772.446
773.139
775.663
775.663
775.663
775.663
775.663
775.663
775.663
775.663
775.663
775.663
775.663
775.663
775.663
775.663
775.663
775.663
775.663
775.663
775.663
775.663
775.663
775.663
775.663
775.663
775.663
775.663
775.663
775.663
775.663
775.663
775.663
775.663
775.663
775.663
775.663
775.663
775.663
775.663
775.663
775.663
775.663
775.663
775.663
775.663
775.663
775.663
775.663
775.663
775.663
775.663
775.663
775.663
775.663
775.663
775.663
775.663
775.663
775.663
775.663
775.663
775.663
775.663
775.663
775.663
775.663
775.663
775.663
775.663
775.663
775.663
775.663
775.663
775.663
775.663
775.663
775.663
775.663
775.663
775.663
781.286
781.286
781.286
781.286
781.286
781.286
781.286
781.286
781.286
781.559
781.559
781.559
782.985
782.985
782.985
782.985
782.985
782.985
782.985
782.985
782.985
782.985
782.985
782.985
782.985
782.985
782.985
782.985
782.985
782.985
782.985
782.985
782.985
782.985
782.985
782.985
782.985
782.985
782.985
782.985
782.985
782.985
782.985
782.985
782.985
782.985
782.985
782.985
782.985
782.985
782.985
782.985
782.985
782.985
782.985
782.985
782.985
782.985
782.985
782.985
782.985
782.985
782.985
782.985
782.985
782.985
782.985
782.985
782.985
782.985
782.985
782.985
782.985
783.48
783.48
783.48
783.48
783.48
783.48
783.48
783.48
783.48
783.48
783.48
783.48
783.48
783.48
783.48
783.48
783.48
783.48
783.48
783.48
783.48
783.48
783.48
783.48
783.48
783.48
783.48
783.48
783.48
783.48
783.48
783.48
783.48
783.48
783.48
783.48
783.48
783.48
783.48
783.48
783.48
783.48
783.48
783.48
783.48
783.48
783.48
783.48
783.48
783.48
783.48
783.48
783.48
783.48
783.48
783.48
783.48
783.48
783.48
783.48
783.48
783.48
783.48
783.48
783.48
783.48
783.48
783.48
783.48
783.48
783.48
783.48
783.48
783.48
783.48
783.48
783.48
783.48
783.48
783.48
783.48
783.48
783.48
783.48
783.48
783.48
783.48
783.48
783.48
783.48
783.48
783.48
783.48
783.48
783.48
783.48
783.48
783.48
783.48
783.48
783.48
783.48
783.48
783.48
785.496
785.496
785.496
785.496
785.496
785.496
785.496
785.496
785.496
785.496
785.496
785.496
785.496
785.496
785.496
785.496
785.496
785.496
785.496
785.496
785.496
785.496
785.496
785.496
785.496
785.496
785.496
785.496
785.496
785.496
785.496
785.496
785.496
785.496
785.496
785.496
785.496
785.496
785.496
785.496
785.496
785.496
785.496
785.496
785.496
785.496
785.496
785.496
785.496
785.496
785.496
785.496
785.496
785.496
785.496
785.496
785.496
785.496
785.496
785.496
785.496
785.496
785.496
785.496
785.496
785.496
785.496
785.496
785.496
785.496
785.496
785.496
785.496
785.496
785.496
785.496
785.496
785.496
785.496
785.496
785.496
785.496
785.496
785.496
785.496
785.496
785.496
785.496
785.496
785.496
785.496
785.496
785.496
785.496
785.496
785.496
785.496
785.496
785.496
785.496
785.496
785.496
785.496
785.496
785.496
785.496
785.496
785.496
785.496
785.496
785.496
785.496
785.496
785.496
785.496
785.496
785.496
785.496
785.496
785.496
785.496
785.496
785.496
785.496
785.496
785.496
785.496
785.496
785.496
785.496
785.496
785.496
785.496
785.496
785.496
785.496
785.496
785.496
785.496
785.496
785.496
785.496
785.496
785.496
785.496
785.496
785.496
785.496
785.496
785.496
785.496
785.496
785.496
785.496
785.496
785.496
785.496
785.496
785.496
785.496
785.496
785.496
785.496
785.496
785.496
785.496
785.496
785.496
785.496
785.496
785.496
785.496
785.496
785.496
785.496
785.496
785.496
785.496
785.496
785.496
785.496
785.496
785.496
785.496
785.496
785.496
785.496
785.496
785.496
785.496
785.496
785.496
785.496
785.496
785.496
785.496
785.496
785.496
785.496
785.496
785.496
785.496
785.496
785.496
785.496
785.496
785.496
785.496
785.496
785.496
785.496
785.496
785.496
785.496
785.496
785.496
785.496
785.496
785.496
785.496
785.496
785.496
785.496
785.496
785.496
785.496
785.496
785.496
785.496
785.496
785.496
785.496
785.496
785.496
785.496
785.496
785.67
785.67
785.67
785.724
785.724
785.724
785.724
785.724
785.724
785.724
785.724
785.724
785.724
785.724
785.724
785.724
785.724
785.724
785.724
785.724
785.724
785.724
785.724
785.724
785.724
785.724
785.724
785.724
785.724
785.724
785.724
785.724
785.724
785.724
785.724
785.724
785.724
785.724
785.724
785.724
785.724
785.724
785.724
785.724
785.724
785.724
785.724
785.724
785.724
785.724
785.724
785.724
785.724
785.724
785.724
785.724
785.724
785.724
785.724
785.786
785.786
785.786
785.786
785.786
785.786
785.786
785.786
785.786
785.786
785.786
785.786
785.786
785.786
785.786
785.786
785.786
785.786
785.786
785.786
785.786
785.786
785.786
785.786
785.786
785.786
785.786
785.786
785.786
785.786
785.786
785.786
785.786
785.786
785.786
785.786
785.786
785.786
785.786
785.786
785.786
785.786
785.786
785.786
785.786
785.786
786.373
786.942
786.942
786.942
786.942
786.942
786.942
786.942
786.942
786.942
786.942
786.942
786.942
786.942
786.942
786.942
786.942
786.942
786.942
786.942
786.942
786.942
786.942
786.942
786.942
786.942
786.942
786.942
787.096
787.096
787.096
787.096
787.096
787.096
787.096
787.096
787.096
787.096
787.096
787.096
787.096
787.096
787.096
787.096
787.096
787.096
787.096
787.096
787.096
787.096
787.096
787.096
787.096
787.096
787.096
787.096
787.096
787.096
787.096
787.096
787.096
787.096
787.096
787.096
787.096
787.096
787.096
787.096
787.096
787.096
787.096
787.096
787.096
787.096
787.096
787.096
787.096
787.096
787.096
787.096
787.096
787.096
787.096
787.096
787.096
787.096
787.096
787.096
787.096
787.096
787.096
787.096
787.096
787.096
787.096
787.096
787.096
787.096
787.096
787.096
787.096
787.096
787.096
787.096
787.096
787.096
787.096
787.096
787.096
787.096
787.096
787.096
787.096
787.096
787.096
787.096
787.096
787.096
787.096
787.096
787.096
787.096
787.096
787.096
787.096
787.096
787.096
787.096
787.096
787.096
787.096
787.096
787.096
787.096
787.096
787.096
787.096
787.096
787.096
787.096
787.096
787.096
787.096
787.096
787.096
787.096
787.096
787.096
787.096
787.096
787.096
787.096
787.096
787.096
787.096
787.096
787.096
787.096
787.096
787.096
787.096
787.096
787.096
787.096
787.096
787.096
787.096
787.096
787.096
787.096
787.096
787.096
787.096
787.096
787.096
787.096
787.096
787.096
787.096
787.096
787.096
787.096
787.096
787.096
787.096
787.096
787.096
787.096
787.096
787.096
787.096
787.096
787.096
787.096
787.096
787.096
787.096
787.096
787.096
787.096
787.096
787.096
787.096
787.096
787.096
787.096
787.096
787.096
787.096
787.096
787.096
787.096
796.174
796.977
796.977
796.977
796.977
796.977
796.977
796.977
796.977
796.977
796.977
796.977
796.977
796.977
796.977
796.977
796.977
796.977
796.977
796.977
796.977
796.977
796.977
796.977
796.977
796.977
796.977
796.977
796.977
796.977
796.977
796.977
796.977
796.977
796.977
796.977
796.977
796.977
796.977
796.977
796.977
796.977
796.977
796.987
797.269
797.269
797.269
797.269
797.269
797.269
797.269
797.446
797.446
797.446
797.446
810.509
810.509
810.509
810.509
810.509
810.509
810.509
810.509
810.509
810.509
810.509
810.509
810.509
810.509
810.509
810.509
810.509
810.509
810.509
810.509
810.509
810.509
810.509
810.509
810.509
810.509
810.509
810.509
810.509
810.509
810.509
810.509
810.509
810.509
810.509
810.509
810.509
810.509
810.509
810.509
810.509
810.509
810.509
810.509
810.509
810.509
810.509
810.509
810.509
810.509
810.509
810.509
810.509
810.509
810.509
810.509
810.509
810.509
810.509
810.509
810.509
810.509
810.509
810.509
810.509
810.509
810.509
810.509
810.509
810.509
810.509
810.509
810.509
810.509
810.509
810.509
810.509
810.509
810.509
810.509
810.509
810.509
810.509
810.509
810.509
810.509
810.509
810.509
810.509
810.509
810.509
810.509
810.509
810.509
812.057
812.057
812.057
812.057
812.057
812.057
812.057
812.057
812.057
812.057
812.057
812.057
812.057
812.057
812.057
812.057
812.057
812.057
812.057
812.057
812.057
812.057
812.057
812.057
812.057
812.057
812.057
812.057
812.057
812.057
812.057
812.057
812.057
812.057
812.057
812.057
812.057
812.057
812.057
812.057
812.057
812.057
812.057
812.057
812.057
812.057
812.057
812.057
812.057
812.057
812.057
812.057
812.057
812.057
812.057
812.057
812.057
812.057
812.057
812.057
812.057
812.057
812.057
812.057
812.057
812.057
812.057
812.057
812.057
812.057
812.057
812.057
812.057
812.057
812.057
812.057
812.057
812.057
812.057
812.057
812.057
812.057
812.057
812.057
812.057
812.057
812.057
812.057
812.057
812.057
812.057
812.057
812.057
812.057
812.057
812.057
812.057
812.057
812.057
812.057
812.057
812.057
812.057
812.057
812.057
812.057
812.057
812.057
812.057
812.057
812.057
812.057
812.057
812.057
812.057
812.057
812.057
812.057
812.057
812.057
812.057
812.057
812.057
812.057
812.057
812.057
812.057
812.057
812.057
812.057
812.057
812.057
812.057
812.057
812.057
812.057
812.057
812.057
812.057
812.057
812.057
812.057
812.057
812.057
812.057
812.057
812.057
812.057
812.057
812.057
812.057
812.057
812.057
812.057
812.057
812.057
812.057
812.057
812.057
812.057
812.057
812.057
812.057
812.057
812.057
812.057
812.057
812.057
812.057
812.057
812.057
812.057
812.057
812.057
812.057
812.057
812.057
812.057
812.057
812.057
812.057
812.057
812.057
812.057
812.057
812.057
812.057
812.057
812.057
812.057
812.057
812.057
812.057
812.057
812.057
812.057
812.057
812.057
812.057
812.057
812.057
812.057
812.057
812.057
812.057
812.057
812.057
812.057
812.057
812.057
812.057
812.057
812.057
812.057
812.571
812.571
812.571
812.571
812.571
812.571
812.571
812.571
812.571
812.571
812.571
812.571
812.571
812.571
812.571
812.571
812.571
812.571
812.571
812.571
812.571
812.571
812.571
812.571
812.571
812.571
812.571
812.571
812.571
812.571
812.571
812.571
812.571
812.571
812.571
812.571
812.571
812.571
812.571
812.571
812.571
812.571
812.571
812.571
812.571
812.571
812.571
812.571
812.571
812.571
812.571
812.571
812.571
812.571
812.571
812.571
812.571
812.571
812.571
812.571
812.571
812.571
812.571
812.571
812.571
812.571
812.571
812.571
812.571
812.571
812.571
812.571
812.571
812.571
812.571
812.571
812.571
812.571
812.571
812.571
812.571
812.571
812.571
812.571
812.571
812.571
812.571
812.571
812.571
812.571
812.571
812.571
812.571
812.571
812.571
812.571
812.571
812.571
812.571
812.571
812.571
812.571
812.571
812.571
812.571
812.571
812.571
812.571
812.571
812.571
812.571
812.571
812.571
812.571
812.802
812.802
812.802
812.802
812.802
812.802
812.802
812.802
812.802
812.802
812.802
812.802
812.802
812.802
812.802
812.802
812.802
812.802
812.802
812.802
812.802
812.802
812.802
812.802
812.802
812.802
812.802
812.802
812.802
812.802
812.802
812.802
812.802
812.802
812.802
812.802
812.802
812.802
812.802
812.802
812.802
812.802
812.802
812.802
812.802
812.802
812.802
812.802
812.802
812.802
812.802
812.802
812.802
812.802
812.802
812.802
812.802
812.802
812.802
812.802
812.802
812.802
812.802
812.802
812.802
812.802
812.802
812.802
812.802
812.802
812.802
812.802
812.802
812.802
812.802
812.802
812.802
812.802
812.802
812.802
812.802
812.802
812.802
812.802
812.802
812.802
812.802
812.802
812.802
812.802
812.802
812.802
812.802
812.802
812.802
812.802
812.802
812.802
812.802
812.802
812.802
812.802
812.802
812.802
812.802
812.802
812.802
812.802
812.802
812.802
812.802
812.802
812.802
812.802
812.802
812.802
812.802
812.802
812.802
812.802
812.802
812.802
812.802
812.802
812.802
812.802
812.802
812.802
812.802
812.802
812.802
812.802
812.802
812.802
812.802
812.802
812.802
812.802
812.802
812.802
812.802
812.802
812.802
812.802
812.802
812.802
812.802
812.802
812.802
812.802
812.802
812.802
812.802
812.802
812.802
812.802
812.802
812.802
812.802
812.802
812.802
812.802
812.802
812.802
812.802
812.802
812.802
812.802
812.802
812.802
812.802
812.802
812.802
812.802
812.802
812.802
812.802
812.802
812.802
812.802
812.802
812.802
812.802
812.802
812.802
812.802
812.802
812.802
812.802
812.802
812.802
812.802
812.802
812.802
812.802
812.802
812.802
812.802
812.802
812.802
812.802
812.802
812.802
812.802
812.802
812.802
812.802
812.802
812.802
812.802
812.802
812.802
812.802
812.802
812.802
812.802
812.802
812.802
812.802
812.802
812.802
812.802
812.802
812.802
812.802
812.802
812.802
812.802
812.802
812.802
812.802
812.802
812.802
812.802
812.802
812.802
812.802
812.802
812.802
812.802
812.802
812.802
812.802
812.802
812.802
812.802
812.802
812.802
812.802
812.802
812.802
812.802
812.802
812.802
812.802
812.802
812.802
812.802
812.802
812.802
812.802
812.802
812.802
812.802
812.802
812.802
812.802
812.802
812.802
812.802
812.802
812.802
812.802
812.802
812.802
812.802
812.802
812.802
812.802
812.802
812.802
812.802
812.802
812.802
812.802
812.802
812.802
812.802
812.802
812.802
812.802
812.802
812.802
812.802
812.802
812.802
812.802
812.802
812.802
812.802
812.802
812.802
812.802
812.802
812.802
812.802
812.802
812.802
812.802
812.802
812.802
812.802
812.802
812.802
812.802
812.802
812.802
812.802
812.802
812.802
812.802
812.802
812.802
812.802
812.802
812.802
812.802
812.802
812.802
812.802
812.802
812.802
812.802
812.802
812.802
812.802
812.802
812.802
812.802
812.802
812.802
812.802
812.802
812.802
812.802
812.802
812.802
812.802
812.802
812.802
812.802
812.802
812.802
812.802
812.802
812.802
812.802
812.802
812.802
812.802
812.802
812.802
812.802
812.802
812.802
812.802
812.802
812.802
812.802
812.802
812.802
812.802
812.802
812.802
812.802
812.802
812.802
812.802
812.802
812.802
812.802
812.802
812.802
812.802
812.802
812.802
812.802
812.802
812.802
812.802
812.802
812.802
812.802
812.802
812.802
812.802
812.802
812.802
812.802
812.802
812.802
812.802
812.802
812.802
812.802
812.802
812.802
812.802
812.802
812.802
812.802
812.802
812.802
812.802
812.802
812.802
812.802
812.802
812.802
812.802
812.802
812.802
812.802
812.802
812.802
812.802
812.802
812.802
812.802
812.802
812.802
812.802
812.802
812.802
812.802
812.802
812.802
812.802
812.802
812.802
812.802
812.802
812.802
812.802
812.802
812.802
812.802
812.802
812.802
812.802
812.802
812.802
812.802
812.802
812.802
812.802
812.802
812.802
812.802
812.802
812.802
812.802
812.802
812.802
812.802
812.802
812.802
812.802
812.802
812.802
812.802
812.802
812.802
812.802
812.802
812.802
812.802
812.802
812.802
812.802
812.802
812.802
812.802
812.802
812.802
812.802
812.847
812.847
812.847
812.847
812.847
812.847
812.847
812.847
812.847
812.847
812.847
812.847
812.847
812.847
812.847
812.847
812.847
812.847
812.847
812.847
812.847
812.847
812.847
812.847
812.847
812.847
812.847
812.847
812.847
812.847
812.847
812.847
812.847
812.847
812.847
812.969
812.969
812.969
812.969
812.969
812.969
812.969
812.969
812.969
812.969
812.969
812.969
812.969
812.969
812.969
812.969
812.969
812.969
812.969
812.969
812.969
812.969
812.969
812.969
812.969
812.969
812.969
812.969
812.969
812.969
812.969
812.969
812.969
812.969
812.969
812.969
812.969
812.969
812.969
812.969
812.969
812.969
812.969
812.969
812.969
812.969
812.969
812.969
812.969
812.969
812.969
812.969
812.969
812.969
812.969
812.969
812.969
812.969
812.969
812.969
812.969
812.969
812.969
812.969
812.969
812.969
812.969
812.969
812.969
812.969
812.969
812.969
812.969
812.969
812.969
812.969
812.969
812.969
812.969
812.969
812.969
812.969
812.969
812.969
812.969
812.969
812.969
812.969
812.969
812.969
812.969
812.969
812.969
812.969
812.969
812.969
812.969
812.969
812.969
812.969
812.969
812.969
812.969
812.969
812.969
812.969
812.969
812.969
812.969
