12.5909 64 43.4364
5, 4, 6
7, 15
7, 10, 11
14, 13, 11
9, 15, 8, 6, 3, 2, 1
4, 12
11.0334 95 61.4134
5, 4, 6, 8, 10
12, 11, 13, 14
10, 7, 15, 9
5, 2
1, 2, 3, 6, 8, 10, 13
4, 5
11.1008 79 51.8403
10, 13
10, 7, 15, 9
12, 11, 10, 8, 6, 4, 5
1, 2, 3, 6, 8
14, 13
3, 2
11.0623 85 55.4249
10, 13
10, 7, 15, 9
12, 11, 10, 8, 6, 4, 5
1, 2, 3, 6, 8
14, 13
3, 2, 5
11.0912 84 54.8365
10, 13
10, 7, 15, 9
12, 11, 10, 8, 6, 4, 5
1, 2, 3, 6, 8
14, 13, 11
3, 2
11.0527 92 59.6211
10, 13, 14
10, 7, 15, 9
12, 11, 10, 8, 6, 4, 5
1, 2, 3, 6, 8
14, 13, 11
3, 2, 5
11.1265 76 50.0506
13, 14
10, 7, 15, 9
12, 11, 10, 8, 6, 4, 5
1, 2, 3, 6, 8
14, 13, 11
3, 2
11.2903 74 48.9161
13, 14
10, 7, 15, 9
12, 11, 10, 8, 6, 4, 5
1, 2, 3, 6
14, 13, 11
3, 2
10.9949 97 62.5979
5, 4, 6, 8, 10
12, 11, 13, 14
10, 7, 15, 9
5, 2, 3
1, 2, 3, 6, 8, 10, 13
4, 5
10.921 133 84.1684
1, 2, 4, 6, 15, 9
11, 12
2, 5, 4, 6, 8, 10, 14
2, 3, 6, 15, 7, 10
12, 11, 13, 10
1, 2, 3, 6, 8, 10
10.9917 104 66.7967
5, 4, 2, 1
13, 14
14, 10
12, 11, 10, 7, 15, 9
13, 10, 8, 6, 3, 2, 1
4, 6, 8, 10
11.817 65 43.7268
4, 6, 8, 10, 11, 13, 14
11, 12
4, 5
6, 3, 2, 1
15, 7
8, 15, 9
