12.2601 66 49.878
5, 4, 6, 8
7, 15
7, 10, 11
14, 13, 11
9, 15, 8, 6, 3, 2, 1
4, 12
11.2486 74 55.1746
6, 4, 5
14, 13
9, 15, 7, 10, 11, 12
1, 2, 3, 6, 8, 10
7, 15, 8
13, 11
11.2807 72 53.7842
6, 4, 5
14, 13
9, 15, 7, 10, 11, 12
1, 2, 3, 6, 8, 10
7, 15
13, 11
11.2261 79 58.6678
9, 15
14, 13
7, 10, 11, 12
10, 8, 6, 3, 2, 1
11, 13, 14
5, 4, 2, 3, 6, 15, 7
11.0045 116 84.5013
13, 11, 12, 4, 5
11, 10, 8, 6, 3, 2, 1
12, 11, 10, 7, 15
2, 4, 6, 8, 10, 14
9, 15
8, 6
11.2357 75 55.8707
9, 15
5, 4, 6, 8, 10, 11, 12
9, 15, 7
14, 13
15, 8, 6, 3, 2, 1
13, 11
11.1362 82 60.7408
9, 15
5, 4, 6, 8, 10, 11, 12
9, 15, 7, 10
14, 13
15, 8, 6, 3, 2, 1
13, 11
11.1297 88 64.9389
9, 15
5, 4, 6, 8, 10, 11, 12
9, 15, 7, 10
10, 14
15, 8, 6, 3, 2, 1
13, 11
10.8921 124 90.0676
13, 11, 12, 4, 5
11, 10, 8, 6, 3, 2, 1
12, 11, 10, 7, 15, 9
2, 4, 6, 8, 10, 14
9, 15
8, 6
11.0912 92 67.7274
9, 15
5, 4, 6, 8, 10, 11, 12
9, 15, 7, 10
14, 13
15, 8, 6, 3, 2, 1
13, 11, 12
11.0495 108 78.9148
9, 15
5, 4, 6, 8, 10, 11, 12
9, 15, 7, 10
13, 10, 14
15, 8, 6, 3, 2, 1
13, 11, 12
11.0848 98 71.9254
9, 15
5, 4, 6, 8, 10, 11, 12
9, 15, 7, 10
10, 14
15, 8, 6, 3, 2, 1
13, 11, 12
12.122 68 51.2366
6, 4, 5
7, 15
1, 2, 3, 6
6, 8, 10
10, 14, 13, 11, 12
8, 15, 9
11.9518 70 52.5855
6, 4, 5
7, 15
1, 2, 3, 6, 8
6, 8, 10
10, 14, 13, 11, 12
8, 15, 9
12.4753 64 48.5426
1, 2
5, 4
6, 3, 2, 4, 12
7, 15, 8
9, 15
6, 8, 10, 11, 13, 14
