11.6532 69 17.3879
11.4477 71 17.4029
11.3674 73 17.5306
11.3353 75 17.7017
12.5588 66 17.9029
12.3886 68 17.9497
11.2935 79 18.0642
11.2871 82 18.3584
11.2807 83 18.4526
11.2164 84 18.4948
13.641 63 18.5769
11.1618 86 18.6457
11.1426 91 19.1283
11.1073 93 19.2965
11.0976 95 19.4879
10.9435 98 19.6491
10.9371 100 19.8434
10.8921 124 22.2029
13.1336 84 20.2202
13.9878 100 22.589
13.3648 94 21.4283
13.4644 100 22.1179
13.2749 68 18.7474
13.0629 92 20.9566
11.6211 93 19.759
13.5125 86 20.7613
12.1638 93 20.2474
13.3616 104 22.4254
12.3115 108 21.8803
14.614 113 24.4526
12.0803 113 22.1723
11.772 106 21.1948
11.4669 129 23.2202
13.0469 122 23.9422
13.3969 99 21.9572
12.0546 81 18.9491
13.1272 88 20.6145
13.7726 107 23.0954
12.9313 111 22.7382
13.2331 106 22.5098
13.2556 119 23.8301
13.2428 83 20.2185
12.668 105 21.9012
12.4271 89 20.0844
14.0424 88 21.4381
12.5331 97 20.9798
13.3134 82 20.1821
11.817 101 20.7353
