12.5909 64 33.1545
12.4496 65 33.4697
12.2601 66 33.7561
12.167 67 34.1002
11.9358 70 35.1615
11.4477 71 35.2686
11.4252 74 36.4551
11.3481 78 38.0089
11.1908 82 39.5145
11.1265 85 40.6759
11.0719 87 41.4432
10.8279 95 44.4967
10.8247 110 50.4948
12.4239 125 57.4543
12.8253 94 45.2952
12.8574 131 60.1145
12.8863 103 48.9318
13.9171 79 39.9503
13.1015 106 50.2609
13.0854 105 49.8513
13.4451 104 49.6671
13.4066 93 45.2439
13.946 99 47.9676
12.7579 108 50.8547
12.2152 92 44.1291
11.955 98 46.373
13.4483 103 49.269
13.0629 99 47.4378
13.3969 93 45.2382
12.3693 89 43.0216
13.2396 111 52.3437
12.9409 109 51.3646
12.9216 89 43.353
13.7405 100 48.2443
12.9762 84 41.3857
11.8362 106 49.5017
13.185 88 43.111
12.4785 98 46.6871
11.5472 122 55.7283
14.2447 91 44.9468
13.6763 98 47.4058
11.6853 91 43.4112
12.6005 121 55.9603
